# Force          
# CofR           : ( 0.0000000000e+00 0.0000000000e+00 0.0000000000e+00 )
#                
# Time           	(total_x total_y total_z)	(pressure_x pressure_y pressure_z)	(viscous_x viscous_y viscous_z)
1                	( 6.1787948201e+00 0.0000000000e+00 -1.3088604350e+01 )	( 6.1263075001e+00 0.0000000000e+00 -1.3092995104e+01 )	( 5.2487319999e-02 0.0000000000e+00 4.3907545641e-03 )
2                	( 2.0679983322e+00 0.0000000000e+00 -6.2292143358e+00 )	( 2.0171023225e+00 0.0000000000e+00 -6.2341829916e+00 )	( 5.0896009743e-02 0.0000000000e+00 4.9686557705e-03 )
3                	( 1.0474625177e+00 0.0000000000e+00 -4.2797166894e+00 )	( 9.9780333073e-01 0.0000000000e+00 -4.2845986387e+00 )	( 4.9659186959e-02 0.0000000000e+00 4.8819492466e-03 )
4                	( 8.6719996240e-01 0.0000000000e+00 -4.0275337168e+00 )	( 8.1865754503e-01 0.0000000000e+00 -4.0322646625e+00 )	( 4.8542417367e-02 0.0000000000e+00 4.7309457266e-03 )
5                	( 8.5967992243e-01 0.0000000000e+00 -4.1855103638e+00 )	( 8.1202712249e-01 0.0000000000e+00 -4.1900636695e+00 )	( 4.7652799935e-02 0.0000000000e+00 4.5533056819e-03 )
6                	( 8.7370681897e-01 0.0000000000e+00 -4.4095310387e+00 )	( 8.2670925377e-01 0.0000000000e+00 -4.4138897258e+00 )	( 4.6997565200e-02 0.0000000000e+00 4.3586870825e-03 )
7                	( 8.7803400789e-01 0.0000000000e+00 -4.6041603488e+00 )	( 8.3147083053e-01 0.0000000000e+00 -4.6083213967e+00 )	( 4.6563177356e-02 0.0000000000e+00 4.1610478491e-03 )
8                	( 8.8470675912e-01 0.0000000000e+00 -4.7900868294e+00 )	( 8.3848672021e-01 0.0000000000e+00 -4.7940443982e+00 )	( 4.6220038914e-02 0.0000000000e+00 3.9575687687e-03 )
9                	( 8.8996741766e-01 0.0000000000e+00 -4.9542078704e+00 )	( 8.4399109023e-01 0.0000000000e+00 -4.9579674749e+00 )	( 4.5976327428e-02 0.0000000000e+00 3.7596044770e-03 )
10               	( 8.9399555116e-01 0.0000000000e+00 -5.1059266964e+00 )	( 8.4824637264e-01 0.0000000000e+00 -5.1095108610e+00 )	( 4.5749178527e-02 0.0000000000e+00 3.5841645759e-03 )
11               	( 8.9652785963e-01 0.0000000000e+00 -5.2527331976e+00 )	( 8.5097808811e-01 0.0000000000e+00 -5.2561538454e+00 )	( 4.5549771513e-02 0.0000000000e+00 3.4206478234e-03 )
12               	( 8.9587920122e-01 0.0000000000e+00 -5.3906689985e+00 )	( 8.5048729573e-01 0.0000000000e+00 -5.3939403155e+00 )	( 4.5391905489e-02 0.0000000000e+00 3.2713170321e-03 )
13               	( 8.9364446514e-01 0.0000000000e+00 -5.5205651955e+00 )	( 8.4837159998e-01 0.0000000000e+00 -5.5237020856e+00 )	( 4.5272865158e-02 0.0000000000e+00 3.1368900958e-03 )
14               	( 8.8851165700e-01 0.0000000000e+00 -5.6359602401e+00 )	( 8.4331968521e-01 0.0000000000e+00 -5.6389768312e+00 )	( 4.5191971795e-02 0.0000000000e+00 3.0165911435e-03 )
15               	( 8.8083072208e-01 0.0000000000e+00 -5.7493937576e+00 )	( 8.3567536982e-01 0.0000000000e+00 -5.7523038354e+00 )	( 4.5155352260e-02 0.0000000000e+00 2.9100777906e-03 )
16               	( 8.7267447447e-01 0.0000000000e+00 -5.8541884420e+00 )	( 8.2753813235e-01 0.0000000000e+00 -5.8570016532e+00 )	( 4.5136342116e-02 0.0000000000e+00 2.8132111540e-03 )
17               	( 8.6385589076e-01 0.0000000000e+00 -5.9555743846e+00 )	( 8.1870150525e-01 0.0000000000e+00 -5.9583041396e+00 )	( 4.5154385503e-02 0.0000000000e+00 2.7297550089e-03 )
18               	( 8.5433103142e-01 0.0000000000e+00 -6.0515623354e+00 )	( 8.0913294437e-01 0.0000000000e+00 -6.0542217021e+00 )	( 4.5198087053e-02 0.0000000000e+00 2.6593667480e-03 )
19               	( 8.4507961198e-01 0.0000000000e+00 -6.1415914139e+00 )	( 7.9982340569e-01 0.0000000000e+00 -6.1441899088e+00 )	( 4.5256206293e-02 0.0000000000e+00 2.5984949057e-03 )
20               	( 8.3627957857e-01 0.0000000000e+00 -6.2291107763e+00 )	( 7.9095794273e-01 0.0000000000e+00 -6.2316560551e+00 )	( 4.5321635843e-02 0.0000000000e+00 2.5452787093e-03 )
21               	( 8.2805308600e-01 0.0000000000e+00 -6.3174474439e+00 )	( 7.8266124196e-01 0.0000000000e+00 -6.3199463166e+00 )	( 4.5391844036e-02 0.0000000000e+00 2.4988726925e-03 )
22               	( 8.1968239549e-01 0.0000000000e+00 -6.4027476353e+00 )	( 7.7425707475e-01 0.0000000000e+00 -6.4051944808e+00 )	( 4.5425320747e-02 0.0000000000e+00 2.4468454857e-03 )
23               	( 8.1184841200e-01 0.0000000000e+00 -6.4772766344e+00 )	( 7.6643465865e-01 0.0000000000e+00 -6.4796879452e+00 )	( 4.5413753353e-02 0.0000000000e+00 2.4113107410e-03 )
24               	( 8.0460873228e-01 0.0000000000e+00 -6.5510220987e+00 )	( 7.5922650074e-01 0.0000000000e+00 -6.5534020155e+00 )	( 4.5382231539e-02 0.0000000000e+00 2.3799168230e-03 )
25               	( 7.9734148108e-01 0.0000000000e+00 -6.6187028515e+00 )	( 7.5200548294e-01 0.0000000000e+00 -6.6210494802e+00 )	( 4.5335998135e-02 0.0000000000e+00 2.3466286551e-03 )
26               	( 7.9018723307e-01 0.0000000000e+00 -6.6890432871e+00 )	( 7.4493360080e-01 0.0000000000e+00 -6.6913575074e+00 )	( 4.5253632263e-02 0.0000000000e+00 2.3142202564e-03 )
27               	( 7.8358555667e-01 0.0000000000e+00 -6.7576536184e+00 )	( 7.3845632501e-01 0.0000000000e+00 -6.7599335817e+00 )	( 4.5129231661e-02 0.0000000000e+00 2.2799632877e-03 )
28               	( 7.7884402122e-01 0.0000000000e+00 -6.8147739255e+00 )	( 7.3383941007e-01 0.0000000000e+00 -6.8170292589e+00 )	( 4.5004611148e-02 0.0000000000e+00 2.2553334193e-03 )
29               	( 7.7289651782e-01 0.0000000000e+00 -6.8774296974e+00 )	( 7.2802745099e-01 0.0000000000e+00 -6.8796640817e+00 )	( 4.4869066834e-02 0.0000000000e+00 2.2343843013e-03 )
30               	( 7.6571912503e-01 0.0000000000e+00 -6.9463123330e+00 )	( 7.2100167438e-01 0.0000000000e+00 -6.9485223510e+00 )	( 4.4717450643e-02 0.0000000000e+00 2.2100180101e-03 )
31               	( 7.5873361550e-01 0.0000000000e+00 -7.0158274630e+00 )	( 7.1419108919e-01 0.0000000000e+00 -7.0180095655e+00 )	( 4.4542526309e-02 0.0000000000e+00 2.1821025049e-03 )
32               	( 7.5211324912e-01 0.0000000000e+00 -7.0824855554e+00 )	( 7.0775470708e-01 0.0000000000e+00 -7.0846352377e+00 )	( 4.4358542041e-02 0.0000000000e+00 2.1496822994e-03 )
33               	( 7.4604103353e-01 0.0000000000e+00 -7.1433752065e+00 )	( 7.0187025169e-01 0.0000000000e+00 -7.1454874030e+00 )	( 4.4170781840e-02 0.0000000000e+00 2.1121965118e-03 )
34               	( 7.4000571471e-01 0.0000000000e+00 -7.1993242663e+00 )	( 6.9600588029e-01 0.0000000000e+00 -7.2013852499e+00 )	( 4.3999834412e-02 0.0000000000e+00 2.0609836411e-03 )
35               	( 7.3437077122e-01 0.0000000000e+00 -7.2517028147e+00 )	( 6.9053676303e-01 0.0000000000e+00 -7.2537077387e+00 )	( 4.3834008193e-02 0.0000000000e+00 2.0049240162e-03 )
36               	( 7.2938071109e-01 0.0000000000e+00 -7.3003074900e+00 )	( 6.8570472619e-01 0.0000000000e+00 -7.3022526440e+00 )	( 4.3675984906e-02 0.0000000000e+00 1.9451539189e-03 )
37               	( 7.2487307260e-01 0.0000000000e+00 -7.3454796911e+00 )	( 6.8134729283e-01 0.0000000000e+00 -7.3473626314e+00 )	( 4.3525779769e-02 0.0000000000e+00 1.8829402569e-03 )
38               	( 7.1999949015e-01 0.0000000000e+00 -7.3858951500e+00 )	( 6.7661568674e-01 0.0000000000e+00 -7.3877160133e+00 )	( 4.3383803407e-02 0.0000000000e+00 1.8208632672e-03 )
39               	( 7.1478936058e-01 0.0000000000e+00 -7.4224490214e+00 )	( 6.7153507289e-01 0.0000000000e+00 -7.4242090066e+00 )	( 4.3254287694e-02 0.0000000000e+00 1.7599852173e-03 )
40               	( 7.0946213748e-01 0.0000000000e+00 -7.4564930782e+00 )	( 6.6632410415e-01 0.0000000000e+00 -7.4581940104e+00 )	( 4.3138033334e-02 0.0000000000e+00 1.7009321462e-03 )
41               	( 7.0415645672e-01 0.0000000000e+00 -7.4873661637e+00 )	( 6.6112162666e-01 0.0000000000e+00 -7.4890106496e+00 )	( 4.3034830063e-02 0.0000000000e+00 1.6444859319e-03 )
42               	( 6.9873471738e-01 0.0000000000e+00 -7.5162732614e+00 )	( 6.5579205853e-01 0.0000000000e+00 -7.5178648736e+00 )	( 4.2942658855e-02 0.0000000000e+00 1.5916122226e-03 )
43               	( 6.9331793841e-01 0.0000000000e+00 -7.5430556361e+00 )	( 6.5045526816e-01 0.0000000000e+00 -7.5445976235e+00 )	( 4.2862670253e-02 0.0000000000e+00 1.5419874287e-03 )
44               	( 6.8796805537e-01 0.0000000000e+00 -7.5680203019e+00 )	( 6.4517443423e-01 0.0000000000e+00 -7.5695161725e+00 )	( 4.2793621143e-02 0.0000000000e+00 1.4958706265e-03 )
45               	( 6.8275235401e-01 0.0000000000e+00 -7.5918318854e+00 )	( 6.4001842425e-01 0.0000000000e+00 -7.5932853774e+00 )	( 4.2733929764e-02 0.0000000000e+00 1.4534919965e-03 )
46               	( 6.7786817113e-01 0.0000000000e+00 -7.6131326054e+00 )	( 6.3518479204e-01 0.0000000000e+00 -7.6145441603e+00 )	( 4.2683379084e-02 0.0000000000e+00 1.4115548967e-03 )
47               	( 6.7291458600e-01 0.0000000000e+00 -7.6350736164e+00 )	( 6.3026829905e-01 0.0000000000e+00 -7.6364387483e+00 )	( 4.2646286949e-02 0.0000000000e+00 1.3651319518e-03 )
48               	( 6.6819915078e-01 0.0000000000e+00 -7.6518911009e+00 )	( 6.2558230646e-01 0.0000000000e+00 -7.6532143432e+00 )	( 4.2616844321e-02 0.0000000000e+00 1.3232422593e-03 )
49               	( 6.6345932567e-01 0.0000000000e+00 -7.6708229055e+00 )	( 6.2086221292e-01 0.0000000000e+00 -7.6721062907e+00 )	( 4.2597112745e-02 0.0000000000e+00 1.2833852081e-03 )
50               	( 6.5868704991e-01 0.0000000000e+00 -7.6888738780e+00 )	( 6.1610106961e-01 0.0000000000e+00 -7.6901190879e+00 )	( 4.2585980295e-02 0.0000000000e+00 1.2452098736e-03 )
51               	( 6.5405133357e-01 0.0000000000e+00 -7.7060120612e+00 )	( 6.1146890453e-01 0.0000000000e+00 -7.7072208132e+00 )	( 4.2582429041e-02 0.0000000000e+00 1.2087520057e-03 )
52               	( 6.4966350631e-01 0.0000000000e+00 -7.7224077791e+00 )	( 6.0707812984e-01 0.0000000000e+00 -7.7235818151e+00 )	( 4.2585376463e-02 0.0000000000e+00 1.1740360229e-03 )
53               	( 6.4547360810e-01 0.0000000000e+00 -7.7380530091e+00 )	( 6.0287972903e-01 0.0000000000e+00 -7.7391942616e+00 )	( 4.2593879067e-02 0.0000000000e+00 1.1412524618e-03 )
54               	( 6.4153260875e-01 0.0000000000e+00 -7.7534814108e+00 )	( 5.9892577010e-01 0.0000000000e+00 -7.7545919428e+00 )	( 4.2606838651e-02 0.0000000000e+00 1.1105320694e-03 )
55               	( 6.3785389431e-01 0.0000000000e+00 -7.7682331327e+00 )	( 5.9523006412e-01 0.0000000000e+00 -7.7693151066e+00 )	( 4.2623830187e-02 0.0000000000e+00 1.0819739126e-03 )
56               	( 6.3446230714e-01 0.0000000000e+00 -7.7822189109e+00 )	( 5.9181803059e-01 0.0000000000e+00 -7.7832744317e+00 )	( 4.2644276556e-02 0.0000000000e+00 1.0555207647e-03 )
57               	( 6.3137546372e-01 0.0000000000e+00 -7.7956151073e+00 )	( 5.8870812841e-01 0.0000000000e+00 -7.7966462341e+00 )	( 4.2667335306e-02 0.0000000000e+00 1.0311267818e-03 )
58               	( 6.2862582597e-01 0.0000000000e+00 -7.8085429970e+00 )	( 5.8593338958e-01 0.0000000000e+00 -7.8095517702e+00 )	( 4.2692436387e-02 0.0000000000e+00 1.0087731995e-03 )
59               	( 6.2622543089e-01 0.0000000000e+00 -7.8208976336e+00 )	( 5.8350635936e-01 0.0000000000e+00 -7.8218861440e+00 )	( 4.2719071528e-02 0.0000000000e+00 9.8851048459e-04 )
60               	( 6.2405211423e-01 0.0000000000e+00 -7.8324189446e+00 )	( 5.8130552435e-01 0.0000000000e+00 -7.8333891474e+00 )	( 4.2746589886e-02 0.0000000000e+00 9.7020284288e-04 )
61               	( 6.2208774445e-01 0.0000000000e+00 -7.8432935419e+00 )	( 5.7931300818e-01 0.0000000000e+00 -7.8442472225e+00 )	( 4.2774736263e-02 0.0000000000e+00 9.5368066075e-04 )
62               	( 6.2032930276e-01 0.0000000000e+00 -7.8535236062e+00 )	( 5.7752593914e-01 0.0000000000e+00 -7.8544624396e+00 )	( 4.2803363617e-02 0.0000000000e+00 9.3883341411e-04 )
63               	( 6.1876916449e-01 0.0000000000e+00 -7.8627784896e+00 )	( 5.7593675634e-01 0.0000000000e+00 -7.8637041001e+00 )	( 4.2832408154e-02 0.0000000000e+00 9.2561041347e-04 )
64               	( 6.1740736645e-01 0.0000000000e+00 -7.8712815571e+00 )	( 5.7454567068e-01 0.0000000000e+00 -7.8721955555e+00 )	( 4.2861695770e-02 0.0000000000e+00 9.1399845808e-04 )
65               	( 6.1626638333e-01 0.0000000000e+00 -7.8790582843e+00 )	( 5.7337530663e-01 0.0000000000e+00 -7.8799623620e+00 )	( 4.2891076704e-02 0.0000000000e+00 9.0407775286e-04 )
66               	( 6.1532731819e-01 0.0000000000e+00 -7.8858975140e+00 )	( 5.7240719886e-01 0.0000000000e+00 -7.8867935021e+00 )	( 4.2920119321e-02 0.0000000000e+00 8.9598809904e-04 )
67               	( 6.1452430589e-01 0.0000000000e+00 -7.8917957470e+00 )	( 5.7157587504e-01 0.0000000000e+00 -7.8926853839e+00 )	( 4.2948430854e-02 0.0000000000e+00 8.8963698160e-04 )
68               	( 6.1386160085e-01 0.0000000000e+00 -7.8969304138e+00 )	( 5.7088563646e-01 0.0000000000e+00 -7.8978151220e+00 )	( 4.2975964387e-02 0.0000000000e+00 8.8470822254e-04 )
69               	( 6.1333472966e-01 0.0000000000e+00 -7.9013599366e+00 )	( 5.7033219547e-01 0.0000000000e+00 -7.9022411033e+00 )	( 4.3002534191e-02 0.0000000000e+00 8.8116675614e-04 )
70               	( 6.1292462742e-01 0.0000000000e+00 -7.9051180067e+00 )	( 5.6989659764e-01 0.0000000000e+00 -7.9059969514e+00 )	( 4.3028029778e-02 0.0000000000e+00 8.7894465365e-04 )
71               	( 6.1262195473e-01 0.0000000000e+00 -7.9082102408e+00 )	( 5.6956956487e-01 0.0000000000e+00 -7.9090882034e+00 )	( 4.3052389856e-02 0.0000000000e+00 8.7796269525e-04 )
72               	( 6.1243654241e-01 0.0000000000e+00 -7.9107811362e+00 )	( 5.6936098798e-01 0.0000000000e+00 -7.9116592721e+00 )	( 4.3075554428e-02 0.0000000000e+00 8.7813592171e-04 )
73               	( 6.1236038737e-01 0.0000000000e+00 -7.9127927536e+00 )	( 5.6926288497e-01 0.0000000000e+00 -7.9136721173e+00 )	( 4.3097502400e-02 0.0000000000e+00 8.7936377232e-04 )
74               	( 6.1239620272e-01 0.0000000000e+00 -7.9143577143e+00 )	( 5.6927795448e-01 0.0000000000e+00 -7.9152392694e+00 )	( 4.3118248244e-02 0.0000000000e+00 8.8155518883e-04 )
75               	( 6.1253601670e-01 0.0000000000e+00 -7.9154972672e+00 )	( 5.6939820656e-01 0.0000000000e+00 -7.9163818854e+00 )	( 4.3137810139e-02 0.0000000000e+00 8.8461818242e-04 )
76               	( 6.1277465777e-01 0.0000000000e+00 -7.9162722254e+00 )	( 5.6961844192e-01 0.0000000000e+00 -7.9171606880e+00 )	( 4.3156215847e-02 0.0000000000e+00 8.8846258144e-04 )
77               	( 6.1310548552e-01 0.0000000000e+00 -7.9167391139e+00 )	( 5.6993197920e-01 0.0000000000e+00 -7.9176321153e+00 )	( 4.3173506318e-02 0.0000000000e+00 8.9300142707e-04 )
78               	( 6.1351734036e-01 0.0000000000e+00 -7.9169633438e+00 )	( 5.7032759410e-01 0.0000000000e+00 -7.9178614942e+00 )	( 4.3189746255e-02 0.0000000000e+00 8.9815047647e-04 )
79               	( 6.1399939251e-01 0.0000000000e+00 -7.9169796569e+00 )	( 5.7079438682e-01 0.0000000000e+00 -7.9178834705e+00 )	( 4.3205005685e-02 0.0000000000e+00 9.0381357453e-04 )
80               	( 6.1454102964e-01 0.0000000000e+00 -7.9168413682e+00 )	( 5.7132166342e-01 0.0000000000e+00 -7.9177512620e+00 )	( 4.3219366220e-02 0.0000000000e+00 9.0989388633e-04 )
81               	( 6.1513084667e-01 0.0000000000e+00 -7.9166008855e+00 )	( 5.7189793227e-01 0.0000000000e+00 -7.9175172181e+00 )	( 4.3232914398e-02 0.0000000000e+00 9.1633252611e-04 )
82               	( 6.1576417553e-01 0.0000000000e+00 -7.9163251867e+00 )	( 5.7251844379e-01 0.0000000000e+00 -7.9172482342e+00 )	( 4.3245731742e-02 0.0000000000e+00 9.2304746466e-04 )
83               	( 6.1642782656e-01 0.0000000000e+00 -7.9160558899e+00 )	( 5.7316993931e-01 0.0000000000e+00 -7.9169858453e+00 )	( 4.3257887245e-02 0.0000000000e+00 9.2995541690e-04 )
84               	( 6.1711063882e-01 0.0000000000e+00 -7.9158340467e+00 )	( 5.7384119299e-01 0.0000000000e+00 -7.9167710227e+00 )	( 4.3269445832e-02 0.0000000000e+00 9.3697599428e-04 )
85               	( 6.1780315192e-01 0.0000000000e+00 -7.9157001026e+00 )	( 5.7452268351e-01 0.0000000000e+00 -7.9166441345e+00 )	( 4.3280468415e-02 0.0000000000e+00 9.4403186947e-04 )
86               	( 6.1849560780e-01 0.0000000000e+00 -7.9156907711e+00 )	( 5.7520458888e-01 0.0000000000e+00 -7.9166418227e+00 )	( 4.3291018915e-02 0.0000000000e+00 9.5105156294e-04 )
87               	( 6.1917906267e-01 0.0000000000e+00 -7.9158352036e+00 )	( 5.7587788716e-01 0.0000000000e+00 -7.9167931792e+00 )	( 4.3301175509e-02 0.0000000000e+00 9.5797566759e-04 )
88               	( 6.1984436874e-01 0.0000000000e+00 -7.9161559542e+00 )	( 5.7653341804e-01 0.0000000000e+00 -7.9171206814e+00 )	( 4.3310950704e-02 0.0000000000e+00 9.6472718017e-04 )
89               	( 6.2048750449e-01 0.0000000000e+00 -7.9166837515e+00 )	( 5.7716711305e-01 0.0000000000e+00 -7.9176550002e+00 )	( 4.3320391437e-02 0.0000000000e+00 9.7124871988e-04 )
90               	( 6.2109895067e-01 0.0000000000e+00 -7.9174354699e+00 )	( 5.7776941992e-01 0.0000000000e+00 -7.9184129629e+00 )	( 4.3329530748e-02 0.0000000000e+00 9.7749304571e-04 )
91               	( 6.2167411343e-01 0.0000000000e+00 -7.9184001870e+00 )	( 5.7833567378e-01 0.0000000000e+00 -7.9193835830e+00 )	( 4.3338439655e-02 0.0000000000e+00 9.8339593399e-04 )
92               	( 6.2221510938e-01 0.0000000000e+00 -7.9195974528e+00 )	( 5.7886795945e-01 0.0000000000e+00 -7.9205863789e+00 )	( 4.3347149938e-02 0.0000000000e+00 9.8892608482e-04 )
93               	( 6.2271918642e-01 0.0000000000e+00 -7.9210348899e+00 )	( 5.7936352310e-01 0.0000000000e+00 -7.9220289531e+00 )	( 4.3355663315e-02 0.0000000000e+00 9.9406320755e-04 )
94               	( 6.2318071267e-01 0.0000000000e+00 -7.9227035132e+00 )	( 5.7981673108e-01 0.0000000000e+00 -7.9237022926e+00 )	( 4.3363981592e-02 0.0000000000e+00 9.9877935165e-04 )
95               	( 6.2360014748e-01 0.0000000000e+00 -7.9246079960e+00 )	( 5.8022804211e-01 0.0000000000e+00 -7.9256110515e+00 )	( 4.3372105371e-02 0.0000000000e+00 1.0030555588e-03 )
96               	( 6.2397624320e-01 0.0000000000e+00 -7.9267448432e+00 )	( 5.8059616705e-01 0.0000000000e+00 -7.9277517322e+00 )	( 4.3380076144e-02 0.0000000000e+00 1.0068889316e-03 )
97               	( 6.2430632899e-01 0.0000000000e+00 -7.9290880368e+00 )	( 5.8091843502e-01 0.0000000000e+00 -7.9300983054e+00 )	( 4.3387893964e-02 0.0000000000e+00 1.0102685621e-03 )
98               	( 6.2458977743e-01 0.0000000000e+00 -7.9316279746e+00 )	( 5.8119422597e-01 0.0000000000e+00 -7.9326411612e+00 )	( 4.3395551454e-02 0.0000000000e+00 1.0131866106e-03 )
99               	( 6.2482871875e-01 0.0000000000e+00 -7.9343456555e+00 )	( 5.8142568789e-01 0.0000000000e+00 -7.9353612936e+00 )	( 4.3403030856e-02 0.0000000000e+00 1.0156381397e-03 )
100              	( 6.2502599148e-01 0.0000000000e+00 -7.9372174207e+00 )	( 5.8161566585e-01 0.0000000000e+00 -7.9382350554e+00 )	( 4.3410325630e-02 0.0000000000e+00 1.0176346678e-03 )
101              	( 6.2518426453e-01 0.0000000000e+00 -7.9402229813e+00 )	( 5.8176683682e-01 0.0000000000e+00 -7.9412421672e+00 )	( 4.3417427714e-02 0.0000000000e+00 1.0191859415e-03 )
102              	( 6.2530499257e-01 0.0000000000e+00 -7.9433464434e+00 )	( 5.8188066377e-01 0.0000000000e+00 -7.9443667485e+00 )	( 4.3424328799e-02 0.0000000000e+00 1.0203050646e-03 )
103              	( 6.2538910178e-01 0.0000000000e+00 -7.9465658343e+00 )	( 5.8195808190e-01 0.0000000000e+00 -7.9475868429e+00 )	( 4.3431019888e-02 0.0000000000e+00 1.0210085794e-03 )
104              	( 6.2543803855e-01 0.0000000000e+00 -7.9498571131e+00 )	( 5.8200053996e-01 0.0000000000e+00 -7.9508784268e+00 )	( 4.3437498590e-02 0.0000000000e+00 1.0213136914e-03 )
105              	( 6.2545363966e-01 0.0000000000e+00 -7.9531973165e+00 )	( 5.8200988823e-01 0.0000000000e+00 -7.9542185652e+00 )	( 4.3443751430e-02 0.0000000000e+00 1.0212487584e-03 )
106              	( 6.2543952161e-01 0.0000000000e+00 -7.9565674844e+00 )	( 5.8198974362e-01 0.0000000000e+00 -7.9575883255e+00 )	( 4.3449777985e-02 0.0000000000e+00 1.0208411048e-03 )
107              	( 6.2539580591e-01 0.0000000000e+00 -7.9599451516e+00 )	( 5.8194023689e-01 0.0000000000e+00 -7.9609652691e+00 )	( 4.3455569015e-02 0.0000000000e+00 1.0201174833e-03 )
108              	( 6.2532538645e-01 0.0000000000e+00 -7.9633105022e+00 )	( 5.8186426356e-01 0.0000000000e+00 -7.9643296098e+00 )	( 4.3461122899e-02 0.0000000000e+00 1.0191076210e-03 )
109              	( 6.2522253623e-01 0.0000000000e+00 -7.9666460986e+00 )	( 5.8175611034e-01 0.0000000000e+00 -7.9676639452e+00 )	( 4.3466425896e-02 0.0000000000e+00 1.0178466590e-03 )
110              	( 6.2510205802e-01 0.0000000000e+00 -7.9699292329e+00 )	( 5.8163052137e-01 0.0000000000e+00 -7.9709455756e+00 )	( 4.3471536650e-02 0.0000000000e+00 1.0163427824e-03 )
111              	( 6.2496458969e-01 0.0000000000e+00 -7.9731547413e+00 )	( 5.8148815743e-01 0.0000000000e+00 -7.9741693876e+00 )	( 4.3476432259e-02 0.0000000000e+00 1.0146462380e-03 )
112              	( 6.2481059148e-01 0.0000000000e+00 -7.9763033858e+00 )	( 5.8132947941e-01 0.0000000000e+00 -7.9773161735e+00 )	( 4.3481112066e-02 0.0000000000e+00 1.0127876714e-03 )
113              	( 6.2464272699e-01 0.0000000000e+00 -7.9793775560e+00 )	( 5.8115714717e-01 0.0000000000e+00 -7.9803883536e+00 )	( 4.3485579820e-02 0.0000000000e+00 1.0107975841e-03 )
114              	( 6.2446180608e-01 0.0000000000e+00 -7.9823575010e+00 )	( 5.8097196979e-01 0.0000000000e+00 -7.9833662036e+00 )	( 4.3489836286e-02 0.0000000000e+00 1.0087026285e-03 )
115              	( 6.2427061109e-01 0.0000000000e+00 -7.9852386529e+00 )	( 5.8077672252e-01 0.0000000000e+00 -7.9862451834e+00 )	( 4.3493888569e-02 0.0000000000e+00 1.0065304801e-03 )
116              	( 6.2407114539e-01 0.0000000000e+00 -7.9880131804e+00 )	( 5.8057339994e-01 0.0000000000e+00 -7.9890174865e+00 )	( 4.3497745457e-02 0.0000000000e+00 1.0043061858e-03 )
117              	( 6.2386570138e-01 0.0000000000e+00 -7.9906768376e+00 )	( 5.8036428485e-01 0.0000000000e+00 -7.9916788905e+00 )	( 4.3501416531e-02 0.0000000000e+00 1.0020528426e-03 )
118              	( 6.2365605119e-01 0.0000000000e+00 -7.9932255853e+00 )	( 5.8015113988e-01 0.0000000000e+00 -7.9942253767e+00 )	( 4.3504911315e-02 0.0000000000e+00 9.9979140549e-04 )
119              	( 6.2344395213e-01 0.0000000000e+00 -7.9956571886e+00 )	( 5.7993571249e-01 0.0000000000e+00 -7.9966547296e+00 )	( 4.3508239635e-02 0.0000000000e+00 9.9754100664e-04 )
120              	( 6.2323149334e-01 0.0000000000e+00 -7.9979723530e+00 )	( 5.7972008111e-01 0.0000000000e+00 -7.9989676718e+00 )	( 4.3511412226e-02 0.0000000000e+00 9.9531881739e-04 )
121              	( 6.2301930637e-01 0.0000000000e+00 -8.0001687237e+00 )	( 5.7950486718e-01 0.0000000000e+00 -8.0011618640e+00 )	( 4.3514439196e-02 0.0000000000e+00 9.9314034614e-04 )
122              	( 6.2280918642e-01 0.0000000000e+00 -8.0022475529e+00 )	( 5.7929185538e-01 0.0000000000e+00 -8.0032385721e+00 )	( 4.3517331043e-02 0.0000000000e+00 9.9101927543e-04 )
123              	( 6.2260245798e-01 0.0000000000e+00 -8.0042136732e+00 )	( 5.7908235935e-01 0.0000000000e+00 -8.0052026397e+00 )	( 4.3520098629e-02 0.0000000000e+00 9.8896648929e-04 )
124              	( 6.2240034289e-01 0.0000000000e+00 -8.0060698216e+00 )	( 5.7887759224e-01 0.0000000000e+00 -8.0070568131e+00 )	( 4.3522750647e-02 0.0000000000e+00 9.8699156970e-04 )
125              	( 6.2220425905e-01 0.0000000000e+00 -8.0078180756e+00 )	( 5.7867896347e-01 0.0000000000e+00 -8.0088031783e+00 )	( 4.3525295579e-02 0.0000000000e+00 9.8510267842e-04 )
126              	( 6.2201483128e-01 0.0000000000e+00 -8.0094628425e+00 )	( 5.7848708949e-01 0.0000000000e+00 -8.0104461483e+00 )	( 4.3527741787e-02 0.0000000000e+00 9.8330576015e-04 )
127              	( 6.2183301099e-01 0.0000000000e+00 -8.0110073813e+00 )	( 5.7830291414e-01 0.0000000000e+00 -8.0119889871e+00 )	( 4.3530096850e-02 0.0000000000e+00 9.8160578962e-04 )
128              	( 6.2164892264e-01 0.0000000000e+00 -8.0124474510e+00 )	( 5.7811658029e-01 0.0000000000e+00 -8.0134274626e+00 )	( 4.3532342349e-02 0.0000000000e+00 9.8001161734e-04 )
129              	( 6.2148338919e-01 0.0000000000e+00 -8.0138180348e+00 )	( 5.7794890370e-01 0.0000000000e+00 -8.0147965748e+00 )	( 4.3534485490e-02 0.0000000000e+00 9.7853991644e-04 )
130              	( 6.2132978920e-01 0.0000000000e+00 -8.0150951426e+00 )	( 5.7779326022e-01 0.0000000000e+00 -8.0160723320e+00 )	( 4.3536528975e-02 0.0000000000e+00 9.7718945378e-04 )
131              	( 6.2118594265e-01 0.0000000000e+00 -8.0162824388e+00 )	( 5.7764745790e-01 0.0000000000e+00 -8.0172583911e+00 )	( 4.3538484755e-02 0.0000000000e+00 9.7595230681e-04 )
132              	( 6.2105227929e-01 0.0000000000e+00 -8.0173901308e+00 )	( 5.7751193262e-01 0.0000000000e+00 -8.0183649662e+00 )	( 4.3540346667e-02 0.0000000000e+00 9.7483537066e-04 )
133              	( 6.2091365199e-01 0.0000000000e+00 -8.0183907431e+00 )	( 5.7737145084e-01 0.0000000000e+00 -8.0193644412e+00 )	( 4.3542201144e-02 0.0000000000e+00 9.7369800921e-04 )
134              	( 6.2076553895e-01 0.0000000000e+00 -8.0193820106e+00 )	( 5.7722142229e-01 0.0000000000e+00 -8.0203545877e+00 )	( 4.3544116659e-02 0.0000000000e+00 9.7257704734e-04 )
135              	( 6.2061506215e-01 0.0000000000e+00 -8.0203356002e+00 )	( 5.7706894045e-01 0.0000000000e+00 -8.0213070969e+00 )	( 4.3546121701e-02 0.0000000000e+00 9.7149665389e-04 )
136              	( 6.2047137825e-01 0.0000000000e+00 -8.0212404663e+00 )	( 5.7692315351e-01 0.0000000000e+00 -8.0222109377e+00 )	( 4.3548224741e-02 0.0000000000e+00 9.7047141141e-04 )
137              	( 6.2033856040e-01 0.0000000000e+00 -8.0220906398e+00 )	( 5.7678814072e-01 0.0000000000e+00 -8.0230601497e+00 )	( 4.3550419677e-02 0.0000000000e+00 9.6950986485e-04 )
138              	( 6.2021912775e-01 0.0000000000e+00 -8.0228950495e+00 )	( 5.7666643625e-01 0.0000000000e+00 -8.0238636686e+00 )	( 4.3552691504e-02 0.0000000000e+00 9.6861912843e-04 )
139              	( 6.2011212785e-01 0.0000000000e+00 -8.0236457017e+00 )	( 5.7655710476e-01 0.0000000000e+00 -8.0246135065e+00 )	( 4.3555023089e-02 0.0000000000e+00 9.6780477629e-04 )
140              	( 6.2001809833e-01 0.0000000000e+00 -8.0243556126e+00 )	( 5.7646070064e-01 0.0000000000e+00 -8.0253226853e+00 )	( 4.3557397682e-02 0.0000000000e+00 9.6707264979e-04 )
141              	( 6.1993613371e-01 0.0000000000e+00 -8.0250260746e+00 )	( 5.7637633504e-01 0.0000000000e+00 -8.0259925008e+00 )	( 4.3559798677e-02 0.0000000000e+00 9.6642621702e-04 )
142              	( 6.1986614409e-01 0.0000000000e+00 -8.0256615932e+00 )	( 5.7630393272e-01 0.0000000000e+00 -8.0266274599e+00 )	( 4.3562211375e-02 0.0000000000e+00 9.6586676327e-04 )
143              	( 6.1980765486e-01 0.0000000000e+00 -8.0262640953e+00 )	( 5.7624303203e-01 0.0000000000e+00 -8.0272294887e+00 )	( 4.3564622834e-02 0.0000000000e+00 9.6539338348e-04 )
144              	( 6.1976016333e-01 0.0000000000e+00 -8.0268354266e+00 )	( 5.7619314204e-01 0.0000000000e+00 -8.0278004301e+00 )	( 4.3567021293e-02 0.0000000000e+00 9.6500355801e-04 )
145              	( 6.1972299700e-01 0.0000000000e+00 -8.0273770959e+00 )	( 5.7615360103e-01 0.0000000000e+00 -8.0283417896e+00 )	( 4.3569395962e-02 0.0000000000e+00 9.6469368099e-04 )
146              	( 6.1969533122e-01 0.0000000000e+00 -8.0278904347e+00 )	( 5.7612359415e-01 0.0000000000e+00 -8.0288548942e+00 )	( 4.3571737069e-02 0.0000000000e+00 9.6445947800e-04 )
147              	( 6.1967628028e-01 0.0000000000e+00 -8.0283768909e+00 )	( 5.7610224420e-01 0.0000000000e+00 -8.0293411872e+00 )	( 4.3574036085e-02 0.0000000000e+00 9.6429624272e-04 )
148              	( 6.1966486925e-01 0.0000000000e+00 -8.0288377181e+00 )	( 5.7608858345e-01 0.0000000000e+00 -8.0298019171e+00 )	( 4.3576285799e-02 0.0000000000e+00 9.6419898116e-04 )
149              	( 6.1966014234e-01 0.0000000000e+00 -8.0292741958e+00 )	( 5.7608166188e-01 0.0000000000e+00 -8.0302383583e+00 )	( 4.3578480456e-02 0.0000000000e+00 9.6416251666e-04 )
150              	( 6.1966118690e-01 0.0000000000e+00 -8.0296876247e+00 )	( 5.7608057124e-01 0.0000000000e+00 -8.0306518062e+00 )	( 4.3580615668e-02 0.0000000000e+00 9.6418154788e-04 )
151              	( 6.1966719105e-01 0.0000000000e+00 -8.0300796212e+00 )	( 5.7608450246e-01 0.0000000000e+00 -8.0310438720e+00 )	( 4.3582688592e-02 0.0000000000e+00 9.6425078630e-04 )
152              	( 6.1967735702e-01 0.0000000000e+00 -8.0304514924e+00 )	( 5.7609265986e-01 0.0000000000e+00 -8.0314158575e+00 )	( 4.3584697158e-02 0.0000000000e+00 9.6436505229e-04 )
153              	( 6.1969098677e-01 0.0000000000e+00 -8.0308048049e+00 )	( 5.7610434595e-01 0.0000000000e+00 -8.0317693238e+00 )	( 4.3586640819e-02 0.0000000000e+00 9.6451884196e-04 )
154              	( 6.1970751620e-01 0.0000000000e+00 -8.0311415181e+00 )	( 5.7611899648e-01 0.0000000000e+00 -8.0321062252e+00 )	( 4.3588519713e-02 0.0000000000e+00 9.6470708504e-04 )
155              	( 6.1972647656e-01 0.0000000000e+00 -8.0314637292e+00 )	( 5.7613614219e-01 0.0000000000e+00 -8.0324286540e+00 )	( 4.3590334375e-02 0.0000000000e+00 9.6492480388e-04 )
156              	( 6.1974741592e-01 0.0000000000e+00 -8.0317731921e+00 )	( 5.7615533011e-01 0.0000000000e+00 -8.0327383592e+00 )	( 4.3592085809e-02 0.0000000000e+00 9.6516717889e-04 )
157              	( 6.1976997475e-01 0.0000000000e+00 -8.0320719419e+00 )	( 5.7617619953e-01 0.0000000000e+00 -8.0330373714e+00 )	( 4.3593775215e-02 0.0000000000e+00 9.6542948085e-04 )
158              	( 6.1979383769e-01 0.0000000000e+00 -8.0323619591e+00 )	( 5.7619843371e-01 0.0000000000e+00 -8.0333276662e+00 )	( 4.3595403980e-02 0.0000000000e+00 9.6570711810e-04 )
159              	( 6.1981872154e-01 0.0000000000e+00 -8.0326451082e+00 )	( 5.7622174789e-01 0.0000000000e+00 -8.0336111038e+00 )	( 4.3596973648e-02 0.0000000000e+00 9.6599566710e-04 )
160              	( 6.1984434778e-01 0.0000000000e+00 -8.0329230687e+00 )	( 5.7624586190e-01 0.0000000000e+00 -8.0338893596e+00 )	( 4.3598485878e-02 0.0000000000e+00 9.6629089909e-04 )
161              	( 6.1987044131e-01 0.0000000000e+00 -8.0331973248e+00 )	( 5.7627049888e-01 0.0000000000e+00 -8.0341639136e+00 )	( 4.3599942433e-02 0.0000000000e+00 9.6658881238e-04 )
162              	( 6.1989673876e-01 0.0000000000e+00 -8.0334691622e+00 )	( 5.7629539353e-01 0.0000000000e+00 -8.0344360478e+00 )	( 4.3601345236e-02 0.0000000000e+00 9.6688567087e-04 )
163              	( 6.1992301903e-01 0.0000000000e+00 -8.0337398060e+00 )	( 5.7632032257e-01 0.0000000000e+00 -8.0347069841e+00 )	( 4.3602696458e-02 0.0000000000e+00 9.6717805784e-04 )
164              	( 6.1994897664e-01 0.0000000000e+00 -8.0340099810e+00 )	( 5.7634497834e-01 0.0000000000e+00 -8.0349774438e+00 )	( 4.3603998297e-02 0.0000000000e+00 9.6746285672e-04 )
165              	( 6.1997436900e-01 0.0000000000e+00 -8.0342805016e+00 )	( 5.7636911586e-01 0.0000000000e+00 -8.0352482389e+00 )	( 4.3605253145e-02 0.0000000000e+00 9.6773728314e-04 )
166              	( 6.1999898108e-01 0.0000000000e+00 -8.0345521906e+00 )	( 5.7639251759e-01 0.0000000000e+00 -8.0355201894e+00 )	( 4.3606463488e-02 0.0000000000e+00 9.6799885564e-04 )
167              	( 6.2002250291e-01 0.0000000000e+00 -8.0348249255e+00 )	( 5.7641487089e-01 0.0000000000e+00 -8.0357931711e+00 )	( 4.3607632020e-02 0.0000000000e+00 9.6824554198e-04 )
168              	( 6.2004478527e-01 0.0000000000e+00 -8.0350993753e+00 )	( 5.7643602388e-01 0.0000000000e+00 -8.0360678508e+00 )	( 4.3608761389e-02 0.0000000000e+00 9.6847553149e-04 )
169              	( 6.2006561752e-01 0.0000000000e+00 -8.0353755932e+00 )	( 5.7645576329e-01 0.0000000000e+00 -8.0363442806e+00 )	( 4.3609854235e-02 0.0000000000e+00 9.6868736461e-04 )
170              	( 6.2008483140e-01 0.0000000000e+00 -8.0356535939e+00 )	( 5.7647391814e-01 0.0000000000e+00 -8.0366224738e+00 )	( 4.3610913262e-02 0.0000000000e+00 9.6887992498e-04 )
171              	( 6.2010225626e-01 0.0000000000e+00 -8.0359330237e+00 )	( 5.7649031504e-01 0.0000000000e+00 -8.0369020761e+00 )	( 4.3611941222e-02 0.0000000000e+00 9.6905244868e-04 )
172              	( 6.2011783252e-01 0.0000000000e+00 -8.0362142701e+00 )	( 5.7650489202e-01 0.0000000000e+00 -8.0371834743e+00 )	( 4.3612940499e-02 0.0000000000e+00 9.6920426189e-04 )
173              	( 6.2013142835e-01 0.0000000000e+00 -8.0364966206e+00 )	( 5.7651751469e-01 0.0000000000e+00 -8.0374659558e+00 )	( 4.3613913661e-02 0.0000000000e+00 9.6933516538e-04 )
174              	( 6.2014305009e-01 0.0000000000e+00 -8.0367803857e+00 )	( 5.7652818721e-01 0.0000000000e+00 -8.0377498307e+00 )	( 4.3614862887e-02 0.0000000000e+00 9.6944497802e-04 )
175              	( 6.2015256578e-01 0.0000000000e+00 -8.0370647663e+00 )	( 5.7653677554e-01 0.0000000000e+00 -8.0380343002e+00 )	( 4.3615790235e-02 0.0000000000e+00 9.6953386152e-04 )
176              	( 6.2015989555e-01 0.0000000000e+00 -8.0373491433e+00 )	( 5.7654319808e-01 0.0000000000e+00 -8.0383187454e+00 )	( 4.3616697471e-02 0.0000000000e+00 9.6960210842e-04 )
177              	( 6.2016524289e-01 0.0000000000e+00 -8.0376336439e+00 )	( 5.7654765648e-01 0.0000000000e+00 -8.0386032941e+00 )	( 4.3617586405e-02 0.0000000000e+00 9.6965022807e-04 )
178              	( 6.2016859471e-01 0.0000000000e+00 -8.0379183812e+00 )	( 5.7655013583e-01 0.0000000000e+00 -8.0388880599e+00 )	( 4.3618458879e-02 0.0000000000e+00 9.6967874297e-04 )
179              	( 6.2017003963e-01 0.0000000000e+00 -8.0382026822e+00 )	( 5.7655072341e-01 0.0000000000e+00 -8.0391723707e+00 )	( 4.3619316228e-02 0.0000000000e+00 9.6968846783e-04 )
180              	( 6.2016966741e-01 0.0000000000e+00 -8.0384862623e+00 )	( 5.7654950761e-01 0.0000000000e+00 -8.0394559426e+00 )	( 4.3620159798e-02 0.0000000000e+00 9.6968028905e-04 )
181              	( 6.2016756026e-01 0.0000000000e+00 -8.0387687774e+00 )	( 5.7654656948e-01 0.0000000000e+00 -8.0397384326e+00 )	( 4.3620990780e-02 0.0000000000e+00 9.6965517690e-04 )
182              	( 6.2016381793e-01 0.0000000000e+00 -8.0390499243e+00 )	( 5.7654200774e-01 0.0000000000e+00 -8.0400195385e+00 )	( 4.3621810189e-02 0.0000000000e+00 9.6961416945e-04 )
183              	( 6.2015854119e-01 0.0000000000e+00 -8.0393291693e+00 )	( 5.7653592223e-01 0.0000000000e+00 -8.0402987277e+00 )	( 4.3622618962e-02 0.0000000000e+00 9.6955841696e-04 )
184              	( 6.2015184161e-01 0.0000000000e+00 -8.0396062833e+00 )	( 5.7652842378e-01 0.0000000000e+00 -8.0405757724e+00 )	( 4.3623417824e-02 0.0000000000e+00 9.6948906796e-04 )
185              	( 6.2014383969e-01 0.0000000000e+00 -8.0398808696e+00 )	( 5.7651963229e-01 0.0000000000e+00 -8.0408502770e+00 )	( 4.3624207393e-02 0.0000000000e+00 9.6940734134e-04 )
186              	( 6.2013465154e-01 0.0000000000e+00 -8.0401525759e+00 )	( 5.7650966338e-01 0.0000000000e+00 -8.0411218903e+00 )	( 4.3624988164e-02 0.0000000000e+00 9.6931447130e-04 )
187              	( 6.2012439792e-01 0.0000000000e+00 -8.0404210661e+00 )	( 5.7649863740e-01 0.0000000000e+00 -8.0413902778e+00 )	( 4.3625760527e-02 0.0000000000e+00 9.6921170116e-04 )
188              	( 6.2011319841e-01 0.0000000000e+00 -8.0406860158e+00 )	( 5.7648667364e-01 0.0000000000e+00 -8.0416551161e+00 )	( 4.3626524773e-02 0.0000000000e+00 9.6910027000e-04 )
189              	( 6.2010117393e-01 0.0000000000e+00 -8.0409471245e+00 )	( 5.7647389282e-01 0.0000000000e+00 -8.0419161059e+00 )	( 4.3627281108e-02 0.0000000000e+00 9.6898140279e-04 )
190              	( 6.2008843935e-01 0.0000000000e+00 -8.0412040729e+00 )	( 5.7646040969e-01 0.0000000000e+00 -8.0421729292e+00 )	( 4.3628029659e-02 0.0000000000e+00 9.6885630459e-04 )
191              	( 6.2007511195e-01 0.0000000000e+00 -8.0414566191e+00 )	( 5.7644634147e-01 0.0000000000e+00 -8.0424253453e+00 )	( 4.3628770475e-02 0.0000000000e+00 9.6872614340e-04 )
192              	( 6.2006130522e-01 0.0000000000e+00 -8.0417045409e+00 )	( 5.7643180168e-01 0.0000000000e+00 -8.0426731330e+00 )	( 4.3629503541e-02 0.0000000000e+00 9.6859204538e-04 )
193              	( 6.2004712667e-01 0.0000000000e+00 -8.0419476223e+00 )	( 5.7641689789e-01 0.0000000000e+00 -8.0429160774e+00 )	( 4.3630228787e-02 0.0000000000e+00 9.6845508925e-04 )
194              	( 6.2003267986e-01 0.0000000000e+00 -8.0421856691e+00 )	( 5.7640173376e-01 0.0000000000e+00 -8.0431539854e+00 )	( 4.3630946097e-02 0.0000000000e+00 9.6831630110e-04 )
195              	( 6.2001806357e-01 0.0000000000e+00 -8.0424185247e+00 )	( 5.7638640826e-01 0.0000000000e+00 -8.0433867013e+00 )	( 4.3631655313e-02 0.0000000000e+00 9.6817664741e-04 )
196              	( 6.2000336994e-01 0.0000000000e+00 -8.0426460390e+00 )	( 5.7637101370e-01 0.0000000000e+00 -8.0436140760e+00 )	( 4.3632356243e-02 0.0000000000e+00 9.6803703456e-04 )
197              	( 6.1998868709e-01 0.0000000000e+00 -8.0428680956e+00 )	( 5.7635563842e-01 0.0000000000e+00 -8.0438359939e+00 )	( 4.3633048670e-02 0.0000000000e+00 9.6789830470e-04 )
198              	( 6.1997409762e-01 0.0000000000e+00 -8.0430846037e+00 )	( 5.7634036527e-01 0.0000000000e+00 -8.0440523649e+00 )	( 4.3633732357e-02 0.0000000000e+00 9.6776123395e-04 )
199              	( 6.1995968080e-01 0.0000000000e+00 -8.0432954956e+00 )	( 5.7632527373e-01 0.0000000000e+00 -8.0442631222e+00 )	( 4.3634407063e-02 0.0000000000e+00 9.6762653215e-04 )
200              	( 6.1994549072e-01 0.0000000000e+00 -8.0435007133e+00 )	( 5.7631041822e-01 0.0000000000e+00 -8.0444682081e+00 )	( 4.3635072493e-02 0.0000000000e+00 9.6749483566e-04 )
201              	( 6.1993161259e-01 0.0000000000e+00 -8.0437002472e+00 )	( 5.7629588421e-01 0.0000000000e+00 -8.0446676140e+00 )	( 4.3635728382e-02 0.0000000000e+00 9.6736672707e-04 )
202              	( 6.1991809457e-01 0.0000000000e+00 -8.0438940779e+00 )	( 5.7628172010e-01 0.0000000000e+00 -8.0448613206e+00 )	( 4.3636374467e-02 0.0000000000e+00 9.6724271099e-04 )
203              	( 6.1990498760e-01 0.0000000000e+00 -8.0440822220e+00 )	( 5.7626797712e-01 0.0000000000e+00 -8.0450493452e+00 )	( 4.3637010483e-02 0.0000000000e+00 9.6712322843e-04 )
204              	( 6.1989233731e-01 0.0000000000e+00 -8.0442647096e+00 )	( 5.7625470114e-01 0.0000000000e+00 -8.0452317182e+00 )	( 4.3637636166e-02 0.0000000000e+00 9.6700865801e-04 )
205              	( 6.1988018326e-01 0.0000000000e+00 -8.0444415968e+00 )	( 5.7624193199e-01 0.0000000000e+00 -8.0454084961e+00 )	( 4.3638251266e-02 0.0000000000e+00 9.6689931599e-04 )
206              	( 6.1986855780e-01 0.0000000000e+00 -8.0446129472e+00 )	( 5.7622970226e-01 0.0000000000e+00 -8.0455797427e+00 )	( 4.3638855539e-02 0.0000000000e+00 9.6679545871e-04 )
207              	( 6.1985748847e-01 0.0000000000e+00 -8.0447788436e+00 )	( 5.7621803971e-01 0.0000000000e+00 -8.0457455409e+00 )	( 4.3639448762e-02 0.0000000000e+00 9.6669728498e-04 )
208              	( 6.1984699639e-01 0.0000000000e+00 -8.0449393794e+00 )	( 5.7620696567e-01 0.0000000000e+00 -8.0459059843e+00 )	( 4.3640030726e-02 0.0000000000e+00 9.6660493887e-04 )
209              	( 6.1983709729e-01 0.0000000000e+00 -8.0450946601e+00 )	( 5.7619649604e-01 0.0000000000e+00 -8.0460611786e+00 )	( 4.3640601244e-02 0.0000000000e+00 9.6651851276e-04 )
210              	( 6.1982780150e-01 0.0000000000e+00 -8.0452447994e+00 )	( 5.7618664135e-01 0.0000000000e+00 -8.0462112375e+00 )	( 4.3641160150e-02 0.0000000000e+00 9.6643805090e-04 )
211              	( 6.1981911240e-01 0.0000000000e+00 -8.0453899066e+00 )	( 5.7617740510e-01 0.0000000000e+00 -8.0463562701e+00 )	( 4.3641707300e-02 0.0000000000e+00 9.6636354905e-04 )
212              	( 6.1981104093e-01 0.0000000000e+00 -8.0455301568e+00 )	( 5.7616879834e-01 0.0000000000e+00 -8.0464964518e+00 )	( 4.3642242591e-02 0.0000000000e+00 9.6629497119e-04 )
213              	( 6.1980356961e-01 0.0000000000e+00 -8.0456656493e+00 )	( 5.7616080369e-01 0.0000000000e+00 -8.0466318815e+00 )	( 4.3642765928e-02 0.0000000000e+00 9.6623223021e-04 )
214              	( 6.1979669763e-01 0.0000000000e+00 -8.0457965452e+00 )	( 5.7615342040e-01 0.0000000000e+00 -8.0467627204e+00 )	( 4.3643277235e-02 0.0000000000e+00 9.6617521315e-04 )
215              	( 6.1979041580e-01 0.0000000000e+00 -8.0459230045e+00 )	( 5.7614663933e-01 0.0000000000e+00 -8.0468891283e+00 )	( 4.3643776473e-02 0.0000000000e+00 9.6612377775e-04 )
216              	( 6.1978470173e-01 0.0000000000e+00 -8.0460451453e+00 )	( 5.7614043812e-01 0.0000000000e+00 -8.0470112230e+00 )	( 4.3644263612e-02 0.0000000000e+00 9.6607774365e-04 )
217              	( 6.1977955006e-01 0.0000000000e+00 -8.0461631669e+00 )	( 5.7613481139e-01 0.0000000000e+00 -8.0471292038e+00 )	( 4.3644738671e-02 0.0000000000e+00 9.6603691699e-04 )
218              	( 6.1977493409e-01 0.0000000000e+00 -8.0462772053e+00 )	( 5.7612973240e-01 0.0000000000e+00 -8.0472432064e+00 )	( 4.3645201693e-02 0.0000000000e+00 9.6600107457e-04 )
219              	( 6.1977083170e-01 0.0000000000e+00 -8.0463874268e+00 )	( 5.7612517896e-01 0.0000000000e+00 -8.0473533968e+00 )	( 4.3645652741e-02 0.0000000000e+00 9.6596997560e-04 )
220              	( 6.1976721897e-01 0.0000000000e+00 -8.0464939911e+00 )	( 5.7612112707e-01 0.0000000000e+00 -8.0474599344e+00 )	( 4.3646091902e-02 0.0000000000e+00 9.6594336488e-04 )
221              	( 6.1976406883e-01 0.0000000000e+00 -8.0465970569e+00 )	( 5.7611754955e-01 0.0000000000e+00 -8.0475629779e+00 )	( 4.3646519277e-02 0.0000000000e+00 9.6592097346e-04 )
222              	( 6.1976136055e-01 0.0000000000e+00 -8.0466967958e+00 )	( 5.7611442553e-01 0.0000000000e+00 -8.0476626983e+00 )	( 4.3646935020e-02 0.0000000000e+00 9.6590252975e-04 )
223              	( 6.1975905702e-01 0.0000000000e+00 -8.0467933485e+00 )	( 5.7611171774e-01 0.0000000000e+00 -8.0477592362e+00 )	( 4.3647339278e-02 0.0000000000e+00 9.6588774487e-04 )
224              	( 6.1975713348e-01 0.0000000000e+00 -8.0468868794e+00 )	( 5.7610940126e-01 0.0000000000e+00 -8.0478527557e+00 )	( 4.3647732220e-02 0.0000000000e+00 9.6587633255e-04 )
225              	( 6.1975556071e-01 0.0000000000e+00 -8.0469775391e+00 )	( 5.7610744667e-01 0.0000000000e+00 -8.0479434071e+00 )	( 4.3648114040e-02 0.0000000000e+00 9.6586800362e-04 )
226              	( 6.1975430904e-01 0.0000000000e+00 -8.0470654754e+00 )	( 5.7610582409e-01 0.0000000000e+00 -8.0480313379e+00 )	( 4.3648484946e-02 0.0000000000e+00 9.6586246883e-04 )
227              	( 6.1975334886e-01 0.0000000000e+00 -8.0471508313e+00 )	( 5.7610450370e-01 0.0000000000e+00 -8.0481166907e+00 )	( 4.3648845164e-02 0.0000000000e+00 9.6585944124e-04 )
228              	( 6.1975265094e-01 0.0000000000e+00 -8.0472337448e+00 )	( 5.7610345601e-01 0.0000000000e+00 -8.0481996034e+00 )	( 4.3649194933e-02 0.0000000000e+00 9.6585863854e-04 )
229              	( 6.1975218658e-01 0.0000000000e+00 -8.0473143488e+00 )	( 5.7610265208e-01 0.0000000000e+00 -8.0482802086e+00 )	( 4.3649534504e-02 0.0000000000e+00 9.6585978487e-04 )
230              	( 6.1975192780e-01 0.0000000000e+00 -8.0473927711e+00 )	( 5.7610206366e-01 0.0000000000e+00 -8.0483586337e+00 )	( 4.3649864139e-02 0.0000000000e+00 9.6586261239e-04 )
231              	( 6.1975184740e-01 0.0000000000e+00 -8.0474691331e+00 )	( 5.7610166329e-01 0.0000000000e+00 -8.0484350000e+00 )	( 4.3650184108e-02 0.0000000000e+00 9.6586686280e-04 )
232              	( 6.1975191925e-01 0.0000000000e+00 -8.0475435498e+00 )	( 5.7610142456e-01 0.0000000000e+00 -8.0485094221e+00 )	( 4.3650494688e-02 0.0000000000e+00 9.6587228855e-04 )
233              	( 6.1975211819e-01 0.0000000000e+00 -8.0476161303e+00 )	( 5.7610132203e-01 0.0000000000e+00 -8.0485820090e+00 )	( 4.3650796162e-02 0.0000000000e+00 9.6587865398e-04 )
234              	( 6.1975242051e-01 0.0000000000e+00 -8.0476869776e+00 )	( 5.7610133170e-01 0.0000000000e+00 -8.0486528633e+00 )	( 4.3651088815e-02 0.0000000000e+00 9.6588573624e-04 )
235              	( 6.1975280369e-01 0.0000000000e+00 -8.0477561876e+00 )	( 5.7610143075e-01 0.0000000000e+00 -8.0487220810e+00 )	( 4.3651372938e-02 0.0000000000e+00 9.6589332599e-04 )
236              	( 6.1975324660e-01 0.0000000000e+00 -8.0478238507e+00 )	( 5.7610159778e-01 0.0000000000e+00 -8.0487897519e+00 )	( 4.3651648818e-02 0.0000000000e+00 9.6590122793e-04 )
237              	( 6.1975372956e-01 0.0000000000e+00 -8.0478900504e+00 )	( 5.7610181281e-01 0.0000000000e+00 -8.0488559597e+00 )	( 4.3651916746e-02 0.0000000000e+00 9.6590926134e-04 )
238              	( 6.1975423429e-01 0.0000000000e+00 -8.0479548644e+00 )	( 5.7610205728e-01 0.0000000000e+00 -8.0489207816e+00 )	( 4.3652177009e-02 0.0000000000e+00 9.6591726023e-04 )
239              	( 6.1975474402e-01 0.0000000000e+00 -8.0480183635e+00 )	( 5.7610231413e-01 0.0000000000e+00 -8.0489842886e+00 )	( 4.3652429890e-02 0.0000000000e+00 9.6592507349e-04 )
240              	( 6.1975524341e-01 0.0000000000e+00 -8.0480806132e+00 )	( 5.7610256774e-01 0.0000000000e+00 -8.0490465458e+00 )	( 4.3652675671e-02 0.0000000000e+00 9.6593256490e-04 )
241              	( 6.1975571871e-01 0.0000000000e+00 -8.0481416739e+00 )	( 5.7610280408e-01 0.0000000000e+00 -8.0491076135e+00 )	( 4.3652914627e-02 0.0000000000e+00 9.6593961292e-04 )
242              	( 6.1975615747e-01 0.0000000000e+00 -8.0482015988e+00 )	( 5.7610301044e-01 0.0000000000e+00 -8.0491675449e+00 )	( 4.3653147027e-02 0.0000000000e+00 9.6594611066e-04 )
243              	( 6.1975654886e-01 0.0000000000e+00 -8.0482604375e+00 )	( 5.7610317572e-01 0.0000000000e+00 -8.0492263895e+00 )	( 4.3653373135e-02 0.0000000000e+00 9.6595196530e-04 )
244              	( 6.1975688298e-01 0.0000000000e+00 -8.0483182321e+00 )	( 5.7610328977e-01 0.0000000000e+00 -8.0492841892e+00 )	( 4.3653593206e-02 0.0000000000e+00 9.6595709787e-04 )
245              	( 6.1975715197e-01 0.0000000000e+00 -8.0483750236e+00 )	( 5.7610334448e-01 0.0000000000e+00 -8.0493409850e+00 )	( 4.3653807488e-02 0.0000000000e+00 9.6596144255e-04 )
246              	( 6.1975734885e-01 0.0000000000e+00 -8.0484308464e+00 )	( 5.7610333263e-01 0.0000000000e+00 -8.0493968113e+00 )	( 4.3654016222e-02 0.0000000000e+00 9.6596494625e-04 )
247              	( 6.1975746796e-01 0.0000000000e+00 -8.0484857312e+00 )	( 5.7610324832e-01 0.0000000000e+00 -8.0494516987e+00 )	( 4.3654219639e-02 0.0000000000e+00 9.6596756793e-04 )
248              	( 6.1975750484e-01 0.0000000000e+00 -8.0485397049e+00 )	( 5.7610308688e-01 0.0000000000e+00 -8.0495056742e+00 )	( 4.3654417961e-02 0.0000000000e+00 9.6596927795e-04 )
249              	( 6.1975745616e-01 0.0000000000e+00 -8.0485927910e+00 )	( 5.7610284476e-01 0.0000000000e+00 -8.0495587611e+00 )	( 4.3654611402e-02 0.0000000000e+00 9.6597005736e-04 )
250              	( 6.1975733307e-01 0.0000000000e+00 -8.0486450457e+00 )	( 5.7610253286e-01 0.0000000000e+00 -8.0496110156e+00 )	( 4.3654800205e-02 0.0000000000e+00 9.6596990739e-04 )
251              	( 6.1975712442e-01 0.0000000000e+00 -8.0486964641e+00 )	( 5.7610213986e-01 0.0000000000e+00 -8.0496624330e+00 )	( 4.3654984554e-02 0.0000000000e+00 9.6596882413e-04 )
252              	( 6.1975682742e-01 0.0000000000e+00 -8.0487470533e+00 )	( 5.7610166279e-01 0.0000000000e+00 -8.0497130201e+00 )	( 4.3655164629e-02 0.0000000000e+00 9.6596681535e-04 )
253              	( 6.1975644195e-01 0.0000000000e+00 -8.0487968242e+00 )	( 5.7610110135e-01 0.0000000000e+00 -8.0497627881e+00 )	( 4.3655340600e-02 0.0000000000e+00 9.6596389624e-04 )
254              	( 6.1975596906e-01 0.0000000000e+00 -8.0488457861e+00 )	( 5.7610045643e-01 0.0000000000e+00 -8.0498117462e+00 )	( 4.3655512632e-02 0.0000000000e+00 9.6596008932e-04 )
255              	( 6.1975541066e-01 0.0000000000e+00 -8.0488939464e+00 )	( 5.7609972978e-01 0.0000000000e+00 -8.0498599019e+00 )	( 4.3655680878e-02 0.0000000000e+00 9.6595542356e-04 )
256              	( 6.1975476928e-01 0.0000000000e+00 -8.0489413112e+00 )	( 5.7609892379e-01 0.0000000000e+00 -8.0499072611e+00 )	( 4.3655845486e-02 0.0000000000e+00 9.6594993365e-04 )
257              	( 6.1975404815e-01 0.0000000000e+00 -8.0489878853e+00 )	( 5.7609804156e-01 0.0000000000e+00 -8.0499538290e+00 )	( 4.3656006592e-02 0.0000000000e+00 9.6594365926e-04 )
258              	( 6.1975325106e-01 0.0000000000e+00 -8.0490336728e+00 )	( 5.7609708673e-01 0.0000000000e+00 -8.0499996094e+00 )	( 4.3656164324e-02 0.0000000000e+00 9.6593664428e-04 )
259              	( 6.1975238221e-01 0.0000000000e+00 -8.0490786761e+00 )	( 5.7609606340e-01 0.0000000000e+00 -8.0500446050e+00 )	( 4.3656318804e-02 0.0000000000e+00 9.6592893630e-04 )
260              	( 6.1975144623e-01 0.0000000000e+00 -8.0491228970e+00 )	( 5.7609497609e-01 0.0000000000e+00 -8.0500888176e+00 )	( 4.3656470142e-02 0.0000000000e+00 9.6592058585e-04 )
261              	( 6.1975044806e-01 0.0000000000e+00 -8.0491663367e+00 )	( 5.7609382961e-01 0.0000000000e+00 -8.0501322484e+00 )	( 4.3656618444e-02 0.0000000000e+00 9.6591164583e-04 )
262              	( 6.1974939301e-01 0.0000000000e+00 -8.0492089962e+00 )	( 5.7609262920e-01 0.0000000000e+00 -8.0501748984e+00 )	( 4.3656763806e-02 0.0000000000e+00 9.6590217089e-04 )
263              	( 6.1974828641e-01 0.0000000000e+00 -8.0492508754e+00 )	( 5.7609138009e-01 0.0000000000e+00 -8.0502167676e+00 )	( 4.3656906317e-02 0.0000000000e+00 9.6589221687e-04 )
264              	( 6.1974713393e-01 0.0000000000e+00 -8.0492919749e+00 )	( 5.7609008787e-01 0.0000000000e+00 -8.0502578568e+00 )	( 4.3657046060e-02 0.0000000000e+00 9.6588184029e-04 )
265              	( 6.1974594124e-01 0.0000000000e+00 -8.0493322950e+00 )	( 5.7608875813e-01 0.0000000000e+00 -8.0502981661e+00 )	( 4.3657183110e-02 0.0000000000e+00 9.6587109786e-04 )
266              	( 6.1974471402e-01 0.0000000000e+00 -8.0493718359e+00 )	( 5.7608739648e-01 0.0000000000e+00 -8.0503376959e+00 )	( 4.3657317537e-02 0.0000000000e+00 9.6586004603e-04 )
267              	( 6.1974345799e-01 0.0000000000e+00 -8.0494105980e+00 )	( 5.7608600858e-01 0.0000000000e+00 -8.0503764467e+00 )	( 4.3657449404e-02 0.0000000000e+00 9.6584874060e-04 )
268              	( 6.1974217877e-01 0.0000000000e+00 -8.0494485823e+00 )	( 5.7608460000e-01 0.0000000000e+00 -8.0504144195e+00 )	( 4.3657578769e-02 0.0000000000e+00 9.6583723631e-04 )
269              	( 6.1974088194e-01 0.0000000000e+00 -8.0494857900e+00 )	( 5.7608317626e-01 0.0000000000e+00 -8.0504516156e+00 )	( 4.3657705685e-02 0.0000000000e+00 9.6582558652e-04 )
270              	( 6.1973957288e-01 0.0000000000e+00 -8.0495222227e+00 )	( 5.7608174268e-01 0.0000000000e+00 -8.0504880365e+00 )	( 4.3657830201e-02 0.0000000000e+00 9.6581384291e-04 )
271              	( 6.1973825684e-01 0.0000000000e+00 -8.0495578827e+00 )	( 5.7608030447e-01 0.0000000000e+00 -8.0505236847e+00 )	( 4.3657952361e-02 0.0000000000e+00 9.6580205517e-04 )
272              	( 6.1973693882e-01 0.0000000000e+00 -8.0495927726e+00 )	( 5.7607886662e-01 0.0000000000e+00 -8.0505585629e+00 )	( 4.3658072206e-02 0.0000000000e+00 9.6579027081e-04 )
273              	( 6.1973562366e-01 0.0000000000e+00 -8.0496268960e+00 )	( 5.7607743389e-01 0.0000000000e+00 -8.0505926746e+00 )	( 4.3658189771e-02 0.0000000000e+00 9.6577853490e-04 )
274              	( 6.1973431590e-01 0.0000000000e+00 -8.0496602569e+00 )	( 5.7607601081e-01 0.0000000000e+00 -8.0506260238e+00 )	( 4.3658305091e-02 0.0000000000e+00 9.6576688996e-04 )
275              	( 6.1973301985e-01 0.0000000000e+00 -8.0496928601e+00 )	( 5.7607460165e-01 0.0000000000e+00 -8.0506586155e+00 )	( 4.3658418198e-02 0.0000000000e+00 9.6575537576e-04 )
276              	( 6.1973173954e-01 0.0000000000e+00 -8.0497247113e+00 )	( 5.7607321042e-01 0.0000000000e+00 -8.0506904553e+00 )	( 4.3658529120e-02 0.0000000000e+00 9.6574402921e-04 )
277              	( 6.1973047864e-01 0.0000000000e+00 -8.0497558162e+00 )	( 5.7607184076e-01 0.0000000000e+00 -8.0507215490e+00 )	( 4.3658637883e-02 0.0000000000e+00 9.6573288433e-04 )
278              	( 6.1972924062e-01 0.0000000000e+00 -8.0497861821e+00 )	( 5.7607049611e-01 0.0000000000e+00 -8.0507519041e+00 )	( 4.3658744512e-02 0.0000000000e+00 9.6572197213e-04 )
279              	( 6.1972802861e-01 0.0000000000e+00 -8.0498158168e+00 )	( 5.7606917958e-01 0.0000000000e+00 -8.0507815281e+00 )	( 4.3658849032e-02 0.0000000000e+00 9.6571132059e-04 )
280              	( 6.1972684538e-01 0.0000000000e+00 -8.0498447285e+00 )	( 5.7606789391e-01 0.0000000000e+00 -8.0508104294e+00 )	( 4.3658951465e-02 0.0000000000e+00 9.6570095467e-04 )
281              	( 6.1972569351e-01 0.0000000000e+00 -8.0498729267e+00 )	( 5.7606664167e-01 0.0000000000e+00 -8.0508386176e+00 )	( 4.3659051831e-02 0.0000000000e+00 9.6569089630e-04 )
282              	( 6.1972457512e-01 0.0000000000e+00 -8.0499004209e+00 )	( 5.7606542497e-01 0.0000000000e+00 -8.0508661020e+00 )	( 4.3659150152e-02 0.0000000000e+00 9.6568116445e-04 )
283              	( 6.1972349212e-01 0.0000000000e+00 -8.0499272216e+00 )	( 5.7606424567e-01 0.0000000000e+00 -8.0508928934e+00 )	( 4.3659246449e-02 0.0000000000e+00 9.6567177511e-04 )
284              	( 6.1972244611e-01 0.0000000000e+00 -8.0499533400e+00 )	( 5.7606310537e-01 0.0000000000e+00 -8.0509190028e+00 )	( 4.3659340740e-02 0.0000000000e+00 9.6566274144e-04 )
285              	( 6.1972143837e-01 0.0000000000e+00 -8.0499787878e+00 )	( 5.7606200533e-01 0.0000000000e+00 -8.0509444419e+00 )	( 4.3659433047e-02 0.0000000000e+00 9.6565407379e-04 )
286              	( 6.1972046993e-01 0.0000000000e+00 -8.0500035772e+00 )	( 5.7606094654e-01 0.0000000000e+00 -8.0509692230e+00 )	( 4.3659523389e-02 0.0000000000e+00 9.6564577984e-04 )
287              	( 6.1971954151e-01 0.0000000000e+00 -8.0500277210e+00 )	( 5.7605992973e-01 0.0000000000e+00 -8.0509933589e+00 )	( 4.3659611787e-02 0.0000000000e+00 9.6563786470e-04 )
288              	( 6.1971865360e-01 0.0000000000e+00 -8.0500512324e+00 )	( 5.7605895534e-01 0.0000000000e+00 -8.0510168628e+00 )	( 4.3659698261e-02 0.0000000000e+00 9.6563033101e-04 )
289              	( 6.1971780641e-01 0.0000000000e+00 -8.0500741251e+00 )	( 5.7605802358e-01 0.0000000000e+00 -8.0510397483e+00 )	( 4.3659782834e-02 0.0000000000e+00 9.6562317909e-04 )
290              	( 6.1971699993e-01 0.0000000000e+00 -8.0500964131e+00 )	( 5.7605713441e-01 0.0000000000e+00 -8.0510620295e+00 )	( 4.3659865525e-02 0.0000000000e+00 9.6561640709e-04 )
291              	( 6.1971623393e-01 0.0000000000e+00 -8.0501181106e+00 )	( 5.7605628757e-01 0.0000000000e+00 -8.0510837206e+00 )	( 4.3659946359e-02 0.0000000000e+00 9.6561001112e-04 )
292              	( 6.1971550796e-01 0.0000000000e+00 -8.0501392323e+00 )	( 5.7605548260e-01 0.0000000000e+00 -8.0511048362e+00 )	( 4.3660025358e-02 0.0000000000e+00 9.6560398540e-04 )
293              	( 6.1971482138e-01 0.0000000000e+00 -8.0501597928e+00 )	( 5.7605471883e-01 0.0000000000e+00 -8.0511253911e+00 )	( 4.3660102546e-02 0.0000000000e+00 9.6559832241e-04 )
294              	( 6.1971417337e-01 0.0000000000e+00 -8.0501798072e+00 )	( 5.7605399543e-01 0.0000000000e+00 -8.0511454002e+00 )	( 4.3660177947e-02 0.0000000000e+00 9.6559301309e-04 )
295              	( 6.1971356298e-01 0.0000000000e+00 -8.0501992904e+00 )	( 5.7605331139e-01 0.0000000000e+00 -8.0511648784e+00 )	( 4.3660251588e-02 0.0000000000e+00 9.6558804696e-04 )
296              	( 6.1971298908e-01 0.0000000000e+00 -8.0502182575e+00 )	( 5.7605266558e-01 0.0000000000e+00 -8.0511838409e+00 )	( 4.3660323494e-02 0.0000000000e+00 9.6558341226e-04 )
297              	( 6.1971245043e-01 0.0000000000e+00 -8.0502367236e+00 )	( 5.7605205673e-01 0.0000000000e+00 -8.0512023027e+00 )	( 4.3660393693e-02 0.0000000000e+00 9.6557909618e-04 )
298              	( 6.1971194568e-01 0.0000000000e+00 -8.0502547037e+00 )	( 5.7605148346e-01 0.0000000000e+00 -8.0512202787e+00 )	( 4.3660462212e-02 0.0000000000e+00 9.6557508494e-04 )
299              	( 6.1971147338e-01 0.0000000000e+00 -8.0502722126e+00 )	( 5.7605094430e-01 0.0000000000e+00 -8.0512377840e+00 )	( 4.3660529081e-02 0.0000000000e+00 9.6557136401e-04 )
300              	( 6.1971103203e-01 0.0000000000e+00 -8.0502892653e+00 )	( 5.7605043770e-01 0.0000000000e+00 -8.0512548332e+00 )	( 4.3660594328e-02 0.0000000000e+00 9.6556791821e-04 )
301              	( 6.1971062003e-01 0.0000000000e+00 -8.0503058763e+00 )	( 5.7604996205e-01 0.0000000000e+00 -8.0512714410e+00 )	( 4.3660657983e-02 0.0000000000e+00 9.6556473188e-04 )
302              	( 6.1971023575e-01 0.0000000000e+00 -8.0503220599e+00 )	( 5.7604951568e-01 0.0000000000e+00 -8.0512876217e+00 )	( 4.3660720077e-02 0.0000000000e+00 9.6556178899e-04 )
303              	( 6.1970987753e-01 0.0000000000e+00 -8.0503378303e+00 )	( 5.7604909689e-01 0.0000000000e+00 -8.0513033894e+00 )	( 4.3660780642e-02 0.0000000000e+00 9.6555907332e-04 )
304              	( 6.1970954369e-01 0.0000000000e+00 -8.0503532013e+00 )	( 5.7604870398e-01 0.0000000000e+00 -8.0513187579e+00 )	( 4.3660839708e-02 0.0000000000e+00 9.6555656856e-04 )
305              	( 6.1970923254e-01 0.0000000000e+00 -8.0503681865e+00 )	( 5.7604833523e-01 0.0000000000e+00 -8.0513337407e+00 )	( 4.3660897308e-02 0.0000000000e+00 9.6555425841e-04 )
306              	( 6.1970894238e-01 0.0000000000e+00 -8.0503827989e+00 )	( 5.7604798891e-01 0.0000000000e+00 -8.0513483511e+00 )	( 4.3660953473e-02 0.0000000000e+00 9.6555212670e-04 )
307              	( 6.1970867156e-01 0.0000000000e+00 -8.0503970515e+00 )	( 5.7604766333e-01 0.0000000000e+00 -8.0513626017e+00 )	( 4.3661008238e-02 0.0000000000e+00 9.6555015752e-04 )
308              	( 6.1970841843e-01 0.0000000000e+00 -8.0504109566e+00 )	( 5.7604735680e-01 0.0000000000e+00 -8.0513765049e+00 )	( 4.3661061634e-02 0.0000000000e+00 9.6554833528e-04 )
309              	( 6.1970818138e-01 0.0000000000e+00 -8.0504245263e+00 )	( 5.7604706768e-01 0.0000000000e+00 -8.0513900729e+00 )	( 4.3661113694e-02 0.0000000000e+00 9.6554664480e-04 )
310              	( 6.1970795884e-01 0.0000000000e+00 -8.0504377720e+00 )	( 5.7604679439e-01 0.0000000000e+00 -8.0514033171e+00 )	( 4.3661164451e-02 0.0000000000e+00 9.6554507140e-04 )
311              	( 6.1970774931e-01 0.0000000000e+00 -8.0504507051e+00 )	( 5.7604653537e-01 0.0000000000e+00 -8.0514162487e+00 )	( 4.3661213939e-02 0.0000000000e+00 9.6554360096e-04 )
312              	( 6.1970755132e-01 0.0000000000e+00 -8.0504633361e+00 )	( 5.7604628913e-01 0.0000000000e+00 -8.0514288784e+00 )	( 4.3661262189e-02 0.0000000000e+00 9.6554221997e-04 )
313              	( 6.1970736349e-01 0.0000000000e+00 -8.0504756755e+00 )	( 5.7604605426e-01 0.0000000000e+00 -8.0514412164e+00 )	( 4.3661309234e-02 0.0000000000e+00 9.6554091558e-04 )
314              	( 6.1970718449e-01 0.0000000000e+00 -8.0504877330e+00 )	( 5.7604582939e-01 0.0000000000e+00 -8.0514532726e+00 )	( 4.3661355108e-02 0.0000000000e+00 9.6553967567e-04 )
315              	( 6.1970701308e-01 0.0000000000e+00 -8.0504995180e+00 )	( 5.7604561324e-01 0.0000000000e+00 -8.0514650565e+00 )	( 4.3661399841e-02 0.0000000000e+00 9.6553848885e-04 )
316              	( 6.1970684808e-01 0.0000000000e+00 -8.0505110394e+00 )	( 5.7604540462e-01 0.0000000000e+00 -8.0514765768e+00 )	( 4.3661443465e-02 0.0000000000e+00 9.6553734449e-04 )
317              	( 6.1970668839e-01 0.0000000000e+00 -8.0505223059e+00 )	( 5.7604520238e-01 0.0000000000e+00 -8.0514878421e+00 )	( 4.3661486012e-02 0.0000000000e+00 9.6553623277e-04 )
318              	( 6.1970653300e-01 0.0000000000e+00 -8.0505333254e+00 )	( 5.7604500549e-01 0.0000000000e+00 -8.0514988605e+00 )	( 4.3661527511e-02 0.0000000000e+00 9.6553514463e-04 )
319              	( 6.1970638097e-01 0.0000000000e+00 -8.0505441056e+00 )	( 5.7604481297e-01 0.0000000000e+00 -8.0515096397e+00 )	( 4.3661567995e-02 0.0000000000e+00 9.6553407186e-04 )
320              	( 6.1970623144e-01 0.0000000000e+00 -8.0505546539e+00 )	( 5.7604462395e-01 0.0000000000e+00 -8.0515201869e+00 )	( 4.3661607490e-02 0.0000000000e+00 9.6553300702e-04 )
321              	( 6.1970608366e-01 0.0000000000e+00 -8.0505649769e+00 )	( 5.7604443763e-01 0.0000000000e+00 -8.0515305088e+00 )	( 4.3661646028e-02 0.0000000000e+00 9.6553194347e-04 )
322              	( 6.1970593692e-01 0.0000000000e+00 -8.0505750813e+00 )	( 5.7604425328e-01 0.0000000000e+00 -8.0515406121e+00 )	( 4.3661683635e-02 0.0000000000e+00 9.6553087535e-04 )
323              	( 6.1970579061e-01 0.0000000000e+00 -8.0505849730e+00 )	( 5.7604407027e-01 0.0000000000e+00 -8.0515505028e+00 )	( 4.3661720340e-02 0.0000000000e+00 9.6552979758e-04 )
324              	( 6.1970564421e-01 0.0000000000e+00 -8.0505946579e+00 )	( 5.7604388804e-01 0.0000000000e+00 -8.0515601866e+00 )	( 4.3661756169e-02 0.0000000000e+00 9.6552870578e-04 )
325              	( 6.1970549724e-01 0.0000000000e+00 -8.0506041414e+00 )	( 5.7604370609e-01 0.0000000000e+00 -8.0515696690e+00 )	( 4.3661791148e-02 0.0000000000e+00 9.6552759633e-04 )
326              	( 6.1970534933e-01 0.0000000000e+00 -8.0506134286e+00 )	( 5.7604352402e-01 0.0000000000e+00 -8.0515789550e+00 )	( 4.3661825302e-02 0.0000000000e+00 9.6552646627e-04 )
327              	( 6.1970520015e-01 0.0000000000e+00 -8.0506225242e+00 )	( 5.7604334149e-01 0.0000000000e+00 -8.0515880495e+00 )	( 4.3661858657e-02 0.0000000000e+00 9.6552531330e-04 )
328              	( 6.1970504945e-01 0.0000000000e+00 -8.0506314327e+00 )	( 5.7604315822e-01 0.0000000000e+00 -8.0515969569e+00 )	( 4.3661891235e-02 0.0000000000e+00 9.6552413573e-04 )
329              	( 6.1970489705e-01 0.0000000000e+00 -8.0506401585e+00 )	( 5.7604297399e-01 0.0000000000e+00 -8.0516056814e+00 )	( 4.3661923060e-02 0.0000000000e+00 9.6552293246e-04 )
330              	( 6.1970474282e-01 0.0000000000e+00 -8.0506487055e+00 )	( 5.7604278867e-01 0.0000000000e+00 -8.0516142272e+00 )	( 4.3661954153e-02 0.0000000000e+00 9.6552170292e-04 )
331              	( 6.1970458668e-01 0.0000000000e+00 -8.0506570774e+00 )	( 5.7604260214e-01 0.0000000000e+00 -8.0516225978e+00 )	( 4.3661984536e-02 0.0000000000e+00 9.6552044704e-04 )
332              	( 6.1970442860e-01 0.0000000000e+00 -8.0506652777e+00 )	( 5.7604241437e-01 0.0000000000e+00 -8.0516307969e+00 )	( 4.3662014229e-02 0.0000000000e+00 9.6551916523e-04 )
333              	( 6.1970426861e-01 0.0000000000e+00 -8.0506733100e+00 )	( 5.7604222536e-01 0.0000000000e+00 -8.0516388278e+00 )	( 4.3662043252e-02 0.0000000000e+00 9.6551785830e-04 )
334              	( 6.1970410678e-01 0.0000000000e+00 -8.0506811773e+00 )	( 5.7604203515e-01 0.0000000000e+00 -8.0516466938e+00 )	( 4.3662071625e-02 0.0000000000e+00 9.6551652744e-04 )
335              	( 6.1970394320e-01 0.0000000000e+00 -8.0506888825e+00 )	( 5.7604184384e-01 0.0000000000e+00 -8.0516543977e+00 )	( 4.3662099364e-02 0.0000000000e+00 9.6551517417e-04 )
336              	( 6.1970377802e-01 0.0000000000e+00 -8.0506964287e+00 )	( 5.7604165153e-01 0.0000000000e+00 -8.0516619425e+00 )	( 4.3662126487e-02 0.0000000000e+00 9.6551380031e-04 )
337              	( 6.1970361141e-01 0.0000000000e+00 -8.0507038185e+00 )	( 5.7604145840e-01 0.0000000000e+00 -8.0516693310e+00 )	( 4.3662153012e-02 0.0000000000e+00 9.6551240795e-04 )
338              	( 6.1970344355e-01 0.0000000000e+00 -8.0507110546e+00 )	( 5.7604126460e-01 0.0000000000e+00 -8.0516765656e+00 )	( 4.3662178953e-02 0.0000000000e+00 9.6551099937e-04 )
339              	( 6.1970327467e-01 0.0000000000e+00 -8.0507181394e+00 )	( 5.7604107035e-01 0.0000000000e+00 -8.0516836490e+00 )	( 4.3662204327e-02 0.0000000000e+00 9.6550957704e-04 )
340              	( 6.1970310500e-01 0.0000000000e+00 -8.0507250754e+00 )	( 5.7604087586e-01 0.0000000000e+00 -8.0516905836e+00 )	( 4.3662229148e-02 0.0000000000e+00 9.6550814358e-04 )
341              	( 6.1970293479e-01 0.0000000000e+00 -8.0507318650e+00 )	( 5.7604068137e-01 0.0000000000e+00 -8.0516973717e+00 )	( 4.3662253430e-02 0.0000000000e+00 9.6550670169e-04 )
342              	( 6.1970276431e-01 0.0000000000e+00 -8.0507385103e+00 )	( 5.7604048712e-01 0.0000000000e+00 -8.0517040156e+00 )	( 4.3662277185e-02 0.0000000000e+00 9.6550525418e-04 )
343              	( 6.1970259381e-01 0.0000000000e+00 -8.0507450137e+00 )	( 5.7604029338e-01 0.0000000000e+00 -8.0517105175e+00 )	( 4.3662300428e-02 0.0000000000e+00 9.6550380388e-04 )
344              	( 6.1970242357e-01 0.0000000000e+00 -8.0507513772e+00 )	( 5.7604010040e-01 0.0000000000e+00 -8.0517168796e+00 )	( 4.3662323169e-02 0.0000000000e+00 9.6550235363e-04 )
345              	( 6.1970225388e-01 0.0000000000e+00 -8.0507576032e+00 )	( 5.7603990846e-01 0.0000000000e+00 -8.0517231041e+00 )	( 4.3662345422e-02 0.0000000000e+00 9.6550090627e-04 )
346              	( 6.1970208501e-01 0.0000000000e+00 -8.0507636936e+00 )	( 5.7603971781e-01 0.0000000000e+00 -8.0517291930e+00 )	( 4.3662367196e-02 0.0000000000e+00 9.6549946459e-04 )
347              	( 6.1970191722e-01 0.0000000000e+00 -8.0507696505e+00 )	( 5.7603952871e-01 0.0000000000e+00 -8.0517351486e+00 )	( 4.3662388503e-02 0.0000000000e+00 9.6549803135e-04 )
348              	( 6.1970175077e-01 0.0000000000e+00 -8.0507754761e+00 )	( 5.7603934142e-01 0.0000000000e+00 -8.0517409727e+00 )	( 4.3662409353e-02 0.0000000000e+00 9.6549660918e-04 )
349              	( 6.1970158593e-01 0.0000000000e+00 -8.0507811723e+00 )	( 5.7603915618e-01 0.0000000000e+00 -8.0517466675e+00 )	( 4.3662429755e-02 0.0000000000e+00 9.6549520065e-04 )
350              	( 6.1970142295e-01 0.0000000000e+00 -8.0507867412e+00 )	( 5.7603897323e-01 0.0000000000e+00 -8.0517522351e+00 )	( 4.3662449720e-02 0.0000000000e+00 9.6549380819e-04 )
351              	( 6.1970126205e-01 0.0000000000e+00 -8.0507921850e+00 )	( 5.7603879279e-01 0.0000000000e+00 -8.0517576774e+00 )	( 4.3662469256e-02 0.0000000000e+00 9.6549243411e-04 )
352              	( 6.1970110346e-01 0.0000000000e+00 -8.0507975055e+00 )	( 5.7603861509e-01 0.0000000000e+00 -8.0517629966e+00 )	( 4.3662488372e-02 0.0000000000e+00 9.6549108059e-04 )
353              	( 6.1970094739e-01 0.0000000000e+00 -8.0508027049e+00 )	( 5.7603844032e-01 0.0000000000e+00 -8.0517681947e+00 )	( 4.3662507076e-02 0.0000000000e+00 9.6548974965e-04 )
354              	( 6.1970079404e-01 0.0000000000e+00 -8.0508077853e+00 )	( 5.7603826866e-01 0.0000000000e+00 -8.0517732737e+00 )	( 4.3662525377e-02 0.0000000000e+00 9.6548844312e-04 )
355              	( 6.1970064358e-01 0.0000000000e+00 -8.0508127487e+00 )	( 5.7603810030e-01 0.0000000000e+00 -8.0517782358e+00 )	( 4.3662543282e-02 0.0000000000e+00 9.6548716272e-04 )
356              	( 6.1970049617e-01 0.0000000000e+00 -8.0508175971e+00 )	( 5.7603793537e-01 0.0000000000e+00 -8.0517830830e+00 )	( 4.3662560798e-02 0.0000000000e+00 9.6548590995e-04 )
357              	( 6.1970035196e-01 0.0000000000e+00 -8.0508223327e+00 )	( 5.7603777403e-01 0.0000000000e+00 -8.0517878174e+00 )	( 4.3662577935e-02 0.0000000000e+00 9.6548468617e-04 )
358              	( 6.1970021108e-01 0.0000000000e+00 -8.0508269576e+00 )	( 5.7603761638e-01 0.0000000000e+00 -8.0517924411e+00 )	( 4.3662594697e-02 0.0000000000e+00 9.6548349254e-04 )
359              	( 6.1970007363e-01 0.0000000000e+00 -8.0508314739e+00 )	( 5.7603746254e-01 0.0000000000e+00 -8.0517969562e+00 )	( 4.3662611094e-02 0.0000000000e+00 9.6548233006e-04 )
360              	( 6.1969993971e-01 0.0000000000e+00 -8.0508358836e+00 )	( 5.7603731258e-01 0.0000000000e+00 -8.0518013648e+00 )	( 4.3662627130e-02 0.0000000000e+00 9.6548119956e-04 )
361              	( 6.1969980940e-01 0.0000000000e+00 -8.0508401889e+00 )	( 5.7603716658e-01 0.0000000000e+00 -8.0518056690e+00 )	( 4.3662642814e-02 0.0000000000e+00 9.6548010170e-04 )
362              	( 6.1969968274e-01 0.0000000000e+00 -8.0508443920e+00 )	( 5.7603702459e-01 0.0000000000e+00 -8.0518098710e+00 )	( 4.3662658151e-02 0.0000000000e+00 9.6547903697e-04 )
363              	( 6.1969955979e-01 0.0000000000e+00 -8.0508484948e+00 )	( 5.7603688664e-01 0.0000000000e+00 -8.0518139728e+00 )	( 4.3662673148e-02 0.0000000000e+00 9.6547800568e-04 )
364              	( 6.1969944059e-01 0.0000000000e+00 -8.0508524994e+00 )	( 5.7603675277e-01 0.0000000000e+00 -8.0518179764e+00 )	( 4.3662687812e-02 0.0000000000e+00 9.6547700813e-04 )
365              	( 6.1969932501e-01 0.0000000000e+00 -8.0508564083e+00 )	( 5.7603662286e-01 0.0000000000e+00 -8.0518218843e+00 )	( 4.3662702148e-02 0.0000000000e+00 9.6547604408e-04 )
366              	( 6.1969921328e-01 0.0000000000e+00 -8.0508602234e+00 )	( 5.7603649712e-01 0.0000000000e+00 -8.0518256985e+00 )	( 4.3662716162e-02 0.0000000000e+00 9.6547511366e-04 )
367              	( 6.1969910526e-01 0.0000000000e+00 -8.0508639467e+00 )	( 5.7603637540e-01 0.0000000000e+00 -8.0518294210e+00 )	( 4.3662729861e-02 0.0000000000e+00 9.6547421656e-04 )
368              	( 6.1969900092e-01 0.0000000000e+00 -8.0508675804e+00 )	( 5.7603625767e-01 0.0000000000e+00 -8.0518330538e+00 )	( 4.3662743250e-02 0.0000000000e+00 9.6547335239e-04 )
369              	( 6.1969890021e-01 0.0000000000e+00 -8.0508711265e+00 )	( 5.7603614388e-01 0.0000000000e+00 -8.0518365991e+00 )	( 4.3662756336e-02 0.0000000000e+00 9.6547252067e-04 )
370              	( 6.1969880309e-01 0.0000000000e+00 -8.0508745872e+00 )	( 5.7603603396e-01 0.0000000000e+00 -8.0518400589e+00 )	( 4.3662769125e-02 0.0000000000e+00 9.6547172082e-04 )
371              	( 6.1969870949e-01 0.0000000000e+00 -8.0508779644e+00 )	( 5.7603592787e-01 0.0000000000e+00 -8.0518434354e+00 )	( 4.3662781621e-02 0.0000000000e+00 9.6547095217e-04 )
372              	( 6.1969861933e-01 0.0000000000e+00 -8.0508812602e+00 )	( 5.7603582550e-01 0.0000000000e+00 -8.0518467304e+00 )	( 4.3662793831e-02 0.0000000000e+00 9.6547021395e-04 )
373              	( 6.1969853253e-01 0.0000000000e+00 -8.0508844767e+00 )	( 5.7603572677e-01 0.0000000000e+00 -8.0518499462e+00 )	( 4.3662805760e-02 0.0000000000e+00 9.6546950532e-04 )
374              	( 6.1969844900e-01 0.0000000000e+00 -8.0508876157e+00 )	( 5.7603563158e-01 0.0000000000e+00 -8.0518530846e+00 )	( 4.3662817415e-02 0.0000000000e+00 9.6546882538e-04 )
375              	( 6.1969836864e-01 0.0000000000e+00 -8.0508906794e+00 )	( 5.7603553984e-01 0.0000000000e+00 -8.0518561475e+00 )	( 4.3662828800e-02 0.0000000000e+00 9.6546817315e-04 )
376              	( 6.1969829135e-01 0.0000000000e+00 -8.0508936695e+00 )	( 5.7603545143e-01 0.0000000000e+00 -8.0518591370e+00 )	( 4.3662839921e-02 0.0000000000e+00 9.6546754763e-04 )
377              	( 6.1969821702e-01 0.0000000000e+00 -8.0508965880e+00 )	( 5.7603536623e-01 0.0000000000e+00 -8.0518620549e+00 )	( 4.3662850784e-02 0.0000000000e+00 9.6546694777e-04 )
378              	( 6.1969814553e-01 0.0000000000e+00 -8.0508994367e+00 )	( 5.7603528414e-01 0.0000000000e+00 -8.0518649031e+00 )	( 4.3662861394e-02 0.0000000000e+00 9.6546637247e-04 )
379              	( 6.1969807678e-01 0.0000000000e+00 -8.0509022176e+00 )	( 5.7603520502e-01 0.0000000000e+00 -8.0518676834e+00 )	( 4.3662871756e-02 0.0000000000e+00 9.6546582065e-04 )
380              	( 6.1969801064e-01 0.0000000000e+00 -8.0509049323e+00 )	( 5.7603512877e-01 0.0000000000e+00 -8.0518703976e+00 )	( 4.3662881875e-02 0.0000000000e+00 9.6546529116e-04 )
381              	( 6.1969794700e-01 0.0000000000e+00 -8.0509075827e+00 )	( 5.7603505524e-01 0.0000000000e+00 -8.0518730475e+00 )	( 4.3662891758e-02 0.0000000000e+00 9.6546478290e-04 )
382              	( 6.1969788574e-01 0.0000000000e+00 -8.0509101704e+00 )	( 5.7603498433e-01 0.0000000000e+00 -8.0518756347e+00 )	( 4.3662901409e-02 0.0000000000e+00 9.6546429474e-04 )
383              	( 6.1969782673e-01 0.0000000000e+00 -8.0509126972e+00 )	( 5.7603491590e-01 0.0000000000e+00 -8.0518781610e+00 )	( 4.3662910833e-02 0.0000000000e+00 9.6546382556e-04 )
384              	( 6.1969776987e-01 0.0000000000e+00 -8.0509151646e+00 )	( 5.7603484983e-01 0.0000000000e+00 -8.0518806280e+00 )	( 4.3662920035e-02 0.0000000000e+00 9.6546337425e-04 )
385              	( 6.1969771503e-01 0.0000000000e+00 -8.0509175743e+00 )	( 5.7603478601e-01 0.0000000000e+00 -8.0518830373e+00 )	( 4.3662929021e-02 0.0000000000e+00 9.6546293973e-04 )
386              	( 6.1969766210e-01 0.0000000000e+00 -8.0509199279e+00 )	( 5.7603472430e-01 0.0000000000e+00 -8.0518853904e+00 )	( 4.3662937796e-02 0.0000000000e+00 9.6546252093e-04 )
387              	( 6.1969761097e-01 0.0000000000e+00 -8.0509222267e+00 )	( 5.7603466460e-01 0.0000000000e+00 -8.0518876888e+00 )	( 4.3662946363e-02 0.0000000000e+00 9.6546211683e-04 )
388              	( 6.1969756152e-01 0.0000000000e+00 -8.0509244724e+00 )	( 5.7603460680e-01 0.0000000000e+00 -8.0518899341e+00 )	( 4.3662954729e-02 0.0000000000e+00 9.6546172642e-04 )
389              	( 6.1969751366e-01 0.0000000000e+00 -8.0509266662e+00 )	( 5.7603455076e-01 0.0000000000e+00 -8.0518921276e+00 )	( 4.3662962898e-02 0.0000000000e+00 9.6546134874e-04 )
390              	( 6.1969746728e-01 0.0000000000e+00 -8.0509288097e+00 )	( 5.7603449641e-01 0.0000000000e+00 -8.0518942707e+00 )	( 4.3662970874e-02 0.0000000000e+00 9.6546098287e-04 )
391              	( 6.1969742228e-01 0.0000000000e+00 -8.0509309041e+00 )	( 5.7603444362e-01 0.0000000000e+00 -8.0518963647e+00 )	( 4.3662978663e-02 0.0000000000e+00 9.6546062792e-04 )
392              	( 6.1969737857e-01 0.0000000000e+00 -8.0509329507e+00 )	( 5.7603439230e-01 0.0000000000e+00 -8.0518984110e+00 )	( 4.3662986269e-02 0.0000000000e+00 9.6546028305e-04 )
393              	( 6.1969733606e-01 0.0000000000e+00 -8.0509349508e+00 )	( 5.7603434237e-01 0.0000000000e+00 -8.0519004108e+00 )	( 4.3662993696e-02 0.0000000000e+00 9.6545994748e-04 )
394              	( 6.1969729467e-01 0.0000000000e+00 -8.0509369056e+00 )	( 5.7603429372e-01 0.0000000000e+00 -8.0519023652e+00 )	( 4.3663000948e-02 0.0000000000e+00 9.6545962045e-04 )
395              	( 6.1969725431e-01 0.0000000000e+00 -8.0509388163e+00 )	( 5.7603424628e-01 0.0000000000e+00 -8.0519042756e+00 )	( 4.3663008031e-02 0.0000000000e+00 9.6545930128e-04 )
396              	( 6.1969721491e-01 0.0000000000e+00 -8.0509406840e+00 )	( 5.7603419996e-01 0.0000000000e+00 -8.0519061430e+00 )	( 4.3663014948e-02 0.0000000000e+00 9.6545898931e-04 )
397              	( 6.1969717641e-01 0.0000000000e+00 -8.0509425098e+00 )	( 5.7603415470e-01 0.0000000000e+00 -8.0519079685e+00 )	( 4.3663021703e-02 0.0000000000e+00 9.6545868394e-04 )
398              	( 6.1969713873e-01 0.0000000000e+00 -8.0509442947e+00 )	( 5.7603411043e-01 0.0000000000e+00 -8.0519097531e+00 )	( 4.3663028300e-02 0.0000000000e+00 9.6545838463e-04 )
399              	( 6.1969710182e-01 0.0000000000e+00 -8.0509460398e+00 )	( 5.7603406708e-01 0.0000000000e+00 -8.0519114979e+00 )	( 4.3663034744e-02 0.0000000000e+00 9.6545809086e-04 )
400              	( 6.1969706562e-01 0.0000000000e+00 -8.0509477461e+00 )	( 5.7603402459e-01 0.0000000000e+00 -8.0519132039e+00 )	( 4.3663041038e-02 0.0000000000e+00 9.6545780219e-04 )
401              	( 6.1969703009e-01 0.0000000000e+00 -8.0509494145e+00 )	( 5.7603398291e-01 0.0000000000e+00 -8.0519148720e+00 )	( 4.3663047186e-02 0.0000000000e+00 9.6545751820e-04 )
402              	( 6.1969699518e-01 0.0000000000e+00 -8.0509510458e+00 )	( 5.7603394199e-01 0.0000000000e+00 -8.0519165031e+00 )	( 4.3663053192e-02 0.0000000000e+00 9.6545723853e-04 )
403              	( 6.1969696084e-01 0.0000000000e+00 -8.0509526411e+00 )	( 5.7603390179e-01 0.0000000000e+00 -8.0519180981e+00 )	( 4.3663059059e-02 0.0000000000e+00 9.6545696285e-04 )
404              	( 6.1969692705e-01 0.0000000000e+00 -8.0509542012e+00 )	( 5.7603386226e-01 0.0000000000e+00 -8.0519196579e+00 )	( 4.3663064790e-02 0.0000000000e+00 9.6545669088e-04 )
405              	( 6.1969689377e-01 0.0000000000e+00 -8.0509557268e+00 )	( 5.7603382338e-01 0.0000000000e+00 -8.0519211832e+00 )	( 4.3663070390e-02 0.0000000000e+00 9.6545642239e-04 )
406              	( 6.1969686097e-01 0.0000000000e+00 -8.0509572188e+00 )	( 5.7603378511e-01 0.0000000000e+00 -8.0519226749e+00 )	( 4.3663075861e-02 0.0000000000e+00 9.6545615715e-04 )
407              	( 6.1969682863e-01 0.0000000000e+00 -8.0509586779e+00 )	( 5.7603374742e-01 0.0000000000e+00 -8.0519241338e+00 )	( 4.3663081207e-02 0.0000000000e+00 9.6545589502e-04 )
408              	( 6.1969679673e-01 0.0000000000e+00 -8.0509601049e+00 )	( 5.7603371030e-01 0.0000000000e+00 -8.0519255605e+00 )	( 4.3663086431e-02 0.0000000000e+00 9.6545563583e-04 )
409              	( 6.1969676525e-01 0.0000000000e+00 -8.0509615005e+00 )	( 5.7603367371e-01 0.0000000000e+00 -8.0519269558e+00 )	( 4.3663091535e-02 0.0000000000e+00 9.6545537950e-04 )
410              	( 6.1969673418e-01 0.0000000000e+00 -8.0509628653e+00 )	( 5.7603363765e-01 0.0000000000e+00 -8.0519283204e+00 )	( 4.3663096523e-02 0.0000000000e+00 9.6545512594e-04 )
411              	( 6.1969670350e-01 0.0000000000e+00 -8.0509642001e+00 )	( 5.7603360211e-01 0.0000000000e+00 -8.0519296550e+00 )	( 4.3663101398e-02 0.0000000000e+00 9.6545487510e-04 )
412              	( 6.1969667322e-01 0.0000000000e+00 -8.0509655055e+00 )	( 5.7603356706e-01 0.0000000000e+00 -8.0519309602e+00 )	( 4.3663106163e-02 0.0000000000e+00 9.6545462695e-04 )
413              	( 6.1969664332e-01 0.0000000000e+00 -8.0509667822e+00 )	( 5.7603353250e-01 0.0000000000e+00 -8.0519322366e+00 )	( 4.3663110819e-02 0.0000000000e+00 9.6545438148e-04 )
414              	( 6.1969661380e-01 0.0000000000e+00 -8.0509680307e+00 )	( 5.7603349843e-01 0.0000000000e+00 -8.0519334848e+00 )	( 4.3663115370e-02 0.0000000000e+00 9.6545413870e-04 )
415              	( 6.1969658466e-01 0.0000000000e+00 -8.0509692516e+00 )	( 5.7603346484e-01 0.0000000000e+00 -8.0519347055e+00 )	( 4.3663119819e-02 0.0000000000e+00 9.6545389864e-04 )
416              	( 6.1969655589e-01 0.0000000000e+00 -8.0509704455e+00 )	( 5.7603343173e-01 0.0000000000e+00 -8.0519358992e+00 )	( 4.3663124168e-02 0.0000000000e+00 9.6545366134e-04 )
417              	( 6.1969652751e-01 0.0000000000e+00 -8.0509716130e+00 )	( 5.7603339909e-01 0.0000000000e+00 -8.0519370664e+00 )	( 4.3663128418e-02 0.0000000000e+00 9.6545342685e-04 )
418              	( 6.1969649951e-01 0.0000000000e+00 -8.0509727546e+00 )	( 5.7603336694e-01 0.0000000000e+00 -8.0519382078e+00 )	( 4.3663132573e-02 0.0000000000e+00 9.6545319524e-04 )
419              	( 6.1969647190e-01 0.0000000000e+00 -8.0509738709e+00 )	( 5.7603333527e-01 0.0000000000e+00 -8.0519393238e+00 )	( 4.3663136635e-02 0.0000000000e+00 9.6545296658e-04 )
420              	( 6.1969644469e-01 0.0000000000e+00 -8.0509749623e+00 )	( 5.7603330408e-01 0.0000000000e+00 -8.0519404150e+00 )	( 4.3663140606e-02 0.0000000000e+00 9.6545274094e-04 )
421              	( 6.1969641787e-01 0.0000000000e+00 -8.0509760294e+00 )	( 5.7603327338e-01 0.0000000000e+00 -8.0519414819e+00 )	( 4.3663144488e-02 0.0000000000e+00 9.6545251841e-04 )
422              	( 6.1969639146e-01 0.0000000000e+00 -8.0509770726e+00 )	( 5.7603324317e-01 0.0000000000e+00 -8.0519425249e+00 )	( 4.3663148284e-02 0.0000000000e+00 9.6545229908e-04 )
423              	( 6.1969636545e-01 0.0000000000e+00 -8.0509780925e+00 )	( 5.7603321346e-01 0.0000000000e+00 -8.0519435446e+00 )	( 4.3663151994e-02 0.0000000000e+00 9.6545208302e-04 )
424              	( 6.1969633987e-01 0.0000000000e+00 -8.0509790896e+00 )	( 5.7603318425e-01 0.0000000000e+00 -8.0519445414e+00 )	( 4.3663155622e-02 0.0000000000e+00 9.6545187032e-04 )
425              	( 6.1969631471e-01 0.0000000000e+00 -8.0509800642e+00 )	( 5.7603315554e-01 0.0000000000e+00 -8.0519455158e+00 )	( 4.3663159168e-02 0.0000000000e+00 9.6545166107e-04 )
426              	( 6.1969629000e-01 0.0000000000e+00 -8.0509810167e+00 )	( 5.7603312736e-01 0.0000000000e+00 -8.0519464681e+00 )	( 4.3663162635e-02 0.0000000000e+00 9.6545145549e-04 )
427              	( 6.1969626565e-01 0.0000000000e+00 -8.0509819479e+00 )	( 5.7603309962e-01 0.0000000000e+00 -8.0519473992e+00 )	( 4.3663166025e-02 0.0000000000e+00 9.6545125336e-04 )
428              	( 6.1969624182e-01 0.0000000000e+00 -8.0509828582e+00 )	( 5.7603307248e-01 0.0000000000e+00 -8.0519483092e+00 )	( 4.3663169339e-02 0.0000000000e+00 9.6545105493e-04 )
429              	( 6.1969621844e-01 0.0000000000e+00 -8.0509837476e+00 )	( 5.7603304586e-01 0.0000000000e+00 -8.0519491985e+00 )	( 4.3663172579e-02 0.0000000000e+00 9.6545086026e-04 )
