# Moment         
# CofR           : ( 0.0000000000e+00 0.0000000000e+00 0.0000000000e+00 )
#                
# Time           	(total_x total_y total_z)	(pressure_x pressure_y pressure_z)	(viscous_x viscous_y viscous_z)
1                	( -6.3498775861e+00 4.0674447639e+00 -2.9976145423e+00 )	( -6.3520077409e+00 4.0700161852e+00 -2.9721505549e+00 )	( 2.1301548467e-03 -2.5714212761e-03 -2.5463987444e-02 )
2                	( -3.0220753438e+00 1.6379815696e+00 -1.0032800982e+00 )	( -3.0244858648e+00 1.6406902864e+00 -9.7858812782e-01 )	( 2.4105210202e-03 -2.7087168373e-03 -2.4691970424e-02 )
3                	( -2.0762853208e+00 1.0161460037e+00 -5.0817173365e-01 )	( -2.0786537766e+00 1.0188007334e+00 -4.8407980224e-01 )	( 2.3684557398e-03 -2.6547297340e-03 -2.4091931408e-02 )
4                	( -1.9539398848e+00 9.2294941013e-01 -4.2071816496e-01 )	( -1.9562350819e+00 9.2555835529e-01 -3.9716802930e-01 )	( 2.2951970606e-03 -2.6089451645e-03 -2.3550135658e-02 )
5                	( -2.0305815453e+00 9.4418215515e-01 -4.1706985136e-01 )	( -2.0327905610e+00 9.4675386039e-01 -3.9395130960e-01 )	( 2.2090157911e-03 -2.5717052408e-03 -2.3118541759e-02 )
6                	( -2.1392641690e+00 9.8108866713e-01 -4.2387493719e-01 )	( -2.1413787665e+00 9.8362972473e-01 -4.0107427962e-01 )	( 2.1145974522e-03 -2.5410575984e-03 -2.2800657572e-02 )
7                	( -2.2336877043e+00 1.0095792948e+00 -4.2597425345e-01 )	( -2.2357064179e+00 1.0120976642e+00 -4.0338433719e-01 )	( 2.0187136662e-03 -2.5183693704e-03 -2.2589916261e-02 )
8                	( -2.3238891009e+00 1.0378938403e+00 -4.2921150873e-01 )	( -2.3258090976e+00 1.0403903241e+00 -4.0678806454e-01 )	( 1.9199967047e-03 -2.4964838444e-03 -2.2423444188e-02 )
9                	( -2.4035116864e+00 1.0622075919e+00 -4.3176369358e-01 )	( -2.4053356416e+00 1.0646848933e+00 -4.0945848492e-01 )	( 1.8239552181e-03 -2.4773014262e-03 -2.2305208655e-02 )
10               	( -2.4771173931e+00 1.0840935112e+00 -4.3371792445e-01 )	( -2.4788562344e+00 1.0865511951e+00 -4.1152291606e-01 )	( 1.7388413384e-03 -2.4576838942e-03 -2.2195008387e-02 )
11               	( -2.5483399074e+00 1.1041530782e+00 -4.3494646252e-01 )	( -2.5499994194e+00 1.1065915308e+00 -4.1284819555e-01 )	( 1.6595119207e-03 -2.4384526114e-03 -2.2098266970e-02 )
12               	( -2.6152588415e+00 1.1217338902e+00 -4.3463176881e-01 )	( -2.6168459062e+00 1.1241549662e+00 -4.1261008983e-01 )	( 1.5870647583e-03 -2.4210759914e-03 -2.2021678978e-02 )
13               	( -2.6782773977e+00 1.1373456725e+00 -4.3354759664e-01 )	( -2.6797992459e+00 1.1397507414e+00 -4.1158366954e-01 )	( 1.5218481342e-03 -2.4050688833e-03 -2.1963927096e-02 )
14               	( -2.7342607851e+00 1.1496178096e+00 -4.3105743783e-01 )	( -2.7357242707e+00 1.1520088084e+00 -4.0913275579e-01 )	( 1.4634856381e-03 -2.3909987221e-03 -2.1924682045e-02 )
15               	( -2.7892925464e+00 1.1608887127e+00 -4.2733106677e-01 )	( -2.7907043575e+00 1.1632681262e+00 -4.0542415053e-01 )	( 1.4118111636e-03 -2.3794134353e-03 -2.1906916242e-02 )
16               	( -2.8401332166e+00 1.1707004194e+00 -4.2337409989e-01 )	( -2.8414980334e+00 1.1730698089e+00 -4.0147640634e-01 )	( 1.3648167501e-03 -2.3693894927e-03 -2.1897693556e-02 )
17               	( -2.8893201511e+00 1.1801391794e+00 -4.1909580363e-01 )	( -2.8906444795e+00 1.1825013726e+00 -3.9718935641e-01 )	( 1.3243283763e-03 -2.3621931945e-03 -2.1906447224e-02 )
18               	( -2.9358882741e+00 1.1888651432e+00 -4.1447486093e-01 )	( -2.9371784539e+00 1.1912229681e+00 -3.9254721209e-01 )	( 1.2901798278e-03 -2.3578248755e-03 -2.1927648835e-02 )
19               	( -2.9795654770e+00 1.1968016891e+00 -4.0998657636e-01 )	( -2.9808261251e+00 1.1991570420e+00 -3.8803073123e-01 )	( 1.2606481271e-03 -2.3553528801e-03 -2.1955845122e-02 )
20               	( -3.0220251024e+00 1.2047536831e+00 -4.0571727969e-01 )	( -3.0232599329e+00 1.2071078581e+00 -3.8372969172e-01 )	( 1.2348305285e-03 -2.3541750175e-03 -2.1987587975e-02 )
21               	( -3.0648812397e+00 1.2129411816e+00 -4.0172623379e-01 )	( -3.0660935566e+00 1.2152954644e+00 -3.7970458462e-01 )	( 1.2123168580e-03 -2.3542827915e-03 -2.2021649164e-02 )
22               	( -3.1062642443e+00 1.2209249897e+00 -3.9766523090e-01 )	( -3.1074513204e+00 1.2232804917e+00 -3.7562734066e-01 )	( 1.1870760924e-03 -2.3555020410e-03 -2.2037890240e-02 )
23               	( -3.1424216533e+00 1.2275691475e+00 -3.9386460901e-01 )	( -3.1435914899e+00 1.2299263009e+00 -3.7183233064e-01 )	( 1.1698365707e-03 -2.3571534441e-03 -2.2032278371e-02 )
24               	( -3.1781989339e+00 1.2343951106e+00 -3.9035231093e-01 )	( -3.1793535399e+00 1.2367544783e+00 -3.6833532522e-01 )	( 1.1546059524e-03 -2.3593677122e-03 -2.2016985705e-02 )
25               	( -3.2110339470e+00 1.2405545944e+00 -3.8682663666e-01 )	( -3.2121724034e+00 1.2429166662e+00 -3.6483208089e-01 )	( 1.1384563474e-03 -2.3620717788e-03 -2.1994555776e-02 )
26               	( -3.2451592933e+00 1.2472412925e+00 -3.8335578539e-01 )	( -3.2462820269e+00 1.2496061975e+00 -3.6140118904e-01 )	( 1.1227335584e-03 -2.3649050003e-03 -2.1954596343e-02 )
27               	( -3.2784452872e+00 1.2535907702e+00 -3.8015301175e-01 )	( -3.2795514012e+00 1.2559583163e+00 -3.5825876780e-01 )	( 1.1061139439e-03 -2.3675461078e-03 -2.1894243951e-02 )
28               	( -3.3061569475e+00 1.2587278038e+00 -3.7785267713e-01 )	( -3.3072511124e+00 1.2610976288e+00 -3.5601889226e-01 )	( 1.0941648739e-03 -2.3698249840e-03 -2.1833784868e-02 )
29               	( -3.3365541137e+00 1.2650061776e+00 -3.7496727258e-01 )	( -3.3376381152e+00 1.2673772622e+00 -3.5319924643e-01 )	( 1.0840015035e-03 -2.3710846024e-03 -2.1768026154e-02 )
30               	( -3.3699722148e+00 1.2725469451e+00 -3.7148519272e-01 )	( -3.3710443951e+00 1.2749177041e+00 -3.4979072248e-01 )	( 1.0721803068e-03 -2.3707589980e-03 -2.1694470240e-02 )
31               	( -3.4036971678e+00 1.2803574316e+00 -3.6809620416e-01 )	( -3.4047558050e+00 1.2827264090e+00 -3.4648659768e-01 )	( 1.0586372249e-03 -2.3689774422e-03 -2.1609606486e-02 )
32               	( -3.4360360418e+00 1.2877889925e+00 -3.6488436316e-01 )	( -3.4370789505e+00 1.2901547581e+00 -3.4336401582e-01 )	( 1.0429087079e-03 -2.3657655867e-03 -2.1520347344e-02 )
33               	( -3.4655763824e+00 1.2945114101e+00 -3.6193845506e-01 )	( -3.4666011051e+00 1.2968726163e+00 -3.4050919873e-01 )	( 1.0247226465e-03 -2.3612062467e-03 -2.1429256326e-02 )
34               	( -3.4927198174e+00 1.3005492730e+00 -3.5901044725e-01 )	( -3.4937196943e+00 1.3029050188e+00 -3.3766412530e-01 )	( 9.9987695237e-04 -2.3557458122e-03 -2.1346321950e-02 )
35               	( -3.5181310348e+00 1.3063019974e+00 -3.5627667974e-01 )	( -3.5191037146e+00 1.3086513228e+00 -3.3501080763e-01 )	( 9.7267987728e-04 -2.3493254242e-03 -2.1265872105e-02 )
36               	( -3.5417113746e+00 1.3116502772e+00 -3.5385577449e-01 )	( -3.5426550573e+00 1.3139924257e+00 -3.3266656667e-01 )	( 9.4368268316e-04 -2.3421484692e-03 -2.1189207818e-02 )
37               	( -3.5636264650e+00 1.3164154013e+00 -3.5166891393e-01 )	( -3.5645399650e+00 1.3187497949e+00 -3.3055257746e-01 )	( 9.1350000458e-04 -2.3343936052e-03 -2.1116336470e-02 )
38               	( -3.5832338432e+00 1.3204003073e+00 -3.4930451730e-01 )	( -3.5841172269e+00 1.3227265659e+00 -3.2825706003e-01 )	( 8.8338363197e-04 -2.3262585935e-03 -2.1047457276e-02 )
39               	( -3.6009677897e+00 1.3236931574e+00 -3.4677684635e-01 )	( -3.6018216386e+00 1.3260111859e+00 -3.2579222304e-01 )	( 8.5384891961e-04 -2.3180285068e-03 -2.0984623310e-02 )
40               	( -3.6174841109e+00 1.3265320708e+00 -3.4419236801e-01 )	( -3.6183093105e+00 1.3288419933e+00 -3.2326414498e-01 )	( 8.2519958753e-04 -2.3099224955e-03 -2.0928223030e-02 )
41               	( -3.6324620496e+00 1.3288733159e+00 -3.4161834083e-01 )	( -3.6332598645e+00 1.3311754806e+00 -3.2074018640e-01 )	( 7.9781496031e-04 -2.3021647428e-03 -2.0878154427e-02 )
42               	( -3.6464861981e+00 1.3309050744e+00 -3.3898800835e-01 )	( -3.6472583616e+00 1.3331999480e+00 -3.1815457037e-01 )	( 7.7216351785e-04 -2.2948735548e-03 -2.0833437979e-02 )
43               	( -3.6594795468e+00 1.3326162939e+00 -3.3636008237e-01 )	( -3.6602276351e+00 1.3349044622e+00 -3.1556545050e-01 )	( 7.4808827203e-04 -2.2881682947e-03 -2.0794631868e-02 )
44               	( -3.6715910423e+00 1.3340962197e+00 -3.3376461065e-01 )	( -3.6723167572e+00 1.3363782809e+00 -3.1300347765e-01 )	( 7.2571491272e-04 -2.2820611247e-03 -2.0761133003e-02 )
45               	( -3.6831431250e+00 1.3355003044e+00 -3.3123423658e-01 )	( -3.6838482802e+00 1.3377768624e+00 -3.1050206258e-01 )	( 7.0515511080e-04 -2.2765579384e-03 -2.0732173999e-02 )
46               	( -3.6934770736e+00 1.3366550399e+00 -3.2886469720e-01 )	( -3.6941618832e+00 1.3389265623e+00 -3.0815704763e-01 )	( 6.8480951524e-04 -2.2715224278e-03 -2.0707649563e-02 )
47               	( -3.7041216565e+00 1.3380442410e+00 -3.2646148763e-01 )	( -3.7047839441e+00 1.3403112747e+00 -3.0577183315e-01 )	( 6.6228763213e-04 -2.2670336457e-03 -2.0689654480e-02 )
48               	( -3.7122805836e+00 1.3388303780e+00 -3.2417381542e-01 )	( -3.7129225486e+00 1.3410935268e+00 -3.0349844490e-01 )	( 6.4196503604e-04 -2.2631487509e-03 -2.0675370522e-02 )
49               	( -3.7214652635e+00 1.3399505496e+00 -3.2187431057e-01 )	( -3.7220878920e+00 1.3422103627e+00 -3.0120851273e-01 )	( 6.2262856676e-04 -2.2598131057e-03 -2.0665797836e-02 )
50               	( -3.7302226117e+00 1.3409301097e+00 -3.1955906243e-01 )	( -3.7308267196e+00 1.3431870928e+00 -2.9889866545e-01 )	( 6.0410797480e-04 -2.2569830747e-03 -2.0660396978e-02 )
51               	( -3.7385371242e+00 1.3418181202e+00 -3.1731006548e-01 )	( -3.7391235448e+00 1.3440727470e+00 -2.9665139138e-01 )	( 5.8642060397e-04 -2.2546267912e-03 -2.0658674104e-02 )
52               	( -3.7464914331e+00 1.3426701463e+00 -3.1518133080e-01 )	( -3.7470610114e+00 1.3449228672e+00 -2.9452122677e-01 )	( 5.6957830096e-04 -2.2527208825e-03 -2.0660104032e-02 )
53               	( -3.7540816461e+00 1.3434756865e+00 -3.1314862051e-01 )	( -3.7546353197e+00 1.3457269130e+00 -2.9248439148e-01 )	( 5.5367350359e-04 -2.2512264745e-03 -2.0664229032e-02 )
54               	( -3.7615666659e+00 1.3443683254e+00 -3.1123666239e-01 )	( -3.7621054355e+00 1.3466184279e+00 -2.9056614607e-01 )	( 5.3876964324e-04 -2.2501025115e-03 -2.0670516316e-02 )
55               	( -3.7687233975e+00 1.3452624372e+00 -3.0945195060e-01 )	( -3.7692483123e+00 1.3475117482e+00 -2.8877319092e-01 )	( 5.2491478179e-04 -2.2493110223e-03 -2.0678759684e-02 )
56               	( -3.7755085350e+00 1.3461466368e+00 -3.0780653733e-01 )	( -3.7760206161e+00 1.3483954526e+00 -2.8711785818e-01 )	( 5.1208115595e-04 -2.2488158096e-03 -2.0688679148e-02 )
57               	( -3.7820076394e+00 1.3470569133e+00 -3.0630896911e-01 )	( -3.7825078859e+00 1.3493054957e+00 -2.8560910312e-01 )	( 5.0024652481e-04 -2.2485824209e-03 -2.0699865996e-02 )
58               	( -3.7882795470e+00 1.3480110668e+00 -3.0497499471e-01 )	( -3.7887689488e+00 1.3502596543e+00 -2.8426295104e-01 )	( 4.8940178477e-04 -2.2485874997e-03 -2.0712043673e-02 )
59               	( -3.7942733434e+00 1.3489878663e+00 -3.0381045383e-01 )	( -3.7947529148e+00 1.3512366717e+00 -2.8308548824e-01 )	( 4.7957141969e-04 -2.2488053755e-03 -2.0724965592e-02 )
60               	( -3.7998628557e+00 1.3499409855e+00 -3.0275607902e-01 )	( -3.8003335452e+00 1.3521902015e+00 -2.8201776302e-01 )	( 4.7068954958e-04 -2.2492159505e-03 -2.0738316000e-02 )
61               	( -3.8051386177e+00 1.3508757412e+00 -3.0180307384e-01 )	( -3.8056012916e+00 1.3531255401e+00 -2.8105110276e-01 )	( 4.6267388717e-04 -2.2497989161e-03 -2.0751971088e-02 )
62               	( -3.8101016875e+00 1.3517877827e+00 -3.0094997376e-01 )	( -3.8105571583e+00 1.3540383206e+00 -2.8018411424e-01 )	( 4.5547081217e-04 -2.2505378853e-03 -2.0765859520e-02 )
63               	( -3.8145916526e+00 1.3526221709e+00 -3.0019307969e-01 )	( -3.8150407083e+00 1.3548735831e+00 -2.7941312934e-01 )	( 4.4905573283e-04 -2.2514122174e-03 -2.0779950347e-02 )
64               	( -3.8187168775e+00 1.3534058619e+00 -2.9953240949e-01 )	( -3.8191602998e+00 1.3556582720e+00 -2.7873825039e-01 )	( 4.4342224485e-04 -2.2524101072e-03 -2.0794159102e-02 )
65               	( -3.8224897218e+00 1.3541361847e+00 -2.9897886666e-01 )	( -3.8229283310e+00 1.3563897107e+00 -2.7817045353e-01 )	( 4.3860925930e-04 -2.2535259232e-03 -2.0808413130e-02 )
66               	( -3.8258077433e+00 1.3547795165e+00 -2.9852328342e-01 )	( -3.8262424279e+00 1.3570342711e+00 -2.7770078040e-01 )	( 4.3468460010e-04 -2.2547545774e-03 -2.0822503025e-02 )
67               	( -3.8286692446e+00 1.3553271842e+00 -2.9813370562e-01 )	( -3.8291008479e+00 1.3575832767e+00 -2.7729746738e-01 )	( 4.3160338401e-04 -2.2560924690e-03 -2.0836238239e-02 )
68               	( -3.8311603051e+00 1.3558003107e+00 -2.9781219724e-01 )	( -3.8315895173e+00 1.3580578490e+00 -2.7696260123e-01 )	( 4.2921221870e-04 -2.2575383530e-03 -2.0849596008e-02 )
69               	( -3.8333092682e+00 1.3562024930e+00 -2.9755658805e-01 )	( -3.8337367623e+00 1.3584615756e+00 -2.7669410182e-01 )	( 4.2749409219e-04 -2.2590825251e-03 -2.0862486229e-02 )
70               	( -3.8351324790e+00 1.3565405281e+00 -2.9735762879e-01 )	( -3.8355588951e+00 1.3588012416e+00 -2.7648277350e-01 )	( 4.2641604915e-04 -2.2607135674e-03 -2.0874855299e-02 )
71               	( -3.8366326625e+00 1.3568132537e+00 -2.9721078850e-01 )	( -3.8370586021e+00 1.3590756743e+00 -2.7632411502e-01 )	( 4.2593965644e-04 -2.2624206575e-03 -2.0886673481e-02 )
72               	( -3.8378799208e+00 1.3570488600e+00 -2.9712083654e-01 )	( -3.8383059445e+00 1.3593130526e+00 -2.7622292487e-01 )	( 4.2602369648e-04 -2.2641925442e-03 -2.0897911669e-02 )
73               	( -3.8388558480e+00 1.3572346749e+00 -2.9708389027e-01 )	( -3.8392824674e+00 1.3595006917e+00 -2.7617533064e-01 )	( 4.2661938269e-04 -2.2660168366e-03 -2.0908559629e-02 )
74               	( -3.8396150816e+00 1.3573919693e+00 -2.9710126593e-01 )	( -3.8400427642e+00 1.3596598527e+00 -2.7618264154e-01 )	( 4.2768253856e-04 -2.2678833740e-03 -2.0918624382e-02 )
75               	( -3.8401679306e+00 1.3575201712e+00 -2.9716909605e-01 )	( -3.8405970991e+00 1.3597899530e+00 -2.7624098130e-01 )	( 4.2916853614e-04 -2.2697817562e-03 -2.0928114747e-02 )
76               	( -3.8405438981e+00 1.3576277298e+00 -2.9728487169e-01 )	( -3.8409749317e+00 1.3598994317e+00 -2.7634782750e-01 )	( 4.3103362904e-04 -2.2717019349e-03 -2.0937044194e-02 )
77               	( -3.8407704069e+00 1.3577216494e+00 -2.9744537129e-01 )	( -3.8412036426e+00 1.3599952838e+00 -2.7649993870e-01 )	( 4.3323562961e-04 -2.2736343251e-03 -2.0945432589e-02 )
78               	( -3.8408791911e+00 1.3578078382e+00 -2.9764518081e-01 )	( -3.8413149247e+00 1.3600834093e+00 -2.7669186949e-01 )	( 4.3573366779e-04 -2.2755710738e-03 -2.0953311321e-02 )
79               	( -3.8408871053e+00 1.3578885557e+00 -2.9787904625e-01 )	( -3.8413255864e+00 1.3601660579e+00 -2.7691833188e-01 )	( 4.3848109436e-04 -2.2775021763e-03 -2.0960714365e-02 )
80               	( -3.8408200151e+00 1.3579691930e+00 -2.9814181907e-01 )	( -3.8412614461e+00 1.3602486113e+00 -2.7717413775e-01 )	( 4.4143093031e-04 -2.2794183147e-03 -2.0967681314e-02 )
81               	( -3.8407033461e+00 1.3580543468e+00 -2.9842796615e-01 )	( -3.8411479007e+00 1.3603356654e+00 -2.7745371200e-01 )	( 4.4455460747e-04 -2.2813186364e-03 -2.0974254152e-02 )
82               	( -3.8405695920e+00 1.3581526422e+00 -2.9873522280e-01 )	( -3.8410174044e+00 1.3604358397e+00 -2.7775475037e-01 )	( 4.4781232973e-04 -2.2831974645e-03 -2.0980472428e-02 )
83               	( -3.8404389439e+00 1.3582665030e+00 -2.9905719011e-01 )	( -3.8408901076e+00 1.3605515518e+00 -2.7807082050e-01 )	( 4.5116369172e-04 -2.2850487468e-03 -2.0986369616e-02 )
84               	( -3.8403313177e+00 1.3583989046e+00 -2.9938845342e-01 )	( -3.8407858874e+00 1.3606857716e+00 -2.7839647620e-01 )	( 4.5456969329e-04 -2.2868669513e-03 -2.0991977212e-02 )
85               	( -3.8402663353e+00 1.3585532140e+00 -2.9972442303e-01 )	( -3.8407243281e+00 1.3608418609e+00 -2.7872709827e-01 )	( 4.5799281943e-04 -2.2886469090e-03 -2.0997324769e-02 )
86               	( -3.8402618082e+00 1.3587322995e+00 -3.0006036489e-01 )	( -3.8407232066e+00 1.3610226842e+00 -2.7905792159e-01 )	( 4.6139839217e-04 -2.2903847447e-03 -2.1002443297e-02 )
87               	( -3.8403318789e+00 1.3589376481e+00 -3.0039193995e-01 )	( -3.8407966365e+00 1.3612297275e+00 -2.7938456923e-01 )	( 4.6475759043e-04 -2.2920794304e-03 -2.1007370723e-02 )
88               	( -3.8404874896e+00 1.3591700533e+00 -3.0071471020e-01 )	( -3.8409555227e+00 1.3614637760e+00 -2.7970259709e-01 )	( 4.6803305642e-04 -2.2937227838e-03 -2.1012113115e-02 )
89               	( -3.8407435481e+00 1.3594330734e+00 -3.0102672462e-01 )	( -3.8412147451e+00 1.3617283852e+00 -2.8001003138e-01 )	( 4.7119695211e-04 -2.2953117878e-03 -2.1016693244e-02 )
90               	( -3.8411082409e+00 1.3597273876e+00 -3.0132336498e-01 )	( -3.8415824673e+00 1.3620242313e+00 -2.8030223785e-01 )	( 4.7422635873e-04 -2.2968436998e-03 -2.1021127139e-02 )
91               	( -3.8415762691e+00 1.3600481281e+00 -3.0160240262e-01 )	( -3.8420533592e+00 1.3623464448e+00 -2.8057695336e-01 )	( 4.7709011845e-04 -2.2983166803e-03 -2.1025449256e-02 )
92               	( -3.8421571172e+00 1.3603979485e+00 -3.0186486437e-01 )	( -3.8426368903e+00 1.3626976776e+00 -2.8083518936e-01 )	( 4.7977304628e-04 -2.2997290904e-03 -2.1029675010e-02 )
93               	( -3.8428544834e+00 1.3607772597e+00 -3.0210941508e-01 )	( -3.8433367487e+00 1.3630783384e+00 -2.8107560984e-01 )	( 4.8226529828e-04 -2.3010787264e-03 -2.1033805237e-02 )
94               	( -3.8436640085e+00 1.3611825550e+00 -3.0233332247e-01 )	( -3.8441485618e+00 1.3634849179e+00 -2.8129548166e-01 )	( 4.8455331440e-04 -2.3023629039e-03 -2.1037840812e-02 )
95               	( -3.8445879597e+00 1.3616151610e+00 -3.0253680938e-01 )	( -3.8450745876e+00 1.3639187409e+00 -2.8149502736e-01 )	( 4.8662789708e-04 -2.3035799075e-03 -2.1041782026e-02 )
96               	( -3.8456246416e+00 1.3620738689e+00 -3.0271927053e-01 )	( -3.8461131292e+00 1.3643786026e+00 -2.8167362152e-01 )	( 4.8848764069e-04 -2.3047337350e-03 -2.1045649011e-02 )
97               	( -3.8467614314e+00 1.3625534721e+00 -3.0287941017e-01 )	( -3.8472515587e+00 1.3648592962e+00 -2.8182996837e-01 )	( 4.9012725324e-04 -2.3058240953e-03 -2.1049441792e-02 )
98               	( -3.8479936708e+00 1.3630520819e+00 -3.0301692390e-01 )	( -3.8484852137e+00 1.3653589316e+00 -2.8196376711e-01 )	( 4.9154293133e-04 -2.3068496639e-03 -2.1053156789e-02 )
99               	( -3.8493121415e+00 1.3635662288e+00 -3.0313284521e-01 )	( -3.8498048738e+00 1.3658740360e+00 -2.8207605982e-01 )	( 4.9273227964e-04 -2.3078072112e-03 -2.1056785387e-02 )
100              	( -3.8507053655e+00 1.3640928617e+00 -3.0322855119e-01 )	( -3.8511990664e+00 1.3664015591e+00 -2.8216822677e-01 )	( 4.9370088632e-04 -2.3086973825e-03 -2.1060324414e-02 )
101              	( -3.8521634997e+00 1.3646293555e+00 -3.0330533665e-01 )	( -3.8526579532e+00 1.3669388760e+00 -2.8224156669e-01 )	( 4.9445347975e-04 -2.3095204639e-03 -2.1063769958e-02 )
102              	( -3.8536788333e+00 1.3651735781e+00 -3.0336390731e-01 )	( -3.8541738297e+00 1.3674838554e+00 -2.8229678933e-01 )	( 4.9499641729e-04 -2.3102773247e-03 -2.1067117988e-02 )
103              	( -3.8552407063e+00 1.3657220673e+00 -3.0340471252e-01 )	( -3.8557360441e+00 1.3680330365e+00 -2.8233434838e-01 )	( 4.9533772434e-04 -2.3109692187e-03 -2.1070364140e-02 )
104              	( -3.8568374554e+00 1.3662710889e+00 -3.0342845397e-01 )	( -3.8573329412e+00 1.3685826869e+00 -2.8235494672e-01 )	( 4.9548574807e-04 -2.3115979835e-03 -2.1073507253e-02 )
105              	( -3.8584579401e+00 1.3668173289e+00 -3.0343602278e-01 )	( -3.8589533944e+00 1.3691294946e+00 -2.8235948199e-01 )	( 4.9545424613e-04 -2.3121656699e-03 -2.1076540790e-02 )
106              	( -3.8600929619e+00 1.3673585889e+00 -3.0342917347e-01 )	( -3.8605882184e+00 1.3696712641e+00 -2.8234970893e-01 )	( 4.9525647483e-04 -2.3126752335e-03 -2.1079464546e-02 )
107              	( -3.8617316220e+00 1.3678912688e+00 -3.0340796500e-01 )	( -3.8622265274e+00 1.3702043979e+00 -2.8232569096e-01 )	( 4.9490541307e-04 -2.3131290836e-03 -2.1082274038e-02 )
108              	( -3.8633643067e+00 1.3684128916e+00 -3.0337380132e-01 )	( -3.8638587222e+00 1.3707264221e+00 -2.8228883284e-01 )	( 4.9441548295e-04 -2.3135305377e-03 -2.1084968480e-02 )
109              	( -3.8649825563e+00 1.3689202151e+00 -3.0332390399e-01 )	( -3.8654763600e+00 1.3712340981e+00 -2.8223636279e-01 )	( 4.9380373289e-04 -2.3138830032e-03 -2.1087541206e-02 )
110              	( -3.8665753542e+00 1.3694122020e+00 -3.0326545453e-01 )	( -3.8670684283e+00 1.3717263932e+00 -2.8217543387e-01 )	( 4.9307413389e-04 -2.3141912253e-03 -2.1090020665e-02 )
111              	( -3.8681401951e+00 1.3698878576e+00 -3.0319876239e-01 )	( -3.8686324462e+00 1.3722023164e+00 -2.8210636664e-01 )	( 4.9225106304e-04 -2.3144588302e-03 -2.1092395748e-02 )
112              	( -3.8696677458e+00 1.3703446135e+00 -3.0312405085e-01 )	( -3.8701590952e+00 1.3726593032e+00 -2.8202938471e-01 )	( 4.9134938777e-04 -2.3146897240e-03 -2.1094666135e-02 )
113              	( -3.8711591657e+00 1.3707840218e+00 -3.0304261214e-01 )	( -3.8716495496e+00 1.3730989097e+00 -2.8194577850e-01 )	( 4.9038390588e-04 -2.3148878640e-03 -2.1096833646e-02 )
114              	( -3.8726048726e+00 1.3712027197e+00 -3.0295483918e-01 )	( -3.8730942401e+00 1.3735177764e+00 -2.8185594053e-01 )	( 4.8936754757e-04 -2.3150566892e-03 -2.1098898651e-02 )
115              	( -3.8740026505e+00 1.3716011045e+00 -3.0286208179e-01 )	( -3.8744909642e+00 1.3739163045e+00 -2.8176121719e-01 )	( 4.8831373955e-04 -2.3151999770e-03 -2.1100864598e-02 )
116              	( -3.8753487000e+00 1.3719785232e+00 -3.0276531190e-01 )	( -3.8758359347e+00 1.3742938445e+00 -2.8166257615e-01 )	( 4.8723463317e-04 -2.3153212863e-03 -2.1102735750e-02 )
117              	( -3.8766409614e+00 1.3723351169e+00 -3.0266564166e-01 )	( -3.8771271028e+00 1.3746505410e+00 -2.8156112491e-01 )	( 4.8614143381e-04 -2.3154240108e-03 -2.1104516755e-02 )
118              	( -3.8778774749e+00 1.3726708450e+00 -3.0256393082e-01 )	( -3.8783625192e+00 1.3749863563e+00 -2.8145771858e-01 )	( 4.8504430777e-04 -2.3155113063e-03 -2.1106212233e-02 )
119              	( -3.8790571563e+00 1.3729859494e+00 -3.0246103191e-01 )	( -3.8795411088e+00 1.3753015355e+00 -2.8135320495e-01 )	( 4.8395253689e-04 -2.3155861491e-03 -2.1107826953e-02 )
120              	( -3.8801803479e+00 1.3732812086e+00 -3.0235795848e-01 )	( -3.8806632223e+00 1.3755968599e+00 -2.8124859236e-01 )	( 4.8287445175e-04 -2.3156512989e-03 -2.1109366121e-02 )
121              	( -3.8812459073e+00 1.3735566043e+00 -3.0225501693e-01 )	( -3.8817277248e+00 1.3758723137e+00 -2.8114418229e-01 )	( 4.8181757622e-04 -2.3157093319e-03 -2.1110834642e-02 )
122              	( -3.8822544419e+00 1.3738129545e+00 -3.0215307818e-01 )	( -3.8827352304e+00 1.3761287171e+00 -2.8104084057e-01 )	( 4.8078854829e-04 -2.3157625693e-03 -2.1112237609e-02 )
123              	( -3.8832082963e+00 1.3740515760e+00 -3.0205278480e-01 )	( -3.8836880890e+00 1.3763673890e+00 -2.8093920451e-01 )	( 4.7979264832e-04 -2.3158130208e-03 -2.1113580291e-02 )
124              	( -3.8841087984e+00 1.3742734302e+00 -3.0195472958e-01 )	( -3.8845876329e+00 1.3765892927e+00 -2.8083986267e-01 )	( 4.7883452495e-04 -2.3158624332e-03 -2.1114866905e-02 )
125              	( -3.8849569560e+00 1.3744792992e+00 -3.0185960038e-01 )	( -3.8854348741e+00 1.3767952115e+00 -2.8074349881e-01 )	( 4.7791813784e-04 -2.3159123143e-03 -2.1116101568e-02 )
126              	( -3.8857549072e+00 1.3746702533e+00 -3.0176770035e-01 )	( -3.8862319536e+00 1.3769862172e+00 -2.8065041202e-01 )	( 4.7704637102e-04 -2.3159639655e-03 -2.1117288334e-02 )
127              	( -3.8865042333e+00 1.3748471578e+00 -3.0167949105e-01 )	( -3.8869804549e+00 1.3771631763e+00 -2.8056106017e-01 )	( 4.7622163796e-04 -2.3160184827e-03 -2.1118430883e-02 )
128              	( -3.8872028766e+00 1.3750089100e+00 -3.0159018142e-01 )	( -3.8876783248e+00 1.3773249867e+00 -2.8047066114e-01 )	( 4.7544823243e-04 -2.3160766548e-03 -2.1119520277e-02 )
129              	( -3.8878678092e+00 1.3751626989e+00 -3.0150987361e-01 )	( -3.8883425435e+00 1.3774788378e+00 -2.8038931359e-01 )	( 4.7473424336e-04 -2.3161388363e-03 -2.1120560011e-02 )
130              	( -3.8884873923e+00 1.3753044220e+00 -3.0143535526e-01 )	( -3.8889614714e+00 1.3776206275e+00 -2.8031380386e-01 )	( 4.7407907246e-04 -2.3162055412e-03 -2.1121551399e-02 )
131              	( -3.8890634037e+00 1.3754349766e+00 -3.0136556876e-01 )	( -3.8895368826e+00 1.3777512538e+00 -2.8024306852e-01 )	( 4.7347887617e-04 -2.3162772092e-03 -2.1122500237e-02 )
132              	( -3.8896007955e+00 1.3755559856e+00 -3.0130072258e-01 )	( -3.8900737325e+00 1.3778723396e+00 -2.8017731904e-01 )	( 4.7293699962e-04 -2.3163539931e-03 -2.1123403535e-02 )
133              	( -3.8900862381e+00 1.3756633995e+00 -3.0123346816e-01 )	( -3.8905586233e+00 1.3779798356e+00 -2.8010916494e-01 )	( 4.7238521382e-04 -2.3164361200e-03 -2.1124303227e-02 )
134              	( -3.8905671471e+00 1.3757689103e+00 -3.0116161179e-01 )	( -3.8910389885e+00 1.3780854347e+00 -2.8003637926e-01 )	( 4.7184138421e-04 -2.3165244728e-03 -2.1125232530e-02 )
135              	( -3.8910297768e+00 1.3758686493e+00 -3.0108860864e-01 )	( -3.8915010940e+00 1.3781852688e+00 -2.7996240338e-01 )	( 4.7131723618e-04 -2.3166195194e-03 -2.1126205267e-02 )
136              	( -3.8914687685e+00 1.3759629017e+00 -3.0101890105e-01 )	( -3.8919395883e+00 1.3782796234e+00 -2.7989167550e-01 )	( 4.7081984440e-04 -2.3167217051e-03 -2.1127225547e-02 )
137              	( -3.8918812264e+00 1.3760515905e+00 -3.0095446506e-01 )	( -3.8923515797e+00 1.3783684219e+00 -2.7982617465e-01 )	( 4.7035335440e-04 -2.3168313446e-03 -2.1128290411e-02 )
138              	( -3.8922714821e+00 1.3761367078e+00 -3.0089652285e-01 )	( -3.8927414033e+00 1.3784536564e+00 -2.7976713027e-01 )	( 4.6992121763e-04 -2.3169485815e-03 -2.1129392578e-02 )
139              	( -3.8926356577e+00 1.3762164696e+00 -3.0084461233e-01 )	( -3.8931051838e+00 1.3785335427e+00 -2.7971408859e-01 )	( 4.6952613835e-04 -2.3170731464e-03 -2.1130523736e-02 )
140              	( -3.8929800677e+00 1.3762934304e+00 -3.0079899433e-01 )	( -3.8934492387e+00 1.3786106352e+00 -2.7966731857e-01 )	( 4.6917095047e-04 -2.3172047830e-03 -2.1131675758e-02 )
141              	( -3.8933053393e+00 1.3763675478e+00 -3.0075922957e-01 )	( -3.8937741967e+00 1.3786848908e+00 -2.7962638897e-01 )	( 4.6885733652e-04 -2.3173430261e-03 -2.1132840591e-02 )
142              	( -3.8936136583e+00 1.3764396043e+00 -3.0072527442e-01 )	( -3.8940822442e+00 1.3787570917e+00 -2.7959126332e-01 )	( 4.6858592004e-04 -2.3174873395e-03 -2.1134011100e-02 )
143              	( -3.8939059595e+00 1.3765098494e+00 -3.0069689863e-01 )	( -3.8943743158e+00 1.3788274866e+00 -2.7956171762e-01 )	( 4.6835626196e-04 -2.3176371402e-03 -2.1135181009e-02 )
144              	( -3.8941831383e+00 1.3765785139e+00 -3.0067385832e-01 )	( -3.8946513055e+00 1.3788963058e+00 -2.7953751371e-01 )	( 4.6816713989e-04 -2.3177918229e-03 -2.1136344610e-02 )
145              	( -3.8944459268e+00 1.3766457108e+00 -3.0065582724e-01 )	( -3.8949139436e+00 1.3789636616e+00 -2.7951833057e-01 )	( 4.6801680445e-04 -2.3179507683e-03 -2.1137496670e-02 )
146              	( -3.8946949708e+00 1.3767114676e+00 -3.0064240532e-01 )	( -3.8951628740e+00 1.3790295810e+00 -2.7950377287e-01 )	( 4.6790318192e-04 -2.3181133521e-03 -2.1138632448e-02 )
147              	( -3.8949309728e+00 1.3767757974e+00 -3.0063316284e-01 )	( -3.8953987968e+00 1.3790940764e+00 -2.7949341504e-01 )	( 4.6782398905e-04 -2.3182789538e-03 -2.1139747805e-02 )
148              	( -3.8951545411e+00 1.3768386420e+00 -3.0062762683e-01 )	( -3.8956223179e+00 1.3791570890e+00 -2.7948678758e-01 )	( 4.6777680304e-04 -2.3184469632e-03 -2.1140839244e-02 )
149              	( -3.8953662962e+00 1.3768999368e+00 -3.0062533359e-01 )	( -3.8958340554e+00 1.3792185536e+00 -2.7948342962e-01 )	( 4.6775911246e-04 -2.3186167947e-03 -2.1141903972e-02 )
150              	( -3.8955668694e+00 1.3769596251e+00 -3.0062584036e-01 )	( -3.8960346378e+00 1.3792784130e+00 -2.7948290050e-01 )	( 4.6776834537e-04 -2.3187878890e-03 -2.1142939860e-02 )
151              	( -3.8957570448e+00 1.3770177125e+00 -3.0062875324e-01 )	( -3.8962248467e+00 1.3793366722e+00 -2.7948480771e-01 )	( 4.6780193608e-04 -2.3189597425e-03 -2.1143945530e-02 )
152              	( -3.8959374564e+00 1.3770741710e+00 -3.0063368521e-01 )	( -3.8964053138e+00 1.3793933029e+00 -2.7948876524e-01 )	( 4.6785737171e-04 -2.3191318677e-03 -2.1144919977e-02 )
153              	( -3.8961088644e+00 1.3771290439e+00 -3.0064029763e-01 )	( -3.8965767964e+00 1.3794483477e+00 -2.7949443469e-01 )	( 4.6793198208e-04 -2.3193038149e-03 -2.1145862935e-02 )
154              	( -3.8962722193e+00 1.3771824622e+00 -3.0064831680e-01 )	( -3.8967402426e+00 1.3795019374e+00 -2.7950154233e-01 )	( 4.6802330736e-04 -2.3194751786e-03 -2.1146774472e-02 )
155              	( -3.8964285385e+00 1.3772346181e+00 -3.0065751534e-01 )	( -3.8968966675e+00 1.3795542636e+00 -2.7950986049e-01 )	( 4.6812893268e-04 -2.3196455460e-03 -2.1147654847e-02 )
156              	( -3.8965786731e+00 1.3772856553e+00 -3.0066767397e-01 )	( -3.8970469196e+00 1.3796054698e+00 -2.7951916943e-01 )	( 4.6824651982e-04 -2.3198145256e-03 -2.1148504547e-02 )
157              	( -3.8967236102e+00 1.3773357951e+00 -3.0067861829e-01 )	( -3.8971919840e+00 1.3796557768e+00 -2.7952929413e-01 )	( 4.6837377444e-04 -2.3199817175e-03 -2.1149324155e-02 )
158              	( -3.8968643107e+00 1.3773852616e+00 -3.0069019529e-01 )	( -3.8973328192e+00 1.3797054083e+00 -2.7954008095e-01 )	( 4.6850846890e-04 -2.3201467224e-03 -2.1150114343e-02 )
159              	( -3.8970016792e+00 1.3774342682e+00 -3.0070226758e-01 )	( -3.8974703277e+00 1.3797545773e+00 -2.7955139171e-01 )	( 4.6864845716e-04 -2.3203091435e-03 -2.1150875861e-02 )
160              	( -3.8971365306e+00 1.3774829994e+00 -3.0071470003e-01 )	( -3.8976053223e+00 1.3798034680e+00 -2.7956309052e-01 )	( 4.6879168763e-04 -2.3204685918e-03 -2.1151609512e-02 )
161              	( -3.8972695847e+00 1.3775316077e+00 -3.0072735919e-01 )	( -3.8977385209e+00 1.3798522324e+00 -2.7957504304e-01 )	( 4.6893621892e-04 -2.3206246922e-03 -2.1152316154e-02 )
162              	( -3.8974014653e+00 1.3775802140e+00 -3.0074011728e-01 )	( -3.8978705456e+00 1.3799009911e+00 -2.7958712057e-01 )	( 4.6908023849e-04 -2.3207770953e-03 -2.1152996717e-02 )
163              	( -3.8975327670e+00 1.3776289421e+00 -3.0075286704e-01 )	( -3.8980019891e+00 1.3799498676e+00 -2.7959921478e-01 )	( 4.6922208871e-04 -2.3209254932e-03 -2.1153652256e-02 )
164              	( -3.8976638411e+00 1.3776778020e+00 -3.0076546025e-01 )	( -3.8981332014e+00 1.3799988716e+00 -2.7961117641e-01 )	( 4.6936025761e-04 -2.3210696119e-03 -2.1154283838e-02 )
165              	( -3.8977950830e+00 1.3777268374e+00 -3.0077777924e-01 )	( -3.8982645764e+00 1.3800480466e+00 -2.7962288662e-01 )	( 4.6949339435e-04 -2.3212092246e-03 -2.1154892621e-02 )
166              	( -3.8979268917e+00 1.3777760985e+00 -3.0078971968e-01 )	( -3.8983965120e+00 1.3800974427e+00 -2.7963423987e-01 )	( 4.6962029507e-04 -2.3213441460e-03 -2.1155479814e-02 )
167              	( -3.8980592078e+00 1.3778254471e+00 -3.0080113119e-01 )	( -3.8985289478e+00 1.3801469214e+00 -2.7964508447e-01 )	( 4.6973997384e-04 -2.3214742612e-03 -2.1156046722e-02 )
168              	( -3.8981923559e+00 1.3778749279e+00 -3.0081194138e-01 )	( -3.8986622075e+00 1.3801965274e+00 -2.7965534675e-01 )	( 4.6985155222e-04 -2.3215994759e-03 -2.1156594631e-02 )
169              	( -3.8983263618e+00 1.3779244673e+00 -3.0082204805e-01 )	( -3.8987963161e+00 1.3802461871e+00 -2.7966492323e-01 )	( 4.6995432211e-04 -2.3217197472e-03 -2.1157124820e-02 )
170              	( -3.8984612326e+00 1.3779739925e+00 -3.0083136958e-01 )	( -3.8989312803e+00 1.3802958276e+00 -2.7967373098e-01 )	( 4.7004774191e-04 -2.3218350807e-03 -2.1157638602e-02 )
171              	( -3.8985967967e+00 1.3780233670e+00 -3.0083982317e-01 )	( -3.8990669281e+00 1.3803453125e+00 -2.7968168586e-01 )	( 4.7013144100e-04 -2.3219455300e-03 -2.1158137312e-02 )
172              	( -3.8987332421e+00 1.3780726290e+00 -3.0084737992e-01 )	( -3.8992034472e+00 1.3803946802e+00 -2.7968875782e-01 )	( 4.7020509250e-04 -2.3220511393e-03 -2.1158622107e-02 )
173              	( -3.8988702232e+00 1.3781215894e+00 -3.0085397588e-01 )	( -3.8993404918e+00 1.3804437414e+00 -2.7969488165e-01 )	( 4.7026859974e-04 -2.3221520293e-03 -2.1159094232e-02 )
174              	( -3.8990078905e+00 1.3781702967e+00 -3.0085961412e-01 )	( -3.8994782124e+00 1.3804925450e+00 -2.7970005937e-01 )	( 4.7032187485e-04 -2.3222482973e-03 -2.1159554745e-02 )
175              	( -3.8991458565e+00 1.3782185575e+00 -3.0086423061e-01 )	( -3.8996162215e+00 1.3805408976e+00 -2.7970422596e-01 )	( 4.7036499628e-04 -2.3223400849e-03 -2.1160004643e-02 )
176              	( -3.8992838208e+00 1.3782662307e+00 -3.0086778661e-01 )	( -3.8997542189e+00 1.3805886582e+00 -2.7970734183e-01 )	( 4.7039810596e-04 -2.3224275291e-03 -2.1160444785e-02 )
177              	( -3.8994218449e+00 1.3783133844e+00 -3.0087038085e-01 )	( -3.8998922664e+00 1.3806358952e+00 -2.7970950480e-01 )	( 4.7042145099e-04 -2.3225107889e-03 -2.1160876047e-02 )
178              	( -3.8995599840e+00 1.3783600325e+00 -3.0087200697e-01 )	( -3.9000304192e+00 1.3806826226e+00 -2.7971070765e-01 )	( 4.7043528487e-04 -2.3225900412e-03 -2.1161299324e-02 )
179              	( -3.8996979113e+00 1.3784060785e+00 -3.0087270797e-01 )	( -3.9001683513e+00 1.3807287440e+00 -2.7971099271e-01 )	( 4.7044000284e-04 -2.3226654696e-03 -2.1161715263e-02 )
180              	( -3.8998354889e+00 1.3784514880e+00 -3.0087252739e-01 )	( -3.9003059250e+00 1.3807742253e+00 -2.7971040287e-01 )	( 4.7043603494e-04 -2.3227372655e-03 -2.1162124517e-02 )
181              	( -3.8999725499e+00 1.3784962191e+00 -3.0087150511e-01 )	( -3.9004429737e+00 1.3808190247e+00 -2.7970897745e-01 )	( 4.7042385189e-04 -2.3228056234e-03 -2.1162527664e-02 )
182              	( -3.9001089470e+00 1.3785402460e+00 -3.0086968954e-01 )	( -3.9005793510e+00 1.3808631167e+00 -2.7970676434e-01 )	( 4.7040395731e-04 -2.3228707381e-03 -2.1162925197e-02 )
183              	( -3.9002444215e+00 1.3785834951e+00 -3.0086712955e-01 )	( -3.9007147984e+00 1.3809064279e+00 -2.7970381198e-01 )	( 4.7037690924e-04 -2.3229328125e-03 -2.1163317569e-02 )
184              	( -3.9003788621e+00 1.3786259647e+00 -3.0086387928e-01 )	( -3.9008492054e+00 1.3809489567e+00 -2.7970017415e-01 )	( 4.7034326488e-04 -2.3229920392e-03 -2.1163705134e-02 )
185              	( -3.9005120764e+00 1.3786676173e+00 -3.0085999718e-01 )	( -3.9009823800e+00 1.3809906659e+00 -2.7969590899e-01 )	( 4.7030361558e-04 -2.3230486151e-03 -2.1164088190e-02 )
186              	( -3.9006438935e+00 1.3787084258e+00 -3.0085553960e-01 )	( -3.9011141520e+00 1.3810315285e+00 -2.7969107262e-01 )	( 4.7025856010e-04 -2.3231027327e-03 -2.1164466977e-02 )
187              	( -3.9007741503e+00 1.3787483673e+00 -3.0085056510e-01 )	( -3.9012443590e+00 1.3810715218e+00 -2.7968572342e-01 )	( 4.7020870163e-04 -2.3231545804e-03 -2.1164841686e-02 )
188              	( -3.9009026895e+00 1.3787874214e+00 -3.0084513171e-01 )	( -3.9013728441e+00 1.3811106258e+00 -2.7967991925e-01 )	( 4.7015464130e-04 -2.3232043416e-03 -2.1165212456e-02 )
189              	( -3.9010293652e+00 1.3788255727e+00 -3.0083929808e-01 )	( -3.9014994621e+00 1.3811488249e+00 -2.7967371870e-01 )	( 4.7009697341e-04 -2.3232521936e-03 -2.1165579389e-02 )
190              	( -3.9011540225e+00 1.3788628013e+00 -3.0083311996e-01 )	( -3.9016240588e+00 1.3811860996e+00 -2.7966717742e-01 )	( 4.7003628258e-04 -2.3232983075e-03 -2.1165942545e-02 )
191              	( -3.9012765442e+00 1.3788991022e+00 -3.0082665423e-01 )	( -3.9017465173e+00 1.3812224451e+00 -2.7966035228e-01 )	( 4.6997313546e-04 -2.3233428458e-03 -2.1166301949e-02 )
192              	( -3.9013968223e+00 1.3789344727e+00 -3.0081995596e-01 )	( -3.9018667304e+00 1.3812578587e+00 -2.7965329837e-01 )	( 4.6990807841e-04 -2.3233859628e-03 -2.1166657592e-02 )
193              	( -3.9015147522e+00 1.3789689098e+00 -3.0081307730e-01 )	( -3.9019845938e+00 1.3812923376e+00 -2.7964606786e-01 )	( 4.6984163476e-04 -2.3234278041e-03 -2.1167009442e-02 )
194              	( -3.9016302395e+00 1.3790024132e+00 -3.0080606849e-01 )	( -3.9021000138e+00 1.3813258817e+00 -2.7963871105e-01 )	( 4.6977430231e-04 -2.3234685060e-03 -2.1167357442e-02 )
195              	( -3.9017432084e+00 1.3790349881e+00 -3.0079897747e-01 )	( -3.9022129149e+00 1.3813584963e+00 -2.7963127595e-01 )	( 4.6970654995e-04 -2.3235081954e-03 -2.1167701515e-02 )
196              	( -3.9018535859e+00 1.3790666390e+00 -3.0079184892e-01 )	( -3.9023232247e+00 1.3813901860e+00 -2.7962380735e-01 )	( 4.6963881741e-04 -2.3235469894e-03 -2.1168041568e-02 )
197              	( -3.9019613156e+00 1.3790973751e+00 -3.0078472560e-01 )	( -3.9024308872e+00 1.3814209601e+00 -2.7961634811e-01 )	( 4.6957151324e-04 -2.3235849955e-03 -2.1168377496e-02 )
198              	( -3.9020663536e+00 1.3791272085e+00 -3.0077764759e-01 )	( -3.9025358586e+00 1.3814508308e+00 -2.7960893840e-01 )	( 4.6950501398e-04 -2.3236223114e-03 -2.1168709183e-02 )
199              	( -3.9021686669e+00 1.3791561516e+00 -3.0077065333e-01 )	( -3.9026381065e+00 1.3814798106e+00 -2.7960161681e-01 )	( 4.6943966401e-04 -2.3236590254e-03 -2.1169036514e-02 )
200              	( -3.9022682273e+00 1.3791842220e+00 -3.0076376907e-01 )	( -3.9027376031e+00 1.3815079172e+00 -2.7959440973e-01 )	( 4.6937577205e-04 -2.3236952153e-03 -2.1169359344e-02 )
201              	( -3.9023650303e+00 1.3792114382e+00 -3.0075703616e-01 )	( -3.9028343439e+00 1.3815351692e+00 -2.7958735862e-01 )	( 4.6931362074e-04 -2.3237309512e-03 -2.1169677546e-02 )
202              	( -3.9024590664e+00 1.3792378166e+00 -3.0075047796e-01 )	( -3.9029283198e+00 1.3815615829e+00 -2.7958048696e-01 )	( 4.6925345490e-04 -2.3237662935e-03 -2.1169990991e-02 )
203              	( -3.9025503436e+00 1.3792633785e+00 -3.0074411917e-01 )	( -3.9030195391e+00 1.3815871798e+00 -2.7957381962e-01 )	( 4.6919548847e-04 -2.3238012940e-03 -2.1170299551e-02 )
204              	( -3.9026388767e+00 1.3792881455e+00 -3.0073798194e-01 )	( -3.9031080166e+00 1.3816119815e+00 -2.7956737884e-01 )	( 4.6913990515e-04 -2.3238359964e-03 -2.1170603099e-02 )
205              	( -3.9027246927e+00 1.3793121417e+00 -3.0073208545e-01 )	( -3.9031937795e+00 1.3816360122e+00 -2.7956118394e-01 )	( 4.6908685835e-04 -2.3238704369e-03 -2.1170901511e-02 )
206              	( -3.9028078226e+00 1.3793353902e+00 -3.0072644542e-01 )	( -3.9032768590e+00 1.3816592949e+00 -2.7955525074e-01 )	( 4.6903647246e-04 -2.3239046440e-03 -2.1171194672e-02 )
207              	( -3.9028883065e+00 1.3793579157e+00 -3.0072107518e-01 )	( -3.9033572953e+00 1.3816818543e+00 -2.7954959271e-01 )	( 4.6898884392e-04 -2.3239386395e-03 -2.1171482471e-02 )
208              	( -3.9029661897e+00 1.3793797425e+00 -3.0071598499e-01 )	( -3.9034351337e+00 1.3817037150e+00 -2.7954422019e-01 )	( 4.6894404262e-04 -2.3239724388e-03 -2.1171764808e-02 )
209              	( -3.9030415234e+00 1.3794008955e+00 -3.0071118249e-01 )	( -3.9035104255e+00 1.3817249016e+00 -2.7953914089e-01 )	( 4.6890211338e-04 -2.3240060518e-03 -2.1172041593e-02 )
210              	( -3.9031143628e+00 1.3794213989e+00 -3.0070667268e-01 )	( -3.9035832259e+00 1.3817454384e+00 -2.7953435993e-01 )	( 4.6886307767e-04 -2.3240394827e-03 -2.1172312744e-02 )
211              	( -3.9031847609e+00 1.3794412755e+00 -3.0070245720e-01 )	( -3.9036535878e+00 1.3817653482e+00 -2.7952987901e-01 )	( 4.6882693343e-04 -2.3240727314e-03 -2.1172578191e-02 )
212              	( -3.9032528027e+00 1.3794605555e+00 -3.0069854137e-01 )	( -3.9037215964e+00 1.3817846613e+00 -2.7952570348e-01 )	( 4.6879366319e-04 -2.3241057937e-03 -2.1172837885e-02 )
213              	( -3.9033185363e+00 1.3794792558e+00 -3.0069491669e-01 )	( -3.9037872995e+00 1.3818033945e+00 -2.7952182491e-01 )	( 4.6876322469e-04 -2.3241386608e-03 -2.1173091780e-02 )
214              	( -3.9033820398e+00 1.3794974037e+00 -3.0069158278e-01 )	( -3.9038507754e+00 1.3818215751e+00 -2.7951824294e-01 )	( 4.6873556312e-04 -2.3241713209e-03 -2.1173339838e-02 )
215              	( -3.9034433910e+00 1.3795150230e+00 -3.0068853518e-01 )	( -3.9039121016e+00 1.3818392268e+00 -2.7951495314e-01 )	( 4.6871060946e-04 -2.3242037599e-03 -2.1173582041e-02 )
216              	( -3.9035026470e+00 1.3795321312e+00 -3.0068576302e-01 )	( -3.9039713353e+00 1.3818563672e+00 -2.7951194464e-01 )	( 4.6868827623e-04 -2.3242359605e-03 -2.1173818374e-02 )
217              	( -3.9035599047e+00 1.3795487579e+00 -3.0068326371e-01 )	( -3.9040285732e+00 1.3818730258e+00 -2.7950921486e-01 )	( 4.6866846935e-04 -2.3242679047e-03 -2.1174048847e-02 )
218              	( -3.9036152299e+00 1.3795649193e+00 -3.0068102429e-01 )	( -3.9040838810e+00 1.3818892189e+00 -2.7950675081e-01 )	( 4.6865108057e-04 -2.3242995725e-03 -2.1174273480e-02 )
219              	( -3.9036687034e+00 1.3795806374e+00 -3.0067903404e-01 )	( -3.9041373394e+00 1.3819049683e+00 -2.7950454173e-01 )	( 4.6863599304e-04 -2.3243309426e-03 -2.1174492304e-02 )
220              	( -3.9037204026e+00 1.3795959321e+00 -3.0067728134e-01 )	( -3.9041890256e+00 1.3819202940e+00 -2.7950257598e-01 )	( 4.6862308297e-04 -2.3243619930e-03 -2.1174705361e-02 )
221              	( -3.9037704045e+00 1.3796108231e+00 -3.0067575306e-01 )	( -3.9042390167e+00 1.3819352158e+00 -2.7950084036e-01 )	( 4.6861221987e-04 -2.3243927007e-03 -2.1174912700e-02 )
222              	( -3.9038187924e+00 1.3796253295e+00 -3.0067443915e-01 )	( -3.9042873956e+00 1.3819497526e+00 -2.7949932476e-01 )	( 4.6860327199e-04 -2.3244230445e-03 -2.1175114396e-02 )
223              	( -3.9038656345e+00 1.3796394671e+00 -3.0067332160e-01 )	( -3.9043342306e+00 1.3819639201e+00 -2.7949801108e-01 )	( 4.6859609917e-04 -2.3244530012e-03 -2.1175310520e-02 )
224              	( -3.9039110105e+00 1.3796532548e+00 -3.0067238840e-01 )	( -3.9043796011e+00 1.3819777374e+00 -2.7949688725e-01 )	( 4.6859056253e-04 -2.3244825489e-03 -2.1175501154e-02 )
225              	( -3.9039549937e+00 1.3796667085e+00 -3.0067162539e-01 )	( -3.9044235802e+00 1.3819912202e+00 -2.7949593899e-01 )	( 4.6858652179e-04 -2.3245116663e-03 -2.1175686392e-02 )
226              	( -3.9039976556e+00 1.3796798435e+00 -3.0067101814e-01 )	( -3.9044662395e+00 1.3820043838e+00 -2.7949515180e-01 )	( 4.6858383661e-04 -2.3245403330e-03 -2.1175866335e-02 )
227              	( -3.9040390656e+00 1.3796926742e+00 -3.0067055232e-01 )	( -3.9045076480e+00 1.3820172428e+00 -2.7949451122e-01 )	( 4.6858236779e-04 -2.3245685298e-03 -2.1176041094e-02 )
228              	( -3.9040792907e+00 1.3797052144e+00 -3.0067021372e-01 )	( -3.9045478727e+00 1.3820298106e+00 -2.7949400294e-01 )	( 4.6858197837e-04 -2.3245962382e-03 -2.1176210783e-02 )
229              	( -3.9041183954e+00 1.3797174768e+00 -3.0066998844e-01 )	( -3.9045869780e+00 1.3820421002e+00 -2.7949361292e-01 )	( 4.6858253450e-04 -2.3246234415e-03 -2.1176375524e-02 )
230              	( -3.9041564416e+00 1.3797294735e+00 -3.0066986289e-01 )	( -3.9046250256e+00 1.3820541236e+00 -2.7949332745e-01 )	( 4.6858390626e-04 -2.3246501243e-03 -2.1176535445e-02 )
231              	( -3.9041934883e+00 1.3797412157e+00 -3.0066982389e-01 )	( -3.9046620743e+00 1.3820658919e+00 -2.7949313321e-01 )	( 4.6858596833e-04 -2.3246762728e-03 -2.1176690676e-02 )
232              	( -3.9042295913e+00 1.3797527137e+00 -3.0066985875e-01 )	( -3.9046981799e+00 1.3820774156e+00 -2.7949301739e-01 )	( 4.6858860061e-04 -2.3247018747e-03 -2.1176841353e-02 )
233              	( -3.9042648034e+00 1.3797639773e+00 -3.0066995526e-01 )	( -3.9047333951e+00 1.3820887043e+00 -2.7949296765e-01 )	( 4.6859168877e-04 -2.3247269195e-03 -2.1176987611e-02 )
234              	( -3.9042991746e+00 1.3797750154e+00 -3.0067010193e-01 )	( -3.9047677697e+00 1.3820997668e+00 -2.7949297234e-01 )	( 4.6859512470e-04 -2.3247513985e-03 -2.1177129591e-02 )
235              	( -3.9043327515e+00 1.3797858361e+00 -3.0067028783e-01 )	( -3.9048013504e+00 1.3821106114e+00 -2.7949302040e-01 )	( 4.6859880683e-04 -2.3247753045e-03 -2.1177267432e-02 )
236              	( -3.9043655780e+00 1.3797964469e+00 -3.0067050270e-01 )	( -3.9048341806e+00 1.3821212456e+00 -2.7949310143e-01 )	( 4.6860264042e-04 -2.3247986322e-03 -2.1177401274e-02 )
237              	( -3.9043976945e+00 1.3798068548e+00 -3.0067073701e-01 )	( -3.9048663010e+00 1.3821316762e+00 -2.7949320575e-01 )	( 4.6860653779e-04 -2.3248213780e-03 -2.1177531258e-02 )
238              	( -3.9044291387e+00 1.3798170659e+00 -3.0067098188e-01 )	( -3.9048977491e+00 1.3821419095e+00 -2.7949332435e-01 )	( 4.6861041841e-04 -2.3248435399e-03 -2.1177657523e-02 )
239              	( -3.9044599450e+00 1.3798270859e+00 -3.0067122917e-01 )	( -3.9049285592e+00 1.3821519510e+00 -2.7949344896e-01 )	( 4.6861420898e-04 -2.3248651177e-03 -2.1177780208e-02 )
240              	( -3.9044901452e+00 1.3798369198e+00 -3.0067147145e-01 )	( -3.9049587630e+00 1.3821618059e+00 -2.7949357200e-01 )	( 4.6861784341e-04 -2.3248861127e-03 -2.1177899447e-02 )
241              	( -3.9045197685e+00 1.3798465724e+00 -3.0067170203e-01 )	( -3.9049883897e+00 1.3821714789e+00 -2.7949368666e-01 )	( 4.6862126272e-04 -2.3249065278e-03 -2.1178015375e-02 )
242              	( -3.9045488408e+00 1.3798560476e+00 -3.0067191490e-01 )	( -3.9050174652e+00 1.3821809740e+00 -2.7949378678e-01 )	( 4.6862441507e-04 -2.3249263671e-03 -2.1178128123e-02 )
243              	( -3.9045773861e+00 1.3798653492e+00 -3.0067210478e-01 )	( -3.9050460134e+00 1.3821902949e+00 -2.7949386696e-01 )	( 4.6862725542e-04 -2.3249456366e-03 -2.1178237818e-02 )
244              	( -3.9046054249e+00 1.3798744802e+00 -3.0067226688e-01 )	( -3.9050740546e+00 1.3821994445e+00 -2.7949392229e-01 )	( 4.6862974547e-04 -2.3249643431e-03 -2.1178344585e-02 )
245              	( -3.9046329770e+00 1.3798834438e+00 -3.0067239738e-01 )	( -3.9051016089e+00 1.3822084263e+00 -2.7949394883e-01 )	( 4.6863185327e-04 -2.3249824949e-03 -2.1178448543e-02 )
246              	( -3.9046600592e+00 1.3798922427e+00 -3.0067249289e-01 )	( -3.9051286927e+00 1.3822172428e+00 -2.7949394308e-01 )	( 4.6863355308e-04 -2.3250001014e-03 -2.1178549809e-02 )
247              	( -3.9046866863e+00 1.3799008792e+00 -3.0067255068e-01 )	( -3.9051553211e+00 1.3822258963e+00 -2.7949390218e-01 )	( 4.6863482497e-04 -2.3250171729e-03 -2.1178648496e-02 )
248              	( -3.9047128714e+00 1.3799093553e+00 -3.0067256857e-01 )	( -3.9051815071e+00 1.3822343890e+00 -2.7949382386e-01 )	( 4.6863565458e-04 -2.3250337206e-03 -2.1178744711e-02 )
249              	( -3.9047386259e+00 1.3799176730e+00 -3.0067254495e-01 )	( -3.9052072619e+00 1.3822427228e+00 -2.7949370640e-01 )	( 4.6863603271e-04 -2.3250497568e-03 -2.1178838558e-02 )
250              	( -3.9047639770e+00 1.3799258436e+00 -3.0067248524e-01 )	( -3.9052326130e+00 1.3822509089e+00 -2.7949355508e-01 )	( 4.6863595995e-04 -2.3250652979e-03 -2.1178930155e-02 )
251              	( -3.9047889225e+00 1.3799338626e+00 -3.0067238401e-01 )	( -3.9052575579e+00 1.3822589429e+00 -2.7949336442e-01 )	( 4.6863543441e-04 -2.3250803563e-03 -2.1179019591e-02 )
252              	( -3.9048134656e+00 1.3799417294e+00 -3.0067223992e-01 )	( -3.9052821000e+00 1.3822668243e+00 -2.7949313297e-01 )	( 4.6863445986e-04 -2.3250949457e-03 -2.1179106953e-02 )
253              	( -3.9048376117e+00 1.3799494450e+00 -3.0067205291e-01 )	( -3.9053062448e+00 1.3822745541e+00 -2.7949286059e-01 )	( 4.6863304367e-04 -2.3251090801e-03 -2.1179192325e-02 )
254              	( -3.9048613653e+00 1.3799570107e+00 -3.0067182350e-01 )	( -3.9053299965e+00 1.3822821334e+00 -2.7949254771e-01 )	( 4.6863119676e-04 -2.3251227740e-03 -2.1179275786e-02 )
255              	( -3.9048847301e+00 1.3799644274e+00 -3.0067155259e-01 )	( -3.9053533591e+00 1.3822895635e+00 -2.7949219518e-01 )	( 4.6862893318e-04 -2.3251360422e-03 -2.1179357410e-02 )
256              	( -3.9049077089e+00 1.3799716964e+00 -3.0067124142e-01 )	( -3.9053763352e+00 1.3822968453e+00 -2.7949180416e-01 )	( 4.6862626978e-04 -2.3251488995e-03 -2.1179437268e-02 )
257              	( -3.9049303041e+00 1.3799788187e+00 -3.0067089157e-01 )	( -3.9053989274e+00 1.3823039801e+00 -2.7949137615e-01 )	( 4.6862322579e-04 -2.3251613610e-03 -2.1179515428e-02 )
258              	( -3.9049525177e+00 1.3799857958e+00 -3.0067050487e-01 )	( -3.9054211375e+00 1.3823109692e+00 -2.7949091292e-01 )	( 4.6861982250e-04 -2.3251734418e-03 -2.1179591951e-02 )
259              	( -3.9049743509e+00 1.3799926286e+00 -3.0067008335e-01 )	( -3.9054429670e+00 1.3823178138e+00 -2.7949041645e-01 )	( 4.6861608301e-04 -2.3251851568e-03 -2.1179666896e-02 )
260              	( -3.9049958045e+00 1.3799993185e+00 -3.0066962926e-01 )	( -3.9054644165e+00 1.3823245150e+00 -2.7948988894e-01 )	( 4.6861203182e-04 -2.3251965211e-03 -2.1179740317e-02 )
261              	( -3.9050168790e+00 1.3800058666e+00 -3.0066914500e-01 )	( -3.9054854867e+00 1.3823310742e+00 -2.7948933274e-01 )	( 4.6860769461e-04 -2.3252075493e-03 -2.1179812265e-02 )
262              	( -3.9050375751e+00 1.3800122745e+00 -3.0066863315e-01 )	( -3.9055061782e+00 1.3823374928e+00 -2.7948875036e-01 )	( 4.6860309789e-04 -2.3252182559e-03 -2.1179882787e-02 )
263              	( -3.9050578926e+00 1.3800185433e+00 -3.0066809629e-01 )	( -3.9055264909e+00 1.3823437719e+00 -2.7948814436e-01 )	( 4.6859826874e-04 -2.3252286551e-03 -2.1179951926e-02 )
264              	( -3.9050778319e+00 1.3800246745e+00 -3.0066753717e-01 )	( -3.9055464251e+00 1.3823499133e+00 -2.7948751745e-01 )	( 4.6859323459e-04 -2.3252387606e-03 -2.1180019721e-02 )
265              	( -3.9050973930e+00 1.3800306697e+00 -3.0066695854e-01 )	( -3.9055659810e+00 1.3823559182e+00 -2.7948687233e-01 )	( 4.6858802295e-04 -2.3252485860e-03 -2.1180086211e-02 )
266              	( -3.9051165760e+00 1.3800365302e+00 -3.0066636316e-01 )	( -3.9055851587e+00 1.3823617884e+00 -2.7948621173e-01 )	( 4.6858266121e-04 -2.3252581441e-03 -2.1180151427e-02 )
267              	( -3.9051353813e+00 1.3800422579e+00 -3.0066575380e-01 )	( -3.9056039585e+00 1.3823675253e+00 -2.7948553840e-01 )	( 4.6857717643e-04 -2.3252674475e-03 -2.1180215402e-02 )
268              	( -3.9051538092e+00 1.3800478542e+00 -3.0066513320e-01 )	( -3.9056223808e+00 1.3823731308e+00 -2.7948485503e-01 )	( 4.6857159517e-04 -2.3252765083e-03 -2.1180278163e-02 )
269              	( -3.9051718604e+00 1.3800533211e+00 -3.0066450405e-01 )	( -3.9056404263e+00 1.3823786064e+00 -2.7948416431e-01 )	( 4.6856594333e-04 -2.3252853381e-03 -2.1180339736e-02 )
270              	( -3.9051895355e+00 1.3800586601e+00 -3.0066386896e-01 )	( -3.9056580958e+00 1.3823839541e+00 -2.7948346882e-01 )	( 4.6856024597e-04 -2.3252939477e-03 -2.1180400144e-02 )
271              	( -3.9052068358e+00 1.3800638733e+00 -3.0066323049e-01 )	( -3.9056753903e+00 1.3823891756e+00 -2.7948277108e-01 )	( 4.6855452720e-04 -2.3253023479e-03 -2.1180459409e-02 )
272              	( -3.9052237625e+00 1.3800689624e+00 -3.0066259106e-01 )	( -3.9056923113e+00 1.3823942729e+00 -2.7948207351e-01 )	( 4.6854881007e-04 -2.3253105485e-03 -2.1180517551e-02 )
273              	( -3.9052403173e+00 1.3800739295e+00 -3.0066195301e-01 )	( -3.9057088604e+00 1.3823992480e+00 -2.7948137842e-01 )	( 4.6854311645e-04 -2.3253185589e-03 -2.1180574588e-02 )
274              	( -3.9052565022e+00 1.3800787765e+00 -3.0066131856e-01 )	( -3.9057250397e+00 1.3824041029e+00 -2.7948068802e-01 )	( 4.6853746696e-04 -2.3253263881e-03 -2.1180630535e-02 )
275              	( -3.9052723195e+00 1.3800835055e+00 -3.0066068979e-01 )	( -3.9057408514e+00 1.3824088396e+00 -2.7948000438e-01 )	( 4.6853188089e-04 -2.3253340444e-03 -2.1180685408e-02 )
276              	( -3.9052877719e+00 1.3800881188e+00 -3.0066006865e-01 )	( -3.9057562983e+00 1.3824134603e+00 -2.7947932943e-01 )	( 4.6852637617e-04 -2.3253415357e-03 -2.1180739221e-02 )
277              	( -3.9053028623e+00 1.3800926182e+00 -3.0065945693e-01 )	( -3.9057713833e+00 1.3824179671e+00 -2.7947866494e-01 )	( 4.6852096928e-04 -2.3253488692e-03 -2.1180791987e-02 )
278              	( -3.9053175943e+00 1.3800970062e+00 -3.0065885631e-01 )	( -3.9057861099e+00 1.3824223622e+00 -2.7947801260e-01 )	( 4.6851567527e-04 -2.3253560517e-03 -2.1180843718e-02 )
279              	( -3.9053319714e+00 1.3801012849e+00 -3.0065826831e-01 )	( -3.9058004819e+00 1.3824266480e+00 -2.7947737388e-01 )	( 4.6851050772e-04 -2.3253630896e-03 -2.1180894425e-02 )
280              	( -3.9053459978e+00 1.3801054565e+00 -3.0065769427e-01 )	( -3.9058145032e+00 1.3824308265e+00 -2.7947675015e-01 )	( 4.6850547874e-04 -2.3253699887e-03 -2.1180944120e-02 )
281              	( -3.9053596780e+00 1.3801095236e+00 -3.0065713544e-01 )	( -3.9058281786e+00 1.3824349003e+00 -2.7947614263e-01 )	( 4.6850059897e-04 -2.3253767542e-03 -2.1180992812e-02 )
282              	( -3.9053730167e+00 1.3801134882e+00 -3.0065659286e-01 )	( -3.9058415125e+00 1.3824388716e+00 -2.7947555235e-01 )	( 4.6849587761e-04 -2.3253833911e-03 -2.1181040512e-02 )
283              	( -3.9053860189e+00 1.3801173528e+00 -3.0065606745e-01 )	( -3.9058545102e+00 1.3824427427e+00 -2.7947498022e-01 )	( 4.6849132241e-04 -2.3253899039e-03 -2.1181087230e-02 )
284              	( -3.9053986901e+00 1.3801211197e+00 -3.0065555998e-01 )	( -3.9058671771e+00 1.3824465160e+00 -2.7947442701e-01 )	( 4.6848693977e-04 -2.3253962966e-03 -2.1181132975e-02 )
285              	( -3.9054110360e+00 1.3801247914e+00 -3.0065507109e-01 )	( -3.9058795188e+00 1.3824501940e+00 -2.7947389333e-01 )	( 4.6848273470e-04 -2.3254025729e-03 -2.1181177757e-02 )
286              	( -3.9054230625e+00 1.3801283701e+00 -3.0065460125e-01 )	( -3.9058915412e+00 1.3824537788e+00 -2.7947337966e-01 )	( 4.6847871092e-04 -2.3254087361e-03 -2.1181221587e-02 )
287              	( -3.9054347758e+00 1.3801318583e+00 -3.0065415083e-01 )	( -3.9059032506e+00 1.3824572731e+00 -2.7947288636e-01 )	( 4.6847487093e-04 -2.3254147892e-03 -2.1181264472e-02 )
288              	( -3.9054461822e+00 1.3801352583e+00 -3.0065372006e-01 )	( -3.9059146534e+00 1.3824606790e+00 -2.7947241364e-01 )	( 4.6847121599e-04 -2.3254207348e-03 -2.1181306425e-02 )
289              	( -3.9054572885e+00 1.3801385724e+00 -3.0065330906e-01 )	( -3.9059257563e+00 1.3824639990e+00 -2.7947196160e-01 )	( 4.6846774627e-04 -2.3254265752e-03 -2.1181347455e-02 )
290              	( -3.9054681014e+00 1.3801418031e+00 -3.0065291780e-01 )	( -3.9059365659e+00 1.3824672354e+00 -2.7947153022e-01 )	( 4.6846446087e-04 -2.3254323127e-03 -2.1181387572e-02 )
291              	( -3.9054786279e+00 1.3801449527e+00 -3.0065254617e-01 )	( -3.9059470892e+00 1.3824703906e+00 -2.7947111939e-01 )	( 4.6846135789e-04 -2.3254379489e-03 -2.1181426788e-02 )
292              	( -3.9054888749e+00 1.3801480233e+00 -3.0065219397e-01 )	( -3.9059573334e+00 1.3824734668e+00 -2.7947072886e-01 )	( 4.6845843454e-04 -2.3254434855e-03 -2.1181465114e-02 )
293              	( -3.9054988498e+00 1.3801510174e+00 -3.0065186088e-01 )	( -3.9059673055e+00 1.3824764664e+00 -2.7947035832e-01 )	( 4.6845568717e-04 -2.3254489239e-03 -2.1181502562e-02 )
294              	( -3.9055085597e+00 1.3801539372e+00 -3.0065154650e-01 )	( -3.9059770128e+00 1.3824793914e+00 -2.7947000736e-01 )	( 4.6845311138e-04 -2.3254542654e-03 -2.1181539142e-02 )
295              	( -3.9055180119e+00 1.3801567847e+00 -3.0065125037e-01 )	( -3.9059864626e+00 1.3824822442e+00 -2.7946967551e-01 )	( 4.6845070208e-04 -2.3254595110e-03 -2.1181574869e-02 )
296              	( -3.9055272137e+00 1.3801595623e+00 -3.0065097195e-01 )	( -3.9059956621e+00 1.3824850269e+00 -2.7946936219e-01 )	( 4.6844845357e-04 -2.3254646616e-03 -2.1181609754e-02 )
297              	( -3.9055361724e+00 1.3801622719e+00 -3.0065071062e-01 )	( -3.9060046188e+00 1.3824877416e+00 -2.7946906681e-01 )	( 4.6844635965e-04 -2.3254697181e-03 -2.1181643811e-02 )
298              	( -3.9055448954e+00 1.3801649157e+00 -3.0065046575e-01 )	( -3.9060133398e+00 1.3824903904e+00 -2.7946878869e-01 )	( 4.6844441361e-04 -2.3254746813e-03 -2.1181677052e-02 )
299              	( -3.9055533898e+00 1.3801674957e+00 -3.0065023662e-01 )	( -3.9060218324e+00 1.3824929753e+00 -2.7946852712e-01 )	( 4.6844260842e-04 -2.3254795517e-03 -2.1181709493e-02 )
300              	( -3.9055616628e+00 1.3801700138e+00 -3.0065002250e-01 )	( -3.9060301037e+00 1.3824954982e+00 -2.7946828135e-01 )	( 4.6844093671e-04 -2.3254843299e-03 -2.1181741148e-02 )
301              	( -3.9055697215e+00 1.3801724720e+00 -3.0064982262e-01 )	( -3.9060381609e+00 1.3824979610e+00 -2.7946805059e-01 )	( 4.6843939087e-04 -2.3254890165e-03 -2.1181772030e-02 )
302              	( -3.9055775729e+00 1.3801748720e+00 -3.0064963619e-01 )	( -3.9060460109e+00 1.3825003656e+00 -2.7946783403e-01 )	( 4.6843796314e-04 -2.3254936120e-03 -2.1181802155e-02 )
303              	( -3.9055852239e+00 1.3801772157e+00 -3.0064946240e-01 )	( -3.9060536605e+00 1.3825027138e+00 -2.7946763086e-01 )	( 4.6843664565e-04 -2.3254981168e-03 -2.1181831537e-02 )
304              	( -3.9055926811e+00 1.3801795047e+00 -3.0064930043e-01 )	( -3.9060611165e+00 1.3825050072e+00 -2.7946744024e-01 )	( 4.6843543047e-04 -2.3255025315e-03 -2.1181860193e-02 )
305              	( -3.9055999510e+00 1.3801817408e+00 -3.0064914948e-01 )	( -3.9060683853e+00 1.3825072477e+00 -2.7946726134e-01 )	( 4.6843430971e-04 -2.3255068565e-03 -2.1181888137e-02 )
306              	( -3.9056070402e+00 1.3801839256e+00 -3.0064900871e-01 )	( -3.9060754735e+00 1.3825094367e+00 -2.7946709333e-01 )	( 4.6843327552e-04 -2.3255110923e-03 -2.1181915386e-02 )
307              	( -3.9056139548e+00 1.3801860606e+00 -3.0064887733e-01 )	( -3.9060823871e+00 1.3825115758e+00 -2.7946693537e-01 )	( 4.6843232019e-04 -2.3255152395e-03 -2.1181941954e-02 )
308              	( -3.9056207008e+00 1.3801881473e+00 -3.0064875452e-01 )	( -3.9060891322e+00 1.3825136666e+00 -2.7946678666e-01 )	( 4.6843143613e-04 -2.3255192985e-03 -2.1181967859e-02 )
309              	( -3.9056272840e+00 1.3801901871e+00 -3.0064863951e-01 )	( -3.9060957146e+00 1.3825157103e+00 -2.7946664640e-01 )	( 4.6843061601e-04 -2.3255232702e-03 -2.1181993116e-02 )
310              	( -3.9056337102e+00 1.3801921813e+00 -3.0064853155e-01 )	( -3.9061021400e+00 1.3825177085e+00 -2.7946651381e-01 )	( 4.6842985268e-04 -2.3255271549e-03 -2.1182017740e-02 )
311              	( -3.9056399846e+00 1.3801941314e+00 -3.0064842990e-01 )	( -3.9061084137e+00 1.3825196624e+00 -2.7946638815e-01 )	( 4.6842913930e-04 -2.3255309536e-03 -2.1182041749e-02 )
312              	( -3.9056461125e+00 1.3801960385e+00 -3.0064833384e-01 )	( -3.9061145409e+00 1.3825215732e+00 -2.7946626869e-01 )	( 4.6842846932e-04 -2.3255346669e-03 -2.1182065157e-02 )
313              	( -3.9056520989e+00 1.3801979038e+00 -3.0064824272e-01 )	( -3.9061205267e+00 1.3825234421e+00 -2.7946615474e-01 )	( 4.6842783650e-04 -2.3255382956e-03 -2.1182087981e-02 )
314              	( -3.9056579485e+00 1.3801997285e+00 -3.0064815588e-01 )	( -3.9061263757e+00 1.3825252703e+00 -2.7946604564e-01 )	( 4.6842723497e-04 -2.3255418406e-03 -2.1182110237e-02 )
315              	( -3.9056636659e+00 1.3802015136e+00 -3.0064807272e-01 )	( -3.9061320926e+00 1.3825270589e+00 -2.7946594078e-01 )	( 4.6842665918e-04 -2.3255453029e-03 -2.1182131939e-02 )
316              	( -3.9056692555e+00 1.3802032602e+00 -3.0064799267e-01 )	( -3.9061376816e+00 1.3825288089e+00 -2.7946583957e-01 )	( 4.6842610400e-04 -2.3255486835e-03 -2.1182153103e-02 )
317              	( -3.9056747214e+00 1.3802049693e+00 -3.0064791520e-01 )	( -3.9061431470e+00 1.3825305213e+00 -2.7946574145e-01 )	( 4.6842556465e-04 -2.3255519833e-03 -2.1182173744e-02 )
318              	( -3.9056800675e+00 1.3802066417e+00 -3.0064783981e-01 )	( -3.9061484925e+00 1.3825321969e+00 -2.7946564593e-01 )	( 4.6842503675e-04 -2.3255552036e-03 -2.1182193878e-02 )
319              	( -3.9056852974e+00 1.3802082785e+00 -3.0064776605e-01 )	( -3.9061537220e+00 1.3825338368e+00 -2.7946555253e-01 )	( 4.6842451630e-04 -2.3255583454e-03 -2.1182213518e-02 )
320              	( -3.9056904149e+00 1.3802098803e+00 -3.0064769351e-01 )	( -3.9061588389e+00 1.3825354418e+00 -2.7946546083e-01 )	( 4.6842399970e-04 -2.3255614101e-03 -2.1182232679e-02 )
321              	( -3.9056954230e+00 1.3802114482e+00 -3.0064762181e-01 )	( -3.9061638465e+00 1.3825370126e+00 -2.7946537044e-01 )	( 4.6842348372e-04 -2.3255643989e-03 -2.1182251375e-02 )
322              	( -3.9057003251e+00 1.3802129827e+00 -3.0064755062e-01 )	( -3.9061687481e+00 1.3825385500e+00 -2.7946528100e-01 )	( 4.6842296553e-04 -2.3255673132e-03 -2.1182269620e-02 )
323              	( -3.9057051241e+00 1.3802144846e+00 -3.0064747964e-01 )	( -3.9061735465e+00 1.3825400548e+00 -2.7946519222e-01 )	( 4.6842244265e-04 -2.3255701542e-03 -2.1182287427e-02 )
324              	( -3.9057098227e+00 1.3802159547e+00 -3.0064740862e-01 )	( -3.9061782446e+00 1.3825415277e+00 -2.7946510381e-01 )	( 4.6842191297e-04 -2.3255729235e-03 -2.1182304810e-02 )
325              	( -3.9057144235e+00 1.3802173937e+00 -3.0064733732e-01 )	( -3.9061828449e+00 1.3825429693e+00 -2.7946501554e-01 )	( 4.6842137473e-04 -2.3255756226e-03 -2.1182321780e-02 )
326              	( -3.9057189292e+00 1.3802188020e+00 -3.0064726556e-01 )	( -3.9061873500e+00 1.3825443803e+00 -2.7946492721e-01 )	( 4.6842082648e-04 -2.3255782528e-03 -2.1182338349e-02 )
327              	( -3.9057233418e+00 1.3802201804e+00 -3.0064719318e-01 )	( -3.9061917621e+00 1.3825457613e+00 -2.7946483865e-01 )	( 4.6842026713e-04 -2.3255808157e-03 -2.1182354531e-02 )
328              	( -3.9057276638e+00 1.3802215295e+00 -3.0064712007e-01 )	( -3.9061960835e+00 1.3825471128e+00 -2.7946474974e-01 )	( 4.6841969583e-04 -2.3255833129e-03 -2.1182370336e-02 )
329              	( -3.9057318971e+00 1.3802228498e+00 -3.0064704614e-01 )	( -3.9062003162e+00 1.3825484355e+00 -2.7946466036e-01 )	( 4.6841911207e-04 -2.3255857460e-03 -2.1182385776e-02 )
330              	( -3.9057360436e+00 1.3802241419e+00 -3.0064697131e-01 )	( -3.9062044621e+00 1.3825497300e+00 -2.7946457045e-01 )	( 4.6841851556e-04 -2.3255881164e-03 -2.1182400861e-02 )
331              	( -3.9057401052e+00 1.3802254062e+00 -3.0064689556e-01 )	( -3.9062085231e+00 1.3825509966e+00 -2.7946447996e-01 )	( 4.6841790628e-04 -2.3255904259e-03 -2.1182415601e-02 )
332              	( -3.9057440835e+00 1.3802266433e+00 -3.0064681887e-01 )	( -3.9062125008e+00 1.3825522360e+00 -2.7946438886e-01 )	( 4.6841728442e-04 -2.3255926759e-03 -2.1182430006e-02 )
333              	( -3.9057479803e+00 1.3802278538e+00 -3.0064674125e-01 )	( -3.9062163970e+00 1.3825534486e+00 -2.7946429717e-01 )	( 4.6841665036e-04 -2.3255948682e-03 -2.1182444087e-02 )
334              	( -3.9057517971e+00 1.3802290380e+00 -3.0064666274e-01 )	( -3.9062202131e+00 1.3825546350e+00 -2.7946420489e-01 )	( 4.6841600470e-04 -2.3255970042e-03 -2.1182457852e-02 )
335              	( -3.9057555353e+00 1.3802301964e+00 -3.0064658338e-01 )	( -3.9062239507e+00 1.3825557955e+00 -2.7946411207e-01 )	( 4.6841534817e-04 -2.3255990856e-03 -2.1182471309e-02 )
336              	( -3.9057591963e+00 1.3802313295e+00 -3.0064650325e-01 )	( -3.9062276110e+00 1.3825569307e+00 -2.7946401878e-01 )	( 4.6841468165e-04 -2.3256011139e-03 -2.1182484468e-02 )
337              	( -3.9057627814e+00 1.3802324378e+00 -3.0064642241e-01 )	( -3.9062311954e+00 1.3825580409e+00 -2.7946392508e-01 )	( 4.6841400615e-04 -2.3256030907e-03 -2.1182497336e-02 )
338              	( -3.9057662920e+00 1.3802335217e+00 -3.0064634098e-01 )	( -3.9062347053e+00 1.3825591267e+00 -2.7946383106e-01 )	( 4.6841332279e-04 -2.3256050175e-03 -2.1182509922e-02 )
339              	( -3.9057697292e+00 1.3802345816e+00 -3.0064625905e-01 )	( -3.9062381418e+00 1.3825601885e+00 -2.7946373682e-01 )	( 4.6841263275e-04 -2.3256068959e-03 -2.1182522232e-02 )
340              	( -3.9057730941e+00 1.3802356179e+00 -3.0064617673e-01 )	( -3.9062415061e+00 1.3825612267e+00 -2.7946364246e-01 )	( 4.6841193731e-04 -2.3256087273e-03 -2.1182534273e-02 )
341              	( -3.9057763880e+00 1.3802366311e+00 -3.0064609416e-01 )	( -3.9062447993e+00 1.3825622417e+00 -2.7946354810e-01 )	( 4.6841123779e-04 -2.3256105131e-03 -2.1182546053e-02 )
342              	( -3.9057796120e+00 1.3802376216e+00 -3.0064601145e-01 )	( -3.9062480225e+00 1.3825632339e+00 -2.7946345387e-01 )	( 4.6841053553e-04 -2.3256122549e-03 -2.1182557578e-02 )
343              	( -3.9057827671e+00 1.3802385898e+00 -3.0064592873e-01 )	( -3.9062511769e+00 1.3825642038e+00 -2.7946335988e-01 )	( 4.6840983192e-04 -2.3256139539e-03 -2.1182568854e-02 )
344              	( -3.9057858543e+00 1.3802395361e+00 -3.0064584614e-01 )	( -3.9062542634e+00 1.3825651517e+00 -2.7946326625e-01 )	( 4.6840912834e-04 -2.3256156116e-03 -2.1182579887e-02 )
345              	( -3.9057888748e+00 1.3802404609e+00 -3.0064576382e-01 )	( -3.9062572832e+00 1.3825660781e+00 -2.7946317313e-01 )	( 4.6840842616e-04 -2.3256172292e-03 -2.1182590683e-02 )
346              	( -3.9057918295e+00 1.3802413646e+00 -3.0064568189e-01 )	( -3.9062602373e+00 1.3825669834e+00 -2.7946308064e-01 )	( 4.6840772674e-04 -2.3256188081e-03 -2.1182601247e-02 )
347              	( -3.9057947195e+00 1.3802422476e+00 -3.0064560048e-01 )	( -3.9062631266e+00 1.3825678679e+00 -2.7946298890e-01 )	( 4.6840703141e-04 -2.3256203494e-03 -2.1182611584e-02 )
348              	( -3.9057975458e+00 1.3802431102e+00 -3.0064551973e-01 )	( -3.9062659521e+00 1.3825687321e+00 -2.7946289804e-01 )	( 4.6840634145e-04 -2.3256218545e-03 -2.1182621699e-02 )
349              	( -3.9058003093e+00 1.3802439530e+00 -3.0064543976e-01 )	( -3.9062687149e+00 1.3825695764e+00 -2.7946280817e-01 )	( 4.6840565811e-04 -2.3256233243e-03 -2.1182631597e-02 )
350              	( -3.9058030110e+00 1.3802447763e+00 -3.0064536069e-01 )	( -3.9062714160e+00 1.3825704011e+00 -2.7946271941e-01 )	( 4.6840498256e-04 -2.3256247601e-03 -2.1182641283e-02 )
351              	( -3.9058056520e+00 1.3802455805e+00 -3.0064528263e-01 )	( -3.9062740563e+00 1.3825712066e+00 -2.7946263187e-01 )	( 4.6840431594e-04 -2.3256261628e-03 -2.1182650761e-02 )
352              	( -3.9058082332e+00 1.3802463659e+00 -3.0064520569e-01 )	( -3.9062766369e+00 1.3825719934e+00 -2.7946254566e-01 )	( 4.6840365928e-04 -2.3256275336e-03 -2.1182660035e-02 )
353              	( -3.9058107557e+00 1.3802471329e+00 -3.0064512998e-01 )	( -3.9062791587e+00 1.3825727618e+00 -2.7946246087e-01 )	( 4.6840301358e-04 -2.3256288734e-03 -2.1182669109e-02 )
354              	( -3.9058132204e+00 1.3802478820e+00 -3.0064505558e-01 )	( -3.9062816228e+00 1.3825735122e+00 -2.7946237759e-01 )	( 4.6840237972e-04 -2.3256301831e-03 -2.1182677987e-02 )
355              	( -3.9058156284e+00 1.3802486135e+00 -3.0064498258e-01 )	( -3.9062840301e+00 1.3825742450e+00 -2.7946229591e-01 )	( 4.6840175854e-04 -2.3256314637e-03 -2.1182686674e-02 )
356              	( -3.9058179806e+00 1.3802493278e+00 -3.0064491107e-01 )	( -3.9062863817e+00 1.3825749605e+00 -2.7946221590e-01 )	( 4.6840115077e-04 -2.3256327159e-03 -2.1182695172e-02 )
357              	( -3.9058202781e+00 1.3802500252e+00 -3.0064484111e-01 )	( -3.9062886786e+00 1.3825756592e+00 -2.7946213762e-01 )	( 4.6840055705e-04 -2.3256339407e-03 -2.1182703486e-02 )
358              	( -3.9058225218e+00 1.3802507062e+00 -3.0064477276e-01 )	( -3.9062909218e+00 1.3825763413e+00 -2.7946206114e-01 )	( 4.6839997797e-04 -2.3256351388e-03 -2.1182711618e-02 )
359              	( -3.9058247129e+00 1.3802513711e+00 -3.0064470608e-01 )	( -3.9062931123e+00 1.3825770074e+00 -2.7946198651e-01 )	( 4.6839941400e-04 -2.3256363109e-03 -2.1182719573e-02 )
360              	( -3.9058268522e+00 1.3802520202e+00 -3.0064464111e-01 )	( -3.9062952511e+00 1.3825776577e+00 -2.7946191375e-01 )	( 4.6839886554e-04 -2.3256374578e-03 -2.1182727353e-02 )
361              	( -3.9058289409e+00 1.3802526540e+00 -3.0064457789e-01 )	( -3.9062973393e+00 1.3825782926e+00 -2.7946184292e-01 )	( 4.6839833292e-04 -2.3256385800e-03 -2.1182734961e-02 )
362              	( -3.9058309800e+00 1.3802532728e+00 -3.0064451644e-01 )	( -3.9062993778e+00 1.3825789124e+00 -2.7946177404e-01 )	( 4.6839781637e-04 -2.3256396783e-03 -2.1182742402e-02 )
363              	( -3.9058329705e+00 1.3802538769e+00 -3.0064445679e-01 )	( -3.9063013678e+00 1.3825795176e+00 -2.7946170711e-01 )	( 4.6839731605e-04 -2.3256407533e-03 -2.1182749678e-02 )
364              	( -3.9058349133e+00 1.3802544666e+00 -3.0064439896e-01 )	( -3.9063033101e+00 1.3825801084e+00 -2.7946164217e-01 )	( 4.6839683209e-04 -2.3256418055e-03 -2.1182756792e-02 )
365              	( -3.9058368097e+00 1.3802550424e+00 -3.0064434289e-01 )	( -3.9063052060e+00 1.3825806853e+00 -2.7946157914e-01 )	( 4.6839636438e-04 -2.3256428354e-03 -2.1182763747e-02 )
366              	( -3.9058386606e+00 1.3802556047e+00 -3.0064428868e-01 )	( -3.9063070565e+00 1.3825812485e+00 -2.7946151814e-01 )	( 4.6839591299e-04 -2.3256438437e-03 -2.1182770546e-02 )
367              	( -3.9058404669e+00 1.3802561536e+00 -3.0064423628e-01 )	( -3.9063088624e+00 1.3825817984e+00 -2.7946145909e-01 )	( 4.6839547777e-04 -2.3256448307e-03 -2.1182777192e-02 )
368              	( -3.9058422298e+00 1.3802566895e+00 -3.0064418566e-01 )	( -3.9063106248e+00 1.3825823353e+00 -2.7946140197e-01 )	( 4.6839505852e-04 -2.3256457969e-03 -2.1182783688e-02 )
369              	( -3.9058439502e+00 1.3802572128e+00 -3.0064413680e-01 )	( -3.9063123448e+00 1.3825828595e+00 -2.7946134676e-01 )	( 4.6839465502e-04 -2.3256467429e-03 -2.1182790036e-02 )
370              	( -3.9058456291e+00 1.3802577237e+00 -3.0064408968e-01 )	( -3.9063140233e+00 1.3825833714e+00 -2.7946129344e-01 )	( 4.6839426697e-04 -2.3256476689e-03 -2.1182796241e-02 )
371              	( -3.9058472675e+00 1.3802582226e+00 -3.0064404427e-01 )	( -3.9063156614e+00 1.3825838712e+00 -2.7946124197e-01 )	( 4.6839389407e-04 -2.3256485755e-03 -2.1182802303e-02 )
372              	( -3.9058488665e+00 1.3802587098e+00 -3.0064400053e-01 )	( -3.9063172600e+00 1.3825843593e+00 -2.7946119230e-01 )	( 4.6839353592e-04 -2.3256494630e-03 -2.1182808227e-02 )
373              	( -3.9058504269e+00 1.3802591856e+00 -3.0064395842e-01 )	( -3.9063188201e+00 1.3825848359e+00 -2.7946114440e-01 )	( 4.6839319213e-04 -2.3256503317e-03 -2.1182814014e-02 )
374              	( -3.9058519498e+00 1.3802596502e+00 -3.0064391789e-01 )	( -3.9063203427e+00 1.3825853014e+00 -2.7946109823e-01 )	( 4.6839286226e-04 -2.3256511821e-03 -2.1182819668e-02 )
375              	( -3.9058534361e+00 1.3802601041e+00 -3.0064387891e-01 )	( -3.9063218287e+00 1.3825857561e+00 -2.7946105372e-01 )	( 4.6839254584e-04 -2.3256520144e-03 -2.1182825192e-02 )
376              	( -3.9058548868e+00 1.3802605473e+00 -3.0064384141e-01 )	( -3.9063232790e+00 1.3825862001e+00 -2.7946101082e-01 )	( 4.6839224237e-04 -2.3256528290e-03 -2.1182830587e-02 )
377              	( -3.9058563027e+00 1.3802609802e+00 -3.0064380535e-01 )	( -3.9063246946e+00 1.3825866338e+00 -2.7946096949e-01 )	( 4.6839195135e-04 -2.3256536263e-03 -2.1182835857e-02 )
378              	( -3.9058576847e+00 1.3802614031e+00 -3.0064377067e-01 )	( -3.9063260764e+00 1.3825870575e+00 -2.7946092966e-01 )	( 4.6839167225e-04 -2.3256544065e-03 -2.1182841004e-02 )
379              	( -3.9058590338e+00 1.3802618162e+00 -3.0064373731e-01 )	( -3.9063274252e+00 1.3825874714e+00 -2.7946089128e-01 )	( 4.6839140453e-04 -2.3256551698e-03 -2.1182846032e-02 )
380              	( -3.9058603509e+00 1.3802622198e+00 -3.0064370523e-01 )	( -3.9063287420e+00 1.3825878758e+00 -2.7946085429e-01 )	( 4.6839114765e-04 -2.3256559167e-03 -2.1182850941e-02 )
381              	( -3.9058616367e+00 1.3802626141e+00 -3.0064367435e-01 )	( -3.9063300276e+00 1.3825882708e+00 -2.7946081862e-01 )	( 4.6839090108e-04 -2.3256566474e-03 -2.1182855736e-02 )
382              	( -3.9058628921e+00 1.3802629994e+00 -3.0064364463e-01 )	( -3.9063312828e+00 1.3825886568e+00 -2.7946078421e-01 )	( 4.6839066425e-04 -2.3256573622e-03 -2.1182860418e-02 )
383              	( -3.9058641180e+00 1.3802633759e+00 -3.0064361600e-01 )	( -3.9063325084e+00 1.3825890339e+00 -2.7946075101e-01 )	( 4.6839043662e-04 -2.3256580613e-03 -2.1182864990e-02 )
384              	( -3.9058653150e+00 1.3802637437e+00 -3.0064358842e-01 )	( -3.9063337053e+00 1.3825894025e+00 -2.7946071896e-01 )	( 4.6839021767e-04 -2.3256587450e-03 -2.1182869454e-02 )
385              	( -3.9058664841e+00 1.3802641032e+00 -3.0064356181e-01 )	( -3.9063348741e+00 1.3825897626e+00 -2.7946068800e-01 )	( 4.6839000687e-04 -2.3256594136e-03 -2.1182873814e-02 )
386              	( -3.9058676259e+00 1.3802644545e+00 -3.0064353613e-01 )	( -3.9063360157e+00 1.3825901146e+00 -2.7946065806e-01 )	( 4.6838980369e-04 -2.3256600674e-03 -2.1182878071e-02 )
387              	( -3.9058687412e+00 1.3802647978e+00 -3.0064351133e-01 )	( -3.9063371308e+00 1.3825904585e+00 -2.7946062910e-01 )	( 4.6838960764e-04 -2.3256607065e-03 -2.1182882227e-02 )
388              	( -3.9058698306e+00 1.3802651334e+00 -3.0064348734e-01 )	( -3.9063382201e+00 1.3825907948e+00 -2.7946060105e-01 )	( 4.6838941824e-04 -2.3256613313e-03 -2.1182886286e-02 )
389              	( -3.9058708950e+00 1.3802654614e+00 -3.0064346412e-01 )	( -3.9063392842e+00 1.3825911234e+00 -2.7946057387e-01 )	( 4.6838923501e-04 -2.3256619420e-03 -2.1182890249e-02 )
390              	( -3.9058719349e+00 1.3802657820e+00 -3.0064344162e-01 )	( -3.9063403239e+00 1.3825914446e+00 -2.7946054750e-01 )	( 4.6838905751e-04 -2.3256625388e-03 -2.1182894119e-02 )
391              	( -3.9058729510e+00 1.3802660955e+00 -3.0064341979e-01 )	( -3.9063413398e+00 1.3825917586e+00 -2.7946052189e-01 )	( 4.6838888530e-04 -2.3256631221e-03 -2.1182897897e-02 )
392              	( -3.9058739439e+00 1.3802664018e+00 -3.0064339858e-01 )	( -3.9063423326e+00 1.3825920655e+00 -2.7946049699e-01 )	( 4.6838871799e-04 -2.3256636920e-03 -2.1182901587e-02 )
393              	( -3.9058749142e+00 1.3802667013e+00 -3.0064337796e-01 )	( -3.9063433028e+00 1.3825923656e+00 -2.7946047277e-01 )	( 4.6838855519e-04 -2.3256642488e-03 -2.1182905190e-02 )
394              	( -3.9058758626e+00 1.3802669941e+00 -3.0064335788e-01 )	( -3.9063442510e+00 1.3825926589e+00 -2.7946044917e-01 )	( 4.6838839654e-04 -2.3256647928e-03 -2.1182908709e-02 )
395              	( -3.9058767895e+00 1.3802672804e+00 -3.0064333830e-01 )	( -3.9063451778e+00 1.3825929457e+00 -2.7946042615e-01 )	( 4.6838824169e-04 -2.3256653242e-03 -2.1182912145e-02 )
396              	( -3.9058776956e+00 1.3802675603e+00 -3.0064331918e-01 )	( -3.9063460837e+00 1.3825932261e+00 -2.7946040368e-01 )	( 4.6838809034e-04 -2.3256658432e-03 -2.1182915501e-02 )
397              	( -3.9058785814e+00 1.3802678339e+00 -3.0064330050e-01 )	( -3.9063469694e+00 1.3825935003e+00 -2.7946038172e-01 )	( 4.6838794219e-04 -2.3256663501e-03 -2.1182918778e-02 )
398              	( -3.9058794474e+00 1.3802681014e+00 -3.0064328222e-01 )	( -3.9063478352e+00 1.3825937683e+00 -2.7946036024e-01 )	( 4.6838779698e-04 -2.3256668451e-03 -2.1182921979e-02 )
399              	( -3.9058802940e+00 1.3802683630e+00 -3.0064326432e-01 )	( -3.9063486817e+00 1.3825940303e+00 -2.7946033921e-01 )	( 4.6838765446e-04 -2.3256673285e-03 -2.1182925105e-02 )
400              	( -3.9058811218e+00 1.3802686187e+00 -3.0064324676e-01 )	( -3.9063495093e+00 1.3825942865e+00 -2.7946031860e-01 )	( 4.6838751441e-04 -2.3256678006e-03 -2.1182928158e-02 )
401              	( -3.9058819312e+00 1.3802688688e+00 -3.0064322952e-01 )	( -3.9063503186e+00 1.3825945371e+00 -2.7946029838e-01 )	( 4.6838737664e-04 -2.3256682615e-03 -2.1182931141e-02 )
402              	( -3.9058827226e+00 1.3802691133e+00 -3.0064321258e-01 )	( -3.9063511099e+00 1.3825947820e+00 -2.7946027853e-01 )	( 4.6838724096e-04 -2.3256687115e-03 -2.1182934055e-02 )
403              	( -3.9058834966e+00 1.3802693523e+00 -3.0064319592e-01 )	( -3.9063518837e+00 1.3825950215e+00 -2.7946025902e-01 )	( 4.6838710721e-04 -2.3256691508e-03 -2.1182936901e-02 )
404              	( -3.9058842534e+00 1.3802695861e+00 -3.0064317953e-01 )	( -3.9063526404e+00 1.3825952556e+00 -2.7946023985e-01 )	( 4.6838697527e-04 -2.3256695797e-03 -2.1182939681e-02 )
405              	( -3.9058849936e+00 1.3802698146e+00 -3.0064316338e-01 )	( -3.9063533804e+00 1.3825954846e+00 -2.7946022098e-01 )	( 4.6838684501e-04 -2.3256699984e-03 -2.1182942398e-02 )
406              	( -3.9058857174e+00 1.3802700380e+00 -3.0064314747e-01 )	( -3.9063541041e+00 1.3825957084e+00 -2.7946020242e-01 )	( 4.6838671633e-04 -2.3256704072e-03 -2.1182945052e-02 )
407              	( -3.9058864253e+00 1.3802702564e+00 -3.0064313178e-01 )	( -3.9063548119e+00 1.3825959273e+00 -2.7946018413e-01 )	( 4.6838658916e-04 -2.3256708063e-03 -2.1182947646e-02 )
408              	( -3.9058871176e+00 1.3802704700e+00 -3.0064311630e-01 )	( -3.9063555041e+00 1.3825961412e+00 -2.7946016612e-01 )	( 4.6838646342e-04 -2.3256711958e-03 -2.1182950180e-02 )
409              	( -3.9058877947e+00 1.3802706788e+00 -3.0064310103e-01 )	( -3.9063561810e+00 1.3825963504e+00 -2.7946014837e-01 )	( 4.6838633906e-04 -2.3256715761e-03 -2.1182952657e-02 )
410              	( -3.9058884568e+00 1.3802708830e+00 -3.0064308596e-01 )	( -3.9063568430e+00 1.3825965549e+00 -2.7946013088e-01 )	( 4.6838621604e-04 -2.3256719473e-03 -2.1182955077e-02 )
411              	( -3.9058891044e+00 1.3802710825e+00 -3.0064307108e-01 )	( -3.9063574905e+00 1.3825967548e+00 -2.7946011363e-01 )	( 4.6838609435e-04 -2.3256723097e-03 -2.1182957442e-02 )
412              	( -3.9058897377e+00 1.3802712776e+00 -3.0064305638e-01 )	( -3.9063581237e+00 1.3825969503e+00 -2.7946009663e-01 )	( 4.6838597396e-04 -2.3256726635e-03 -2.1182959753e-02 )
413              	( -3.9058903571e+00 1.3802714683e+00 -3.0064304188e-01 )	( -3.9063587429e+00 1.3825971413e+00 -2.7946007986e-01 )	( 4.6838585487e-04 -2.3256730089e-03 -2.1182962012e-02 )
414              	( -3.9058909628e+00 1.3802716548e+00 -3.0064302755e-01 )	( -3.9063593485e+00 1.3825973281e+00 -2.7946006333e-01 )	( 4.6838573709e-04 -2.3256733461e-03 -2.1182964220e-02 )
415              	( -3.9058915551e+00 1.3802718370e+00 -3.0064301342e-01 )	( -3.9063599407e+00 1.3825975107e+00 -2.7946004704e-01 )	( 4.6838562062e-04 -2.3256736753e-03 -2.1182966378e-02 )
416              	( -3.9058921343e+00 1.3802720151e+00 -3.0064299946e-01 )	( -3.9063605198e+00 1.3825976891e+00 -2.7946003097e-01 )	( 4.6838550550e-04 -2.3256739967e-03 -2.1182968488e-02 )
417              	( -3.9058927007e+00 1.3802721893e+00 -3.0064298569e-01 )	( -3.9063610861e+00 1.3825978636e+00 -2.7946001514e-01 )	( 4.6838539174e-04 -2.3256743105e-03 -2.1182970550e-02 )
418              	( -3.9058932546e+00 1.3802723594e+00 -3.0064297211e-01 )	( -3.9063616398e+00 1.3825980341e+00 -2.7945999954e-01 )	( 4.6838527937e-04 -2.3256746170e-03 -2.1182972566e-02 )
419              	( -3.9058937961e+00 1.3802725258e+00 -3.0064295872e-01 )	( -3.9063621813e+00 1.3825982007e+00 -2.7945998418e-01 )	( 4.6838516844e-04 -2.3256749163e-03 -2.1182974537e-02 )
420              	( -3.9058943256e+00 1.3802726883e+00 -3.0064294551e-01 )	( -3.9063627107e+00 1.3825983636e+00 -2.7945996905e-01 )	( 4.6838505897e-04 -2.3256752085e-03 -2.1182976463e-02 )
421              	( -3.9058948433e+00 1.3802728472e+00 -3.0064293250e-01 )	( -3.9063632282e+00 1.3825985227e+00 -2.7945995415e-01 )	( 4.6838495101e-04 -2.3256754939e-03 -2.1182978347e-02 )
422              	( -3.9058953494e+00 1.3802730025e+00 -3.0064291969e-01 )	( -3.9063637343e+00 1.3825986783e+00 -2.7945993950e-01 )	( 4.6838484460e-04 -2.3256757727e-03 -2.1182980188e-02 )
423              	( -3.9058958442e+00 1.3802731542e+00 -3.0064290707e-01 )	( -3.9063642290e+00 1.3825988303e+00 -2.7945992508e-01 )	( 4.6838473978e-04 -2.3256760449e-03 -2.1182981988e-02 )
424              	( -3.9058963279e+00 1.3802733025e+00 -3.0064289466e-01 )	( -3.9063647126e+00 1.3825989788e+00 -2.7945991091e-01 )	( 4.6838463659e-04 -2.3256763109e-03 -2.1182983748e-02 )
425              	( -3.9058968008e+00 1.3802734474e+00 -3.0064288245e-01 )	( -3.9063651853e+00 1.3825991240e+00 -2.7945989698e-01 )	( 4.6838453508e-04 -2.3256765707e-03 -2.1182985468e-02 )
426              	( -3.9058972629e+00 1.3802735889e+00 -3.0064287046e-01 )	( -3.9063656473e+00 1.3825992657e+00 -2.7945988331e-01 )	( 4.6838443534e-04 -2.3256768245e-03 -2.1182987151e-02 )
427              	( -3.9058977146e+00 1.3802737273e+00 -3.0064285865e-01 )	( -3.9063660990e+00 1.3825994044e+00 -2.7945986986e-01 )	( 4.6838433728e-04 -2.3256770725e-03 -2.1182988795e-02 )
428              	( -3.9058981562e+00 1.3802738625e+00 -3.0064284709e-01 )	( -3.9063665405e+00 1.3825995398e+00 -2.7945985669e-01 )	( 4.6838424101e-04 -2.3256773148e-03 -2.1182990403e-02 )
429              	( -3.9058985878e+00 1.3802739946e+00 -3.0064283575e-01 )	( -3.9063669719e+00 1.3825996721e+00 -2.7945984377e-01 )	( 4.6838414657e-04 -2.3256775515e-03 -2.1182991975e-02 )
