# Force          
# CofR           : ( 0.0000000000e+00 0.0000000000e+00 0.0000000000e+00 )
#                
# Time           	(total_x total_y total_z)	(pressure_x pressure_y pressure_z)	(viscous_x viscous_y viscous_z)
1                	( 3.0415343112e+01 0.0000000000e+00 -5.2573360489e+01 )	( 3.0376044866e+01 0.0000000000e+00 -5.2587793297e+01 )	( 3.9298246871e-02 0.0000000000e+00 1.4432808545e-02 )
2                	( 7.7109028274e+00 0.0000000000e+00 -1.5383454576e+01 )	( 7.6707311142e+00 0.0000000000e+00 -1.5400213034e+01 )	( 4.0171713185e-02 0.0000000000e+00 1.6758458208e-02 )
3                	( 3.5758598401e+00 0.0000000000e+00 -8.5720760850e+00 )	( 3.5368467162e+00 0.0000000000e+00 -8.5876342532e+00 )	( 3.9013123910e-02 0.0000000000e+00 1.5558168225e-02 )
4                	( 2.9969926567e+00 0.0000000000e+00 -7.7710205749e+00 )	( 2.9585226684e+00 0.0000000000e+00 -7.7858510343e+00 )	( 3.8469988296e-02 0.0000000000e+00 1.4830459414e-02 )
5                	( 3.0517393001e+00 0.0000000000e+00 -8.1918545357e+00 )	( 3.0138360443e+00 0.0000000000e+00 -8.2059916038e+00 )	( 3.7903255726e-02 0.0000000000e+00 1.4137068137e-02 )
6                	( 3.1411407321e+00 0.0000000000e+00 -8.7323111148e+00 )	( 3.1035710910e+00 0.0000000000e+00 -8.7459003662e+00 )	( 3.7569641059e-02 0.0000000000e+00 1.3589251446e-02 )
7                	( 3.2069829661e+00 0.0000000000e+00 -9.2247305663e+00 )	( 3.1700378766e+00 0.0000000000e+00 -9.2375918274e+00 )	( 3.6945089504e-02 0.0000000000e+00 1.2861261052e-02 )
8                	( 3.2802871737e+00 0.0000000000e+00 -9.7032283371e+00 )	( 3.2439649290e+00 0.0000000000e+00 -9.7153928423e+00 )	( 3.6322244674e-02 0.0000000000e+00 1.2164505106e-02 )
9                	( 3.3300811821e+00 0.0000000000e+00 -1.0123701465e+01 )	( 3.2944952323e+00 0.0000000000e+00 -1.0135159254e+01 )	( 3.5585949751e-02 0.0000000000e+00 1.1457789470e-02 )
10               	( 3.3558753266e+00 0.0000000000e+00 -1.0464634589e+01 )	( 3.3211246120e+00 0.0000000000e+00 -1.0475339507e+01 )	( 3.4750714629e-02 0.0000000000e+00 1.0704918034e-02 )
11               	( 3.3859830496e+00 0.0000000000e+00 -1.0853569079e+01 )	( 3.3520780743e+00 0.0000000000e+00 -1.0863511737e+01 )	( 3.3904975302e-02 0.0000000000e+00 9.9426583274e-03 )
12               	( 3.3724477060e+00 0.0000000000e+00 -1.1039275644e+01 )	( 3.3394683986e+00 0.0000000000e+00 -1.1048394492e+01 )	( 3.2979307421e-02 0.0000000000e+00 9.1188478924e-03 )
13               	( 3.3789158634e+00 0.0000000000e+00 -1.1288532536e+01 )	( 3.3468405647e+00 0.0000000000e+00 -1.1296876864e+01 )	( 3.2075298774e-02 0.0000000000e+00 8.3443277871e-03 )
14               	( 3.3558996736e+00 0.0000000000e+00 -1.1443772338e+01 )	( 3.3247349494e+00 0.0000000000e+00 -1.1451353277e+01 )	( 3.1164724157e-02 0.0000000000e+00 7.5809385362e-03 )
15               	( 3.3276825886e+00 0.0000000000e+00 -1.1565733500e+01 )	( 3.2974490435e+00 0.0000000000e+00 -1.1572550046e+01 )	( 3.0233545063e-02 0.0000000000e+00 6.8165459500e-03 )
16               	( 3.2912108241e+00 0.0000000000e+00 -1.1648182723e+01 )	( 3.2619123396e+00 0.0000000000e+00 -1.1654244112e+01 )	( 2.9298484474e-02 0.0000000000e+00 6.0613886722e-03 )
17               	( 3.2463614273e+00 0.0000000000e+00 -1.1694244588e+01 )	( 3.2179914223e+00 0.0000000000e+00 -1.1699569293e+01 )	( 2.8370004991e-02 0.0000000000e+00 5.3247053065e-03 )
18               	( 3.1932030139e+00 0.0000000000e+00 -1.1705015288e+01 )	( 3.1657488596e+00 0.0000000000e+00 -1.1709636570e+01 )	( 2.7454154223e-02 0.0000000000e+00 4.6212816477e-03 )
19               	( 3.1293257869e+00 0.0000000000e+00 -1.1668913383e+01 )	( 3.1027414560e+00 0.0000000000e+00 -1.1672897859e+01 )	( 2.6584330825e-02 0.0000000000e+00 3.9844761959e-03 )
20               	( 3.0499433346e+00 0.0000000000e+00 -1.1566037886e+01 )	( 3.0241161240e+00 0.0000000000e+00 -1.1569535885e+01 )	( 2.5827210640e-02 0.0000000000e+00 3.4979985236e-03 )
21               	( 2.9252066581e+00 0.0000000000e+00 -1.1331896119e+01 )	( 2.9003800371e+00 0.0000000000e+00 -1.1334719444e+01 )	( 2.4826620975e-02 0.0000000000e+00 2.8233252630e-03 )
22               	( 2.9450549860e+00 0.0000000000e+00 -1.1288750944e+01 )	( 2.9208592007e+00 0.0000000000e+00 -1.1291313447e+01 )	( 2.4195785299e-02 0.0000000000e+00 2.5625033011e-03 )
23               	( 2.9722027754e+00 0.0000000000e+00 -1.1242688789e+01 )	( 2.9487805898e+00 0.0000000000e+00 -1.1244824735e+01 )	( 2.3422185595e-02 0.0000000000e+00 2.1359458446e-03 )
24               	( 2.9979681775e+00 0.0000000000e+00 -1.1174996522e+01 )	( 2.9752411851e+00 0.0000000000e+00 -1.1176807301e+01 )	( 2.2726992341e-02 0.0000000000e+00 1.8107796246e-03 )
25               	( 3.0295644614e+00 0.0000000000e+00 -1.1099529164e+01 )	( 3.0074897598e+00 0.0000000000e+00 -1.1101048979e+01 )	( 2.2074701640e-02 0.0000000000e+00 1.5198149190e-03 )
26               	( 3.0475458275e+00 0.0000000000e+00 -1.0988505966e+01 )	( 3.0260743089e+00 0.0000000000e+00 -1.0989743626e+01 )	( 2.1471518660e-02 0.0000000000e+00 1.2376596178e-03 )
27               	( 3.0584033268e+00 0.0000000000e+00 -1.0861677368e+01 )	( 3.0374874856e+00 0.0000000000e+00 -1.0862653485e+01 )	( 2.0915841290e-02 0.0000000000e+00 9.7611783205e-04 )
28               	( 3.0688968077e+00 0.0000000000e+00 -1.0735348676e+01 )	( 3.0485102619e+00 0.0000000000e+00 -1.0736107386e+01 )	( 2.0386545743e-02 0.0000000000e+00 7.5871016927e-04 )
29               	( 3.0641485188e+00 0.0000000000e+00 -1.0573203022e+01 )	( 3.0442326576e+00 0.0000000000e+00 -1.0573798746e+01 )	( 1.9915861185e-02 0.0000000000e+00 5.9572432903e-04 )
30               	( 3.0529369809e+00 0.0000000000e+00 -1.0391883902e+01 )	( 3.0334059991e+00 0.0000000000e+00 -1.0392388712e+01 )	( 1.9530981798e-02 0.0000000000e+00 5.0481081752e-04 )
31               	( 3.0348176753e+00 0.0000000000e+00 -1.0199169734e+01 )	( 3.0156030110e+00 0.0000000000e+00 -1.0199648243e+01 )	( 1.9214664325e-02 0.0000000000e+00 4.7850900188e-04 )
32               	( 2.9902847892e+00 0.0000000000e+00 -9.9670520578e+00 )	( 2.9713662585e+00 0.0000000000e+00 -9.9675262884e+00 )	( 1.8918530754e-02 0.0000000000e+00 4.7423055912e-04 )
33               	( 2.9272071190e+00 0.0000000000e+00 -9.6956552551e+00 )	( 2.9085232767e+00 0.0000000000e+00 -9.6961572328e+00 )	( 1.8683842253e-02 0.0000000000e+00 5.0197775775e-04 )
34               	( 2.8667689861e+00 0.0000000000e+00 -9.4288859983e+00 )	( 2.8482672484e+00 0.0000000000e+00 -9.4294227196e+00 )	( 1.8501737616e-02 0.0000000000e+00 5.3672128322e-04 )
35               	( 2.7841545819e+00 0.0000000000e+00 -9.1304494519e+00 )	( 2.7656836223e+00 0.0000000000e+00 -9.1312148574e+00 )	( 1.8470959594e-02 0.0000000000e+00 7.6540545436e-04 )
36               	( 2.7224081790e+00 0.0000000000e+00 -8.8549692882e+00 )	( 2.7039884615e+00 0.0000000000e+00 -8.8558526828e+00 )	( 1.8419717464e-02 0.0000000000e+00 8.8339461493e-04 )
37               	( 2.6663370521e+00 0.0000000000e+00 -8.5894123539e+00 )	( 2.6478900825e+00 0.0000000000e+00 -8.5904642419e+00 )	( 1.8446969623e-02 0.0000000000e+00 1.0518880246e-03 )
38               	( 2.6142526810e+00 0.0000000000e+00 -8.3424571203e+00 )	( 2.5956859488e+00 0.0000000000e+00 -8.3437646176e+00 )	( 1.8566732196e-02 0.0000000000e+00 1.3074973076e-03 )
39               	( 2.5319996827e+00 0.0000000000e+00 -8.0552935914e+00 )	( 2.5132982125e+00 0.0000000000e+00 -8.0568778993e+00 )	( 1.8701470167e-02 0.0000000000e+00 1.5843079410e-03 )
40               	( 2.4623763211e+00 0.0000000000e+00 -7.7941649284e+00 )	( 2.4434688458e+00 0.0000000000e+00 -7.7961131659e+00 )	( 1.8907475373e-02 0.0000000000e+00 1.9482374222e-03 )
41               	( 2.4080200003e+00 0.0000000000e+00 -7.5659623354e+00 )	( 2.3889059203e+00 0.0000000000e+00 -7.5682364837e+00 )	( 1.9114079944e-02 0.0000000000e+00 2.2741482661e-03 )
42               	( 2.3240730587e+00 0.0000000000e+00 -7.3092618370e+00 )	( 2.3047019072e+00 0.0000000000e+00 -7.3119004523e+00 )	( 1.9371151487e-02 0.0000000000e+00 2.6386152524e-03 )
43               	( 2.2758049489e+00 0.0000000000e+00 -7.1206202009e+00 )	( 2.2562887651e+00 0.0000000000e+00 -7.1234883476e+00 )	( 1.9516183737e-02 0.0000000000e+00 2.8681466194e-03 )
44               	( 2.2310129807e+00 0.0000000000e+00 -6.9549325766e+00 )	( 2.2113162836e+00 0.0000000000e+00 -6.9580507220e+00 )	( 1.9696697159e-02 0.0000000000e+00 3.1181453377e-03 )
45               	( 2.1893844296e+00 0.0000000000e+00 -6.8007193883e+00 )	( 2.1695217489e+00 0.0000000000e+00 -6.8040634043e+00 )	( 1.9862680697e-02 0.0000000000e+00 3.3440159609e-03 )
46               	( 2.1591233915e+00 0.0000000000e+00 -6.6813546302e+00 )	( 2.1391146712e+00 0.0000000000e+00 -6.6848916260e+00 )	( 2.0008720232e-02 0.0000000000e+00 3.5369958285e-03 )
47               	( 2.1292623669e+00 0.0000000000e+00 -6.5785331383e+00 )	( 2.1091302769e+00 0.0000000000e+00 -6.5822257820e+00 )	( 2.0132089953e-02 0.0000000000e+00 3.6926437052e-03 )
48               	( 2.1058088805e+00 0.0000000000e+00 -6.5000013776e+00 )	( 2.0855846713e+00 0.0000000000e+00 -6.5037994800e+00 )	( 2.0224209196e-02 0.0000000000e+00 3.7981023653e-03 )
49               	( 2.0886120066e+00 0.0000000000e+00 -6.4417035888e+00 )	( 2.0683310040e+00 0.0000000000e+00 -6.4455669315e+00 )	( 2.0281002627e-02 0.0000000000e+00 3.8633426635e-03 )
50               	( 2.0659182517e+00 0.0000000000e+00 -6.3890851463e+00 )	( 2.0455826475e+00 0.0000000000e+00 -6.3929901743e+00 )	( 2.0335604178e-02 0.0000000000e+00 3.9050279906e-03 )
51               	( 2.0702581698e+00 0.0000000000e+00 -6.3845268622e+00 )	( 2.0498826556e+00 0.0000000000e+00 -6.3884518165e+00 )	( 2.0375514147e-02 0.0000000000e+00 3.9249543548e-03 )
52               	( 2.0790273488e+00 0.0000000000e+00 -6.3972470077e+00 )	( 2.0586188316e+00 0.0000000000e+00 -6.4011729666e+00 )	( 2.0408517228e-02 0.0000000000e+00 3.9259588376e-03 )
53               	( 2.0859180358e+00 0.0000000000e+00 -6.4176047721e+00 )	( 2.0655020634e+00 0.0000000000e+00 -6.4215025899e+00 )	( 2.0415972317e-02 0.0000000000e+00 3.8978178877e-03 )
54               	( 2.1017677820e+00 0.0000000000e+00 -6.4549432404e+00 )	( 2.0813496865e+00 0.0000000000e+00 -6.4587994289e+00 )	( 2.0418095485e-02 0.0000000000e+00 3.8561885121e-03 )
55               	( 2.1188283977e+00 0.0000000000e+00 -6.4971682132e+00 )	( 2.0984069443e+00 0.0000000000e+00 -6.5009744731e+00 )	( 2.0421453400e-02 0.0000000000e+00 3.8062598847e-03 )
56               	( 2.1338947848e+00 0.0000000000e+00 -6.5394301558e+00 )	( 2.1134549836e+00 0.0000000000e+00 -6.5431887903e+00 )	( 2.0439801178e-02 0.0000000000e+00 3.7586344843e-03 )
57               	( 2.1455678213e+00 0.0000000000e+00 -6.5819276389e+00 )	( 2.1251039968e+00 0.0000000000e+00 -6.5856311781e+00 )	( 2.0463824438e-02 0.0000000000e+00 3.7035392373e-03 )
58               	( 2.1491938601e+00 0.0000000000e+00 -6.6137883057e+00 )	( 2.1286992876e+00 0.0000000000e+00 -6.6174468600e+00 )	( 2.0494572571e-02 0.0000000000e+00 3.6585542306e-03 )
59               	( 2.1547846529e+00 0.0000000000e+00 -6.6472712213e+00 )	( 2.1342330307e+00 0.0000000000e+00 -6.6509075058e+00 )	( 2.0551622170e-02 0.0000000000e+00 3.6362844972e-03 )
60               	( 2.1541753225e+00 0.0000000000e+00 -6.6706975327e+00 )	( 2.1335470690e+00 0.0000000000e+00 -6.6743258157e+00 )	( 2.0628253452e-02 0.0000000000e+00 3.6282829203e-03 )
61               	( 2.1493686589e+00 0.0000000000e+00 -6.6887164527e+00 )	( 2.1286492257e+00 0.0000000000e+00 -6.6923550689e+00 )	( 2.0719433154e-02 0.0000000000e+00 3.6386162049e-03 )
62               	( 2.1389237691e+00 0.0000000000e+00 -6.6979936132e+00 )	( 2.1181225552e+00 0.0000000000e+00 -6.7016402410e+00 )	( 2.0801213827e-02 0.0000000000e+00 3.6466277444e-03 )
63               	( 2.1303963231e+00 0.0000000000e+00 -6.7076558896e+00 )	( 2.1095115119e+00 0.0000000000e+00 -6.7113180477e+00 )	( 2.0884811213e-02 0.0000000000e+00 3.6621581781e-03 )
64               	( 2.1267345754e+00 0.0000000000e+00 -6.7257416819e+00 )	( 2.1057677582e+00 0.0000000000e+00 -6.7294222649e+00 )	( 2.0966817207e-02 0.0000000000e+00 3.6805829793e-03 )
65               	( 2.1275148840e+00 0.0000000000e+00 -6.7520413050e+00 )	( 2.1064706276e+00 0.0000000000e+00 -6.7557390768e+00 )	( 2.1044256458e-02 0.0000000000e+00 3.6977718001e-03 )
66               	( 2.1339334374e+00 0.0000000000e+00 -6.7875696151e+00 )	( 2.1128094993e+00 0.0000000000e+00 -6.7912866208e+00 )	( 2.1123938102e-02 0.0000000000e+00 3.7170057210e-03 )
67               	( 2.1428022195e+00 0.0000000000e+00 -6.8264265944e+00 )	( 2.1216010690e+00 0.0000000000e+00 -6.8301616408e+00 )	( 2.1201150543e-02 0.0000000000e+00 3.7350463767e-03 )
68               	( 2.1446511249e+00 0.0000000000e+00 -6.8543062016e+00 )	( 2.1233830742e+00 0.0000000000e+00 -6.8580551267e+00 )	( 2.1268050717e-02 0.0000000000e+00 3.7489251170e-03 )
69               	( 2.1426521673e+00 0.0000000000e+00 -6.8741758361e+00 )	( 2.1213290278e+00 0.0000000000e+00 -6.8779325994e+00 )	( 2.1323139497e-02 0.0000000000e+00 3.7567632896e-03 )
70               	( 2.1366699467e+00 0.0000000000e+00 -6.8858284456e+00 )	( 2.1153054493e+00 0.0000000000e+00 -6.8895869933e+00 )	( 2.1364497432e-02 0.0000000000e+00 3.7585476793e-03 )
71               	( 2.1341520282e+00 0.0000000000e+00 -6.9008035366e+00 )	( 2.1127568228e+00 0.0000000000e+00 -6.9045583411e+00 )	( 2.1395205365e-02 0.0000000000e+00 3.7548045568e-03 )
72               	( 2.1330321764e+00 0.0000000000e+00 -6.9167422680e+00 )	( 2.1116172538e+00 0.0000000000e+00 -6.9204868705e+00 )	( 2.1414922633e-02 0.0000000000e+00 3.7446024263e-03 )
73               	( 2.1339354816e+00 0.0000000000e+00 -6.9349308563e+00 )	( 2.1125106101e+00 0.0000000000e+00 -6.9386586930e+00 )	( 2.1424871519e-02 0.0000000000e+00 3.7278367712e-03 )
74               	( 2.1360378425e+00 0.0000000000e+00 -6.9538860103e+00 )	( 2.1146092802e+00 0.0000000000e+00 -6.9575943938e+00 )	( 2.1428562358e-02 0.0000000000e+00 3.7083834367e-03 )
75               	( 2.1419145476e+00 0.0000000000e+00 -6.9771329387e+00 )	( 2.1204829399e+00 0.0000000000e+00 -6.9808212962e+00 )	( 2.1431607728e-02 0.0000000000e+00 3.6883574664e-03 )
76               	( 2.1516892956e+00 0.0000000000e+00 -7.0053175641e+00 )	( 2.1302544316e+00 0.0000000000e+00 -7.0089859774e+00 )	( 2.1434863934e-02 0.0000000000e+00 3.6684133349e-03 )
77               	( 2.1607608640e+00 0.0000000000e+00 -7.0317191166e+00 )	( 2.1393208919e+00 0.0000000000e+00 -7.0353692754e+00 )	( 2.1439972166e-02 0.0000000000e+00 3.6501588000e-03 )
78               	( 2.1671783231e+00 0.0000000000e+00 -7.0526958951e+00 )	( 2.1457327378e+00 0.0000000000e+00 -7.0563289199e+00 )	( 2.1445585358e-02 0.0000000000e+00 3.6330248362e-03 )
79               	( 2.1685456455e+00 0.0000000000e+00 -7.0643883952e+00 )	( 2.1470944705e+00 0.0000000000e+00 -7.0680071355e+00 )	( 2.1451175036e-02 0.0000000000e+00 3.6187402973e-03 )
80               	( 2.1670608047e+00 0.0000000000e+00 -7.0696061756e+00 )	( 2.1455999505e+00 0.0000000000e+00 -7.0732171730e+00 )	( 2.1460854225e-02 0.0000000000e+00 3.6109974000e-03 )
81               	( 2.1631954274e+00 0.0000000000e+00 -7.0690604867e+00 )	( 2.1417254700e+00 0.0000000000e+00 -7.0726664131e+00 )	( 2.1469957413e-02 0.0000000000e+00 3.6059264224e-03 )
82               	( 2.1588758393e+00 0.0000000000e+00 -7.0661332852e+00 )	( 2.1373950562e+00 0.0000000000e+00 -7.0697377363e+00 )	( 2.1480783087e-02 0.0000000000e+00 3.6044511489e-03 )
83               	( 2.1536454974e+00 0.0000000000e+00 -7.0604619801e+00 )	( 2.1321554285e+00 0.0000000000e+00 -7.0640657058e+00 )	( 2.1490068854e-02 0.0000000000e+00 3.6037256359e-03 )
84               	( 2.1480646961e+00 0.0000000000e+00 -7.0531065400e+00 )	( 2.1265676582e+00 0.0000000000e+00 -7.0567096826e+00 )	( 2.1497037846e-02 0.0000000000e+00 3.6031425679e-03 )
85               	( 2.1424078096e+00 0.0000000000e+00 -7.0448732791e+00 )	( 2.1209030059e+00 0.0000000000e+00 -7.0484775883e+00 )	( 2.1504803760e-02 0.0000000000e+00 3.6043091842e-03 )
86               	( 2.1376806485e+00 0.0000000000e+00 -7.0377602405e+00 )	( 2.1161684171e+00 0.0000000000e+00 -7.0413658333e+00 )	( 2.1512231389e-02 0.0000000000e+00 3.6055928430e-03 )
87               	( 2.1346190039e+00 0.0000000000e+00 -7.0331372497e+00 )	( 2.1130991330e+00 0.0000000000e+00 -7.0367444798e+00 )	( 2.1519870869e-02 0.0000000000e+00 3.6072301123e-03 )
88               	( 2.1340038163e+00 0.0000000000e+00 -7.0325539914e+00 )	( 2.1124754692e+00 0.0000000000e+00 -7.0361635103e+00 )	( 2.1528347135e-02 0.0000000000e+00 3.6095188603e-03 )
89               	( 2.1353065132e+00 0.0000000000e+00 -7.0354961800e+00 )	( 2.1137685604e+00 0.0000000000e+00 -7.0391086886e+00 )	( 2.1537952782e-02 0.0000000000e+00 3.6125085294e-03 )
90               	( 2.1381962007e+00 0.0000000000e+00 -7.0416328400e+00 )	( 2.1166475996e+00 0.0000000000e+00 -7.0452486883e+00 )	( 2.1548601073e-02 0.0000000000e+00 3.6158483273e-03 )
91               	( 2.1424441853e+00 0.0000000000e+00 -7.0507975593e+00 )	( 2.1208841823e+00 0.0000000000e+00 -7.0544167428e+00 )	( 2.1560003007e-02 0.0000000000e+00 3.6191834884e-03 )
92               	( 2.1477618483e+00 0.0000000000e+00 -7.0626644847e+00 )	( 2.1261899733e+00 0.0000000000e+00 -7.0662866664e+00 )	( 2.1571875022e-02 0.0000000000e+00 3.6221817503e-03 )
93               	( 2.1537083167e+00 0.0000000000e+00 -7.0765915536e+00 )	( 2.1321244721e+00 0.0000000000e+00 -7.0802160456e+00 )	( 2.1583844636e-02 0.0000000000e+00 3.6244919820e-03 )
94               	( 2.1597858281e+00 0.0000000000e+00 -7.0917068729e+00 )	( 2.1381902168e+00 0.0000000000e+00 -7.0953330923e+00 )	( 2.1595611291e-02 0.0000000000e+00 3.6262193731e-03 )
95               	( 2.1653629470e+00 0.0000000000e+00 -7.1068446422e+00 )	( 2.1437562470e+00 0.0000000000e+00 -7.1104719224e+00 )	( 2.1606699985e-02 0.0000000000e+00 3.6272802149e-03 )
96               	( 2.1700021584e+00 0.0000000000e+00 -7.1212369145e+00 )	( 2.1483857817e+00 0.0000000000e+00 -7.1248642971e+00 )	( 2.1616376720e-02 0.0000000000e+00 3.6273825783e-03 )
97               	( 2.1739880535e+00 0.0000000000e+00 -7.1350436823e+00 )	( 2.1523637609e+00 0.0000000000e+00 -7.1386701136e+00 )	( 2.1624292528e-02 0.0000000000e+00 3.6264313712e-03 )
98               	( 2.1772535001e+00 0.0000000000e+00 -7.1479502440e+00 )	( 2.1556233255e+00 0.0000000000e+00 -7.1515748269e+00 )	( 2.1630174598e-02 0.0000000000e+00 3.6245829668e-03 )
99               	( 2.1798275989e+00 0.0000000000e+00 -7.1597843047e+00 )	( 2.1581933897e+00 0.0000000000e+00 -7.1634063334e+00 )	( 2.1634209206e-02 0.0000000000e+00 3.6220286838e-03 )
100              	( 2.1817375821e+00 0.0000000000e+00 -7.1705453456e+00 )	( 2.1601014640e+00 0.0000000000e+00 -7.1741640985e+00 )	( 2.1636118124e-02 0.0000000000e+00 3.6187528779e-03 )
101              	( 2.1829721933e+00 0.0000000000e+00 -7.1801290938e+00 )	( 2.1613364510e+00 0.0000000000e+00 -7.1837439032e+00 )	( 2.1635742248e-02 0.0000000000e+00 3.6148094030e-03 )
102              	( 2.1838330485e+00 0.0000000000e+00 -7.1889141318e+00 )	( 2.1621999562e+00 0.0000000000e+00 -7.1925243670e+00 )	( 2.1633092281e-02 0.0000000000e+00 3.6102351544e-03 )
103              	( 2.1844998633e+00 0.0000000000e+00 -7.1971161610e+00 )	( 2.1628715749e+00 0.0000000000e+00 -7.2007212887e+00 )	( 2.1628288333e-02 0.0000000000e+00 3.6051276862e-03 )
104              	( 2.1851930901e+00 0.0000000000e+00 -7.2050700627e+00 )	( 2.1635716437e+00 0.0000000000e+00 -7.2086696002e+00 )	( 2.1621446478e-02 0.0000000000e+00 3.5995374268e-03 )
105              	( 2.1860550053e+00 0.0000000000e+00 -7.2130032149e+00 )	( 2.1644422634e+00 0.0000000000e+00 -7.2165967482e+00 )	( 2.1612741938e-02 0.0000000000e+00 3.5935333170e-03 )
106              	( 2.1871507893e+00 0.0000000000e+00 -7.2210374328e+00 )	( 2.1655483898e+00 0.0000000000e+00 -7.2246246492e+00 )	( 2.1602399509e-02 0.0000000000e+00 3.5872164234e-03 )
107              	( 2.1884723768e+00 0.0000000000e+00 -7.2291362027e+00 )	( 2.1668818308e+00 0.0000000000e+00 -7.2327168018e+00 )	( 2.1590546087e-02 0.0000000000e+00 3.5805991333e-03 )
108              	( 2.1899559594e+00 0.0000000000e+00 -7.2371834454e+00 )	( 2.1683786545e+00 0.0000000000e+00 -7.2407571763e+00 )	( 2.1577304823e-02 0.0000000000e+00 3.5737309640e-03 )
109              	( 2.1911954282e+00 0.0000000000e+00 -7.2445267005e+00 )	( 2.1696327712e+00 0.0000000000e+00 -7.2480933194e+00 )	( 2.1562657056e-02 0.0000000000e+00 3.5666188105e-03 )
110              	( 2.1922564979e+00 0.0000000000e+00 -7.2511907432e+00 )	( 2.1707099278e+00 0.0000000000e+00 -7.2547499101e+00 )	( 2.1546570012e-02 0.0000000000e+00 3.5591668896e-03 )
111              	( 2.1931485479e+00 0.0000000000e+00 -7.2570932808e+00 )	( 2.1716193700e+00 0.0000000000e+00 -7.2606447414e+00 )	( 2.1529177870e-02 0.0000000000e+00 3.5514605819e-03 )
112              	( 2.1938328428e+00 0.0000000000e+00 -7.2620918135e+00 )	( 2.1723222711e+00 0.0000000000e+00 -7.2656353897e+00 )	( 2.1510571789e-02 0.0000000000e+00 3.5435762353e-03 )
113              	( 2.1942650374e+00 0.0000000000e+00 -7.2660249865e+00 )	( 2.1727740377e+00 0.0000000000e+00 -7.2695606351e+00 )	( 2.1490999706e-02 0.0000000000e+00 3.5356485936e-03 )
114              	( 2.1944487962e+00 0.0000000000e+00 -7.2688714720e+00 )	( 2.1729781783e+00 0.0000000000e+00 -7.2723992456e+00 )	( 2.1470617904e-02 0.0000000000e+00 3.5277736220e-03 )
115              	( 2.1943599842e+00 0.0000000000e+00 -7.2705502555e+00 )	( 2.1729103587e+00 0.0000000000e+00 -7.2740702951e+00 )	( 2.1449625471e-02 0.0000000000e+00 3.5200395414e-03 )
116              	( 2.1939828506e+00 0.0000000000e+00 -7.2710053934e+00 )	( 2.1725546253e+00 0.0000000000e+00 -7.2745179697e+00 )	( 2.1428225305e-02 0.0000000000e+00 3.5125762971e-03 )
117              	( 2.1933219136e+00 0.0000000000e+00 -7.2702038543e+00 )	( 2.1719153646e+00 0.0000000000e+00 -7.2737093114e+00 )	( 2.1406548993e-02 0.0000000000e+00 3.5054570996e-03 )
118              	( 2.1924151604e+00 0.0000000000e+00 -7.2682127723e+00 )	( 2.1710303341e+00 0.0000000000e+00 -7.2717115162e+00 )	( 2.1384826346e-02 0.0000000000e+00 3.4987439605e-03 )
119              	( 2.1913081045e+00 0.0000000000e+00 -7.2651219485e+00 )	( 2.1699448384e+00 0.0000000000e+00 -7.2686144272e+00 )	( 2.1363266046e-02 0.0000000000e+00 3.4924786923e-03 )
120              	( 2.1900181410e+00 0.0000000000e+00 -7.2609723077e+00 )	( 2.1686758793e+00 0.0000000000e+00 -7.2644590768e+00 )	( 2.1342261744e-02 0.0000000000e+00 3.4867690358e-03 )
121              	( 2.1885888777e+00 0.0000000000e+00 -7.2559079213e+00 )	( 2.1672669462e+00 0.0000000000e+00 -7.2593895741e+00 )	( 2.1321931509e-02 0.0000000000e+00 3.4816528176e-03 )
122              	( 2.1868563381e+00 0.0000000000e+00 -7.2497114162e+00 )	( 2.1655539609e+00 0.0000000000e+00 -7.2531885462e+00 )	( 2.1302377187e-02 0.0000000000e+00 3.4771300506e-03 )
123              	( 2.1849357390e+00 0.0000000000e+00 -7.2425800360e+00 )	( 2.1636519952e+00 0.0000000000e+00 -7.2460532134e+00 )	( 2.1283743761e-02 0.0000000000e+00 3.4731774309e-03 )
124              	( 2.1829103687e+00 0.0000000000e+00 -7.2347044973e+00 )	( 2.1616441092e+00 0.0000000000e+00 -7.2381743545e+00 )	( 2.1266259481e-02 0.0000000000e+00 3.4698572759e-03 )
125              	( 2.1807497894e+00 0.0000000000e+00 -7.2261209426e+00 )	( 2.1594997057e+00 0.0000000000e+00 -7.2295881380e+00 )	( 2.1250083700e-02 0.0000000000e+00 3.4671953496e-03 )
126              	( 2.1785364046e+00 0.0000000000e+00 -7.2170336158e+00 )	( 2.1573010933e+00 0.0000000000e+00 -7.2204988248e+00 )	( 2.1235311314e-02 0.0000000000e+00 3.4652090327e-03 )
127              	( 2.1762436604e+00 0.0000000000e+00 -7.2074691916e+00 )	( 2.1550216160e+00 0.0000000000e+00 -7.2109331315e+00 )	( 2.1222044430e-02 0.0000000000e+00 3.4639398603e-03 )
128              	( 2.1738957223e+00 0.0000000000e+00 -7.1975468366e+00 )	( 2.1526853506e+00 0.0000000000e+00 -7.2010102300e+00 )	( 2.1210371652e-02 0.0000000000e+00 3.4633933652e-03 )
129              	( 2.1715421278e+00 0.0000000000e+00 -7.1874030026e+00 )	( 2.1503417488e+00 0.0000000000e+00 -7.1908665838e+00 )	( 2.1200378957e-02 0.0000000000e+00 3.4635811278e-03 )
130              	( 2.1692669154e+00 0.0000000000e+00 -7.1772931434e+00 )	( 2.1480748037e+00 0.0000000000e+00 -7.1807576096e+00 )	( 2.1192111697e-02 0.0000000000e+00 3.4644662167e-03 )
131              	( 2.1670992288e+00 0.0000000000e+00 -7.1673140795e+00 )	( 2.1459136254e+00 0.0000000000e+00 -7.1707801053e+00 )	( 2.1185603443e-02 0.0000000000e+00 3.4660258119e-03 )
132              	( 2.1650919078e+00 0.0000000000e+00 -7.1576401833e+00 )	( 2.1439110486e+00 0.0000000000e+00 -7.1611083976e+00 )	( 2.1180859114e-02 0.0000000000e+00 3.4682143217e-03 )
133              	( 2.1632077307e+00 0.0000000000e+00 -7.1483215886e+00 )	( 2.1420299280e+00 0.0000000000e+00 -7.1517925587e+00 )	( 2.1177802737e-02 0.0000000000e+00 3.4709700676e-03 )
134              	( 2.1614772035e+00 0.0000000000e+00 -7.1394805175e+00 )	( 2.1403008754e+00 0.0000000000e+00 -7.1429547091e+00 )	( 2.1176328110e-02 0.0000000000e+00 3.4741915941e-03 )
135              	( 2.1598730566e+00 0.0000000000e+00 -7.1311492481e+00 )	( 2.1386967411e+00 0.0000000000e+00 -7.1346270435e+00 )	( 2.1176315547e-02 0.0000000000e+00 3.4777953744e-03 )
136              	( 2.1585004494e+00 0.0000000000e+00 -7.1235495640e+00 )	( 2.1373227837e+00 0.0000000000e+00 -7.1270312606e+00 )	( 2.1177665659e-02 0.0000000000e+00 3.4816965195e-03 )
137              	( 2.1574404800e+00 0.0000000000e+00 -7.1168619453e+00 )	( 2.1362601939e+00 0.0000000000e+00 -7.1203477766e+00 )	( 2.1180286095e-02 0.0000000000e+00 3.4858312699e-03 )
138              	( 2.1565916390e+00 0.0000000000e+00 -7.1109777843e+00 )	( 2.1354076235e+00 0.0000000000e+00 -7.1144679218e+00 )	( 2.1184015450e-02 0.0000000000e+00 3.4901375185e-03 )
139              	( 2.1559565187e+00 0.0000000000e+00 -7.1059026970e+00 )	( 2.1347677536e+00 0.0000000000e+00 -7.1093972197e+00 )	( 2.1188765107e-02 0.0000000000e+00 3.4945226438e-03 )
140              	( 2.1555339739e+00 0.0000000000e+00 -7.1016837057e+00 )	( 2.1343394720e+00 0.0000000000e+00 -7.1051826829e+00 )	( 2.1194501968e-02 0.0000000000e+00 3.4989772253e-03 )
141              	( 2.1552385125e+00 0.0000000000e+00 -7.0982050129e+00 )	( 2.1340375343e+00 0.0000000000e+00 -7.1017083975e+00 )	( 2.1200978199e-02 0.0000000000e+00 3.5033846502e-03 )
142              	( 2.1550381940e+00 0.0000000000e+00 -7.0953946773e+00 )	( 2.1338301842e+00 0.0000000000e+00 -7.0989023473e+00 )	( 2.1208009834e-02 0.0000000000e+00 3.5076700866e-03 )
143              	( 2.1548886118e+00 0.0000000000e+00 -7.0931487071e+00 )	( 2.1336732196e+00 0.0000000000e+00 -7.0966604753e+00 )	( 2.1215392200e-02 0.0000000000e+00 3.5117682249e-03 )
144              	( 2.1548132712e+00 0.0000000000e+00 -7.0914816693e+00 )	( 2.1335902108e+00 0.0000000000e+00 -7.0949973411e+00 )	( 2.1223060408e-02 0.0000000000e+00 3.5156717925e-03 )
145              	( 2.1548308990e+00 0.0000000000e+00 -7.0903979730e+00 )	( 2.1336000504e+00 0.0000000000e+00 -7.0939172863e+00 )	( 2.1230848593e-02 0.0000000000e+00 3.5193133593e-03 )
146              	( 2.1549595055e+00 0.0000000000e+00 -7.0898973594e+00 )	( 2.1337208237e+00 0.0000000000e+00 -7.0934200607e+00 )	( 2.1238681727e-02 0.0000000000e+00 3.5227012664e-03 )
147              	( 2.1551835551e+00 0.0000000000e+00 -7.0899252076e+00 )	( 2.1339370497e+00 0.0000000000e+00 -7.0934510567e+00 )	( 2.1246505405e-02 0.0000000000e+00 3.5258491088e-03 )
148              	( 2.1555024105e+00 0.0000000000e+00 -7.0904745260e+00 )	( 2.1342482164e+00 0.0000000000e+00 -7.0940032303e+00 )	( 2.1254194089e-02 0.0000000000e+00 3.5287042749e-03 )
149              	( 2.1559886958e+00 0.0000000000e+00 -7.0916097906e+00 )	( 2.1347269622e+00 0.0000000000e+00 -7.0951411064e+00 )	( 2.1261733591e-02 0.0000000000e+00 3.5313157352e-03 )
150              	( 2.1564349284e+00 0.0000000000e+00 -7.0929957264e+00 )	( 2.1351659477e+00 0.0000000000e+00 -7.0965293234e+00 )	( 2.1268980703e-02 0.0000000000e+00 3.5335969850e-03 )
151              	( 2.1569322863e+00 0.0000000000e+00 -7.0947345151e+00 )	( 2.1356564187e+00 0.0000000000e+00 -7.0982700752e+00 )	( 2.1275867620e-02 0.0000000000e+00 3.5355601076e-03 )
152              	( 2.1574218373e+00 0.0000000000e+00 -7.0966891039e+00 )	( 2.1361394900e+00 0.0000000000e+00 -7.1002263302e+00 )	( 2.1282347321e-02 0.0000000000e+00 3.5372263089e-03 )
153              	( 2.1578921080e+00 0.0000000000e+00 -7.0987871654e+00 )	( 2.1366037224e+00 0.0000000000e+00 -7.1023257779e+00 )	( 2.1288385621e-02 0.0000000000e+00 3.5386125236e-03 )
154              	( 2.1583414561e+00 0.0000000000e+00 -7.1009862828e+00 )	( 2.1370475169e+00 0.0000000000e+00 -7.1045260009e+00 )	( 2.1293939139e-02 0.0000000000e+00 3.5397181305e-03 )
155              	( 2.1587798384e+00 0.0000000000e+00 -7.1032719184e+00 )	( 2.1374809667e+00 0.0000000000e+00 -7.1068123958e+00 )	( 2.1298871607e-02 0.0000000000e+00 3.5404773311e-03 )
156              	( 2.1591920331e+00 0.0000000000e+00 -7.1055819654e+00 )	( 2.1378887173e+00 0.0000000000e+00 -7.1091229847e+00 )	( 2.1303315807e-02 0.0000000000e+00 3.5410192845e-03 )
157              	( 2.1595623739e+00 0.0000000000e+00 -7.1078669190e+00 )	( 2.1382551497e+00 0.0000000000e+00 -7.1114082664e+00 )	( 2.1307224176e-02 0.0000000000e+00 3.5413473806e-03 )
158              	( 2.1598829185e+00 0.0000000000e+00 -7.1100809287e+00 )	( 2.1385722963e+00 0.0000000000e+00 -7.1136224222e+00 )	( 2.1310622232e-02 0.0000000000e+00 3.5414934841e-03 )
159              	( 2.1601497632e+00 0.0000000000e+00 -7.1121909767e+00 )	( 2.1388362529e+00 0.0000000000e+00 -7.1157324479e+00 )	( 2.1313510254e-02 0.0000000000e+00 3.5414712638e-03 )
160              	( 2.1603623068e+00 0.0000000000e+00 -7.1141717573e+00 )	( 2.1390464144e+00 0.0000000000e+00 -7.1177130506e+00 )	( 2.1315892363e-02 0.0000000000e+00 3.5412933082e-03 )
161              	( 2.1605225268e+00 0.0000000000e+00 -7.1160049848e+00 )	( 2.1392047434e+00 0.0000000000e+00 -7.1195459637e+00 )	( 2.1317783417e-02 0.0000000000e+00 3.5409789198e-03 )
162              	( 2.1606304331e+00 0.0000000000e+00 -7.1176724488e+00 )	( 2.1393112249e+00 0.0000000000e+00 -7.1212129964e+00 )	( 2.1319208188e-02 0.0000000000e+00 3.5405476152e-03 )
163              	( 2.1607146892e+00 0.0000000000e+00 -7.1192056372e+00 )	( 2.1393944829e+00 0.0000000000e+00 -7.1227456585e+00 )	( 2.1320206231e-02 0.0000000000e+00 3.5400213274e-03 )
164              	( 2.1608512284e+00 0.0000000000e+00 -7.1207213905e+00 )	( 2.1395303689e+00 0.0000000000e+00 -7.1242608237e+00 )	( 2.1320859568e-02 0.0000000000e+00 3.5394331453e-03 )
165              	( 2.1609985042e+00 0.0000000000e+00 -7.1221644419e+00 )	( 2.1396773006e+00 0.0000000000e+00 -7.1257032407e+00 )	( 2.1321203568e-02 0.0000000000e+00 3.5387987679e-03 )
166              	( 2.1611710675e+00 0.0000000000e+00 -7.1235548975e+00 )	( 2.1398497861e+00 0.0000000000e+00 -7.1270930224e+00 )	( 2.1321281471e-02 0.0000000000e+00 3.5381249372e-03 )
167              	( 2.1613638869e+00 0.0000000000e+00 -7.1248854300e+00 )	( 2.1400427489e+00 0.0000000000e+00 -7.1284228612e+00 )	( 2.1321137990e-02 0.0000000000e+00 3.5374311789e-03 )
168              	( 2.1615581386e+00 0.0000000000e+00 -7.1261296323e+00 )	( 2.1402373390e+00 0.0000000000e+00 -7.1296663546e+00 )	( 2.1320799602e-02 0.0000000000e+00 3.5367223234e-03 )
169              	( 2.1617562907e+00 0.0000000000e+00 -7.1272915556e+00 )	( 2.1404360001e+00 0.0000000000e+00 -7.1308275555e+00 )	( 2.1320290551e-02 0.0000000000e+00 3.5359999025e-03 )
170              	( 2.1619582316e+00 0.0000000000e+00 -7.1283745129e+00 )	( 2.1406385884e+00 0.0000000000e+00 -7.1319097822e+00 )	( 2.1319643193e-02 0.0000000000e+00 3.5352693109e-03 )
171              	( 2.1621611884e+00 0.0000000000e+00 -7.1293786045e+00 )	( 2.1408423039e+00 0.0000000000e+00 -7.1329131448e+00 )	( 2.1318884471e-02 0.0000000000e+00 3.5345403384e-03 )
172              	( 2.1623674956e+00 0.0000000000e+00 -7.1303116684e+00 )	( 2.1410494538e+00 0.0000000000e+00 -7.1338454879e+00 )	( 2.1318041766e-02 0.0000000000e+00 3.5338194758e-03 )
173              	( 2.1625786935e+00 0.0000000000e+00 -7.1311831608e+00 )	( 2.1412615557e+00 0.0000000000e+00 -7.1347162748e+00 )	( 2.1317137821e-02 0.0000000000e+00 3.5331139736e-03 )
174              	( 2.1627944449e+00 0.0000000000e+00 -7.1320005844e+00 )	( 2.1414782501e+00 0.0000000000e+00 -7.1355330131e+00 )	( 2.1316194857e-02 0.0000000000e+00 3.5324287250e-03 )
175              	( 2.1630129892e+00 0.0000000000e+00 -7.1327678737e+00 )	( 2.1416977590e+00 0.0000000000e+00 -7.1362996425e+00 )	( 2.1315230164e-02 0.0000000000e+00 3.5317687948e-03 )
176              	( 2.1632270149e+00 0.0000000000e+00 -7.1334800448e+00 )	( 2.1419127595e+00 0.0000000000e+00 -7.1370111794e+00 )	( 2.1314255320e-02 0.0000000000e+00 3.5311345983e-03 )
177              	( 2.1634306695e+00 0.0000000000e+00 -7.1341312212e+00 )	( 2.1421173902e+00 0.0000000000e+00 -7.1376617485e+00 )	( 2.1313279304e-02 0.0000000000e+00 3.5305273124e-03 )
178              	( 2.1636170106e+00 0.0000000000e+00 -7.1347134135e+00 )	( 2.1423047015e+00 0.0000000000e+00 -7.1382433606e+00 )	( 2.1312309063e-02 0.0000000000e+00 3.5299471447e-03 )
179              	( 2.1637847912e+00 0.0000000000e+00 -7.1352281876e+00 )	( 2.1424734434e+00 0.0000000000e+00 -7.1387575816e+00 )	( 2.1311347745e-02 0.0000000000e+00 3.5293939692e-03 )
180              	( 2.1639306340e+00 0.0000000000e+00 -7.1356728687e+00 )	( 2.1426202353e+00 0.0000000000e+00 -7.1392017369e+00 )	( 2.1310398730e-02 0.0000000000e+00 3.5288682159e-03 )
181              	( 2.1640540999e+00 0.0000000000e+00 -7.1360488103e+00 )	( 2.1427446362e+00 0.0000000000e+00 -7.1395771805e+00 )	( 2.1309463614e-02 0.0000000000e+00 3.5283702719e-03 )
182              	( 2.1641557168e+00 0.0000000000e+00 -7.1363589998e+00 )	( 2.1428471724e+00 0.0000000000e+00 -7.1398868995e+00 )	( 2.1308544371e-02 0.0000000000e+00 3.5278997470e-03 )
183              	( 2.1642382310e+00 0.0000000000e+00 -7.1366097298e+00 )	( 2.1429305885e+00 0.0000000000e+00 -7.1401371866e+00 )	( 2.1307642452e-02 0.0000000000e+00 3.5274568484e-03 )
184              	( 2.1643060575e+00 0.0000000000e+00 -7.1368104781e+00 )	( 2.1429992964e+00 0.0000000000e+00 -7.1403375193e+00 )	( 2.1306761013e-02 0.0000000000e+00 3.5270411515e-03 )
185              	( 2.1643638356e+00 0.0000000000e+00 -7.1369714644e+00 )	( 2.1430579329e+00 0.0000000000e+00 -7.1404981172e+00 )	( 2.1305902708e-02 0.0000000000e+00 3.5266528491e-03 )
186              	( 2.1644162697e+00 0.0000000000e+00 -7.1371030426e+00 )	( 2.1431111978e+00 0.0000000000e+00 -7.1406293341e+00 )	( 2.1305071908e-02 0.0000000000e+00 3.5262915143e-03 )
187              	( 2.1644673353e+00 0.0000000000e+00 -7.1372144322e+00 )	( 2.1431630630e+00 0.0000000000e+00 -7.1407403902e+00 )	( 2.1304272355e-02 0.0000000000e+00 3.5259579156e-03 )
188              	( 2.1645188496e+00 0.0000000000e+00 -7.1373113613e+00 )	( 2.1432153423e+00 0.0000000000e+00 -7.1408370122e+00 )	( 2.1303507322e-02 0.0000000000e+00 3.5256509517e-03 )
189              	( 2.1645714507e+00 0.0000000000e+00 -7.1373973207e+00 )	( 2.1432686727e+00 0.0000000000e+00 -7.1409226892e+00 )	( 2.1302777998e-02 0.0000000000e+00 3.5253685148e-03 )
190              	( 2.1646248540e+00 0.0000000000e+00 -7.1374743637e+00 )	( 2.1433227676e+00 0.0000000000e+00 -7.1409994735e+00 )	( 2.1302086429e-02 0.0000000000e+00 3.5251098184e-03 )
191              	( 2.1646767797e+00 0.0000000000e+00 -7.1375404256e+00 )	( 2.1433753471e+00 0.0000000000e+00 -7.1410653001e+00 )	( 2.1301432664e-02 0.0000000000e+00 3.5248745029e-03 )
192              	( 2.1647233610e+00 0.0000000000e+00 -7.1375905095e+00 )	( 2.1434225447e+00 0.0000000000e+00 -7.1411151709e+00 )	( 2.1300816299e-02 0.0000000000e+00 3.5246613959e-03 )
193              	( 2.1647621471e+00 0.0000000000e+00 -7.1376211282e+00 )	( 2.1434619126e+00 0.0000000000e+00 -7.1411455973e+00 )	( 2.1300234485e-02 0.0000000000e+00 3.5244691112e-03 )
194              	( 2.1647914627e+00 0.0000000000e+00 -7.1376295796e+00 )	( 2.1434917771e+00 0.0000000000e+00 -7.1411538756e+00 )	( 2.1299685572e-02 0.0000000000e+00 3.5242959665e-03 )
195              	( 2.1648096486e+00 0.0000000000e+00 -7.1376130822e+00 )	( 2.1435104824e+00 0.0000000000e+00 -7.1411372228e+00 )	( 2.1299166195e-02 0.0000000000e+00 3.5241405875e-03 )
196              	( 2.1648159327e+00 0.0000000000e+00 -7.1375698763e+00 )	( 2.1435172580e+00 0.0000000000e+00 -7.1410938780e+00 )	( 2.1298674678e-02 0.0000000000e+00 3.5240017441e-03 )
197              	( 2.1648109642e+00 0.0000000000e+00 -7.1375005631e+00 )	( 2.1435127554e+00 0.0000000000e+00 -7.1410244422e+00 )	( 2.1298208852e-02 0.0000000000e+00 3.5238790533e-03 )
198              	( 2.1647955250e+00 0.0000000000e+00 -7.1374063736e+00 )	( 2.1434977572e+00 0.0000000000e+00 -7.1409301452e+00 )	( 2.1297767815e-02 0.0000000000e+00 3.5237716082e-03 )
199              	( 2.1647716295e+00 0.0000000000e+00 -7.1372905019e+00 )	( 2.1434742789e+00 0.0000000000e+00 -7.1408141812e+00 )	( 2.1297350574e-02 0.0000000000e+00 3.5236792132e-03 )
200              	( 2.1647414446e+00 0.0000000000e+00 -7.1371567020e+00 )	( 2.1434444872e+00 0.0000000000e+00 -7.1406803031e+00 )	( 2.1296957338e-02 0.0000000000e+00 3.5236010399e-03 )
201              	( 2.1647071217e+00 0.0000000000e+00 -7.1370089070e+00 )	( 2.1434105334e+00 0.0000000000e+00 -7.1405324442e+00 )	( 2.1296588298e-02 0.0000000000e+00 3.5235372375e-03 )
202              	( 2.1646705626e+00 0.0000000000e+00 -7.1368508401e+00 )	( 2.1433743171e+00 0.0000000000e+00 -7.1403743269e+00 )	( 2.1296245478e-02 0.0000000000e+00 3.5234868067e-03 )
203              	( 2.1646332665e+00 0.0000000000e+00 -7.1366857932e+00 )	( 2.1433373375e+00 0.0000000000e+00 -7.1402092432e+00 )	( 2.1295928974e-02 0.0000000000e+00 3.5234500008e-03 )
204              	( 2.1645961854e+00 0.0000000000e+00 -7.1365162423e+00 )	( 2.1433005444e+00 0.0000000000e+00 -7.1400396680e+00 )	( 2.1295640994e-02 0.0000000000e+00 3.5234257201e-03 )
205              	( 2.1645595521e+00 0.0000000000e+00 -7.1363433775e+00 )	( 2.1432641706e+00 0.0000000000e+00 -7.1398667918e+00 )	( 2.1295381511e-02 0.0000000000e+00 3.5234142680e-03 )
206              	( 2.1645230375e+00 0.0000000000e+00 -7.1361675822e+00 )	( 2.1432278855e+00 0.0000000000e+00 -7.1396909965e+00 )	( 2.1295151998e-02 0.0000000000e+00 3.5234143284e-03 )
207              	( 2.1644860221e+00 0.0000000000e+00 -7.1359886489e+00 )	( 2.1431910707e+00 0.0000000000e+00 -7.1395120748e+00 )	( 2.1294951360e-02 0.0000000000e+00 3.5234259100e-03 )
208              	( 2.1644476349e+00 0.0000000000e+00 -7.1358055159e+00 )	( 2.1431528544e+00 0.0000000000e+00 -7.1393289637e+00 )	( 2.1294780550e-02 0.0000000000e+00 3.5234478152e-03 )
209              	( 2.1644072614e+00 0.0000000000e+00 -7.1356177883e+00 )	( 2.1431126236e+00 0.0000000000e+00 -7.1391412683e+00 )	( 2.1294637742e-02 0.0000000000e+00 3.5234799996e-03 )
210              	( 2.1643646120e+00 0.0000000000e+00 -7.1354253091e+00 )	( 2.1430700886e+00 0.0000000000e+00 -7.1389488304e+00 )	( 2.1294523403e-02 0.0000000000e+00 3.5235212512e-03 )
211              	( 2.1643195986e+00 0.0000000000e+00 -7.1352282320e+00 )	( 2.1430251628e+00 0.0000000000e+00 -7.1387518038e+00 )	( 2.1294435788e-02 0.0000000000e+00 3.5235717580e-03 )
212              	( 2.1642725847e+00 0.0000000000e+00 -7.1350275869e+00 )	( 2.1429782094e+00 0.0000000000e+00 -7.1385512172e+00 )	( 2.1294375285e-02 0.0000000000e+00 3.5236303145e-03 )
213              	( 2.1642243525e+00 0.0000000000e+00 -7.1348250988e+00 )	( 2.1429300121e+00 0.0000000000e+00 -7.1383487960e+00 )	( 2.1294340331e-02 0.0000000000e+00 3.5236971571e-03 )
214              	( 2.1641757858e+00 0.0000000000e+00 -7.1346228804e+00 )	( 2.1428814543e+00 0.0000000000e+00 -7.1381466515e+00 )	( 2.1294331528e-02 0.0000000000e+00 3.5237710895e-03 )
215              	( 2.1641278761e+00 0.0000000000e+00 -7.1344232731e+00 )	( 2.1428335287e+00 0.0000000000e+00 -7.1379471254e+00 )	( 2.1294347366e-02 0.0000000000e+00 3.5238522602e-03 )
216              	( 2.1640816000e+00 0.0000000000e+00 -7.1342287039e+00 )	( 2.1427872115e+00 0.0000000000e+00 -7.1377526433e+00 )	( 2.1294388491e-02 0.0000000000e+00 3.5239394051e-03 )
217              	( 2.1640377486e+00 0.0000000000e+00 -7.1340413604e+00 )	( 2.1427432954e+00 0.0000000000e+00 -7.1375653929e+00 )	( 2.1294453284e-02 0.0000000000e+00 3.5240325695e-03 )
218              	( 2.1639972002e+00 0.0000000000e+00 -7.1338637679e+00 )	( 2.1427026582e+00 0.0000000000e+00 -7.1373878982e+00 )	( 2.1294542009e-02 0.0000000000e+00 3.5241302769e-03 )
219              	( 2.1639602236e+00 0.0000000000e+00 -7.1336972452e+00 )	( 2.1426655709e+00 0.0000000000e+00 -7.1372214777e+00 )	( 2.1294652691e-02 0.0000000000e+00 3.5242324979e-03 )
220              	( 2.1639270198e+00 0.0000000000e+00 -7.1335430480e+00 )	( 2.1426322346e+00 0.0000000000e+00 -7.1370673856e+00 )	( 2.1294785147e-02 0.0000000000e+00 3.5243376645e-03 )
221              	( 2.1638975304e+00 0.0000000000e+00 -7.1334019128e+00 )	( 2.1426025937e+00 0.0000000000e+00 -7.1369263583e+00 )	( 2.1294936720e-02 0.0000000000e+00 3.5244455411e-03 )
222              	( 2.1638715398e+00 0.0000000000e+00 -7.1332741798e+00 )	( 2.1425764331e+00 0.0000000000e+00 -7.1367987343e+00 )	( 2.1295106703e-02 0.0000000000e+00 3.5245545374e-03 )
223              	( 2.1638487606e+00 0.0000000000e+00 -7.1331599638e+00 )	( 2.1425534687e+00 0.0000000000e+00 -7.1366846282e+00 )	( 2.1295291887e-02 0.0000000000e+00 3.5246643628e-03 )
224              	( 2.1638290278e+00 0.0000000000e+00 -7.1330594462e+00 )	( 2.1425335368e+00 0.0000000000e+00 -7.1365842195e+00 )	( 2.1295491004e-02 0.0000000000e+00 3.5247733494e-03 )
225              	( 2.1638119636e+00 0.0000000000e+00 -7.1329723331e+00 )	( 2.1425162630e+00 0.0000000000e+00 -7.1364972143e+00 )	( 2.1295700545e-02 0.0000000000e+00 3.5248812713e-03 )
226              	( 2.1637972887e+00 0.0000000000e+00 -7.1328983436e+00 )	( 2.1425013698e+00 0.0000000000e+00 -7.1364233301e+00 )	( 2.1295918951e-02 0.0000000000e+00 3.5249864967e-03 )
227              	( 2.1637848702e+00 0.0000000000e+00 -7.1328373119e+00 )	( 2.1424887277e+00 0.0000000000e+00 -7.1363624007e+00 )	( 2.1296142512e-02 0.0000000000e+00 3.5250888121e-03 )
228              	( 2.1637747124e+00 0.0000000000e+00 -7.1327891904e+00 )	( 2.1424783426e+00 0.0000000000e+00 -7.1363143771e+00 )	( 2.1296369770e-02 0.0000000000e+00 3.5251867285e-03 )
229              	( 2.1637668466e+00 0.0000000000e+00 -7.1327538953e+00 )	( 2.1424702494e+00 0.0000000000e+00 -7.1362791755e+00 )	( 2.1296597200e-02 0.0000000000e+00 3.5252801874e-03 )
230              	( 2.1637613548e+00 0.0000000000e+00 -7.1327313462e+00 )	( 2.1424645312e+00 0.0000000000e+00 -7.1362567141e+00 )	( 2.1296823599e-02 0.0000000000e+00 3.5253678596e-03 )
231              	( 2.1637583059e+00 0.0000000000e+00 -7.1327213737e+00 )	( 2.1424612601e+00 0.0000000000e+00 -7.1362468235e+00 )	( 2.1297045734e-02 0.0000000000e+00 3.5254498394e-03 )
232              	( 2.1637577338e+00 0.0000000000e+00 -7.1327236915e+00 )	( 2.1424604711e+00 0.0000000000e+00 -7.1362492165e+00 )	( 2.1297262708e-02 0.0000000000e+00 3.5255249509e-03 )
233              	( 2.1637596052e+00 0.0000000000e+00 -7.1327378343e+00 )	( 2.1424621337e+00 0.0000000000e+00 -7.1362634278e+00 )	( 2.1297471592e-02 0.0000000000e+00 3.5255934417e-03 )
234              	( 2.1637638036e+00 0.0000000000e+00 -7.1327631225e+00 )	( 2.1424661318e+00 0.0000000000e+00 -7.1362887768e+00 )	( 2.1297671810e-02 0.0000000000e+00 3.5256543071e-03 )
235              	( 2.1637701371e+00 0.0000000000e+00 -7.1327986860e+00 )	( 2.1424722763e+00 0.0000000000e+00 -7.1363243940e+00 )	( 2.1297860749e-02 0.0000000000e+00 3.5257079664e-03 )
236              	( 2.1637783352e+00 0.0000000000e+00 -7.1328434506e+00 )	( 2.1424802971e+00 0.0000000000e+00 -7.1363692042e+00 )	( 2.1298038151e-02 0.0000000000e+00 3.5257535930e-03 )
237              	( 2.1637880761e+00 0.0000000000e+00 -7.1328961953e+00 )	( 2.1424898744e+00 0.0000000000e+00 -7.1364219871e+00 )	( 2.1298201740e-02 0.0000000000e+00 3.5257917886e-03 )
238              	( 2.1637990210e+00 0.0000000000e+00 -7.1329556156e+00 )	( 2.1425006694e+00 0.0000000000e+00 -7.1364814375e+00 )	( 2.1298351609e-02 0.0000000000e+00 3.5258219098e-03 )
239              	( 2.1638108181e+00 0.0000000000e+00 -7.1330203438e+00 )	( 2.1425123322e+00 0.0000000000e+00 -7.1365461885e+00 )	( 2.1298485866e-02 0.0000000000e+00 3.5258447471e-03 )
240              	( 2.1638231427e+00 0.0000000000e+00 -7.1330890205e+00 )	( 2.1425245377e+00 0.0000000000e+00 -7.1366148804e+00 )	( 2.1298605023e-02 0.0000000000e+00 3.5258599611e-03 )
241              	( 2.1638356853e+00 0.0000000000e+00 -7.1331602100e+00 )	( 2.1425369777e+00 0.0000000000e+00 -7.1366860789e+00 )	( 2.1298707570e-02 0.0000000000e+00 3.5258689224e-03 )
242              	( 2.1638481498e+00 0.0000000000e+00 -7.1332324062e+00 )	( 2.1425493558e+00 0.0000000000e+00 -7.1367582763e+00 )	( 2.1298794061e-02 0.0000000000e+00 3.5258700988e-03 )
243              	( 2.1638606741e+00 0.0000000000e+00 -7.1333052992e+00 )	( 2.1425618101e+00 0.0000000000e+00 -7.1368311646e+00 )	( 2.1298864017e-02 0.0000000000e+00 3.5258653767e-03 )
244              	( 2.1638729720e+00 0.0000000000e+00 -7.1333777662e+00 )	( 2.1425740532e+00 0.0000000000e+00 -7.1369036208e+00 )	( 2.1298918798e-02 0.0000000000e+00 3.5258545916e-03 )
245              	( 2.1638848369e+00 0.0000000000e+00 -7.1334488086e+00 )	( 2.1425858789e+00 0.0000000000e+00 -7.1369746476e+00 )	( 2.1298957932e-02 0.0000000000e+00 3.5258389948e-03 )
246              	( 2.1638961453e+00 0.0000000000e+00 -7.1335176110e+00 )	( 2.1425971621e+00 0.0000000000e+00 -7.1370434295e+00 )	( 2.1298983187e-02 0.0000000000e+00 3.5258184852e-03 )
247              	( 2.1639068442e+00 0.0000000000e+00 -7.1335835287e+00 )	( 2.1426078498e+00 0.0000000000e+00 -7.1371093231e+00 )	( 2.1298994378e-02 0.0000000000e+00 3.5257943639e-03 )
248              	( 2.1639169053e+00 0.0000000000e+00 -7.1336460387e+00 )	( 2.1426179117e+00 0.0000000000e+00 -7.1371718053e+00 )	( 2.1298993578e-02 0.0000000000e+00 3.5257665888e-03 )
249              	( 2.1639262961e+00 0.0000000000e+00 -7.1337046948e+00 )	( 2.1426273153e+00 0.0000000000e+00 -7.1372304313e+00 )	( 2.1298980786e-02 0.0000000000e+00 3.5257364524e-03 )
250              	( 2.1639350346e+00 0.0000000000e+00 -7.1337592165e+00 )	( 2.1426360763e+00 0.0000000000e+00 -7.1372849204e+00 )	( 2.1298958244e-02 0.0000000000e+00 3.5257038862e-03 )
251              	( 2.1639431355e+00 0.0000000000e+00 -7.1338094012e+00 )	( 2.1426442095e+00 0.0000000000e+00 -7.1373350714e+00 )	( 2.1298926080e-02 0.0000000000e+00 3.5256701426e-03 )
252              	( 2.1639505971e+00 0.0000000000e+00 -7.1338550906e+00 )	( 2.1426517105e+00 0.0000000000e+00 -7.1373807257e+00 )	( 2.1298886608e-02 0.0000000000e+00 3.5256351030e-03 )
253              	( 2.1639574037e+00 0.0000000000e+00 -7.1338961688e+00 )	( 2.1426585637e+00 0.0000000000e+00 -7.1374217688e+00 )	( 2.1298839957e-02 0.0000000000e+00 3.5255999435e-03 )
254              	( 2.1639635416e+00 0.0000000000e+00 -7.1339325750e+00 )	( 2.1426647532e+00 0.0000000000e+00 -7.1374581395e+00 )	( 2.1298788405e-02 0.0000000000e+00 3.5255644630e-03 )
255              	( 2.1639690064e+00 0.0000000000e+00 -7.1339643164e+00 )	( 2.1426702744e+00 0.0000000000e+00 -7.1374898462e+00 )	( 2.1298732014e-02 0.0000000000e+00 3.5255297534e-03 )
256              	( 2.1639737954e+00 0.0000000000e+00 -7.1339914408e+00 )	( 2.1426751224e+00 0.0000000000e+00 -7.1375169364e+00 )	( 2.1298672973e-02 0.0000000000e+00 3.5254955969e-03 )
257              	( 2.1639779034e+00 0.0000000000e+00 -7.1340139967e+00 )	( 2.1426792922e+00 0.0000000000e+00 -7.1375394597e+00 )	( 2.1298611191e-02 0.0000000000e+00 3.5254630626e-03 )
258              	( 2.1639813416e+00 0.0000000000e+00 -7.1340320724e+00 )	( 2.1426827930e+00 0.0000000000e+00 -7.1375575040e+00 )	( 2.1298548623e-02 0.0000000000e+00 3.5254315195e-03 )
259              	( 2.1639842105e+00 0.0000000000e+00 -7.1340460332e+00 )	( 2.1426857254e+00 0.0000000000e+00 -7.1375714352e+00 )	( 2.1298485158e-02 0.0000000000e+00 3.5254020164e-03 )
260              	( 2.1639865258e+00 0.0000000000e+00 -7.1340561093e+00 )	( 2.1426881031e+00 0.0000000000e+00 -7.1375814834e+00 )	( 2.1298422682e-02 0.0000000000e+00 3.5253740786e-03 )
261              	( 2.1639883052e+00 0.0000000000e+00 -7.1340625536e+00 )	( 2.1426899444e+00 0.0000000000e+00 -7.1375879022e+00 )	( 2.1298360864e-02 0.0000000000e+00 3.5253485381e-03 )
262              	( 2.1639895771e+00 0.0000000000e+00 -7.1340656471e+00 )	( 2.1426912756e+00 0.0000000000e+00 -7.1375909720e+00 )	( 2.1298301440e-02 0.0000000000e+00 3.5253248431e-03 )
263              	( 2.1639903730e+00 0.0000000000e+00 -7.1340656903e+00 )	( 2.1426921291e+00 0.0000000000e+00 -7.1375909941e+00 )	( 2.1298243899e-02 0.0000000000e+00 3.5253037442e-03 )
264              	( 2.1639907373e+00 0.0000000000e+00 -7.1340630078e+00 )	( 2.1426925475e+00 0.0000000000e+00 -7.1375882925e+00 )	( 2.1298189808e-02 0.0000000000e+00 3.5252846180e-03 )
265              	( 2.1639907178e+00 0.0000000000e+00 -7.1340579356e+00 )	( 2.1426925794e+00 0.0000000000e+00 -7.1375832037e+00 )	( 2.1298138478e-02 0.0000000000e+00 3.5252681409e-03 )
266              	( 2.1639903721e+00 0.0000000000e+00 -7.1340508229e+00 )	( 2.1426922808e+00 0.0000000000e+00 -7.1375760765e+00 )	( 2.1298091302e-02 0.0000000000e+00 3.5252536202e-03 )
267              	( 2.1639897569e+00 0.0000000000e+00 -7.1340420167e+00 )	( 2.1426917095e+00 0.0000000000e+00 -7.1375672584e+00 )	( 2.1298047424e-02 0.0000000000e+00 3.5252416656e-03 )
268              	( 2.1639889349e+00 0.0000000000e+00 -7.1340318655e+00 )	( 2.1426909268e+00 0.0000000000e+00 -7.1375570970e+00 )	( 2.1298008080e-02 0.0000000000e+00 3.5252315242e-03 )
269              	( 2.1639879621e+00 0.0000000000e+00 -7.1340206995e+00 )	( 2.1426899898e+00 0.0000000000e+00 -7.1375459232e+00 )	( 2.1297972267e-02 0.0000000000e+00 3.5252237528e-03 )
270              	( 2.1639868928e+00 0.0000000000e+00 -7.1340088316e+00 )	( 2.1426889517e+00 0.0000000000e+00 -7.1375340492e+00 )	( 2.1297941083e-02 0.0000000000e+00 3.5252175559e-03 )
271              	( 2.1639857701e+00 0.0000000000e+00 -7.1339965445e+00 )	( 2.1426878567e+00 0.0000000000e+00 -7.1375217579e+00 )	( 2.1297913399e-02 0.0000000000e+00 3.5252134558e-03 )
272              	( 2.1639846330e+00 0.0000000000e+00 -7.1339840938e+00 )	( 2.1426867428e+00 0.0000000000e+00 -7.1375093045e+00 )	( 2.1297890204e-02 0.0000000000e+00 3.5252106324e-03 )
273              	( 2.1639835056e+00 0.0000000000e+00 -7.1339716952e+00 )	( 2.1426856353e+00 0.0000000000e+00 -7.1374969048e+00 )	( 2.1297870266e-02 0.0000000000e+00 3.5252095909e-03 )
274              	( 2.1639824082e+00 0.0000000000e+00 -7.1339595341e+00 )	( 2.1426845537e+00 0.0000000000e+00 -7.1374847436e+00 )	( 2.1297854488e-02 0.0000000000e+00 3.5252095027e-03 )
275              	( 2.1639813466e+00 0.0000000000e+00 -7.1339477530e+00 )	( 2.1426835050e+00 0.0000000000e+00 -7.1374729639e+00 )	( 2.1297841565e-02 0.0000000000e+00 3.5252108712e-03 )
276              	( 2.1639803262e+00 0.0000000000e+00 -7.1339364691e+00 )	( 2.1426824938e+00 0.0000000000e+00 -7.1374616820e+00 )	( 2.1297832337e-02 0.0000000000e+00 3.5252128723e-03 )
277              	( 2.1639793400e+00 0.0000000000e+00 -7.1339257602e+00 )	( 2.1426815145e+00 0.0000000000e+00 -7.1374509762e+00 )	( 2.1297825457e-02 0.0000000000e+00 3.5252160190e-03 )
278              	( 2.1639783838e+00 0.0000000000e+00 -7.1339156842e+00 )	( 2.1426805620e+00 0.0000000000e+00 -7.1374409037e+00 )	( 2.1297821729e-02 0.0000000000e+00 3.5252195006e-03 )
279              	( 2.1639774489e+00 0.0000000000e+00 -7.1339062757e+00 )	( 2.1426796291e+00 0.0000000000e+00 -7.1374314996e+00 )	( 2.1297819786e-02 0.0000000000e+00 3.5252238465e-03 )
280              	( 2.1639765297e+00 0.0000000000e+00 -7.1338975524e+00 )	( 2.1426787092e+00 0.0000000000e+00 -7.1374227807e+00 )	( 2.1297820426e-02 0.0000000000e+00 3.5252282660e-03 )
281              	( 2.1639756182e+00 0.0000000000e+00 -7.1338895157e+00 )	( 2.1426777959e+00 0.0000000000e+00 -7.1374147490e+00 )	( 2.1297822283e-02 0.0000000000e+00 3.5252333085e-03 )
282              	( 2.1639747150e+00 0.0000000000e+00 -7.1338821640e+00 )	( 2.1426768888e+00 0.0000000000e+00 -7.1374074022e+00 )	( 2.1297826171e-02 0.0000000000e+00 3.5252382053e-03 )
283              	( 2.1639738188e+00 0.0000000000e+00 -7.1338754837e+00 )	( 2.1426759880e+00 0.0000000000e+00 -7.1374007272e+00 )	( 2.1297830748e-02 0.0000000000e+00 3.5252435286e-03 )
284              	( 2.1639729356e+00 0.0000000000e+00 -7.1338694619e+00 )	( 2.1426750988e+00 0.0000000000e+00 -7.1373947104e+00 )	( 2.1297836857e-02 0.0000000000e+00 3.5252485327e-03 )
285              	( 2.1639720702e+00 0.0000000000e+00 -7.1338640769e+00 )	( 2.1426742270e+00 0.0000000000e+00 -7.1373893307e+00 )	( 2.1297843196e-02 0.0000000000e+00 3.5252538132e-03 )
286              	( 2.1639712309e+00 0.0000000000e+00 -7.1338593066e+00 )	( 2.1426733802e+00 0.0000000000e+00 -7.1373845653e+00 )	( 2.1297850648e-02 0.0000000000e+00 3.5252586475e-03 )
287              	( 2.1639704224e+00 0.0000000000e+00 -7.1338551205e+00 )	( 2.1426725644e+00 0.0000000000e+00 -7.1373803841e+00 )	( 2.1297857953e-02 0.0000000000e+00 3.5252636514e-03 )
288              	( 2.1639696521e+00 0.0000000000e+00 -7.1338514872e+00 )	( 2.1426717861e+00 0.0000000000e+00 -7.1373767553e+00 )	( 2.1297866035e-02 0.0000000000e+00 3.5252681224e-03 )
289              	( 2.1639689209e+00 0.0000000000e+00 -7.1338483653e+00 )	( 2.1426710472e+00 0.0000000000e+00 -7.1373736380e+00 )	( 2.1297873677e-02 0.0000000000e+00 3.5252726948e-03 )
290              	( 2.1639682318e+00 0.0000000000e+00 -7.1338457138e+00 )	( 2.1426703500e+00 0.0000000000e+00 -7.1373709905e+00 )	( 2.1297881844e-02 0.0000000000e+00 3.5252766832e-03 )
291              	( 2.1639675809e+00 0.0000000000e+00 -7.1338434823e+00 )	( 2.1426696916e+00 0.0000000000e+00 -7.1373687631e+00 )	( 2.1297889356e-02 0.0000000000e+00 3.5252807371e-03 )
292              	( 2.1639669672e+00 0.0000000000e+00 -7.1338416233e+00 )	( 2.1426690700e+00 0.0000000000e+00 -7.1373669075e+00 )	( 2.1297897211e-02 0.0000000000e+00 3.5252841853e-03 )
293              	( 2.1639663835e+00 0.0000000000e+00 -7.1338400831e+00 )	( 2.1426684793e+00 0.0000000000e+00 -7.1373653708e+00 )	( 2.1297904264e-02 0.0000000000e+00 3.5252876894e-03 )
294              	( 2.1639658271e+00 0.0000000000e+00 -7.1338388140e+00 )	( 2.1426679155e+00 0.0000000000e+00 -7.1373641046e+00 )	( 2.1297911543e-02 0.0000000000e+00 3.5252905892e-03 )
295              	( 2.1639652907e+00 0.0000000000e+00 -7.1338377662e+00 )	( 2.1426673727e+00 0.0000000000e+00 -7.1373630597e+00 )	( 2.1297917930e-02 0.0000000000e+00 3.5252935554e-03 )
296              	( 2.1639647721e+00 0.0000000000e+00 -7.1338368982e+00 )	( 2.1426668476e+00 0.0000000000e+00 -7.1373621941e+00 )	( 2.1297924479e-02 0.0000000000e+00 3.5252959359e-03 )
297              	( 2.1639642671e+00 0.0000000000e+00 -7.1338361708e+00 )	( 2.1426663370e+00 0.0000000000e+00 -7.1373614692e+00 )	( 2.1297930096e-02 0.0000000000e+00 3.5252984071e-03 )
298              	( 2.1639637772e+00 0.0000000000e+00 -7.1338355557e+00 )	( 2.1426658413e+00 0.0000000000e+00 -7.1373608561e+00 )	( 2.1297935857e-02 0.0000000000e+00 3.5253003220e-03 )
299              	( 2.1639633013e+00 0.0000000000e+00 -7.1338350269e+00 )	( 2.1426653606e+00 0.0000000000e+00 -7.1373603293e+00 )	( 2.1297940686e-02 0.0000000000e+00 3.5253023607e-03 )
300              	( 2.1639628445e+00 0.0000000000e+00 -7.1338345696e+00 )	( 2.1426648988e+00 0.0000000000e+00 -7.1373598734e+00 )	( 2.1297945674e-02 0.0000000000e+00 3.5253038784e-03 )
301              	( 2.1639624081e+00 0.0000000000e+00 -7.1338341700e+00 )	( 2.1426644584e+00 0.0000000000e+00 -7.1373594756e+00 )	( 2.1297949759e-02 0.0000000000e+00 3.5253055557e-03 )
302              	( 2.1639619990e+00 0.0000000000e+00 -7.1338338246e+00 )	( 2.1426640450e+00 0.0000000000e+00 -7.1373591314e+00 )	( 2.1297954044e-02 0.0000000000e+00 3.5253067475e-03 )
303              	( 2.1639616191e+00 0.0000000000e+00 -7.1338335282e+00 )	( 2.1426636616e+00 0.0000000000e+00 -7.1373588364e+00 )	( 2.1297957475e-02 0.0000000000e+00 3.5253081330e-03 )
304              	( 2.1639612748e+00 0.0000000000e+00 -7.1338332839e+00 )	( 2.1426633136e+00 0.0000000000e+00 -7.1373585929e+00 )	( 2.1297961157e-02 0.0000000000e+00 3.5253090652e-03 )
305              	( 2.1639609670e+00 0.0000000000e+00 -7.1338330910e+00 )	( 2.1426630030e+00 0.0000000000e+00 -7.1373584013e+00 )	( 2.1297964038e-02 0.0000000000e+00 3.5253102201e-03 )
306              	( 2.1639607002e+00 0.0000000000e+00 -7.1338329547e+00 )	( 2.1426627329e+00 0.0000000000e+00 -7.1373582657e+00 )	( 2.1297967225e-02 0.0000000000e+00 3.5253109478e-03 )
307              	( 2.1639604731e+00 0.0000000000e+00 -7.1338328757e+00 )	( 2.1426625035e+00 0.0000000000e+00 -7.1373581876e+00 )	( 2.1297969662e-02 0.0000000000e+00 3.5253119205e-03 )
308              	( 2.1639602885e+00 0.0000000000e+00 -7.1338328594e+00 )	( 2.1426623161e+00 0.0000000000e+00 -7.1373581718e+00 )	( 2.1297972450e-02 0.0000000000e+00 3.5253124851e-03 )
309              	( 2.1639601433e+00 0.0000000000e+00 -7.1338329059e+00 )	( 2.1426621688e+00 0.0000000000e+00 -7.1373582192e+00 )	( 2.1297974531e-02 0.0000000000e+00 3.5253133101e-03 )
310              	( 2.1639600386e+00 0.0000000000e+00 -7.1338330199e+00 )	( 2.1426620616e+00 0.0000000000e+00 -7.1373583336e+00 )	( 2.1297976998e-02 0.0000000000e+00 3.5253137393e-03 )
311              	( 2.1639599704e+00 0.0000000000e+00 -7.1338332007e+00 )	( 2.1426619916e+00 0.0000000000e+00 -7.1373585151e+00 )	( 2.1297978787e-02 0.0000000000e+00 3.5253144381e-03 )
312              	( 2.1639599392e+00 0.0000000000e+00 -7.1338334525e+00 )	( 2.1426619582e+00 0.0000000000e+00 -7.1373587673e+00 )	( 2.1297980986e-02 0.0000000000e+00 3.5253147477e-03 )
313              	( 2.1639599406e+00 0.0000000000e+00 -7.1338337741e+00 )	( 2.1426619581e+00 0.0000000000e+00 -7.1373590895e+00 )	( 2.1297982523e-02 0.0000000000e+00 3.5253153311e-03 )
314              	( 2.1639599753e+00 0.0000000000e+00 -7.1338341690e+00 )	( 2.1426619909e+00 0.0000000000e+00 -7.1373594846e+00 )	( 2.1297984481e-02 0.0000000000e+00 3.5253155280e-03 )
315              	( 2.1639600394e+00 0.0000000000e+00 -7.1338346359e+00 )	( 2.1426620537e+00 0.0000000000e+00 -7.1373599519e+00 )	( 2.1297985786e-02 0.0000000000e+00 3.5253159997e-03 )
316              	( 2.1639601333e+00 0.0000000000e+00 -7.1338351770e+00 )	( 2.1426621458e+00 0.0000000000e+00 -7.1373604931e+00 )	( 2.1297987514e-02 0.0000000000e+00 3.5253160850e-03 )
317              	( 2.1639602528e+00 0.0000000000e+00 -7.1338357885e+00 )	( 2.1426622642e+00 0.0000000000e+00 -7.1373611050e+00 )	( 2.1297988589e-02 0.0000000000e+00 3.5253164444e-03 )
318              	( 2.1639603987e+00 0.0000000000e+00 -7.1338364726e+00 )	( 2.1426624086e+00 0.0000000000e+00 -7.1373617890e+00 )	( 2.1297990085e-02 0.0000000000e+00 3.5253164161e-03 )
319              	( 2.1639605659e+00 0.0000000000e+00 -7.1338372222e+00 )	( 2.1426625750e+00 0.0000000000e+00 -7.1373625389e+00 )	( 2.1297990922e-02 0.0000000000e+00 3.5253166604e-03 )
320              	( 2.1639607546e+00 0.0000000000e+00 -7.1338380359e+00 )	( 2.1426627624e+00 0.0000000000e+00 -7.1373633524e+00 )	( 2.1297992174e-02 0.0000000000e+00 3.5253165162e-03 )
321              	( 2.1639609598e+00 0.0000000000e+00 -7.1338389055e+00 )	( 2.1426629670e+00 0.0000000000e+00 -7.1373642222e+00 )	( 2.1297992759e-02 0.0000000000e+00 3.5253166437e-03 )
322              	( 2.1639611807e+00 0.0000000000e+00 -7.1338398263e+00 )	( 2.1426631869e+00 0.0000000000e+00 -7.1373651427e+00 )	( 2.1297993752e-02 0.0000000000e+00 3.5253163827e-03 )
323              	( 2.1639614117e+00 0.0000000000e+00 -7.1338407874e+00 )	( 2.1426634176e+00 0.0000000000e+00 -7.1373661038e+00 )	( 2.1297994071e-02 0.0000000000e+00 3.5253163941e-03 )
324              	( 2.1639616519e+00 0.0000000000e+00 -7.1338417818e+00 )	( 2.1426636571e+00 0.0000000000e+00 -7.1373670979e+00 )	( 2.1297994790e-02 0.0000000000e+00 3.5253160187e-03 )
325              	( 2.1639618955e+00 0.0000000000e+00 -7.1338427969e+00 )	( 2.1426639006e+00 0.0000000000e+00 -7.1373681129e+00 )	( 2.1297994830e-02 0.0000000000e+00 3.5253159183e-03 )
326              	( 2.1639621413e+00 0.0000000000e+00 -7.1338438245e+00 )	( 2.1426641461e+00 0.0000000000e+00 -7.1373691400e+00 )	( 2.1297995266e-02 0.0000000000e+00 3.5253154353e-03 )
327              	( 2.1639623840e+00 0.0000000000e+00 -7.1338448513e+00 )	( 2.1426643890e+00 0.0000000000e+00 -7.1373701665e+00 )	( 2.1297995022e-02 0.0000000000e+00 3.5253152324e-03 )
328              	( 2.1639626229e+00 0.0000000000e+00 -7.1338458690e+00 )	( 2.1426646277e+00 0.0000000000e+00 -7.1373711836e+00 )	( 2.1297995175e-02 0.0000000000e+00 3.5253146533e-03 )
329              	( 2.1639628530e+00 0.0000000000e+00 -7.1338468647e+00 )	( 2.1426648583e+00 0.0000000000e+00 -7.1373721791e+00 )	( 2.1297994651e-02 0.0000000000e+00 3.5253143618e-03 )
330              	( 2.1639630744e+00 0.0000000000e+00 -7.1338478311e+00 )	( 2.1426650799e+00 0.0000000000e+00 -7.1373731448e+00 )	( 2.1297994531e-02 0.0000000000e+00 3.5253137030e-03 )
331              	( 2.1639632829e+00 0.0000000000e+00 -7.1338487566e+00 )	( 2.1426652891e+00 0.0000000000e+00 -7.1373740699e+00 )	( 2.1297993746e-02 0.0000000000e+00 3.5253133414e-03 )
332              	( 2.1639634793e+00 0.0000000000e+00 -7.1338496357e+00 )	( 2.1426654859e+00 0.0000000000e+00 -7.1373749483e+00 )	( 2.1297993376e-02 0.0000000000e+00 3.5253126232e-03 )
333              	( 2.1639636600e+00 0.0000000000e+00 -7.1338504582e+00 )	( 2.1426656676e+00 0.0000000000e+00 -7.1373757705e+00 )	( 2.1297992357e-02 0.0000000000e+00 3.5253122134e-03 )
334              	( 2.1639638262e+00 0.0000000000e+00 -7.1338512203e+00 )	( 2.1426658344e+00 0.0000000000e+00 -7.1373765318e+00 )	( 2.1297991773e-02 0.0000000000e+00 3.5253114589e-03 )
335              	( 2.1639639750e+00 0.0000000000e+00 -7.1338519141e+00 )	( 2.1426659845e+00 0.0000000000e+00 -7.1373772251e+00 )	( 2.1297990561e-02 0.0000000000e+00 3.5253110249e-03 )
336              	( 2.1639641083e+00 0.0000000000e+00 -7.1338525374e+00 )	( 2.1426661184e+00 0.0000000000e+00 -7.1373778477e+00 )	( 2.1297989807e-02 0.0000000000e+00 3.5253102587e-03 )
337              	( 2.1639642236e+00 0.0000000000e+00 -7.1338530851e+00 )	( 2.1426662351e+00 0.0000000000e+00 -7.1373783949e+00 )	( 2.1297988450e-02 0.0000000000e+00 3.5253098250e-03 )
338              	( 2.1639643224e+00 0.0000000000e+00 -7.1338535554e+00 )	( 2.1426663348e+00 0.0000000000e+00 -7.1373788645e+00 )	( 2.1297987577e-02 0.0000000000e+00 3.5253090713e-03 )
339              	( 2.1639644031e+00 0.0000000000e+00 -7.1338539458e+00 )	( 2.1426664170e+00 0.0000000000e+00 -7.1373792544e+00 )	( 2.1297986129e-02 0.0000000000e+00 3.5253086614e-03 )
340              	( 2.1639644682e+00 0.0000000000e+00 -7.1338542580e+00 )	( 2.1426664830e+00 0.0000000000e+00 -7.1373795659e+00 )	( 2.1297985193e-02 0.0000000000e+00 3.5253079426e-03 )
341              	( 2.1639645157e+00 0.0000000000e+00 -7.1338544901e+00 )	( 2.1426665320e+00 0.0000000000e+00 -7.1373797977e+00 )	( 2.1297983709e-02 0.0000000000e+00 3.5253075779e-03 )
342              	( 2.1639645486e+00 0.0000000000e+00 -7.1338546461e+00 )	( 2.1426665658e+00 0.0000000000e+00 -7.1373799530e+00 )	( 2.1297982764e-02 0.0000000000e+00 3.5253069136e-03 )
343              	( 2.1639645654e+00 0.0000000000e+00 -7.1338547260e+00 )	( 2.1426665841e+00 0.0000000000e+00 -7.1373800326e+00 )	( 2.1297981299e-02 0.0000000000e+00 3.5253066119e-03 )
344              	( 2.1639645693e+00 0.0000000000e+00 -7.1338547357e+00 )	( 2.1426665889e+00 0.0000000000e+00 -7.1373800417e+00 )	( 2.1297980397e-02 0.0000000000e+00 3.5253060181e-03 )
345              	( 2.1639645590e+00 0.0000000000e+00 -7.1338546769e+00 )	( 2.1426665800e+00 0.0000000000e+00 -7.1373799827e+00 )	( 2.1297978999e-02 0.0000000000e+00 3.5253057929e-03 )
346              	( 2.1639645384e+00 0.0000000000e+00 -7.1338545573e+00 )	( 2.1426665602e+00 0.0000000000e+00 -7.1373798626e+00 )	( 2.1297978187e-02 0.0000000000e+00 3.5253052808e-03 )
347              	( 2.1639645063e+00 0.0000000000e+00 -7.1338543799e+00 )	( 2.1426665294e+00 0.0000000000e+00 -7.1373796850e+00 )	( 2.1297976898e-02 0.0000000000e+00 3.5253051410e-03 )
348              	( 2.1639644664e+00 0.0000000000e+00 -7.1338541531e+00 )	( 2.1426664902e+00 0.0000000000e+00 -7.1373794579e+00 )	( 2.1297976214e-02 0.0000000000e+00 3.5253047171e-03 )
349              	( 2.1639644178e+00 0.0000000000e+00 -7.1338538810e+00 )	( 2.1426664427e+00 0.0000000000e+00 -7.1373791857e+00 )	( 2.1297975069e-02 0.0000000000e+00 3.5253046667e-03 )
350              	( 2.1639643642e+00 0.0000000000e+00 -7.1338535727e+00 )	( 2.1426663897e+00 0.0000000000e+00 -7.1373788771e+00 )	( 2.1297974541e-02 0.0000000000e+00 3.5253043324e-03 )
351              	( 2.1639643048e+00 0.0000000000e+00 -7.1338532326e+00 )	( 2.1426663312e+00 0.0000000000e+00 -7.1373785370e+00 )	( 2.1297973563e-02 0.0000000000e+00 3.5253043707e-03 )
352              	( 2.1639642431e+00 0.0000000000e+00 -7.1338528698e+00 )	( 2.1426662698e+00 0.0000000000e+00 -7.1373781739e+00 )	( 2.1297973210e-02 0.0000000000e+00 3.5253041231e-03 )
353              	( 2.1639641779e+00 0.0000000000e+00 -7.1338524885e+00 )	( 2.1426662055e+00 0.0000000000e+00 -7.1373777927e+00 )	( 2.1297972413e-02 0.0000000000e+00 3.5253042448e-03 )
354              	( 2.1639641129e+00 0.0000000000e+00 -7.1338520974e+00 )	( 2.1426661407e+00 0.0000000000e+00 -7.1373774015e+00 )	( 2.1297972242e-02 0.0000000000e+00 3.5253040768e-03 )
355              	( 2.1639640466e+00 0.0000000000e+00 -7.1338517002e+00 )	( 2.1426660750e+00 0.0000000000e+00 -7.1373770045e+00 )	( 2.1297971627e-02 0.0000000000e+00 3.5253042732e-03 )
356              	( 2.1639639824e+00 0.0000000000e+00 -7.1338513050e+00 )	( 2.1426660107e+00 0.0000000000e+00 -7.1373766092e+00 )	( 2.1297971636e-02 0.0000000000e+00 3.5253041744e-03 )
357              	( 2.1639639186e+00 0.0000000000e+00 -7.1338509147e+00 )	( 2.1426659474e+00 0.0000000000e+00 -7.1373762192e+00 )	( 2.1297971196e-02 0.0000000000e+00 3.5253044340e-03 )
358              	( 2.1639638585e+00 0.0000000000e+00 -7.1338505365e+00 )	( 2.1426658871e+00 0.0000000000e+00 -7.1373758409e+00 )	( 2.1297971373e-02 0.0000000000e+00 3.5253043919e-03 )
359              	( 2.1639638001e+00 0.0000000000e+00 -7.1338501722e+00 )	( 2.1426658290e+00 0.0000000000e+00 -7.1373754769e+00 )	( 2.1297971094e-02 0.0000000000e+00 3.5253047011e-03 )
360              	( 2.1639637465e+00 0.0000000000e+00 -7.1338498280e+00 )	( 2.1426657751e+00 0.0000000000e+00 -7.1373751327e+00 )	( 2.1297971420e-02 0.0000000000e+00 3.5253047017e-03 )
361              	( 2.1639636956e+00 0.0000000000e+00 -7.1338495047e+00 )	( 2.1426657244e+00 0.0000000000e+00 -7.1373748098e+00 )	( 2.1297971278e-02 0.0000000000e+00 3.5253050463e-03 )
362              	( 2.1639636502e+00 0.0000000000e+00 -7.1338492074e+00 )	( 2.1426656785e+00 0.0000000000e+00 -7.1373745125e+00 )	( 2.1297971730e-02 0.0000000000e+00 3.5253050752e-03 )
363              	( 2.1639636082e+00 0.0000000000e+00 -7.1338489357e+00 )	( 2.1426656365e+00 0.0000000000e+00 -7.1373742412e+00 )	( 2.1297971700e-02 0.0000000000e+00 3.5253054410e-03 )
364              	( 2.1639635720e+00 0.0000000000e+00 -7.1338486936e+00 )	( 2.1426655998e+00 0.0000000000e+00 -7.1373739991e+00 )	( 2.1297972249e-02 0.0000000000e+00 3.5253054843e-03 )
365              	( 2.1639635394e+00 0.0000000000e+00 -7.1338484797e+00 )	( 2.1426655671e+00 0.0000000000e+00 -7.1373737856e+00 )	( 2.1297972302e-02 0.0000000000e+00 3.5253058578e-03 )
366              	( 2.1639635127e+00 0.0000000000e+00 -7.1338482969e+00 )	( 2.1426655398e+00 0.0000000000e+00 -7.1373736028e+00 )	( 2.1297972920e-02 0.0000000000e+00 3.5253059029e-03 )
367              	( 2.1639634895e+00 0.0000000000e+00 -7.1338481427e+00 )	( 2.1426655164e+00 0.0000000000e+00 -7.1373734490e+00 )	( 2.1297973027e-02 0.0000000000e+00 3.5253062724e-03 )
368              	( 2.1639634718e+00 0.0000000000e+00 -7.1338480190e+00 )	( 2.1426654982e+00 0.0000000000e+00 -7.1373733253e+00 )	( 2.1297973685e-02 0.0000000000e+00 3.5253063082e-03 )
369              	( 2.1639634573e+00 0.0000000000e+00 -7.1338479226e+00 )	( 2.1426654835e+00 0.0000000000e+00 -7.1373732293e+00 )	( 2.1297973819e-02 0.0000000000e+00 3.5253066637e-03 )
370              	( 2.1639634478e+00 0.0000000000e+00 -7.1338478546e+00 )	( 2.1426654734e+00 0.0000000000e+00 -7.1373731613e+00 )	( 2.1297974490e-02 0.0000000000e+00 3.5253066816e-03 )
371              	( 2.1639634409e+00 0.0000000000e+00 -7.1338478110e+00 )	( 2.1426654663e+00 0.0000000000e+00 -7.1373731180e+00 )	( 2.1297974626e-02 0.0000000000e+00 3.5253070155e-03 )
372              	( 2.1639634384e+00 0.0000000000e+00 -7.1338477923e+00 )	( 2.1426654631e+00 0.0000000000e+00 -7.1373730994e+00 )	( 2.1297975288e-02 0.0000000000e+00 3.5253070090e-03 )
373              	( 2.1639634376e+00 0.0000000000e+00 -7.1338477942e+00 )	( 2.1426654622e+00 0.0000000000e+00 -7.1373731015e+00 )	( 2.1297975404e-02 0.0000000000e+00 3.5253073161e-03 )
374              	( 2.1639634406e+00 0.0000000000e+00 -7.1338478168e+00 )	( 2.1426654646e+00 0.0000000000e+00 -7.1373731241e+00 )	( 2.1297976037e-02 0.0000000000e+00 3.5253072813e-03 )
375              	( 2.1639634446e+00 0.0000000000e+00 -7.1338478554e+00 )	( 2.1426654685e+00 0.0000000000e+00 -7.1373731630e+00 )	( 2.1297976117e-02 0.0000000000e+00 3.5253075588e-03 )
376              	( 2.1639634518e+00 0.0000000000e+00 -7.1338479104e+00 )	( 2.1426654751e+00 0.0000000000e+00 -7.1373732178e+00 )	( 2.1297976708e-02 0.0000000000e+00 3.5253074937e-03 )
377              	( 2.1639634590e+00 0.0000000000e+00 -7.1338479763e+00 )	( 2.1426654823e+00 0.0000000000e+00 -7.1373732841e+00 )	( 2.1297976740e-02 0.0000000000e+00 3.5253077409e-03 )
378              	( 2.1639634686e+00 0.0000000000e+00 -7.1338480537e+00 )	( 2.1426654913e+00 0.0000000000e+00 -7.1373733614e+00 )	( 2.1297977278e-02 0.0000000000e+00 3.5253076460e-03 )
379              	( 2.1639634779e+00 0.0000000000e+00 -7.1338481378e+00 )	( 2.1426655006e+00 0.0000000000e+00 -7.1373734457e+00 )	( 2.1297977255e-02 0.0000000000e+00 3.5253078639e-03 )
380              	( 2.1639634889e+00 0.0000000000e+00 -7.1338482290e+00 )	( 2.1426655111e+00 0.0000000000e+00 -7.1373735367e+00 )	( 2.1297977736e-02 0.0000000000e+00 3.5253077410e-03 )
381              	( 2.1639634990e+00 0.0000000000e+00 -7.1338483227e+00 )	( 2.1426655214e+00 0.0000000000e+00 -7.1373736307e+00 )	( 2.1297977655e-02 0.0000000000e+00 3.5253079324e-03 )
382              	( 2.1639635104e+00 0.0000000000e+00 -7.1338484196e+00 )	( 2.1426655323e+00 0.0000000000e+00 -7.1373737273e+00 )	( 2.1297978078e-02 0.0000000000e+00 3.5253077848e-03 )
383              	( 2.1639635205e+00 0.0000000000e+00 -7.1338485154e+00 )	( 2.1426655426e+00 0.0000000000e+00 -7.1373738233e+00 )	( 2.1297977940e-02 0.0000000000e+00 3.5253079533e-03 )
