# Moment         
# CofR           : ( 0.0000000000e+00 0.0000000000e+00 0.0000000000e+00 )
#                
# Time           	(total_x total_y total_z)	(pressure_x pressure_y pressure_z)	(viscous_x viscous_y viscous_z)
1                	( -2.5505738096e+01 1.3613930413e+01 -1.4755871953e+01 )	( -2.5512740110e+01 1.3615694884e+01 -1.4736806579e+01 )	( 7.0020145433e-03 -1.7644713780e-03 -1.9065374231e-02 )
2                	( -7.4632163470e+00 3.3592407594e+00 -3.7409111034e+00 )	( -7.4713466404e+00 3.3617194142e+00 -3.7214219708e+00 )	( 8.1302934025e-03 -2.4786548818e-03 -1.9489132629e-02 )
3                	( -4.1587055788e+00 1.5760564151e+00 -1.7348129110e+00 )	( -4.1662535567e+00 1.5783551687e+00 -1.7158858629e+00 )	( 7.5479779168e-03 -2.2987536242e-03 -1.8927048061e-02 )
4                	( -3.7700769682e+00 1.3478466649e+00 -1.4539780045e+00 )	( -3.7772719013e+00 1.3500925926e+00 -1.4353144564e+00 )	( 7.1949331398e-03 -2.2459277315e-03 -1.8663548172e-02 )
5                	( -3.9742427412e+00 1.3975048588e+00 -1.4805381014e+00 )	( -3.9811012786e+00 1.3996467412e+00 -1.4621495011e+00 )	( 6.8585373656e-03 -2.1418824232e-03 -1.8388600320e-02 )
6                	( -4.2364429093e+00 1.4582923830e+00 -1.5239108189e+00 )	( -4.2430356758e+00 1.4603677920e+00 -1.5056840703e+00 )	( 6.5927664712e-03 -2.0754090432e-03 -1.8226748610e-02 )
7                	( -4.4753380731e+00 1.5089114855e+00 -1.5558538935e+00 )	( -4.4815776582e+00 1.5108950726e+00 -1.5379301434e+00 )	( 6.2395850851e-03 -1.9835871350e-03 -1.7923750128e-02 )
8                	( -4.7074791938e+00 1.5647109696e+00 -1.5914171122e+00 )	( -4.7133807507e+00 1.5666163775e+00 -1.5737955326e+00 )	( 5.9015569558e-03 -1.9054079112e-03 -1.7621579657e-02 )
9                	( -4.9114699101e+00 1.6108175652e+00 -1.6155744597e+00 )	( -4.9170286070e+00 1.6126456400e+00 -1.5983100904e+00 )	( 5.5586969268e-03 -1.8280747969e-03 -1.7264369365e-02 )
10               	( -5.0768721384e+00 1.6460153274e+00 -1.6280883772e+00 )	( -5.0820655830e+00 1.6477575520e+00 -1.6112292185e+00 )	( 5.1934446107e-03 -1.7422245288e-03 -1.6859158663e-02 )
11               	( -5.2655620215e+00 1.6836967025e+00 -1.6426950086e+00 )	( -5.2703856592e+00 1.6853549737e+00 -1.6262461567e+00 )	( 4.8236376164e-03 -1.6582712005e-03 -1.6448851893e-02 )
12               	( -5.3556567572e+00 1.6956640078e+00 -1.6361283953e+00 )	( -5.3600807268e+00 1.6972264917e+00 -1.6201286271e+00 )	( 4.4239695525e-03 -1.5624839002e-03 -1.5999768130e-02 )
13               	( -5.4765826586e+00 1.7181467064e+00 -1.6392663938e+00 )	( -5.4806308731e+00 1.7196062160e+00 -1.6237052016e+00 )	( 4.0482144786e-03 -1.4595095679e-03 -1.5561192251e-02 )
14               	( -5.5518965759e+00 1.7258592559e+00 -1.6281001890e+00 )	( -5.5555744354e+00 1.7272156453e+00 -1.6129807581e+00 )	( 3.6778594905e-03 -1.3563893136e-03 -1.5119430921e-02 )
15               	( -5.6110655053e+00 1.7295287840e+00 -1.6144107925e+00 )	( -5.6143725231e+00 1.7307782131e+00 -1.5997431190e+00 )	( 3.3070177386e-03 -1.2494290569e-03 -1.4667673417e-02 )
16               	( -5.6510653888e+00 1.7286403699e+00 -1.5967166739e+00 )	( -5.6540060453e+00 1.7297810625e+00 -1.5825026411e+00 )	( 2.9406564566e-03 -1.1406926014e-03 -1.4214032823e-02 )
17               	( -5.6734121029e+00 1.7232671278e+00 -1.5749581834e+00 )	( -5.6759953606e+00 1.7242993663e+00 -1.5611945983e+00 )	( 2.5832577130e-03 -1.0322384939e-03 -1.3763585024e-02 )
18               	( -5.6786374613e+00 1.7133289448e+00 -1.5491686093e+00 )	( -5.6808794560e+00 1.7142555325e+00 -1.5358493454e+00 )	( 2.2419947722e-03 -9.2658771791e-04 -1.3319263991e-02 )
19               	( -5.6611227786e+00 1.6974159305e+00 -1.5181788494e+00 )	( -5.6630558300e+00 1.6982447223e+00 -1.5052815765e+00 )	( 1.9330513659e-03 -8.2879179349e-04 -1.2897272937e-02 )
20               	( -5.6112131769e+00 1.6732445354e+00 -1.4796667966e+00 )	( -5.6129102158e+00 1.6740012295e+00 -1.4671368372e+00 )	( 1.6970388306e-03 -7.5669405570e-04 -1.2529959360e-02 )
21               	( -5.4976203126e+00 1.6284353688e+00 -1.4191513383e+00 )	( -5.4989900367e+00 1.6290812571e+00 -1.4071068107e+00 )	( 1.3697240208e-03 -6.4588827028e-04 -1.2044527618e-02 )
22               	( -5.4766886180e+00 1.6427425311e+00 -1.4287806686e+00 )	( -5.4779318053e+00 1.6433607389e+00 -1.4170421882e+00 )	( 1.2431873759e-03 -6.1820786257e-04 -1.1738480422e-02 )
23               	( -5.4543417631e+00 1.6574847223e+00 -1.4419513010e+00 )	( -5.4553780080e+00 1.6580347872e+00 -1.4305881292e+00 )	( 1.0362448737e-03 -5.5006490559e-04 -1.1363171877e-02 )
24               	( -5.4215011529e+00 1.6689438239e+00 -1.4544512742e+00 )	( -5.4223796448e+00 1.6694452087e+00 -1.4434253723e+00 )	( 8.7849189065e-04 -5.0138476978e-04 -1.1025901882e-02 )
25               	( -5.3848884912e+00 1.6804376997e+00 -1.4697800745e+00 )	( -5.3856258228e+00 1.6808920958e+00 -1.4590706286e+00 )	( 7.3733162416e-04 -4.5439610959e-04 -1.0709445874e-02 )
26               	( -5.3310260677e+00 1.6844003909e+00 -1.4785036564e+00 )	( -5.3316265129e+00 1.6848064660e+00 -1.4680868421e+00 )	( 6.0044520210e-04 -4.0607509145e-04 -1.0416814264e-02 )
27               	( -5.2694957225e+00 1.6838121256e+00 -1.4837711251e+00 )	( -5.2699692819e+00 1.6841708795e+00 -1.4736238953e+00 )	( 4.7355933772e-04 -3.5875390032e-04 -1.0147229795e-02 )
28               	( -5.2082079049e+00 1.6817834892e+00 -1.4888619919e+00 )	( -5.2085759898e+00 1.6821018746e+00 -1.4789715476e+00 )	( 3.6808495192e-04 -3.1838544712e-04 -9.8904443537e-03 )
29               	( -5.1295436433e+00 1.6718134534e+00 -1.4865583801e+00 )	( -5.1298326564e+00 1.6720998751e+00 -1.4768962864e+00 )	( 2.8901307757e-04 -2.8642166404e-04 -9.6620937794e-03 )
30               	( -5.0415774576e+00 1.6573152951e+00 -1.4811191511e+00 )	( -5.0418223644e+00 1.6575809687e+00 -1.4716437799e+00 )	( 2.4490678130e-04 -2.6567355654e-04 -9.4753712117e-03 )
31               	( -4.9480830138e+00 1.6384726409e+00 -1.4723286485e+00 )	( -4.9483151604e+00 1.6387283081e+00 -1.4630067373e+00 )	( 2.3214656938e-04 -2.5566721489e-04 -9.3219111603e-03 )
32               	( -4.8354721290e+00 1.6070959160e+00 -1.4507237117e+00 )	( -4.8357021999e+00 1.6073445033e+00 -1.4415454685e+00 )	( 2.3007090141e-04 -2.4858732852e-04 -9.1782432410e-03 )
33               	( -4.7038051458e+00 1.5666031435e+00 -1.4201218532e+00 )	( -4.7040486782e+00 1.5668469507e+00 -1.4110574681e+00 )	( 2.4353233462e-04 -2.4380719423e-04 -9.0643851312e-03 )
34               	( -4.5743831965e+00 1.5266713782e+00 -1.3908005549e+00 )	( -4.5746435845e+00 1.5269070390e+00 -1.3818245170e+00 )	( 2.6038800550e-04 -2.3566073424e-04 -8.9760378558e-03 )
35               	( -4.4295979989e+00 1.4763861621e+00 -1.3507205346e+00 )	( -4.4299693320e+00 1.4766608909e+00 -1.3417594285e+00 )	( 3.7133314048e-04 -2.7472887176e-04 -8.9611060317e-03 )
36               	( -4.2959499908e+00 1.4353311677e+00 -1.3207645347e+00 )	( -4.2963785659e+00 1.4356094132e+00 -1.3118282885e+00 )	( 4.2857507061e-04 -2.7824554829e-04 -8.9362461341e-03 )
37               	( -4.1671161945e+00 1.3965361203e+00 -1.2935618704e+00 )	( -4.1676265134e+00 1.3968244239e+00 -1.2846124030e+00 )	( 5.1031891839e-04 -2.8830364879e-04 -8.9494674010e-03 )
38               	( -4.0473069327e+00 1.3606103770e+00 -1.2682933634e+00 )	( -4.0479412594e+00 1.3609272359e+00 -1.2592857937e+00 )	( 6.3432665474e-04 -3.1685895977e-04 -9.0075696947e-03 )
39               	( -3.9079907906e+00 1.3121050882e+00 -1.2283886775e+00 )	( -3.9087594108e+00 1.3124566480e+00 -1.2193157403e+00 )	( 7.6862013440e-04 -3.5155984746e-04 -9.0729372376e-03 )
40               	( -3.7813053510e+00 1.2695784405e+00 -1.1946112053e+00 )	( -3.7822505300e+00 1.2699859250e+00 -1.1854383255e+00 )	( 9.4517894568e-04 -4.0748443569e-04 -9.1728797708e-03 )
41               	( -3.6705938516e+00 1.2336514857e+00 -1.1682404717e+00 )	( -3.6716971448e+00 1.2341042263e+00 -1.1589673586e+00 )	( 1.1032931798e-03 -4.5274067575e-04 -9.2731130835e-03 )
42               	( -3.5460567168e+00 1.1857602246e+00 -1.1275139766e+00 )	( -3.5473368296e+00 1.1862661786e+00 -1.1181161464e+00 )	( 1.2801127593e-03 -5.0595400733e-04 -9.3978302289e-03 )
43               	( -3.4545380443e+00 1.1545987738e+00 -1.1040969122e+00 )	( -3.4559295132e+00 1.1551311792e+00 -1.0946287202e+00 )	( 1.3914689077e-03 -5.3240530893e-04 -9.4681919969e-03 )
44               	( -3.3741554111e+00 1.1256659482e+00 -1.0823662829e+00 )	( -3.3756681658e+00 1.1262306573e+00 -1.0728105156e+00 )	( 1.5127547029e-03 -5.6470909515e-04 -9.5557673014e-03 )
45               	( -3.2993395508e+00 1.0989178888e+00 -1.0621703717e+00 )	( -3.3009618857e+00 1.0995124611e+00 -1.0525340782e+00 )	( 1.6223348573e-03 -5.9457228397e-04 -9.6362934960e-03 )
46               	( -3.2414302555e+00 1.0782897404e+00 -1.0474893601e+00 )	( -3.2431462137e+00 1.0789098330e+00 -1.0377822162e+00 )	( 1.7159582041e-03 -6.2009254726e-04 -9.7071439437e-03 )
47               	( -3.1915468541e+00 1.0592945074e+00 -1.0330024134e+00 )	( -3.1933383242e+00 1.0599346282e+00 -1.0232354172e+00 )	( 1.7914700972e-03 -6.4012084578e-04 -9.7669962294e-03 )
48               	( -3.1534475106e+00 1.0443442134e+00 -1.0216240561e+00 )	( -3.1552901435e+00 1.0449953164e+00 -1.0118123686e+00 )	( 1.8426329093e-03 -6.5110301874e-04 -9.8116874809e-03 )
49               	( -3.1251645909e+00 1.0331966485e+00 -1.0132810672e+00 )	( -3.1270388749e+00 1.0338529680e+00 -1.0034418267e+00 )	( 1.8742839574e-03 -6.5631954984e-04 -9.8392405681e-03 )
50               	( -3.0996369815e+00 1.0211043040e+00 -1.0022712903e+00 )	( -3.1015314889e+00 1.0217610222e+00 -9.9240556004e-01 )	( 1.8945074132e-03 -6.5671816041e-04 -9.8657302742e-03 )
51               	( -3.0974255497e+00 1.0208280194e+00 -1.0043767828e+00 )	( -3.0993297243e+00 1.0214825804e+00 -9.9449169037e-01 )	( 1.9041746025e-03 -6.5456103083e-04 -9.8850924227e-03 )
52               	( -3.1035966732e+00 1.0233428210e+00 -1.0086311120e+00 )	( -3.1055013351e+00 1.0239918381e+00 -9.9873000830e-01 )	( 1.9046619230e-03 -6.4901702845e-04 -9.9011037241e-03 )
53               	( -3.1134731544e+00 1.0264972371e+00 -1.0119740989e+00 )	( -3.1153641638e+00 1.0271364818e+00 -1.0020693784e+00 )	( 1.8910094630e-03 -6.3924470555e-04 -9.9047205286e-03 )
54               	( -3.1315877505e+00 1.0338282038e+00 -1.0196635347e+00 )	( -3.1334585637e+00 1.0344558374e+00 -1.0097577841e+00 )	( 1.8708131518e-03 -6.2763358718e-04 -9.9057505742e-03 )
55               	( -3.1520730132e+00 1.0420095897e+00 -1.0279404185e+00 )	( -3.1539196037e+00 1.0426241535e+00 -1.0180330388e+00 )	( 1.8465904945e-03 -6.1456383804e-04 -9.9073796522e-03 )
56               	( -3.1725762115e+00 1.0496203682e+00 -1.0352498109e+00 )	( -3.1743996968e+00 1.0502226793e+00 -1.0253335299e+00 )	( 1.8234852378e-03 -6.0231113276e-04 -9.9162809969e-03 )
57               	( -3.1931936814e+00 1.0562844374e+00 -1.0409129340e+00 )	( -3.1949904374e+00 1.0568731864e+00 -1.0309849982e+00 )	( 1.7967560174e-03 -5.8874898937e-04 -9.9279357778e-03 )
58               	( -3.2086507459e+00 1.0595751523e+00 -1.0426720910e+00 )	( -3.2104256776e+00 1.0601536673e+00 -1.0327292379e+00 )	( 1.7749317363e-03 -5.7851498353e-04 -9.9428531013e-03 )
59               	( -3.2248948373e+00 1.0635428532e+00 -1.0453844399e+00 )	( -3.2266589650e+00 1.0641159899e+00 -1.0354139095e+00 )	( 1.7641276716e-03 -5.7313672503e-04 -9.9705304672e-03 )
60               	( -3.2362600108e+00 1.0647538848e+00 -1.0450888259e+00 )	( -3.2380202566e+00 1.0653241836e+00 -1.0350811181e+00 )	( 1.7602457412e-03 -5.7029874897e-04 -1.0007707801e-02 )
61               	( -3.2450018118e+00 1.0641070971e+00 -1.0427568939e+00 )	( -3.2467670707e+00 1.0646786709e+00 -1.0327049506e+00 )	( 1.7652588895e-03 -5.7157379228e-04 -1.0051943239e-02 )
62               	( -3.2495025860e+00 1.0608459160e+00 -1.0376896008e+00 )	( -3.2512717317e+00 1.0614190215e+00 -1.0275979820e+00 )	( 1.7691456532e-03 -5.7310548794e-04 -1.0091618778e-02 )
63               	( -3.2541901975e+00 1.0581568941e+00 -1.0335525474e+00 )	( -3.2559668777e+00 1.0587333444e+00 -1.0234203717e+00 )	( 1.7766801758e-03 -5.7645022736e-04 -1.0132175688e-02 )
64               	( -3.2629644413e+00 1.0576861149e+00 -1.0317760663e+00 )	( -3.2647500602e+00 1.0582668097e+00 -1.0216041058e+00 )	( 1.7856188883e-03 -5.8069483552e-04 -1.0171960540e-02 )
65               	( -3.2757235896e+00 1.0592814216e+00 -1.0321546297e+00 )	( -3.2775175475e+00 1.0598663875e+00 -1.0219450998e+00 )	( 1.7939579702e-03 -5.8496591434e-04 -1.0209529858e-02 )
66               	( -3.2929599953e+00 1.0632568913e+00 -1.0352685630e+00 )	( -3.2947632845e+00 1.0638465503e+00 -1.0250203760e+00 )	( 1.8032892236e-03 -5.8965893114e-04 -1.0248187062e-02 )
67               	( -3.3118112905e+00 1.0682002761e+00 -1.0395712143e+00 )	( -3.3136233321e+00 1.0687945466e+00 -1.0292855679e+00 )	( 1.8120415696e-03 -5.9427041665e-04 -1.0285646344e-02 )
68               	( -3.3253369611e+00 1.0704204316e+00 -1.0404682027e+00 )	( -3.3271557359e+00 1.0710189014e+00 -1.0301501000e+00 )	( 1.8187747803e-03 -5.9846974562e-04 -1.0318102673e-02 )
69               	( -3.3349766283e+00 1.0710497097e+00 -1.0394984171e+00 )	( -3.3367992057e+00 1.0716513486e+00 -1.0291535883e+00 )	( 1.8225774358e-03 -6.0163887029e-04 -1.0344828756e-02 )
70               	( -3.3406298413e+00 1.0700204766e+00 -1.0365961687e+00 )	( -3.3424532844e+00 1.0706243235e+00 -1.0262312753e+00 )	( 1.8234431247e-03 -6.0384689596e-04 -1.0364893379e-02 )
71               	( -3.3478949418e+00 1.0704273871e+00 -1.0353746114e+00 )	( -3.3497165689e+00 1.0710324367e+00 -1.0249948202e+00 )	( 1.8216271651e-03 -6.0504964159e-04 -1.0379791200e-02 )
72               	( -3.3556275483e+00 1.0713658705e+00 -1.0348313202e+00 )	( -3.3574442259e+00 1.0719709094e+00 -1.0244419632e+00 )	( 1.8166776457e-03 -6.0503882694e-04 -1.0389356947e-02 )
73               	( -3.3644516631e+00 1.0731174090e+00 -1.0352695548e+00 )	( -3.3662602069e+00 1.0737211636e+00 -1.0248753712e+00 )	( 1.8085438607e-03 -6.0375453660e-04 -1.0394183606e-02 )
74               	( -3.3736476740e+00 1.0752710813e+00 -1.0362895061e+00 )	( -3.3754467801e+00 1.0758731033e+00 -1.0258935319e+00 )	( 1.7991061597e-03 -6.0202203839e-04 -1.0395974200e-02 )
75               	( -3.3849258206e+00 1.0788043214e+00 -1.0391405641e+00 )	( -3.3867152112e+00 1.0794043141e+00 -1.0287431124e+00 )	( 1.7893906470e-03 -5.9999275619e-04 -1.0397451648e-02 )
76               	( -3.3985994695e+00 1.0838305475e+00 -1.0438827407e+00 )	( -3.4003791843e+00 1.0844284306e+00 -1.0334837093e+00 )	( 1.7797148380e-03 -5.9788317262e-04 -1.0399031383e-02 )
77               	( -3.4114080683e+00 1.0884518288e+00 -1.0482837729e+00 )	( -3.4131789270e+00 1.0890478199e+00 -1.0378822632e+00 )	( 1.7708587295e-03 -5.9599107932e-04 -1.0401509619e-02 )
78               	( -3.4215848615e+00 1.0918616994e+00 -1.0513971753e+00 )	( -3.4233474078e+00 1.0924559094e+00 -1.0409929425e+00 )	( 1.7625462612e-03 -5.9421000505e-04 -1.0404232835e-02 )
79               	( -3.4272574273e+00 1.0931177346e+00 -1.0520605259e+00 )	( -3.4290130435e+00 1.0937107440e+00 -1.0416535812e+00 )	( 1.7556161790e-03 -5.9300945590e-04 -1.0406944643e-02 )
80               	( -3.4297888109e+00 1.0930923271e+00 -1.0513401618e+00 )	( -3.4315406706e+00 1.0936853530e+00 -1.0409285213e+00 )	( 1.7518597459e-03 -5.9302588354e-04 -1.0411640460e-02 )
81               	( -3.4295240722e+00 1.0918996174e+00 -1.0494648907e+00 )	( -3.4312734718e+00 1.0924930788e+00 -1.0390488339e+00 )	( 1.7493995831e-03 -5.9346143648e-04 -1.0416056832e-02 )
82               	( -3.4281039531e+00 1.0903387426e+00 -1.0473692613e+00 )	( -3.4298526370e+00 1.0909331159e+00 -1.0369479524e+00 )	( 1.7486838606e-03 -5.9437331842e-04 -1.0421308861e-02 )
83               	( -3.4253525440e+00 1.0882650751e+00 -1.0448317835e+00 )	( -3.4271008759e+00 1.0888603292e+00 -1.0344059697e+00 )	( 1.7483318811e-03 -5.9525407754e-04 -1.0425813811e-02 )
84               	( -3.4217840841e+00 1.0859395276e+00 -1.0421242820e+00 )	( -3.4235321331e+00 1.0865355716e+00 -1.0316950872e+00 )	( 1.7480490081e-03 -5.9604401608e-04 -1.0429194787e-02 )
85               	( -3.4177897533e+00 1.0835574869e+00 -1.0393798680e+00 )	( -3.4195383682e+00 1.0841544048e+00 -1.0289469056e+00 )	( 1.7486149870e-03 -5.9691794205e-04 -1.0432962386e-02 )
86               	( -3.4143388934e+00 1.0815218898e+00 -1.0370865063e+00 )	( -3.4160881311e+00 1.0821194474e+00 -1.0266499404e+00 )	( 1.7492377485e-03 -5.9755756730e-04 -1.0436565868e-02 )
87               	( -3.4120960694e+00 1.0801445540e+00 -1.0356011627e+00 )	( -3.4138461015e+00 1.0807426220e+00 -1.0251608905e+00 )	( 1.7500320626e-03 -5.9806799072e-04 -1.0440272129e-02 )
88               	( -3.4118131042e+00 1.0797778294e+00 -1.0353027071e+00 )	( -3.4135642467e+00 1.0803764154e+00 -1.0248583227e+00 )	( 1.7511424388e-03 -5.9858599188e-04 -1.0444384353e-02 )
89               	( -3.4132404943e+00 1.0802467277e+00 -1.0359347048e+00 )	( -3.4149930871e+00 1.0808459160e+00 -1.0254856603e+00 )	( 1.7525928638e-03 -5.9918832899e-04 -1.0449044491e-02 )
90               	( -3.4162176682e+00 1.0814370749e+00 -1.0373366242e+00 )	( -3.4179718814e+00 1.0820369059e+00 -1.0268824137e+00 )	( 1.7542131523e-03 -5.9983098614e-04 -1.0454210463e-02 )
91               	( -3.4206638921e+00 1.0832755275e+00 -1.0393975155e+00 )	( -3.4224197233e+00 1.0838760055e+00 -1.0289377735e+00 )	( 1.7558311912e-03 -6.0047799736e-04 -1.0459742062e-02 )
92               	( -3.4264210796e+00 1.0856517390e+00 -1.0419773567e+00 )	( -3.4281783654e+00 1.0862528288e+00 -1.0315118550e+00 )	( 1.7572857850e-03 -6.0108980004e-04 -1.0465501718e-02 )
93               	( -3.4331777367e+00 1.0883878877e+00 -1.0448622601e+00 )	( -3.4349361433e+00 1.0889895088e+00 -1.0343909514e+00 )	( 1.7584065839e-03 -6.0162105778e-04 -1.0471308725e-02 )
94               	( -3.4405108684e+00 1.0912744395e+00 -1.0478107384e+00 )	( -3.4422701130e+00 1.0918765613e+00 -1.0373337212e+00 )	( 1.7592446202e-03 -6.0212181695e-04 -1.0477017267e-02 )
95               	( -3.4478548916e+00 1.0940436814e+00 -1.0505164535e+00 )	( -3.4496146509e+00 1.0946462707e+00 -1.0400340566e+00 )	( 1.7597592830e-03 -6.0258933821e-04 -1.0482396898e-02 )
96               	( -3.4548372402e+00 1.0965125102e+00 -1.0527671468e+00 )	( -3.4565970491e+00 1.0971154834e+00 -1.0422800553e+00 )	( 1.7598089442e-03 -6.0297321205e-04 -1.0487091524e-02 )
97               	( -3.4615355337e+00 1.0987670333e+00 -1.0547008865e+00 )	( -3.4632948812e+00 1.0993702725e+00 -1.0442099547e+00 )	( 1.7593474702e-03 -6.0323919016e-04 -1.0490931844e-02 )
98               	( -3.4677970962e+00 1.1007577403e+00 -1.0562851038e+00 )	( -3.4695555470e+00 1.1013611615e+00 -1.0457913183e+00 )	( 1.7584507248e-03 -6.0342124841e-04 -1.0493785505e-02 )
99               	( -3.4735383396e+00 1.1024878942e+00 -1.0575339167e+00 )	( -3.4752955511e+00 1.1030914341e+00 -1.0470381738e+00 )	( 1.7572115255e-03 -6.0353991410e-04 -1.0495742878e-02 )
100              	( -3.4787590119e+00 1.1039640034e+00 -1.0584605368e+00 )	( -3.4805146342e+00 1.1045675871e+00 -1.0479638678e+00 )	( 1.7556222824e-03 -6.0358372658e-04 -1.0496668981e-02 )
101              	( -3.4834085258e+00 1.1051727259e+00 -1.0590595030e+00 )	( -3.4851622350e+00 1.1057762794e+00 -1.0485630164e+00 )	( 1.7537091226e-03 -6.0355347516e-04 -1.0496486627e-02 )
102              	( -3.4876705490e+00 1.1062276401e+00 -1.0594771432e+00 )	( -3.4894220389e+00 1.1068310830e+00 -1.0489819422e+00 )	( 1.7514899458e-03 -6.0344298102e-04 -1.0495201007e-02 )
103              	( -3.4916497279e+00 1.1071951678e+00 -1.0598006455e+00 )	( -3.4933987400e+00 1.1077984289e+00 -1.0493077751e+00 )	( 1.7490120797e-03 -6.0326110256e-04 -1.0492870392e-02 )
104              	( -3.4955085289e+00 1.1081643598e+00 -1.0601369615e+00 )	( -3.4972548289e+00 1.1087673699e+00 -1.0496474104e+00 )	( 1.7462999896e-03 -6.0301018182e-04 -1.0489551095e-02 )
105              	( -3.4993572633e+00 1.1091920747e+00 -1.0605551159e+00 )	( -3.5011006504e+00 1.1097947713e+00 -1.0500697878e+00 )	( 1.7433871217e-03 -6.0269667008e-04 -1.0485328126e-02 )
106              	( -3.5032550293e+00 1.1103054632e+00 -1.0610867308e+00 )	( -3.5049953518e+00 1.1109077963e+00 -1.0506064202e+00 )	( 1.7403225081e-03 -6.0233313112e-04 -1.0480310541e-02 )
107              	( -3.5071841124e+00 1.1114973953e+00 -1.0617278933e+00 )	( -3.5089212246e+00 1.1120993174e+00 -1.0512533334e+00 )	( 1.7371121585e-03 -6.0192208680e-04 -1.0474559905e-02 )
108              	( -3.5110881973e+00 1.1127414067e+00 -1.0624476469e+00 )	( -3.5128219774e+00 1.1133428782e+00 -1.0519795109e+00 )	( 1.7337800959e-03 -6.0147153440e-04 -1.0468135963e-02 )
109              	( -3.5146507458e+00 1.1138719717e+00 -1.0630489698e+00 )	( -3.5163810754e+00 1.1144729557e+00 -1.0525879402e+00 )	( 1.7303296655e-03 -6.0098399647e-04 -1.0461029662e-02 )
110              	( -3.5178837772e+00 1.1149067426e+00 -1.0635637432e+00 )	( -3.5196104916e+00 1.1155071731e+00 -1.0531105181e+00 )	( 1.7267143983e-03 -6.0043054286e-04 -1.0453225102e-02 )
111              	( -3.5207473678e+00 1.1158379976e+00 -1.0639965174e+00 )	( -3.5224703435e+00 1.1164378195e+00 -1.0535517300e+00 )	( 1.7229757165e-03 -5.9982187121e-04 -1.0444787380e-02 )
112              	( -3.5231723842e+00 1.1166427171e+00 -1.0643285001e+00 )	( -3.5248915349e+00 1.1172418858e+00 -1.0538927394e+00 )	( 1.7191506599e-03 -5.9916872513e-04 -1.0435760721e-02 )
113              	( -3.5250805461e+00 1.1172934123e+00 -1.0645381774e+00 )	( -3.5267958507e+00 1.1178918984e+00 -1.0541119120e+00 )	( 1.7153045989e-03 -5.9848607788e-04 -1.0426265409e-02 )
114              	( -3.5264615062e+00 1.1177872970e+00 -1.0646273272e+00 )	( -3.5281729903e+00 1.1183850790e+00 -1.0542109500e+00 )	( 1.7114840906e-03 -5.9778198697e-04 -1.0416377266e-02 )
115              	( -3.5272759607e+00 1.1181081988e+00 -1.0645842405e+00 )	( -3.5289836927e+00 1.1187052604e+00 -1.0541780476e+00 )	( 1.7077319348e-03 -5.9706153539e-04 -1.0406192878e-02 )
116              	( -3.5274967689e+00 1.1182448070e+00 -1.0644012757e+00 )	( -3.5292008801e+00 1.1188411448e+00 -1.0540054651e+00 )	( 1.7041111742e-03 -5.9633778880e-04 -1.0395810681e-02 )
117              	( -3.5271079057e+00 1.1181926054e+00 -1.0640806250e+00 )	( -3.5288085630e+00 1.1187882189e+00 -1.0536953305e+00 )	( 1.7006573264e-03 -5.9561346642e-04 -1.0385294512e-02 )
118              	( -3.5261419409e+00 1.1179653208e+00 -1.0636407176e+00 )	( -3.5278393413e+00 1.1185602149e+00 -1.0532659618e+00 )	( 1.6974004760e-03 -5.9489408037e-04 -1.0374755863e-02 )
119              	( -3.5246424411e+00 1.1175824826e+00 -1.0631036342e+00 )	( -3.5263368020e+00 1.1181766673e+00 -1.0527393383e+00 )	( 1.6943609083e-03 -5.9418475701e-04 -1.0364295978e-02 )
120              	( -3.5226292609e+00 1.1170498201e+00 -1.0624778140e+00 )	( -3.5243208517e+00 1.1176433154e+00 -1.0521237082e+00 )	( 1.6915908932e-03 -5.9349533630e-04 -1.0354105832e-02 )
121              	( -3.5201722957e+00 1.1163878611e+00 -1.0617844131e+00 )	( -3.5218614045e+00 1.1169806967e+00 -1.0514401704e+00 )	( 1.6891087821e-03 -5.9283560746e-04 -1.0344242706e-02 )
122              	( -3.5171660881e+00 1.1155331843e+00 -1.0609438790e+00 )	( -3.5188530027e+00 1.1161253917e+00 -1.0506091230e+00 )	( 1.6869145812e-03 -5.9220739334e-04 -1.0334756011e-02 )
123              	( -3.5137063299e+00 1.1145357387e+00 -1.0600121087e+00 )	( -3.5153913269e+00 1.1151273396e+00 -1.0496863926e+00 )	( 1.6849969850e-03 -5.9160089757e-04 -1.0325716085e-02 )
124              	( -3.5098855464e+00 1.1134347186e+00 -1.0590295091e+00 )	( -3.5115689326e+00 1.1140257443e+00 -1.0487122754e+00 )	( 1.6833862261e-03 -5.9102571800e-04 -1.0317233663e-02 )
125              	( -3.5057212720e+00 1.1122244095e+00 -1.0579813134e+00 )	( -3.5074033669e+00 1.1128149007e+00 -1.0476719273e+00 )	( 1.6820948041e-03 -5.9049120201e-04 -1.0309386053e-02 )
126              	( -3.5013125948e+00 1.1109416833e+00 -1.0569074994e+00 )	( -3.5029937259e+00 1.1115316846e+00 -1.0466052801e+00 )	( 1.6811311511e-03 -5.9000137647e-04 -1.0302219294e-02 )
127              	( -3.4966724559e+00 1.1095808274e+00 -1.0557951845e+00 )	( -3.4983529713e+00 1.1101703985e+00 -1.0454994015e+00 )	( 1.6805154176e-03 -5.8957104718e-04 -1.0295782922e-02 )
128              	( -3.4918586683e+00 1.1081590948e+00 -1.0546560924e+00 )	( -3.4935389186e+00 1.1087483013e+00 -1.0443659725e+00 )	( 1.6802502878e-03 -5.8920649422e-04 -1.0290119925e-02 )
129              	( -3.4869374312e+00 1.1067018106e+00 -1.0535142563e+00 )	( -3.4886177726e+00 1.1072907248e+00 -1.0432289842e+00 )	( 1.6803413800e-03 -5.8891421493e-04 -1.0285272012e-02 )
130              	( -3.4820326768e+00 1.1052537628e+00 -1.0524104468e+00 )	( -3.4837134476e+00 1.1058424550e+00 -1.0421291856e+00 )	( 1.6807707771e-03 -5.8869225707e-04 -1.0281261186e-02 )
131              	( -3.4771913772e+00 1.1038308384e+00 -1.0513588031e+00 )	( -3.4788729046e+00 1.1044193804e+00 -1.0410806993e+00 )	( 1.6815274080e-03 -5.8854194818e-04 -1.0278103735e-02 )
132              	( -3.4724981283e+00 1.1024626253e+00 -1.0503849600e+00 )	( -3.4741807175e+00 1.1030510861e+00 -1.0401091579e+00 )	( 1.6825891540e-03 -5.8846080344e-04 -1.0275802045e-02 )
133              	( -3.4679772525e+00 1.1011452968e+00 -1.0494708596e+00 )	( -3.4696611786e+00 1.1017337448e+00 -1.0391965404e+00 )	( 1.6839260922e-03 -5.8844794430e-04 -1.0274319256e-02 )
134              	( -3.4636880451e+00 1.0998998081e+00 -1.0486313019e+00 )	( -3.4653735341e+00 1.1004883007e+00 -1.0383576980e+00 )	( 1.6854890018e-03 -5.8849262763e-04 -1.0273603848e-02 )
135              	( -3.4596461659e+00 1.0987228051e+00 -1.0478530569e+00 )	( -3.4613334033e+00 1.0993113948e+00 -1.0375794592e+00 )	( 1.6872373602e-03 -5.8858975610e-04 -1.0273597752e-02 )
136              	( -3.4559592121e+00 1.0976635351e+00 -1.0471871425e+00 )	( -3.4576483421e+00 1.0982522655e+00 -1.0369128897e+00 )	( 1.6891299839e-03 -5.8873039430e-04 -1.0274252753e-02 )
137              	( -3.4527147428e+00 1.0967602176e+00 -1.0466729029e+00 )	( -3.4544058788e+00 1.0973491309e+00 -1.0363973789e+00 )	( 1.6911359401e-03 -5.8891328233e-04 -1.0275524047e-02 )
138              	( -3.4498600676e+00 1.0959780600e+00 -1.0462610914e+00 )	( -3.4515532927e+00 1.0965671957e+00 -1.0359837581e+00 )	( 1.6932250980e-03 -5.8913572527e-04 -1.0277333327e-02 )
139              	( -3.4473979110e+00 1.0953188261e+00 -1.0459529655e+00 )	( -3.4490932635e+00 1.0959082088e+00 -1.0356733279e+00 )	( 1.6953525225e-03 -5.8938271185e-04 -1.0279637603e-02 )
140              	( -3.4453510856e+00 1.0947873949e+00 -1.0457479698e+00 )	( -3.4470485992e+00 1.0953770491e+00 -1.0354655490e+00 )	( 1.6975136434e-03 -5.8965417924e-04 -1.0282420816e-02 )
141              	( -3.4436634129e+00 1.0943503370e+00 -1.0456046279e+00 )	( -3.4453630648e+00 1.0949402755e+00 -1.0353190652e+00 )	( 1.6996518865e-03 -5.8993855903e-04 -1.0285562731e-02 )
142              	( -3.4422999907e+00 1.0939932685e+00 -1.0455074443e+00 )	( -3.4440017217e+00 1.0945834968e+00 -1.0352184702e+00 )	( 1.7017309474e-03 -5.9022830491e-04 -1.0288974099e-02 )
143              	( -3.4412103680e+00 1.0936968916e+00 -1.0454348751e+00 )	( -3.4429140872e+00 1.0942874094e+00 -1.0351423195e+00 )	( 1.7037191415e-03 -5.9051781143e-04 -1.0292555621e-02 )
144              	( -3.4404016119e+00 1.0934696296e+00 -1.0453983240e+00 )	( -3.4421072248e+00 1.0940604363e+00 -1.0351020482e+00 )	( 1.7056129404e-03 -5.9080666606e-04 -1.0296275819e-02 )
145              	( -3.4398758613e+00 1.0933180388e+00 -1.0454068760e+00 )	( -3.4415832409e+00 1.0939091242e+00 -1.0351068218e+00 )	( 1.7073796307e-03 -5.9108538701e-04 -1.0300054224e-02 )
146              	( -3.4396329908e+00 1.0932478077e+00 -1.0454692689e+00 )	( -3.4413420140e+00 1.0938391644e+00 -1.0351654144e+00 )	( 1.7090232592e-03 -5.9135668277e-04 -1.0303854435e-02 )
147              	( -3.4396465012e+00 1.0932506338e+00 -1.0455779656e+00 )	( -3.4413570516e+00 1.0938422570e+00 -1.0352703155e+00 )	( 1.7105504213e-03 -5.9162321783e-04 -1.0307650058e-02 )
148              	( -3.4399130007e+00 1.0933249430e+00 -1.0457326569e+00 )	( -3.4416249363e+00 1.0939168192e+00 -1.0354212767e+00 )	( 1.7119355928e-03 -5.9187624139e-04 -1.0311380190e-02 )
149              	( -3.4404637694e+00 1.0934971213e+00 -1.0459685761e+00 )	( -3.4421769719e+00 1.0940892466e+00 -1.0356535382e+00 )	( 1.7132025314e-03 -5.9212526575e-04 -1.0315037947e-02 )
150              	( -3.4411361501e+00 1.0936845488e+00 -1.0461850639e+00 )	( -3.4428504594e+00 1.0942769044e+00 -1.0358665101e+00 )	( 1.7143092699e-03 -5.9235560880e-04 -1.0318553852e-02 )
151              	( -3.4419797159e+00 1.0939188262e+00 -1.0464263550e+00 )	( -3.4436949776e+00 1.0945113919e+00 -1.0361044599e+00 )	( 1.7152616703e-03 -5.9256572410e-04 -1.0321895010e-02 )
152              	( -3.4429279762e+00 1.0941729831e+00 -1.0466638585e+00 )	( -3.4446440462e+00 1.0947657426e+00 -1.0363388199e+00 )	( 1.7160700207e-03 -5.9275959312e-04 -1.0325038608e-02 )
153              	( -3.4439458416e+00 1.0944384062e+00 -1.0468920083e+00 )	( -3.4456625842e+00 1.0950313436e+00 -1.0365640402e+00 )	( 1.7167425367e-03 -5.9293743170e-04 -1.0327968063e-02 )
154              	( -3.4450127339e+00 1.0947099915e+00 -1.0471100076e+00 )	( -3.4467300128e+00 1.0953030871e+00 -1.0367793452e+00 )	( 1.7172789171e-03 -5.9309561637e-04 -1.0330662329e-02 )
155              	( -3.4461216001e+00 1.0949891437e+00 -1.0473226868e+00 )	( -3.4478392474e+00 1.0955823657e+00 -1.0369896315e+00 )	( 1.7176472400e-03 -5.9322206137e-04 -1.0333055294e-02 )
156              	( -3.4472423094e+00 1.0952675843e+00 -1.0475226613e+00 )	( -3.4489602196e+00 1.0958609203e+00 -1.0371874499e+00 )	( 1.7179101663e-03 -5.9333605071e-04 -1.0335211379e-02 )
157              	( -3.4483508448e+00 1.0955364569e+00 -1.0477023306e+00 )	( -3.4500689141e+00 1.0961298950e+00 -1.0373652231e+00 )	( 1.7180693407e-03 -5.9343804676e-04 -1.0337107507e-02 )
158              	( -3.4494249620e+00 1.0957896843e+00 -1.0478578414e+00 )	( -3.4511431022e+00 1.0963832134e+00 -1.0375190853e+00 )	( 1.7181402222e-03 -5.9352903731e-04 -1.0338756059e-02 )
159              	( -3.4504486426e+00 1.0960234262e+00 -1.0479872999e+00 )	( -3.4521667721e+00 1.0966170342e+00 -1.0376471428e+00 )	( 1.7181294421e-03 -5.9360800486e-04 -1.0340157171e-02 )
160              	( -3.4514096097e+00 1.0962351432e+00 -1.0480904145e+00 )	( -3.4531276528e+00 1.0968288170e+00 -1.0377491017e+00 )	( 1.7180431078e-03 -5.9367381616e-04 -1.0341312840e-02 )
161              	( -3.4522989921e+00 1.0964235283e+00 -1.0481681446e+00 )	( -3.4540168827e+00 1.0970172555e+00 -1.0378259143e+00 )	( 1.7178905836e-03 -5.9372711799e-04 -1.0342230277e-02 )
162              	( -3.4531079551e+00 1.0965866138e+00 -1.0482204948e+00 )	( -3.4548256364e+00 1.0971803821e+00 -1.0378775733e+00 )	( 1.7176813380e-03 -5.9376833426e-04 -1.0342921498e-02 )
163              	( -3.4538517748e+00 1.0967342838e+00 -1.0482613713e+00 )	( -3.4555692008e+00 1.0973280824e+00 -1.0379179656e+00 )	( 1.7174260118e-03 -5.9379857715e-04 -1.0343405695e-02 )
164              	( -3.4545871360e+00 1.0968959735e+00 -1.0483276128e+00 )	( -3.4563042766e+00 1.0974897941e+00 -1.0379838901e+00 )	( 1.7171406578e-03 -5.9382065664e-04 -1.0343722658e-02 )
165              	( -3.4552872261e+00 1.0970564976e+00 -1.0483990630e+00 )	( -3.4570040590e+00 1.0976503343e+00 -1.0380551734e+00 )	( 1.7168328923e-03 -5.9383669142e-04 -1.0343889549e-02 )
166              	( -3.4559617996e+00 1.0972212652e+00 -1.0484827813e+00 )	( -3.4576783056e+00 1.0978151104e+00 -1.0381388540e+00 )	( 1.7165059862e-03 -5.9384524504e-04 -1.0343927343e-02 )
167              	( -3.4566073017e+00 1.0973877786e+00 -1.0485763268e+00 )	( -3.4583234711e+00 1.0979816277e+00 -1.0382324691e+00 )	( 1.7161694124e-03 -5.9384910876e-04 -1.0343857733e-02 )
168              	( -3.4572109210e+00 1.0975484571e+00 -1.0486705672e+00 )	( -3.4589267465e+00 1.0981423051e+00 -1.0383268736e+00 )	( 1.7158255143e-03 -5.9384800987e-04 -1.0343693566e-02 )
169              	( -3.4577746231e+00 1.0977045738e+00 -1.0487666998e+00 )	( -3.4594900981e+00 1.0982984147e+00 -1.0384232532e+00 )	( 1.7154750349e-03 -5.9384092205e-04 -1.0343446602e-02 )
170              	( -3.4583000151e+00 1.0978556947e+00 -1.0488646706e+00 )	( -3.4600151357e+00 1.0984495219e+00 -1.0385215380e+00 )	( 1.7151205916e-03 -5.9382724055e-04 -1.0343132539e-02 )
171              	( -3.4587871458e+00 1.0980010312e+00 -1.0489631341e+00 )	( -3.4605019127e+00 1.0985948399e+00 -1.0386203697e+00 )	( 1.7147669337e-03 -5.9380871239e-04 -1.0342764449e-02 )
172              	( -3.4592398177e+00 1.0981417542e+00 -1.0490632232e+00 )	( -3.4609542349e+00 1.0987355402e+00 -1.0387208676e+00 )	( 1.7144172103e-03 -5.9378609312e-04 -1.0342355614e-02 )
173              	( -3.4596626185e+00 1.0982789998e+00 -1.0491656850e+00 )	( -3.4613766934e+00 1.0988727607e+00 -1.0388237679e+00 )	( 1.7140749390e-03 -5.9376082104e-04 -1.0341917069e-02 )
174              	( -3.4600591880e+00 1.0984132478e+00 -1.0492703558e+00 )	( -3.4617729305e+00 1.0990069812e+00 -1.0389288962e+00 )	( 1.7137424936e-03 -5.9373339445e-04 -1.0341459594e-02 )
175              	( -3.4604314351e+00 1.0985442244e+00 -1.0493763816e+00 )	( -3.4621448574e+00 1.0991379293e+00 -1.0390353900e+00 )	( 1.7134223313e-03 -5.9370492720e-04 -1.0340991578e-02 )
176              	( -3.4607769418e+00 1.0986695346e+00 -1.0494802152e+00 )	( -3.4624900564e+00 1.0992632099e+00 -1.0391396966e+00 )	( 1.7131146536e-03 -5.9367539254e-04 -1.0340518636e-02 )
177              	( -3.4610928572e+00 1.0987869138e+00 -1.0495790174e+00 )	( -3.4628056772e+00 1.0993805589e+00 -1.0392389723e+00 )	( 1.7128200315e-03 -5.9364512111e-04 -1.0340045126e-02 )
178              	( -3.4613753053e+00 1.0988936774e+00 -1.0496694200e+00 )	( -3.4630878438e+00 1.0994872916e+00 -1.0393298456e+00 )	( 1.7125385657e-03 -5.9361410502e-04 -1.0339574418e-02 )
179              	( -3.4616250457e+00 1.0989896866e+00 -1.0497508180e+00 )	( -3.4633373159e+00 1.0995832691e+00 -1.0394117100e+00 )	( 1.7122701950e-03 -5.9358258032e-04 -1.0339108038e-02 )
180              	( -3.4618407808e+00 1.0990737520e+00 -1.0498215730e+00 )	( -3.4635527959e+00 1.0996673027e+00 -1.0394829254e+00 )	( 1.7120151280e-03 -5.9355073041e-04 -1.0338647628e-02 )
181              	( -3.4620231672e+00 1.0991458260e+00 -1.0498814720e+00 )	( -3.4637349408e+00 1.0997393449e+00 -1.0395432780e+00 )	( 1.7117735527e-03 -5.9351886493e-04 -1.0338193961e-02 )
182              	( -3.4621736543e+00 1.0992063029e+00 -1.0499307710e+00 )	( -3.4638851996e+00 1.0997997899e+00 -1.0395930230e+00 )	( 1.7115452795e-03 -5.9348692358e-04 -1.0337747994e-02 )
183              	( -3.4622952949e+00 1.0992564334e+00 -1.0499708024e+00 )	( -3.4640066253e+00 1.0998498886e+00 -1.0396334919e+00 )	( 1.7113304092e-03 -5.9345517828e-04 -1.0337310432e-02 )
184              	( -3.4623926871e+00 1.0992982092e+00 -1.0500037081e+00 )	( -3.4641038158e+00 1.0998916328e+00 -1.0396668253e+00 )	( 1.7111287357e-03 -5.9342358852e-04 -1.0336882805e-02 )
185              	( -3.4624707889e+00 1.0993337586e+00 -1.0500317389e+00 )	( -3.4641817292e+00 1.0999271511e+00 -1.0396952725e+00 )	( 1.7109403524e-03 -5.9339253106e-04 -1.0336466403e-02 )
186              	( -3.4625346235e+00 1.0993652237e+00 -1.0500571771e+00 )	( -3.4642453885e+00 1.0999585858e+00 -1.0397211137e+00 )	( 1.7107650524e-03 -5.9336206750e-04 -1.0336063343e-02 )
187              	( -3.4625886637e+00 1.0993944536e+00 -1.0500819513e+00 )	( -3.4642992669e+00 1.0999877863e+00 -1.0397462759e+00 )	( 1.7106032084e-03 -5.9333277309e-04 -1.0335675444e-02 )
188              	( -3.4626356884e+00 1.0994224673e+00 -1.0501069433e+00 )	( -3.4643461427e+00 1.1000157720e+00 -1.0397716390e+00 )	( 1.7104542862e-03 -5.9330466750e-04 -1.0335304292e-02 )
189              	( -3.4626773912e+00 1.0994497551e+00 -1.0501324625e+00 )	( -3.4643877085e+00 1.1000430329e+00 -1.0397975120e+00 )	( 1.7103172632e-03 -5.9327777270e-04 -1.0334950463e-02 )
190              	( -3.4627147683e+00 1.0994764012e+00 -1.0501583708e+00 )	( -3.4644249601e+00 1.1000696534e+00 -1.0398237559e+00 )	( 1.7101917578e-03 -5.9325218169e-04 -1.0334614951e-02 )
191              	( -3.4627468179e+00 1.0995015685e+00 -1.0501835624e+00 )	( -3.4644568955e+00 1.1000947968e+00 -1.0398492646e+00 )	( 1.7100775955e-03 -5.9322829142e-04 -1.0334297780e-02 )
192              	( -3.4627711159e+00 1.0995237628e+00 -1.0502061611e+00 )	( -3.4644810902e+00 1.1001169689e+00 -1.0398721623e+00 )	( 1.7099742076e-03 -5.9320607764e-04 -1.0333998753e-02 )
193              	( -3.4627859705e+00 1.0995420333e+00 -1.0502249780e+00 )	( -3.4644958514e+00 1.1001352189e+00 -1.0398912615e+00 )	( 1.7098809215e-03 -5.9318560476e-04 -1.0333716488e-02 )
194              	( -3.4627900706e+00 1.0995556572e+00 -1.0502392003e+00 )	( -3.4644998676e+00 1.1001488237e+00 -1.0399057501e+00 )	( 1.7097969211e-03 -5.9316657180e-04 -1.0333450186e-02 )
195              	( -3.4627820670e+00 1.0995639371e+00 -1.0502480231e+00 )	( -3.4644917885e+00 1.1001570860e+00 -1.0399148249e+00 )	( 1.7097215396e-03 -5.9314892734e-04 -1.0333198213e-02 )
196              	( -3.4627611058e+00 1.0995664831e+00 -1.0502510718e+00 )	( -3.4644707600e+00 1.1001596155e+00 -1.0399181121e+00 )	( 1.7096541803e-03 -5.9313239171e-04 -1.0332959755e-02 )
197              	( -3.4627274788e+00 1.0995635134e+00 -1.0502486614e+00 )	( -3.4644370735e+00 1.1001566304e+00 -1.0399159277e+00 )	( 1.7095946574e-03 -5.9311705534e-04 -1.0332733762e-02 )
198              	( -3.4626817832e+00 1.0995553522e+00 -1.0502411712e+00 )	( -3.4643913257e+00 1.1001484549e+00 -1.0399086514e+00 )	( 1.7095425309e-03 -5.9310269908e-04 -1.0332519794e-02 )
199              	( -3.4626255686e+00 1.0995428059e+00 -1.0502295783e+00 )	( -3.4643350663e+00 1.1001358954e+00 -1.0398972610e+00 )	( 1.7094977059e-03 -5.9308944233e-04 -1.0332317372e-02 )
200              	( -3.4625606561e+00 1.0995267763e+00 -1.0502149343e+00 )	( -3.4642701159e+00 1.1001198534e+00 -1.0398828077e+00 )	( 1.7094597804e-03 -5.9307709402e-04 -1.0332126595e-02 )
201              	( -3.4624889540e+00 1.0995081723e+00 -1.0501982827e+00 )	( -3.4641983828e+00 1.1001012382e+00 -1.0398663351e+00 )	( 1.7094288270e-03 -5.9306589405e-04 -1.0331947557e-02 )
202              	( -3.4624122685e+00 1.0994878233e+00 -1.0501805462e+00 )	( -3.4641216729e+00 1.1000808788e+00 -1.0398487649e+00 )	( 1.7094043607e-03 -5.9305549235e-04 -1.0331781239e-02 )
203              	( -3.4623321967e+00 1.0994664110e+00 -1.0501624521e+00 )	( -3.4640415832e+00 1.1000594572e+00 -1.0398308244e+00 )	( 1.7093865044e-03 -5.9304627810e-04 -1.0331627689e-02 )
204              	( -3.4622499398e+00 1.0994444003e+00 -1.0501444624e+00 )	( -3.4639593146e+00 1.1000374382e+00 -1.0398129744e+00 )	( 1.7093747248e-03 -5.9303790031e-04 -1.0331487976e-02 )
205              	( -3.4621660752e+00 1.0994219586e+00 -1.0501266899e+00 )	( -3.4638754444e+00 1.1000149894e+00 -1.0397953278e+00 )	( 1.7093691688e-03 -5.9303076618e-04 -1.0331362090e-02 )
206              	( -3.4620807889e+00 1.0993990318e+00 -1.0501089750e+00 )	( -3.4637901581e+00 1.0999920563e+00 -1.0397777243e+00 )	( 1.7093691982e-03 -5.9302448501e-04 -1.0331250742e-02 )
207              	( -3.4619939802e+00 1.0993754330e+00 -1.0500910171e+00 )	( -3.4637033550e+00 1.0999684525e+00 -1.0397598637e+00 )	( 1.7093748169e-03 -5.9301941450e-04 -1.0331153404e-02 )
208              	( -3.4619051340e+00 1.0993508275e+00 -1.0500723938e+00 )	( -3.4636145195e+00 1.0999438427e+00 -1.0397413232e+00 )	( 1.7093854441e-03 -5.9301515707e-04 -1.0331070536e-02 )
209              	( -3.4618140588e+00 1.0993250253e+00 -1.0500528067e+00 )	( -3.4635234598e+00 1.0999180373e+00 -1.0397218055e+00 )	( 1.7094010582e-03 -5.9301204021e-04 -1.0331001253e-02 )
210              	( -3.4617206783e+00 1.0992979283e+00 -1.0500321156e+00 )	( -3.4634300994e+00 1.0998909379e+00 -1.0397011698e+00 )	( 1.7094210713e-03 -5.9300964866e-04 -1.0330945782e-02 )
211              	( -3.4616250672e+00 1.0992695225e+00 -1.0500102775e+00 )	( -3.4633345128e+00 1.0998625308e+00 -1.0396793742e+00 )	( 1.7094455744e-03 -5.9300832679e-04 -1.0330903276e-02 )
212              	( -3.4615277251e+00 1.0992400024e+00 -1.0499874689e+00 )	( -3.4632371991e+00 1.0998330101e+00 -1.0396565950e+00 )	( 1.7094739829e-03 -5.9300765207e-04 -1.0330873923e-02 )
213              	( -3.4614294889e+00 1.0992097263e+00 -1.0499640693e+00 )	( -3.4631389953e+00 1.0998027343e+00 -1.0396332123e+00 )	( 1.7095064112e-03 -5.9300797735e-04 -1.0330856965e-02 )
214              	( -3.4613313835e+00 1.0991791251e+00 -1.0499405074e+00 )	( -3.4630409258e+00 1.0997721340e+00 -1.0396096547e+00 )	( 1.7095422792e-03 -5.9300889237e-04 -1.0330852695e-02 )
215              	( -3.4612345449e+00 1.0991486757e+00 -1.0499172642e+00 )	( -3.4629441266e+00 1.0997416864e+00 -1.0395864038e+00 )	( 1.7095816589e-03 -5.9301075281e-04 -1.0330860378e-02 )
216              	( -3.4611401505e+00 1.0991188645e+00 -1.0498948135e+00 )	( -3.4628497745e+00 1.0997118776e+00 -1.0395639332e+00 )	( 1.7096239368e-03 -5.9301315490e-04 -1.0330880330e-02 )
217              	( -3.4610492616e+00 1.0990901055e+00 -1.0498735392e+00 )	( -3.4627589307e+00 1.0996831220e+00 -1.0395426275e+00 )	( 1.7096691351e-03 -5.9301645697e-04 -1.0330911764e-02 )
218              	( -3.4609631034e+00 1.0990628806e+00 -1.0498538673e+00 )	( -3.4626728199e+00 1.0996559009e+00 -1.0395229125e+00 )	( 1.7097165375e-03 -5.9302024467e-04 -1.0330954808e-02 )
219              	( -3.4608823156e+00 1.0990373838e+00 -1.0498359283e+00 )	( -3.4625920818e+00 1.0996304087e+00 -1.0395049198e+00 )	( 1.7097661295e-03 -5.9302488229e-04 -1.0331008506e-02 )
220              	( -3.4608075075e+00 1.0990137991e+00 -1.0498198196e+00 )	( -3.4625173247e+00 1.0996068291e+00 -1.0394887468e+00 )	( 1.7098171506e-03 -5.9302994233e-04 -1.0331072766e-02 )
221              	( -3.4607390364e+00 1.0989921939e+00 -1.0498055130e+00 )	( -3.4624489059e+00 1.0995852297e+00 -1.0394743667e+00 )	( 1.7098694865e-03 -5.9303575475e-04 -1.0331146301e-02 )
222              	( -3.4606770673e+00 1.0989725587e+00 -1.0497929038e+00 )	( -3.4623869896e+00 1.0995656006e+00 -1.0394616750e+00 )	( 1.7099223656e-03 -5.9304188490e-04 -1.0331228768e-02 )
223              	( -3.4606216559e+00 1.0989548467e+00 -1.0497818525e+00 )	( -3.4623316315e+00 1.0995478953e+00 -1.0394505339e+00 )	( 1.7099756469e-03 -5.9304864267e-04 -1.0331318609e-02 )
224              	( -3.4605728902e+00 1.0989390476e+00 -1.0497722792e+00 )	( -3.4622829187e+00 1.0995321032e+00 -1.0394408640e+00 )	( 1.7100285213e-03 -5.9305556945e-04 -1.0331415209e-02 )
225              	( -3.4605306276e+00 1.0989250567e+00 -1.0497640006e+00 )	( -3.4622407085e+00 1.0995181196e+00 -1.0394324837e+00 )	( 1.7100808791e-03 -5.9306297260e-04 -1.0331516867e-02 )
226              	( -3.4604947320e+00 1.0989127973e+00 -1.0497568812e+00 )	( -3.4622048639e+00 1.0995058676e+00 -1.0394252583e+00 )	( 1.7101319288e-03 -5.9307038149e-04 -1.0331622826e-02 )
227              	( -3.4604651227e+00 1.0989022403e+00 -1.0497508564e+00 )	( -3.4621753043e+00 1.0994953184e+00 -1.0394191251e+00 )	( 1.7101815666e-03 -5.9307808438e-04 -1.0331731286e-02 )
228              	( -3.4604417768e+00 1.0988934025e+00 -1.0497459283e+00 )	( -3.4621520058e+00 1.0994864881e+00 -1.0394140868e+00 )	( 1.7102290704e-03 -5.9308561702e-04 -1.0331841539e-02 )
229              	( -3.4604246535e+00 1.0988863047e+00 -1.0497421123e+00 )	( -3.4621349279e+00 1.0994793980e+00 -1.0394101604e+00 )	( 1.7102744116e-03 -5.9309327884e-04 -1.0331951876e-02 )
230              	( -3.4604137139e+00 1.0988809811e+00 -1.0497394480e+00 )	( -3.4621240309e+00 1.0994740817e+00 -1.0394073862e+00 )	( 1.7103169453e-03 -5.9310061823e-04 -1.0332061712e-02 )
231              	( -3.4604088758e+00 1.0988774534e+00 -1.0497379688e+00 )	( -3.4621192325e+00 1.0994705614e+00 -1.0394057993e+00 )	( 1.7103567175e-03 -5.9310794565e-04 -1.0332169480e-02 )
232              	( -3.4604100003e+00 1.0988757235e+00 -1.0497376913e+00 )	( -3.4621203934e+00 1.0994688383e+00 -1.0394054165e+00 )	( 1.7103931575e-03 -5.9311482142e-04 -1.0332274744e-02 )
233              	( -3.4604168616e+00 1.0988757576e+00 -1.0497385992e+00 )	( -3.4621272880e+00 1.0994688791e+00 -1.0394062231e+00 )	( 1.7104263855e-03 -5.9312156744e-04 -1.0332376083e-02 )
234              	( -3.4604291301e+00 1.0988774792e+00 -1.0497406360e+00 )	( -3.4621395860e+00 1.0994706070e+00 -1.0394081628e+00 )	( 1.7104559141e-03 -5.9312775714e-04 -1.0332473218e-02 )
235              	( -3.4604463835e+00 1.0988807737e+00 -1.0497437086e+00 )	( -3.4621568655e+00 1.0994739074e+00 -1.0394111438e+00 )	( 1.7104819467e-03 -5.9313372426e-04 -1.0332564881e-02 )
236              	( -3.4604681009e+00 1.0988854849e+00 -1.0497476859e+00 )	( -3.4621786050e+00 1.0994786239e+00 -1.0394150350e+00 )	( 1.7105040822e-03 -5.9313905431e-04 -1.0332650947e-02 )
237              	( -3.4604936897e+00 1.0988914282e+00 -1.0497524117e+00 )	( -3.4622042123e+00 1.0994845723e+00 -1.0394196814e+00 )	( 1.7105226126e-03 -5.9314409223e-04 -1.0332730311e-02 )
238              	( -3.4605225173e+00 1.0988984053e+00 -1.0497577216e+00 )	( -3.4622330545e+00 1.0994915537e+00 -1.0394249185e+00 )	( 1.7105372258e-03 -5.9314843525e-04 -1.0332803019e-02 )
239              	( -3.4605539198e+00 1.0989062061e+00 -1.0497634448e+00 )	( -3.4622644681e+00 1.0994993585e+00 -1.0394305767e+00 )	( 1.7105483052e-03 -5.9315244132e-04 -1.0332868154e-02 )
240              	( -3.4605872380e+00 1.0989146275e+00 -1.0497694241e+00 )	( -3.4622977937e+00 1.0995077832e+00 -1.0394364981e+00 )	( 1.7105556863e-03 -5.9315574747e-04 -1.0332925962e-02 )
241              	( -3.4606217753e+00 1.0989234676e+00 -1.0497755091e+00 )	( -3.4623323353e+00 1.0995166264e+00 -1.0394425333e+00 )	( 1.7105600338e-03 -5.9315881414e-04 -1.0332975713e-02 )
242              	( -3.4606568010e+00 1.0989325281e+00 -1.0497815562e+00 )	( -3.4623673616e+00 1.0995256891e+00 -1.0394485385e+00 )	( 1.7105606045e-03 -5.9316099246e-04 -1.0333017673e-02 )
243              	( -3.4606921647e+00 1.0989417899e+00 -1.0497876323e+00 )	( -3.4624027230e+00 1.0995349528e+00 -1.0394545807e+00 )	( 1.7105583136e-03 -5.9316282637e-04 -1.0333051612e-02 )
244              	( -3.4607273218e+00 1.0989510708e+00 -1.0497935986e+00 )	( -3.4624378749e+00 1.0995442347e+00 -1.0394605204e+00 )	( 1.7105530813e-03 -5.9316396265e-04 -1.0333078189e-02 )
245              	( -3.4607617877e+00 1.0989602226e+00 -1.0497993547e+00 )	( -3.4624723332e+00 1.0995533874e+00 -1.0394662576e+00 )	( 1.7105455145e-03 -5.9316480627e-04 -1.0333097174e-02 )
246              	( -3.4607951669e+00 1.0989691360e+00 -1.0498048410e+00 )	( -3.4625057024e+00 1.0995623010e+00 -1.0394717316e+00 )	( 1.7105355644e-03 -5.9316500833e-04 -1.0333109427e-02 )
247              	( -3.4608271466e+00 1.0989777322e+00 -1.0498100315e+00 )	( -3.4625376704e+00 1.0995708972e+00 -1.0394769166e+00 )	( 1.7105238621e-03 -5.9316498237e-04 -1.0333114856e-02 )
248              	( -3.4608574730e+00 1.0989859499e+00 -1.0498149126e+00 )	( -3.4625679834e+00 1.0995791143e+00 -1.0394817981e+00 )	( 1.7105103871e-03 -5.9316439103e-04 -1.0333114468e-02 )
249              	( -3.4608859298e+00 1.0989937324e+00 -1.0498194685e+00 )	( -3.4625964255e+00 1.0995868961e+00 -1.0394863602e+00 )	( 1.7104957665e-03 -5.9316365088e-04 -1.0333108262e-02 )
250              	( -3.4609123807e+00 1.0990010503e+00 -1.0498237079e+00 )	( -3.4626228607e+00 1.0995942128e+00 -1.0394906106e+00 )	( 1.7104799672e-03 -5.9316242578e-04 -1.0333097326e-02 )
251              	( -3.4609367276e+00 1.0990078796e+00 -1.0498276381e+00 )	( -3.4626471912e+00 1.0996010408e+00 -1.0394945564e+00 )	( 1.7104635966e-03 -5.9316113361e-04 -1.0333081722e-02 )
252              	( -3.4609588936e+00 1.0990141964e+00 -1.0498312580e+00 )	( -3.4626693402e+00 1.0996073558e+00 -1.0394981955e+00 )	( 1.7104465973e-03 -5.9315943982e-04 -1.0333062572e-02 )
253              	( -3.4609788226e+00 1.0990199769e+00 -1.0498345602e+00 )	( -3.4626892521e+00 1.0996131347e+00 -1.0395015203e+00 )	( 1.7104295398e-03 -5.9315775977e-04 -1.0333039939e-02 )
254              	( -3.4609964849e+00 1.0990252034e+00 -1.0498375380e+00 )	( -3.4627068972e+00 1.0996183592e+00 -1.0395045231e+00 )	( 1.7104123266e-03 -5.9315575530e-04 -1.0333014929e-02 )
255              	( -3.4610118841e+00 1.0990298668e+00 -1.0498401892e+00 )	( -3.4627222796e+00 1.0996230207e+00 -1.0395072017e+00 )	( 1.7103954874e-03 -5.9315383791e-04 -1.0332987571e-02 )
256              	( -3.4610250433e+00 1.0990339631e+00 -1.0498425126e+00 )	( -3.4627354223e+00 1.0996271147e+00 -1.0395095537e+00 )	( 1.7103789165e-03 -5.9315168097e-04 -1.0332958928e-02 )
257              	( -3.4610359862e+00 1.0990374905e+00 -1.0498445056e+00 )	( -3.4627463494e+00 1.0996306402e+00 -1.0395115766e+00 )	( 1.7103631327e-03 -5.9314970616e-04 -1.0332928955e-02 )
258              	( -3.4610447556e+00 1.0990404572e+00 -1.0498461736e+00 )	( -3.4627551034e+00 1.0996336047e+00 -1.0395132750e+00 )	( 1.7103478297e-03 -5.9314750991e-04 -1.0332898600e-02 )
259              	( -3.4610515286e+00 1.0990429110e+00 -1.0498475654e+00 )	( -3.4627618621e+00 1.0996360566e+00 -1.0395146976e+00 )	( 1.7103335163e-03 -5.9314552075e-04 -1.0332867810e-02 )
260              	( -3.4610564170e+00 1.0990448701e+00 -1.0498486887e+00 )	( -3.4627667370e+00 1.0996380135e+00 -1.0395158512e+00 )	( 1.7103199625e-03 -5.9314338542e-04 -1.0332837500e-02 )
261              	( -3.4610595434e+00 1.0990463557e+00 -1.0498495520e+00 )	( -3.4627698510e+00 1.0996394972e+00 -1.0395167445e+00 )	( 1.7103075716e-03 -5.9314150082e-04 -1.0332807509e-02 )
262              	( -3.4610610442e+00 1.0990473953e+00 -1.0498501690e+00 )	( -3.4627713403e+00 1.0996405348e+00 -1.0395173903e+00 )	( 1.7102960760e-03 -5.9313950932e-04 -1.0332778680e-02 )
263              	( -3.4610610652e+00 1.0990480197e+00 -1.0498505551e+00 )	( -3.4627713510e+00 1.0996411575e+00 -1.0395178044e+00 )	( 1.7102858400e-03 -5.9313780263e-04 -1.0332750765e-02 )
264              	( -3.4610597638e+00 1.0990482660e+00 -1.0498507319e+00 )	( -3.4627700403e+00 1.0996414021e+00 -1.0395180073e+00 )	( 1.7102765610e-03 -5.9313601869e-04 -1.0332724523e-02 )
265              	( -3.4610573030e+00 1.0990481740e+00 -1.0498507224e+00 )	( -3.4627675716e+00 1.0996413086e+00 -1.0395180228e+00 )	( 1.7102685672e-03 -5.9313454340e-04 -1.0332699620e-02 )
266              	( -3.4610538523e+00 1.0990477881e+00 -1.0498505547e+00 )	( -3.4627641138e+00 1.0996409211e+00 -1.0395178780e+00 )	( 1.7102615226e-03 -5.9313300898e-04 -1.0332676733e-02 )
267              	( -3.4610495800e+00 1.0990471526e+00 -1.0498502562e+00 )	( -3.4627598357e+00 1.0996402844e+00 -1.0395176008e+00 )	( 1.7102557228e-03 -5.9313179506e-04 -1.0332655445e-02 )
268              	( -3.4610446552e+00 1.0990463145e+00 -1.0498498575e+00 )	( -3.4627549060e+00 1.0996394450e+00 -1.0395172211e+00 )	( 1.7102508028e-03 -5.9313052816e-04 -1.0332636358e-02 )
269              	( -3.4610392381e+00 1.0990453176e+00 -1.0498493855e+00 )	( -3.4627494851e+00 1.0996384472e+00 -1.0395167665e+00 )	( 1.7102470325e-03 -5.9312958252e-04 -1.0332618983e-02 )
270              	( -3.4610334804e+00 1.0990442045e+00 -1.0498488667e+00 )	( -3.4627437245e+00 1.0996373331e+00 -1.0395162629e+00 )	( 1.7102440261e-03 -5.9312858042e-04 -1.0332603855e-02 )
271              	( -3.4610275194e+00 1.0990430123e+00 -1.0498483221e+00 )	( -3.4627377614e+00 1.0996361402e+00 -1.0395157317e+00 )	( 1.7102420370e-03 -5.9312789236e-04 -1.0332590424e-02 )
272              	( -3.4610214790e+00 1.0990417751e+00 -1.0498477704e+00 )	( -3.4627317197e+00 1.0996349022e+00 -1.0395151912e+00 )	( 1.7102406672e-03 -5.9312713796e-04 -1.0332579171e-02 )
273              	( -3.4610154638e+00 1.0990405196e+00 -1.0498472234e+00 )	( -3.4627257040e+00 1.0996336462e+00 -1.0395146539e+00 )	( 1.7102401620e-03 -5.9312668543e-04 -1.0332569498e-02 )
274              	( -3.4610095639e+00 1.0990392692e+00 -1.0498466911e+00 )	( -3.4627198041e+00 1.0996323953e+00 -1.0395141292e+00 )	( 1.7102401192e-03 -5.9312615283e-04 -1.0332561843e-02 )
275              	( -3.4610038484e+00 1.0990380396e+00 -1.0498461760e+00 )	( -3.4627140892e+00 1.0996311655e+00 -1.0395136205e+00 )	( 1.7102407831e-03 -5.9312590707e-04 -1.0332555574e-02 )
276              	( -3.4609983741e+00 1.0990368444e+00 -1.0498456810e+00 )	( -3.4627086158e+00 1.0996299700e+00 -1.0395131299e+00 )	( 1.7102417539e-03 -5.9312556552e-04 -1.0332551097e-02 )
277              	( -3.4609931787e+00 1.0990356904e+00 -1.0498452025e+00 )	( -3.4627034220e+00 1.0996288159e+00 -1.0395126548e+00 )	( 1.7102432805e-03 -5.9312549442e-04 -1.0332547759e-02 )
278              	( -3.4609882904e+00 1.0990345836e+00 -1.0498447386e+00 )	( -3.4626985353e+00 1.0996277089e+00 -1.0395121927e+00 )	( 1.7102449696e-03 -5.9312531092e-04 -1.0332545951e-02 )
279              	( -3.4609837259e+00 1.0990335263e+00 -1.0498442851e+00 )	( -3.4626939730e+00 1.0996266517e+00 -1.0395117401e+00 )	( 1.7102470780e-03 -5.9312538101e-04 -1.0332545008e-02 )
280              	( -3.4609794938e+00 1.0990325205e+00 -1.0498438391e+00 )	( -3.4626897430e+00 1.0996256458e+00 -1.0395112938e+00 )	( 1.7102492221e-03 -5.9312532216e-04 -1.0332545318e-02 )
281              	( -3.4609755948e+00 1.0990315659e+00 -1.0498433969e+00 )	( -3.4626858465e+00 1.0996246914e+00 -1.0395108507e+00 )	( 1.7102516685e-03 -5.9312550045e-04 -1.0332546219e-02 )
282              	( -3.4609720282e+00 1.0990306643e+00 -1.0498429587e+00 )	( -3.4626822822e+00 1.0996237899e+00 -1.0395104106e+00 )	( 1.7102540441e-03 -5.9312553387e-04 -1.0332548106e-02 )
283              	( -3.4609687872e+00 1.0990298157e+00 -1.0498425239e+00 )	( -3.4626790439e+00 1.0996229415e+00 -1.0395099736e+00 )	( 1.7102566267e-03 -5.9312578914e-04 -1.0332550326e-02 )
284              	( -3.4609658658e+00 1.0990290221e+00 -1.0498420955e+00 )	( -3.4626761249e+00 1.0996221480e+00 -1.0395095422e+00 )	( 1.7102590544e-03 -5.9312588531e-04 -1.0332553290e-02 )
285              	( -3.4609632533e+00 1.0990282840e+00 -1.0498416756e+00 )	( -3.4626735149e+00 1.0996214102e+00 -1.0395091192e+00 )	( 1.7102616162e-03 -5.9312619019e-04 -1.0332556365e-02 )
286              	( -3.4609609390e+00 1.0990276032e+00 -1.0498412684e+00 )	( -3.4626712030e+00 1.0996207296e+00 -1.0395087084e+00 )	( 1.7102639615e-03 -5.9312632423e-04 -1.0332559980e-02 )
287              	( -3.4609589081e+00 1.0990269792e+00 -1.0498408762e+00 )	( -3.4626691745e+00 1.0996201059e+00 -1.0395083127e+00 )	( 1.7102663892e-03 -5.9312665627e-04 -1.0332563524e-02 )
288              	( -3.4609571455e+00 1.0990264123e+00 -1.0498405025e+00 )	( -3.4626674140e+00 1.0996195391e+00 -1.0395079350e+00 )	( 1.7102685583e-03 -5.9312680817e-04 -1.0332567445e-02 )
289              	( -3.4609556309e+00 1.0990258997e+00 -1.0498401477e+00 )	( -3.4626659017e+00 1.0996190269e+00 -1.0395075766e+00 )	( 1.7102707765e-03 -5.9312714986e-04 -1.0332571153e-02 )
290              	( -3.4609543445e+00 1.0990254396e+00 -1.0498398134e+00 )	( -3.4626646172e+00 1.0996185669e+00 -1.0395072383e+00 )	( 1.7102727115e-03 -5.9312730445e-04 -1.0332575115e-02 )
291              	( -3.4609532619e+00 1.0990250268e+00 -1.0498394977e+00 )	( -3.4626635366e+00 1.0996181545e+00 -1.0395069189e+00 )	( 1.7102746783e-03 -5.9312764282e-04 -1.0332578759e-02 )
292              	( -3.4609523600e+00 1.0990246575e+00 -1.0498391999e+00 )	( -3.4626626364e+00 1.0996177853e+00 -1.0395066174e+00 )	( 1.7102763511e-03 -5.9312778920e-04 -1.0332582570e-02 )
293              	( -3.4609516128e+00 1.0990243253e+00 -1.0498389168e+00 )	( -3.4626618909e+00 1.0996174534e+00 -1.0395063308e+00 )	( 1.7102780511e-03 -5.9312811526e-04 -1.0332585992e-02 )
294              	( -3.4609509971e+00 1.0990240255e+00 -1.0498386468e+00 )	( -3.4626612766e+00 1.0996171538e+00 -1.0395060573e+00 )	( 1.7102794580e-03 -5.9312824619e-04 -1.0332589523e-02 )
295              	( -3.4609504888e+00 1.0990237520e+00 -1.0498383866e+00 )	( -3.4626607697e+00 1.0996168806e+00 -1.0395057939e+00 )	( 1.7102808970e-03 -5.9312855426e-04 -1.0332592622e-02 )
296              	( -3.4609500677e+00 1.0990235006e+00 -1.0498381350e+00 )	( -3.4626603497e+00 1.0996166293e+00 -1.0395055392e+00 )	( 1.7102820518e-03 -5.9312866546e-04 -1.0332595799e-02 )
297              	( -3.4609497148e+00 1.0990232668e+00 -1.0498378900e+00 )	( -3.4626599980e+00 1.0996163958e+00 -1.0395052914e+00 )	( 1.7102832507e-03 -5.9312895252e-04 -1.0332598525e-02 )
298              	( -3.4609494164e+00 1.0990230485e+00 -1.0498376523e+00 )	( -3.4626597006e+00 1.0996161775e+00 -1.0395050510e+00 )	( 1.7102841798e-03 -5.9312904213e-04 -1.0332601319e-02 )
299              	( -3.4609491598e+00 1.0990228430e+00 -1.0498374214e+00 )	( -3.4626594450e+00 1.0996159723e+00 -1.0395048178e+00 )	( 1.7102851688e-03 -5.9312930739e-04 -1.0332603662e-02 )
300              	( -3.4609489379e+00 1.0990226502e+00 -1.0498371998e+00 )	( -3.4626592239e+00 1.0996157796e+00 -1.0395045937e+00 )	( 1.7102859051e-03 -5.9312937556e-04 -1.0332606082e-02 )
301              	( -3.4609487441e+00 1.0990224694e+00 -1.0498369881e+00 )	( -3.4626590308e+00 1.0996155990e+00 -1.0395043801e+00 )	( 1.7102867188e-03 -5.9312961997e-04 -1.0332608064e-02 )
302              	( -3.4609485765e+00 1.0990223018e+00 -1.0498367896e+00 )	( -3.4626588638e+00 1.0996154315e+00 -1.0395041795e+00 )	( 1.7102872971e-03 -5.9312966825e-04 -1.0332610143e-02 )
303              	( -3.4609484327e+00 1.0990221474e+00 -1.0498366053e+00 )	( -3.4626587207e+00 1.0996152773e+00 -1.0395039935e+00 )	( 1.7102879692e-03 -5.9312989379e-04 -1.0332611807e-02 )
304              	( -3.4609483142e+00 1.0990220082e+00 -1.0498364383e+00 )	( -3.4626586026e+00 1.0996151382e+00 -1.0395038247e+00 )	( 1.7102884215e-03 -5.9312992444e-04 -1.0332613593e-02 )
305              	( -3.4609482206e+00 1.0990218843e+00 -1.0498362890e+00 )	( -3.4626585096e+00 1.0996150144e+00 -1.0395036740e+00 )	( 1.7102889818e-03 -5.9313013351e-04 -1.0332614991e-02 )
306              	( -3.4609481545e+00 1.0990217771e+00 -1.0498361595e+00 )	( -3.4626584438e+00 1.0996149073e+00 -1.0395035430e+00 )	( 1.7102893348e-03 -5.9313014894e-04 -1.0332616537e-02 )
307              	( -3.4609481162e+00 1.0990216865e+00 -1.0498360494e+00 )	( -3.4626584060e+00 1.0996148168e+00 -1.0395034316e+00 )	( 1.7102898067e-03 -5.9313034382e-04 -1.0332617719e-02 )
308              	( -3.4609481082e+00 1.0990216135e+00 -1.0498359598e+00 )	( -3.4626583983e+00 1.0996147438e+00 -1.0395033407e+00 )	( 1.7102900806e-03 -5.9313034608e-04 -1.0332619072e-02 )
309              	( -3.4609481308e+00 1.0990215573e+00 -1.0498358894e+00 )	( -3.4626584213e+00 1.0996146879e+00 -1.0395032693e+00 )	( 1.7102904809e-03 -5.9313052855e-04 -1.0332620082e-02 )
310              	( -3.4609481861e+00 1.0990215187e+00 -1.0498358386e+00 )	( -3.4626584768e+00 1.0996146493e+00 -1.0395032173e+00 )	( 1.7102906891e-03 -5.9313051910e-04 -1.0332621279e-02 )
311              	( -3.4609482738e+00 1.0990214965e+00 -1.0498358055e+00 )	( -3.4626585649e+00 1.0996146272e+00 -1.0395031833e+00 )	( 1.7102910281e-03 -5.9313069030e-04 -1.0332622147e-02 )
312              	( -3.4609483960e+00 1.0990214912e+00 -1.0498357903e+00 )	( -3.4626586872e+00 1.0996146219e+00 -1.0395031671e+00 )	( 1.7102911783e-03 -5.9313066997e-04 -1.0332623213e-02 )
313              	( -3.4609485520e+00 1.0990215017e+00 -1.0498357910e+00 )	( -3.4626588435e+00 1.0996146325e+00 -1.0395031671e+00 )	( 1.7102914614e-03 -5.9313083042e-04 -1.0332623959e-02 )
314              	( -3.4609487436e+00 1.0990215284e+00 -1.0498358079e+00 )	( -3.4626590352e+00 1.0996146592e+00 -1.0395031829e+00 )	( 1.7102915569e-03 -5.9313079953e-04 -1.0332624909e-02 )
315              	( -3.4609489701e+00 1.0990215702e+00 -1.0498358390e+00 )	( -3.4626592619e+00 1.0996147011e+00 -1.0395032134e+00 )	( 1.7102917857e-03 -5.9313094939e-04 -1.0332625542e-02 )
316              	( -3.4609492326e+00 1.0990216275e+00 -1.0498358845e+00 )	( -3.4626595245e+00 1.0996147584e+00 -1.0395032581e+00 )	( 1.7102918271e-03 -5.9313090794e-04 -1.0332626380e-02 )
317              	( -3.4609495293e+00 1.0990216989e+00 -1.0498359425e+00 )	( -3.4626598213e+00 1.0996148299e+00 -1.0395033156e+00 )	( 1.7102920015e-03 -5.9313104716e-04 -1.0332626902e-02 )
318              	( -3.4609498612e+00 1.0990217849e+00 -1.0498360132e+00 )	( -3.4626601532e+00 1.0996149159e+00 -1.0395033856e+00 )	( 1.7102919877e-03 -5.9313099503e-04 -1.0332627628e-02 )
319              	( -3.4609502249e+00 1.0990218835e+00 -1.0498360944e+00 )	( -3.4626605170e+00 1.0996150147e+00 -1.0395034663e+00 )	( 1.7102921063e-03 -5.9313112342e-04 -1.0332628034e-02 )
320              	( -3.4609506196e+00 1.0990219949e+00 -1.0498361859e+00 )	( -3.4626609117e+00 1.0996151260e+00 -1.0395035573e+00 )	( 1.7102920363e-03 -5.9313106045e-04 -1.0332628641e-02 )
321              	( -3.4609510415e+00 1.0990221169e+00 -1.0498362854e+00 )	( -3.4626613336e+00 1.0996152480e+00 -1.0395036565e+00 )	( 1.7102920982e-03 -5.9313117788e-04 -1.0332628925e-02 )
322              	( -3.4609514882e+00 1.0990222489e+00 -1.0498363926e+00 )	( -3.4626617802e+00 1.0996153800e+00 -1.0395037632e+00 )	( 1.7102919716e-03 -5.9313110400e-04 -1.0332629407e-02 )
323              	( -3.4609519545e+00 1.0990223887e+00 -1.0498365047e+00 )	( -3.4626622465e+00 1.0996155199e+00 -1.0395038751e+00 )	( 1.7102919771e-03 -5.9313121048e-04 -1.0332629561e-02 )
324              	( -3.4609524370e+00 1.0990225352e+00 -1.0498366212e+00 )	( -3.4626627287e+00 1.0996156663e+00 -1.0395039913e+00 )	( 1.7102917950e-03 -5.9313112577e-04 -1.0332629910e-02 )
325              	( -3.4609529294e+00 1.0990226859e+00 -1.0498367394e+00 )	( -3.4626632212e+00 1.0996158171e+00 -1.0395041095e+00 )	( 1.7102917463e-03 -5.9313122149e-04 -1.0332629930e-02 )
326              	( -3.4609534280e+00 1.0990228397e+00 -1.0498368587e+00 )	( -3.4626637195e+00 1.0996159709e+00 -1.0395042285e+00 )	( 1.7102915119e-03 -5.9313112626e-04 -1.0332630141e-02 )
327              	( -3.4609539261e+00 1.0990229940e+00 -1.0498369764e+00 )	( -3.4626642175e+00 1.0996161252e+00 -1.0395043464e+00 )	( 1.7102914135e-03 -5.9313121165e-04 -1.0332630023e-02 )
328              	( -3.4609544198e+00 1.0990231479e+00 -1.0498370923e+00 )	( -3.4626647109e+00 1.0996162790e+00 -1.0395044622e+00 )	( 1.7102911325e-03 -5.9313110650e-04 -1.0332630097e-02 )
329              	( -3.4609549029e+00 1.0990232988e+00 -1.0498372039e+00 )	( -3.4626651939e+00 1.0996164299e+00 -1.0395045741e+00 )	( 1.7102909911e-03 -5.9313118234e-04 -1.0332629843e-02 )
330              	( -3.4609553717e+00 1.0990234460e+00 -1.0498373114e+00 )	( -3.4626656624e+00 1.0996165771e+00 -1.0395046816e+00 )	( 1.7102906715e-03 -5.9313106820e-04 -1.0332629785e-02 )
331              	( -3.4609558207e+00 1.0990235874e+00 -1.0498374125e+00 )	( -3.4626661112e+00 1.0996167185e+00 -1.0395047831e+00 )	( 1.7102904960e-03 -5.9313113558e-04 -1.0332629404e-02 )
332              	( -3.4609562472e+00 1.0990237225e+00 -1.0498375078e+00 )	( -3.4626665373e+00 1.0996168536e+00 -1.0395048786e+00 )	( 1.7102901476e-03 -5.9313101373e-04 -1.0332629224e-02 )
333              	( -3.4609566463e+00 1.0990238495e+00 -1.0498375954e+00 )	( -3.4626669362e+00 1.0996169805e+00 -1.0395049667e+00 )	( 1.7102899488e-03 -5.9313107409e-04 -1.0332628730e-02 )
334              	( -3.4609570160e+00 1.0990239681e+00 -1.0498376761e+00 )	( -3.4626673056e+00 1.0996170991e+00 -1.0395050476e+00 )	( 1.7102895828e-03 -5.9313094609e-04 -1.0332628447e-02 )
335              	( -3.4609573526e+00 1.0990240768e+00 -1.0498377483e+00 )	( -3.4626676419e+00 1.0996172078e+00 -1.0395051204e+00 )	( 1.7102893722e-03 -5.9313100112e-04 -1.0332627859e-02 )
336              	( -3.4609576550e+00 1.0990241759e+00 -1.0498378129e+00 )	( -3.4626679440e+00 1.0996173068e+00 -1.0395051854e+00 )	( 1.7102890005e-03 -5.9313086877e-04 -1.0332627493e-02 )
337              	( -3.4609579207e+00 1.0990242640e+00 -1.0498378689e+00 )	( -3.4626682095e+00 1.0996173949e+00 -1.0395052420e+00 )	( 1.7102887901e-03 -5.9313092032e-04 -1.0332626834e-02 )
338              	( -3.4609581488e+00 1.0990243413e+00 -1.0498379168e+00 )	( -3.4626684373e+00 1.0996174720e+00 -1.0395052904e+00 )	( 1.7102884244e-03 -5.9313078553e-04 -1.0332626411e-02 )
339              	( -3.4609583382e+00 1.0990244069e+00 -1.0498379560e+00 )	( -3.4626686265e+00 1.0996175377e+00 -1.0395053303e+00 )	( 1.7102882256e-03 -5.9313083549e-04 -1.0332625709e-02 )
340              	( -3.4609584897e+00 1.0990244617e+00 -1.0498379875e+00 )	( -3.4626687776e+00 1.0996175924e+00 -1.0395053623e+00 )	( 1.7102878768e-03 -5.9313070009e-04 -1.0332625254e-02 )
341              	( -3.4609586023e+00 1.0990245047e+00 -1.0498380106e+00 )	( -3.4626688900e+00 1.0996176355e+00 -1.0395053860e+00 )	( 1.7102876999e-03 -5.9313075035e-04 -1.0332624535e-02 )
342              	( -3.4609586780e+00 1.0990245371e+00 -1.0498380265e+00 )	( -3.4626689654e+00 1.0996176677e+00 -1.0395054025e+00 )	( 1.7102873777e-03 -5.9313061617e-04 -1.0332624076e-02 )
343              	( -3.4609587168e+00 1.0990245582e+00 -1.0498380347e+00 )	( -3.4626690040e+00 1.0996176889e+00 -1.0395054113e+00 )	( 1.7102872313e-03 -5.9313066841e-04 -1.0332623365e-02 )
344              	( -3.4609587215e+00 1.0990245695e+00 -1.0498380366e+00 )	( -3.4626690084e+00 1.0996177000e+00 -1.0395054136e+00 )	( 1.7102869432e-03 -5.9313053704e-04 -1.0332622928e-02 )
345              	( -3.4609586929e+00 1.0990245705e+00 -1.0498380316e+00 )	( -3.4626689798e+00 1.0996177010e+00 -1.0395054093e+00 )	( 1.7102868340e-03 -5.9313059272e-04 -1.0332622249e-02 )
346              	( -3.4609586349e+00 1.0990245629e+00 -1.0498380216e+00 )	( -3.4626689215e+00 1.0996176934e+00 -1.0395053997e+00 )	( 1.7102865855e-03 -5.9313046547e-04 -1.0332621855e-02 )
347              	( -3.4609585488e+00 1.0990245466e+00 -1.0498380060e+00 )	( -3.4626688353e+00 1.0996176772e+00 -1.0395053848e+00 )	( 1.7102865177e-03 -5.9313052580e-04 -1.0332621230e-02 )
348              	( -3.4609584388e+00 1.0990245234e+00 -1.0498379867e+00 )	( -3.4626687251e+00 1.0996176538e+00 -1.0395053658e+00 )	( 1.7102863120e-03 -5.9313040374e-04 -1.0332620898e-02 )
349              	( -3.4609583068e+00 1.0990244931e+00 -1.0498379631e+00 )	( -3.4626685931e+00 1.0996176236e+00 -1.0395053427e+00 )	( 1.7102862876e-03 -5.9313046955e-04 -1.0332620343e-02 )
350              	( -3.4609581573e+00 1.0990244577e+00 -1.0498379371e+00 )	( -3.4626684434e+00 1.0996175880e+00 -1.0395053170e+00 )	( 1.7102861254e-03 -5.9313035334e-04 -1.0332620087e-02 )
351              	( -3.4609579922e+00 1.0990244171e+00 -1.0498379083e+00 )	( -3.4626682784e+00 1.0996175475e+00 -1.0395052886e+00 )	( 1.7102861440e-03 -5.9313042517e-04 -1.0332619612e-02 )
352              	( -3.4609578162e+00 1.0990243733e+00 -1.0498378783e+00 )	( -3.4626681023e+00 1.0996175036e+00 -1.0395052589e+00 )	( 1.7102860238e-03 -5.9313031517e-04 -1.0332619441e-02 )
353              	( -3.4609576312e+00 1.0990243261e+00 -1.0498378467e+00 )	( -3.4626679173e+00 1.0996174565e+00 -1.0395052277e+00 )	( 1.7102860829e-03 -5.9313039319e-04 -1.0332619054e-02 )
354              	( -3.4609574415e+00 1.0990242774e+00 -1.0498378152e+00 )	( -3.4626677275e+00 1.0996174077e+00 -1.0395051962e+00 )	( 1.7102860014e-03 -5.9313028939e-04 -1.0332618971e-02 )
355              	( -3.4609572488e+00 1.0990242271e+00 -1.0498377830e+00 )	( -3.4626675349e+00 1.0996173574e+00 -1.0395051643e+00 )	( 1.7102860967e-03 -5.9313037344e-04 -1.0332618673e-02 )
356              	( -3.4609570571e+00 1.0990241768e+00 -1.0498377518e+00 )	( -3.4626673431e+00 1.0996173071e+00 -1.0395051332e+00 )	( 1.7102860488e-03 -5.9313027556e-04 -1.0332618677e-02 )
357              	( -3.4609568677e+00 1.0990241264e+00 -1.0498377209e+00 )	( -3.4626671539e+00 1.0996172568e+00 -1.0395051025e+00 )	( 1.7102861747e-03 -5.9313036521e-04 -1.0332618464e-02 )
358              	( -3.4609566842e+00 1.0990240774e+00 -1.0498376917e+00 )	( -3.4626669704e+00 1.0996172077e+00 -1.0395050732e+00 )	( 1.7102861543e-03 -5.9313027266e-04 -1.0332618550e-02 )
359              	( -3.4609565075e+00 1.0990240296e+00 -1.0498376634e+00 )	( -3.4626667938e+00 1.0996171600e+00 -1.0395050450e+00 )	( 1.7102863043e-03 -5.9313036723e-04 -1.0332618414e-02 )
360              	( -3.4609563405e+00 1.0990239843e+00 -1.0498376374e+00 )	( -3.4626666268e+00 1.0996171145e+00 -1.0395050188e+00 )	( 1.7102863046e-03 -5.9313027927e-04 -1.0332618573e-02 )
361              	( -3.4609561837e+00 1.0990239410e+00 -1.0498376127e+00 )	( -3.4626664702e+00 1.0996170714e+00 -1.0395049942e+00 )	( 1.7102864717e-03 -5.9313037793e-04 -1.0332618504e-02 )
362              	( -3.4609560394e+00 1.0990239011e+00 -1.0498375907e+00 )	( -3.4626663259e+00 1.0996170314e+00 -1.0395049720e+00 )	( 1.7102864858e-03 -5.9313029365e-04 -1.0332618723e-02 )
363              	( -3.4609559076e+00 1.0990238640e+00 -1.0498375703e+00 )	( -3.4626661943e+00 1.0996169944e+00 -1.0395049516e+00 )	( 1.7102866632e-03 -5.9313039545e-04 -1.0332618708e-02 )
364              	( -3.4609557902e+00 1.0990238308e+00 -1.0498375528e+00 )	( -3.4626660769e+00 1.0996169611e+00 -1.0395049338e+00 )	( 1.7102866842e-03 -5.9313031390e-04 -1.0332618975e-02 )
365              	( -3.4609556864e+00 1.0990238007e+00 -1.0498375370e+00 )	( -3.4626659733e+00 1.0996169311e+00 -1.0395049180e+00 )	( 1.7102868655e-03 -5.9313041789e-04 -1.0332619001e-02 )
366              	( -3.4609555977e+00 1.0990237748e+00 -1.0498375240e+00 )	( -3.4626658846e+00 1.0996169051e+00 -1.0395049047e+00 )	( 1.7102868873e-03 -5.9313033810e-04 -1.0332619300e-02 )
367              	( -3.4609555229e+00 1.0990237521e+00 -1.0498375127e+00 )	( -3.4626658100e+00 1.0996168826e+00 -1.0395048934e+00 )	( 1.7102870666e-03 -5.9313044333e-04 -1.0332619352e-02 )
368              	( -3.4609554629e+00 1.0990237336e+00 -1.0498375042e+00 )	( -3.4626657500e+00 1.0996168640e+00 -1.0395048845e+00 )	( 1.7102870840e-03 -5.9313036441e-04 -1.0332619671e-02 )
369              	( -3.4609554161e+00 1.0990237183e+00 -1.0498374971e+00 )	( -3.4626657034e+00 1.0996168487e+00 -1.0395048774e+00 )	( 1.7102872564e-03 -5.9313047002e-04 -1.0332619736e-02 )
370              	( -3.4609553831e+00 1.0990237068e+00 -1.0498374925e+00 )	( -3.4626656704e+00 1.0996168372e+00 -1.0395048725e+00 )	( 1.7102872651e-03 -5.9313039114e-04 -1.0332620062e-02 )
371              	( -3.4609553620e+00 1.0990236982e+00 -1.0498374891e+00 )	( -3.4626656494e+00 1.0996168287e+00 -1.0395048690e+00 )	( 1.7102874271e-03 -5.9313049638e-04 -1.0332620128e-02 )
372              	( -3.4609553529e+00 1.0990236931e+00 -1.0498374879e+00 )	( -3.4626656403e+00 1.0996168235e+00 -1.0395048675e+00 )	( 1.7102874239e-03 -5.9313041687e-04 -1.0332620449e-02 )
373              	( -3.4609553538e+00 1.0990236903e+00 -1.0498374876e+00 )	( -3.4626656414e+00 1.0996168208e+00 -1.0395048671e+00 )	( 1.7102875729e-03 -5.9313052113e-04 -1.0332620505e-02 )
374              	( -3.4609553648e+00 1.0990236905e+00 -1.0498374890e+00 )	( -3.4626656523e+00 1.0996168210e+00 -1.0395048682e+00 )	( 1.7102875560e-03 -5.9313044045e-04 -1.0332620813e-02 )
375              	( -3.4609553835e+00 1.0990236926e+00 -1.0498374910e+00 )	( -3.4626656712e+00 1.0996168231e+00 -1.0395048701e+00 )	( 1.7102876906e-03 -5.9313054328e-04 -1.0332620851e-02 )
376              	( -3.4609554102e+00 1.0990236972e+00 -1.0498374944e+00 )	( -3.4626656978e+00 1.0996168276e+00 -1.0395048733e+00 )	( 1.7102876591e-03 -5.9313046105e-04 -1.0332621138e-02 )
377              	( -3.4609554422e+00 1.0990237029e+00 -1.0498374980e+00 )	( -3.4626657300e+00 1.0996168335e+00 -1.0395048768e+00 )	( 1.7102877790e-03 -5.9313056216e-04 -1.0332621153e-02 )
378              	( -3.4609554797e+00 1.0990237105e+00 -1.0498375026e+00 )	( -3.4626657675e+00 1.0996168409e+00 -1.0395048812e+00 )	( 1.7102877330e-03 -5.9313047816e-04 -1.0332621414e-02 )
379              	( -3.4609555205e+00 1.0990237187e+00 -1.0498375071e+00 )	( -3.4626658084e+00 1.0996168493e+00 -1.0395048857e+00 )	( 1.7102878387e-03 -5.9313057735e-04 -1.0332621403e-02 )
380              	( -3.4609555648e+00 1.0990237283e+00 -1.0498375124e+00 )	( -3.4626658525e+00 1.0996168588e+00 -1.0395048908e+00 )	( 1.7102877791e-03 -5.9313049151e-04 -1.0332621637e-02 )
381              	( -3.4609556102e+00 1.0990237381e+00 -1.0498375173e+00 )	( -3.4626658981e+00 1.0996168687e+00 -1.0395048958e+00 )	( 1.7102878719e-03 -5.9313058881e-04 -1.0332621597e-02 )
382              	( -3.4609556572e+00 1.0990237487e+00 -1.0498375229e+00 )	( -3.4626659450e+00 1.0996168792e+00 -1.0395049011e+00 )	( 1.7102878003e-03 -5.9313050116e-04 -1.0332621802e-02 )
383              	( -3.4609557037e+00 1.0990237591e+00 -1.0498375278e+00 )	( -3.4626659916e+00 1.0996168897e+00 -1.0395049060e+00 )	( 1.7102878821e-03 -5.9313059666e-04 -1.0332621736e-02 )
