# Time           	totalLift        	frontLift        	rearLift         	drag             	side             	Xmoment          	Ymoment          	Zmoment          
1	7.6644607842e-01	3.3411398895e-01	4.3233208948e-01	4.5234917893e-01	0.0000000000e+00	9.2959459628e-01	-1.2277262566e-01	-5.4863788099e-01
2	-5.4879413937e-02	3.5017220076e-02	-8.9896634013e-02	1.5283981354e-01	0.0000000000e+00	-6.6561246876e-02	1.5614231761e-01	-1.8537385573e-01
3	-9.9438036514e-02	7.3253916802e-04	-1.0017057568e-01	7.3949760221e-02	0.0000000000e+00	-1.2060478096e-01	1.2612889356e-01	-8.9690976877e-02
4	-8.6806525134e-02	1.3022608180e-04	-8.6936751215e-02	5.8513322399e-02	0.0000000000e+00	-1.0528447983e-01	1.0883372162e-01	-7.0968682395e-02
5	-8.9414740258e-02	-7.0534484717e-04	-8.8709395411e-02	5.8443892789e-02	0.0000000000e+00	-1.0844788918e-01	1.1000506320e-01	-7.0884473744e-02
6	-8.8597674058e-02	-2.0200011767e-04	-8.8395673940e-02	5.9374556653e-02	0.0000000000e+00	-1.0745689927e-01	1.1024209228e-01	-7.2013242125e-02
7	-8.8458762174e-02	1.2799232921e-04	-8.8586754503e-02	6.0650971956e-02	0.0000000000e+00	-1.0728841810e-01	1.1089343354e-01	-7.3561359862e-02
8	-8.8399037253e-02	3.0437288296e-04	-8.8703410136e-02	6.1731942774e-02	0.0000000000e+00	-1.0721597991e-01	1.1125972877e-01	-7.4872430084e-02
9	-8.8449713260e-02	3.3477211986e-04	-8.8784485380e-02	6.2603496683e-02	0.0000000000e+00	-1.0727744300e-01	1.1139907188e-01	-7.5929506150e-02
10	-8.8676776247e-02	2.0929128054e-04	-8.8886067527e-02	6.3214687326e-02	0.0000000000e+00	-1.0755283944e-01	1.1136919851e-01	-7.6670797069e-02
11	-8.9522684293e-02	-2.4676785661e-04	-8.9275916436e-02	6.3481437267e-02	0.0000000000e+00	-1.0857881057e-01	1.1128643572e-01	-7.6994328379e-02
12	-9.0533389275e-02	-8.9872038914e-04	-8.9634668886e-02	6.3442932413e-02	0.0000000000e+00	-1.0980465792e-01	1.1091993562e-01	-7.6947627242e-02
13	-9.1497365190e-02	-1.7053586671e-03	-8.9792006523e-02	6.3119233577e-02	0.0000000000e+00	-1.1097382927e-01	1.1010830982e-01	-7.6555024686e-02
14	-9.2337671170e-02	-2.5735052152e-03	-8.9764165955e-02	6.2583917420e-02	0.0000000000e+00	-1.1199300586e-01	1.0898832592e-01	-7.5905759172e-02
15	-9.3018316421e-02	-3.4843129448e-03	-8.9534003477e-02	6.1863949621e-02	0.0000000000e+00	-1.1281853575e-01	1.0756211316e-01	-7.5032536393e-02
16	-9.3338054424e-02	-4.3411453608e-03	-8.8996909063e-02	6.1017590253e-02	0.0000000000e+00	-1.1320633436e-01	1.0581970463e-01	-7.4006017871e-02
17	-9.3480033168e-02	-5.1812552792e-03	-8.8298777889e-02	6.0080148778e-02	0.0000000000e+00	-1.1337853521e-01	1.0389690326e-01	-7.2869029172e-02
18	-9.3443158584e-02	-5.9644663133e-03	-8.7478692271e-02	5.9135522579e-02	0.0000000000e+00	-1.1333381137e-01	1.0189278245e-01	-7.1723326383e-02
19	-9.2974842114e-02	-6.6337492877e-03	-8.6341092827e-02	5.8180151515e-02	0.0000000000e+00	-1.1276580734e-01	9.9634179424e-02	-7.0564591537e-02
20	-9.2282413384e-02	-7.2430980050e-03	-8.5039315379e-02	5.7223913753e-02	0.0000000000e+00	-1.1192598570e-01	9.7245271718e-02	-6.9404805504e-02
21	-9.1237298483e-02	-7.7440646954e-03	-8.3493233788e-02	5.6274182519e-02	0.0000000000e+00	-1.1065840382e-01	9.4686461366e-02	-6.8252911004e-02
22	-8.9797008629e-02	-8.1039539048e-03	-8.1693054724e-02	5.5386295068e-02	0.0000000000e+00	-1.0891152859e-01	9.1986376024e-02	-6.7176024579e-02
23	-8.9221631737e-02	-8.6124023111e-03	-8.0609229426e-02	5.4555235978e-02	0.0000000000e+00	-1.0821367487e-01	8.9996033893e-02	-6.6168063210e-02
24	-8.8799081217e-02	-9.0946537228e-03	-7.9704427494e-02	5.3803596193e-02	0.0000000000e+00	-1.0770117870e-01	8.8262217215e-02	-6.5256426628e-02
25	-8.8898778643e-02	-9.6385638438e-03	-7.9260214799e-02	5.3127058306e-02	0.0000000000e+00	-1.0782209808e-01	8.7027063694e-02	-6.4435878411e-02
26	-8.8681408955e-02	-1.0048414439e-02	-7.8632994516e-02	5.2536482509e-02	0.0000000000e+00	-1.0755845829e-01	8.5730725097e-02	-6.3719590487e-02
27	-8.9231141919e-02	-1.0567668264e-02	-7.8663473655e-02	5.2044664740e-02	0.0000000000e+00	-1.0822520942e-01	8.5119756738e-02	-6.3123082588e-02
28	-9.0460908323e-02	-1.1187834170e-02	-7.9273074153e-02	5.1649123591e-02	0.0000000000e+00	-1.0971674840e-01	8.5106549978e-02	-6.2643345102e-02
29	-9.2375584685e-02	-1.1934564875e-02	-8.0441019811e-02	5.1312438649e-02	0.0000000000e+00	-1.1203898979e-01	8.5633068670e-02	-6.2234992171e-02
30	-9.5025072987e-02	-1.2823044668e-02	-8.2202028319e-02	5.1034930123e-02	0.0000000000e+00	-1.1525245787e-01	8.6723729563e-02	-6.1898412164e-02
31	-9.8310896840e-02	-1.3839175648e-02	-8.4471721191e-02	5.0816535494e-02	0.0000000000e+00	-1.1923771421e-01	8.8290681928e-02	-6.1633529255e-02
32	-1.0212947256e-01	-1.4966757803e-02	-8.7162714760e-02	5.0637394408e-02	0.0000000000e+00	-1.2386912594e-01	9.0244946197e-02	-6.1416255542e-02
33	-1.0623152291e-01	-1.6153631485e-02	-9.0077891427e-02	5.0484205986e-02	0.0000000000e+00	-1.2884435374e-01	9.2405324927e-02	-6.1230458871e-02
34	-1.1024081462e-01	-1.7313418152e-02	-9.2927396472e-02	5.0349233165e-02	0.0000000000e+00	-1.3370707797e-01	9.4517472900e-02	-6.1066755242e-02
35	-1.1419231007e-01	-1.8454366392e-02	-9.5737943680e-02	5.0227642579e-02	0.0000000000e+00	-1.3849970320e-01	9.6604471610e-02	-6.0919282438e-02
36	-1.1833123168e-01	-1.9638221441e-02	-9.8693010237e-02	5.0099669344e-02	0.0000000000e+00	-1.4351965081e-01	9.8818485994e-02	-6.0764068353e-02
37	-1.2228775149e-01	-2.0782195490e-02	-1.0150555600e-01	4.9969646915e-02	0.0000000000e+00	-1.4831836991e-01	1.0090420064e-01	-6.0606368872e-02
38	-1.2604300448e-01	-2.1883365779e-02	-1.0415963870e-01	4.9827109102e-02	0.0000000000e+00	-1.5287297980e-01	1.0284534115e-01	-6.0433489939e-02
39	-1.2966433855e-01	-2.2957367777e-02	-1.0670697077e-01	4.9662976184e-02	0.0000000000e+00	-1.5726516429e-01	1.0468700374e-01	-6.0234419088e-02
40	-1.3301796290e-01	-2.3969204479e-02	-1.0904875842e-01	4.9493143601e-02	0.0000000000e+00	-1.6133265339e-01	1.0634944242e-01	-6.0028435319e-02
41	-1.3624709184e-01	-2.4954075099e-02	-1.1129301674e-01	4.9284480773e-02	0.0000000000e+00	-1.6524914654e-01	1.0792367705e-01	-5.9775355757e-02
42	-1.3933308811e-01	-2.5903014259e-02	-1.1343007385e-01	4.9065255064e-02	0.0000000000e+00	-1.6899203928e-01	1.0940882449e-01	-5.9509464862e-02
43	-1.4218392019e-01	-2.6796186139e-02	-1.1538773405e-01	4.8851440561e-02	0.0000000000e+00	-1.7244970991e-01	1.1073943489e-01	-5.9250137021e-02
44	-1.4486146139e-01	-2.7649813865e-02	-1.1721164753e-01	4.8622238692e-02	0.0000000000e+00	-1.7569720233e-01	1.1195229208e-01	-5.8972146404e-02
45	-1.4738787155e-01	-2.8466748961e-02	-1.1892112259e-01	4.8380765638e-02	0.0000000000e+00	-1.7876139341e-01	1.1306796704e-01	-5.8679272512e-02
46	-1.4973204041e-01	-2.9236338362e-02	-1.2049570205e-01	4.8132692041e-02	0.0000000000e+00	-1.8160455064e-01	1.1407420461e-01	-5.8378393060e-02
47	-1.5194111130e-01	-2.9967787169e-02	-1.2197332413e-01	4.7879257065e-02	0.0000000000e+00	-1.8428385243e-01	1.1500692120e-01	-5.8071010988e-02
48	-1.5400151976e-01	-3.0658134028e-02	-1.2334338573e-01	4.7623676764e-02	0.0000000000e+00	-1.8678284698e-01	1.1585656463e-01	-5.7761026928e-02
49	-1.5594443694e-01	-3.1314677380e-02	-1.2462975956e-01	4.7367876919e-02	0.0000000000e+00	-1.8913934063e-01	1.1664385273e-01	-5.7450776591e-02
50	-1.5780423022e-01	-3.1945998256e-02	-1.2585823197e-01	4.7113637238e-02	0.0000000000e+00	-1.9139501632e-01	1.1739029214e-01	-5.7142418521e-02
51	-1.5958149786e-01	-3.2551514397e-02	-1.2702998346e-01	4.6860878270e-02	0.0000000000e+00	-1.9355059964e-01	1.1809808633e-01	-5.6835856354e-02
52	-1.6131037723e-01	-3.3139668958e-02	-1.2817070827e-01	4.6613218193e-02	0.0000000000e+00	-1.9564749461e-01	1.1878879915e-01	-5.6535478446e-02
53	-1.6298245876e-01	-3.3705423304e-02	-1.2927703546e-01	4.6374865056e-02	0.0000000000e+00	-1.9767550154e-01	1.1946451519e-01	-5.6246388588e-02
54	-1.6461473341e-01	-3.4252443550e-02	-1.3036228986e-01	4.6148928322e-02	0.0000000000e+00	-1.9965522815e-01	1.2013730789e-01	-5.5972358134e-02
55	-1.6622080264e-01	-3.4785536412e-02	-1.3143526623e-01	4.5930749634e-02	0.0000000000e+00	-2.0160317115e-01	1.2081216227e-01	-5.5707737132e-02
56	-1.6780177887e-01	-3.5305304963e-02	-1.3249647390e-01	4.5721127916e-02	0.0000000000e+00	-2.0352067976e-01	1.2148896118e-01	-5.5453494568e-02
57	-1.6933731398e-01	-3.5805999757e-02	-1.3353131422e-01	4.5522273117e-02	0.0000000000e+00	-2.0538307449e-01	1.2215664308e-01	-5.5212310809e-02
58	-1.7082158503e-01	-3.6286767098e-02	-1.3453481794e-01	4.5333368830e-02	0.0000000000e+00	-2.0718329292e-01	1.2281006355e-01	-5.4983195663e-02
59	-1.7226167474e-01	-3.6749506322e-02	-1.3551216841e-01	4.5154119431e-02	0.0000000000e+00	-2.0892992539e-01	1.2345332762e-01	-5.4765790581e-02
60	-1.7365807321e-01	-3.7193627003e-02	-1.3646444621e-01	4.4984400526e-02	0.0000000000e+00	-2.1062356635e-01	1.2408852400e-01	-5.4559944688e-02
61	-1.7499440564e-01	-3.7616103251e-02	-1.3737830238e-01	4.4822978494e-02	0.0000000000e+00	-2.1224435539e-01	1.2470274892e-01	-5.4364161773e-02
62	-1.7627435878e-01	-3.8018439377e-02	-1.3825591940e-01	4.4669762976e-02	0.0000000000e+00	-2.1379676405e-01	1.2529685003e-01	-5.4178332239e-02
63	-1.7749440992e-01	-3.8400263104e-02	-1.3909414681e-01	4.4525734785e-02	0.0000000000e+00	-2.1527651974e-01	1.2586735464e-01	-5.4003645679e-02
64	-1.7864429116e-01	-3.8758144723e-02	-1.3988614644e-01	4.4392078332e-02	0.0000000000e+00	-2.1667116891e-01	1.2641000214e-01	-5.3841538624e-02
65	-1.7973862035e-01	-3.9096762448e-02	-1.4064185790e-01	4.4266172346e-02	0.0000000000e+00	-2.1799844102e-01	1.2693136932e-01	-5.3688831830e-02
66	-1.8076485934e-01	-3.9412664139e-02	-1.4135219520e-01	4.4148642836e-02	0.0000000000e+00	-2.1924312899e-01	1.2742441382e-01	-5.3546284557e-02
67	-1.8173196052e-01	-3.9709412273e-02	-1.4202254825e-01	4.4037688818e-02	0.0000000000e+00	-2.2041609087e-01	1.2789141997e-01	-5.3411712462e-02
68	-1.8264257336e-01	-3.9986548511e-02	-1.4265602485e-01	4.3935435765e-02	0.0000000000e+00	-2.2152054010e-01	1.2833684542e-01	-5.3287693449e-02
69	-1.8350029712e-01	-4.0245733751e-02	-1.4325456337e-01	4.3840552632e-02	0.0000000000e+00	-2.2256084208e-01	1.2876103703e-01	-5.3172613145e-02
70	-1.8429375319e-01	-4.0484351689e-02	-1.4380940150e-01	4.3752794493e-02	0.0000000000e+00	-2.2352319611e-01	1.2915631227e-01	-5.3066174487e-02
71	-1.8502916673e-01	-4.0704357894e-02	-1.4432480883e-01	4.3671668342e-02	0.0000000000e+00	-2.2441515246e-01	1.2952556367e-01	-5.2967779527e-02
72	-1.8571948787e-01	-4.0909571160e-02	-1.4480991671e-01	4.3596266008e-02	0.0000000000e+00	-2.2525241789e-01	1.2987543194e-01	-5.2876326775e-02
73	-1.8635846975e-01	-4.1098760613e-02	-1.4525970914e-01	4.3526479899e-02	0.0000000000e+00	-2.2602741580e-01	1.3020118566e-01	-5.2791685741e-02
74	-1.8695160467e-01	-4.1273717769e-02	-1.4567788690e-01	4.3461512401e-02	0.0000000000e+00	-2.2674680758e-01	1.3050521141e-01	-5.2712889023e-02
75	-1.8750172047e-01	-4.1435525887e-02	-1.4606619459e-01	4.3400598025e-02	0.0000000000e+00	-2.2741402305e-01	1.3078833587e-01	-5.2639008190e-02
76	-1.8800424698e-01	-4.1582078845e-02	-1.4642216813e-01	4.3345227764e-02	0.0000000000e+00	-2.2802351919e-01	1.3105011161e-01	-5.2571851612e-02
77	-1.8847445071e-01	-4.1717270627e-02	-1.4675718008e-01	4.3295354018e-02	0.0000000000e+00	-2.2859381220e-01	1.3129988682e-01	-5.2511361559e-02
78	-1.8892544295e-01	-4.1844515401e-02	-1.4708092755e-01	4.3250912610e-02	0.0000000000e+00	-2.2914080430e-01	1.3154551519e-01	-5.2457460190e-02
79	-1.8936499852e-01	-4.1966519430e-02	-1.4739847909e-01	4.3210733190e-02	0.0000000000e+00	-2.2967392528e-01	1.3178994958e-01	-5.2408728031e-02
80	-1.8979345464e-01	-4.2083629418e-02	-1.4770982522e-01	4.3174697506e-02	0.0000000000e+00	-2.3019358414e-01	1.3203274476e-01	-5.2365021660e-02
81	-1.9020542476e-01	-4.2195085816e-02	-1.4801033894e-01	4.3141604053e-02	0.0000000000e+00	-2.3069324773e-01	1.3226906641e-01	-5.2324883813e-02
82	-1.9060514935e-01	-4.2302123210e-02	-1.4830302614e-01	4.3110457069e-02	0.0000000000e+00	-2.3117805916e-01	1.3250112866e-01	-5.2287106768e-02
83	-1.9099010539e-01	-4.2404408574e-02	-1.4858569682e-01	4.3081113475e-02	0.0000000000e+00	-2.3164495835e-01	1.3272661031e-01	-5.2251516989e-02
84	-1.9129073658e-01	-4.2486918303e-02	-1.4880381827e-01	4.3053766049e-02	0.0000000000e+00	-2.3200958299e-01	1.3289612496e-01	-5.2218348290e-02
85	-1.9155424125e-01	-4.2559982678e-02	-1.4899425857e-01	4.3028888532e-02	0.0000000000e+00	-2.3232917823e-01	1.3304284487e-01	-5.2188175254e-02
86	-1.9179698444e-01	-4.2627312525e-02	-1.4916967191e-01	4.3005339805e-02	0.0000000000e+00	-2.3262359263e-01	1.3317794924e-01	-5.2159613858e-02
87	-1.9202293116e-01	-4.2689976499e-02	-1.4933295466e-01	4.2982495560e-02	0.0000000000e+00	-2.3289763519e-01	1.3330372270e-01	-5.2131906904e-02
88	-1.9223086472e-01	-4.2747640846e-02	-1.4948322388e-01	4.2961114634e-02	0.0000000000e+00	-2.3314983026e-01	1.3341947879e-01	-5.2105974755e-02
89	-1.9242240060e-01	-4.2800892714e-02	-1.4962150788e-01	4.2940533329e-02	0.0000000000e+00	-2.3338213716e-01	1.3352576896e-01	-5.2081012439e-02
90	-1.9259651506e-01	-4.2849494818e-02	-1.4974702024e-01	4.2920906835e-02	0.0000000000e+00	-2.3359331426e-01	1.3362190678e-01	-5.2057208177e-02
91	-1.9275522371e-01	-4.2893947307e-02	-1.4986127640e-01	4.2902208740e-02	0.0000000000e+00	-2.3378580621e-01	1.3370916137e-01	-5.2034529938e-02
92	-1.9290071523e-01	-4.2934900422e-02	-1.4996581480e-01	4.2884484453e-02	0.0000000000e+00	-2.3396226759e-01	1.3378864298e-01	-5.2013032794e-02
93	-1.9303377702e-01	-4.2972274620e-02	-1.5006150240e-01	4.2867907378e-02	0.0000000000e+00	-2.3412365341e-01	1.3386153473e-01	-5.1992927062e-02
94	-1.9315598501e-01	-4.3006661568e-02	-1.5014932344e-01	4.2852220492e-02	0.0000000000e+00	-2.3427187503e-01	1.3392832734e-01	-5.1973901007e-02
95	-1.9326805130e-01	-4.3038263416e-02	-1.5022978788e-01	4.2837354415e-02	0.0000000000e+00	-2.3440779616e-01	1.3398940558e-01	-5.1955870483e-02
96	-1.9336986967e-01	-4.3066953422e-02	-1.5030291625e-01	4.2823501762e-02	0.0000000000e+00	-2.3453128797e-01	1.3404495353e-01	-5.1939069104e-02
97	-1.9346229846e-01	-4.3092899971e-02	-1.5036939849e-01	4.2810706594e-02	0.0000000000e+00	-2.3464339148e-01	1.3409562315e-01	-5.1923550310e-02
98	-1.9354543503e-01	-4.3116069662e-02	-1.5042936537e-01	4.2799029707e-02	0.0000000000e+00	-2.3474422482e-01	1.3414161964e-01	-5.1909387838e-02
99	-1.9361926351e-01	-4.3136396656e-02	-1.5048286685e-01	4.2788551144e-02	0.0000000000e+00	-2.3483376869e-01	1.3418308774e-01	-5.1896678770e-02
100	-1.9368403708e-01	-4.3153877247e-02	-1.5053015983e-01	4.2779366378e-02	0.0000000000e+00	-2.3491233020e-01	1.3422035323e-01	-5.1885538900e-02
101	-1.9373957984e-01	-4.3168409873e-02	-1.5057116997e-01	4.2771543906e-02	0.0000000000e+00	-2.3497969599e-01	1.3425345012e-01	-5.1876051309e-02
102	-1.9378573039e-01	-4.3179898729e-02	-1.5060583167e-01	4.2765160808e-02	0.0000000000e+00	-2.3503567033e-01	1.3428241617e-01	-5.1868309481e-02
103	-1.9382266989e-01	-4.3188345403e-02	-1.5063432448e-01	4.2760249656e-02	0.0000000000e+00	-2.3508047289e-01	1.3430747385e-01	-5.1862352923e-02
104	-1.9385072920e-01	-4.3193802056e-02	-1.5065692714e-01	4.2756801053e-02	0.0000000000e+00	-2.3511450501e-01	1.3432890636e-01	-5.1858170238e-02
105	-1.9386899435e-01	-4.3195927485e-02	-1.5067306686e-01	4.2755164473e-02	0.0000000000e+00	-2.3513665815e-01	1.3434642422e-01	-5.1856185289e-02
106	-1.9387988522e-01	-4.3195295810e-02	-1.5068458941e-01	4.2755252744e-02	0.0000000000e+00	-2.3514986729e-01	1.3436161700e-01	-5.1856292351e-02
107	-1.9388351141e-01	-4.3192049434e-02	-1.5069146197e-01	4.2756778523e-02	0.0000000000e+00	-2.3515426536e-01	1.3437426567e-01	-5.1858142913e-02
108	-1.9387865798e-01	-4.3185929879e-02	-1.5069272810e-01	4.2759815895e-02	0.0000000000e+00	-2.3514837882e-01	1.3438349778e-01	-5.1861826831e-02
109	-1.9386587174e-01	-4.3177110798e-02	-1.5068876095e-01	4.2764317475e-02	0.0000000000e+00	-2.3513287086e-01	1.3438956269e-01	-5.1867286633e-02
110	-1.9384579097e-01	-4.3165803904e-02	-1.5067998706e-01	4.2770198297e-02	0.0000000000e+00	-2.3510851561e-01	1.3439272895e-01	-5.1874419268e-02
111	-1.9381872353e-01	-4.3152141669e-02	-1.5066658186e-01	4.2777371001e-02	0.0000000000e+00	-2.3507568650e-01	1.3439305024e-01	-5.1883118781e-02
112	-1.9378543428e-01	-4.3136397190e-02	-1.5064903709e-01	4.2785652546e-02	0.0000000000e+00	-2.3503531118e-01	1.3439079987e-01	-5.1893163165e-02
113	-1.9374660069e-01	-4.3118835745e-02	-1.5062776495e-01	4.2794891883e-02	0.0000000000e+00	-2.3498821133e-01	1.3438616150e-01	-5.1904369221e-02
114	-1.9370278449e-01	-4.3099687465e-02	-1.5060309703e-01	4.2804937888e-02	0.0000000000e+00	-2.3493506825e-01	1.3437926195e-01	-5.1916553656e-02
115	-1.9365463280e-01	-4.3079205203e-02	-1.5057542760e-01	4.2815634072e-02	0.0000000000e+00	-2.3487666682e-01	1.3437027799e-01	-5.1929526668e-02
116	-1.9360254804e-01	-4.3057578161e-02	-1.5054496988e-01	4.2826865012e-02	0.0000000000e+00	-2.3481349511e-01	1.3435923965e-01	-5.1943148268e-02
117	-1.9354775826e-01	-4.3035208443e-02	-1.5051254982e-01	4.2838419998e-02	0.0000000000e+00	-2.3474704257e-01	1.3434667672e-01	-5.1957162890e-02
118	-1.9349068272e-01	-4.3012290724e-02	-1.5047839200e-01	4.2850168507e-02	0.0000000000e+00	-2.3467781773e-01	1.3433262660e-01	-5.1971412230e-02
119	-1.9343181261e-01	-4.2989021196e-02	-1.5044279141e-01	4.2861994591e-02	0.0000000000e+00	-2.3460641631e-01	1.3431721277e-01	-5.1985755657e-02
120	-1.9337178697e-01	-4.2965632177e-02	-1.5040615479e-01	4.2873778785e-02	0.0000000000e+00	-2.3453361338e-01	1.3430065327e-01	-5.2000048278e-02
121	-1.9331107375e-01	-4.2942299955e-02	-1.5036877380e-01	4.2885422335e-02	0.0000000000e+00	-2.3445997653e-01	1.3428309230e-01	-5.2014170317e-02
122	-1.9325015190e-01	-4.2919201193e-02	-1.5033095071e-01	4.2896828822e-02	0.0000000000e+00	-2.3438608663e-01	1.3426468689e-01	-5.2028004830e-02
123	-1.9318948483e-01	-4.2896503075e-02	-1.5029298176e-01	4.2907904238e-02	0.0000000000e+00	-2.3431250575e-01	1.3424559836e-01	-5.2041437799e-02
124	-1.9312924273e-01	-4.2874261778e-02	-1.5025498095e-01	4.2918618314e-02	0.0000000000e+00	-2.3423944029e-01	1.3422589897e-01	-5.2054432513e-02
125	-1.9306992627e-01	-4.2852634705e-02	-1.5021729156e-01	4.2928900085e-02	0.0000000000e+00	-2.3416749751e-01	1.3420582107e-01	-5.2066902900e-02
126	-1.9301179615e-01	-4.2831700931e-02	-1.5018009522e-01	4.2938714838e-02	0.0000000000e+00	-2.3409699361e-01	1.3418549286e-01	-5.2078806858e-02
127	-1.9295509500e-01	-4.2811529002e-02	-1.5014356600e-01	4.2948039015e-02	0.0000000000e+00	-2.3402822284e-01	1.3416504625e-01	-5.2090115812e-02
128	-1.9290001795e-01	-4.2792167195e-02	-1.5010785075e-01	4.2956860906e-02	0.0000000000e+00	-2.3396142189e-01	1.3414460445e-01	-5.2100815563e-02
129	-1.9284672740e-01	-4.2773650454e-02	-1.5007307695e-01	4.2965177831e-02	0.0000000000e+00	-2.3389678772e-01	1.3412428312e-01	-5.2110902860e-02
130	-1.9279546904e-01	-4.2756026482e-02	-1.5003944255e-01	4.2972995267e-02	0.0000000000e+00	-2.3383461831e-01	1.3410427009e-01	-5.2120384344e-02
131	-1.9274650815e-01	-4.2739352484e-02	-1.5000715567e-01	4.2980318363e-02	0.0000000000e+00	-2.3377523543e-01	1.3408475398e-01	-5.2129266260e-02
132	-1.9269961953e-01	-4.2723556446e-02	-1.4997606308e-01	4.2987171738e-02	0.0000000000e+00	-2.3371836593e-01	1.3406563330e-01	-5.2137578470e-02
133	-1.9265475722e-01	-4.2708602854e-02	-1.4994615436e-01	4.2993581424e-02	0.0000000000e+00	-2.3366395406e-01	1.3404693939e-01	-5.2145352545e-02
134	-1.9261204353e-01	-4.2694504944e-02	-1.4991753859e-01	4.2999558532e-02	0.0000000000e+00	-2.3361214818e-01	1.3402879205e-01	-5.2152601963e-02
135	-1.9257145948e-01	-4.2681232843e-02	-1.4989022664e-01	4.3005132028e-02	0.0000000000e+00	-2.3356292526e-01	1.3401124224e-01	-5.2159361853e-02
136	-1.9253300857e-01	-4.2668764515e-02	-1.4986424406e-01	4.3010325650e-02	0.0000000000e+00	-2.3351628955e-01	1.3399434943e-01	-5.2165661008e-02
137	-1.9249668522e-01	-4.2657077723e-02	-1.4983960750e-01	4.3015162234e-02	0.0000000000e+00	-2.3347223428e-01	1.3397816222e-01	-5.2171527125e-02
138	-1.9246246796e-01	-4.2646147918e-02	-1.4981632005e-01	4.3019663054e-02	0.0000000000e+00	-2.3343073341e-01	1.3396271516e-01	-5.2176986007e-02
139	-1.9243032163e-01	-4.2635947259e-02	-1.4979437437e-01	4.3023845356e-02	0.0000000000e+00	-2.3339174429e-01	1.3394803389e-01	-5.2182058568e-02
140	-1.9240026334e-01	-4.2626468532e-02	-1.4977379481e-01	4.3027716843e-02	0.0000000000e+00	-2.3335528768e-01	1.3393415784e-01	-5.2186754155e-02
141	-1.9237218061e-01	-4.2617667889e-02	-1.4975451272e-01	4.3031301677e-02	0.0000000000e+00	-2.3332122716e-01	1.3392105604e-01	-5.2191102069e-02
142	-1.9234603073e-01	-4.2609521491e-02	-1.4973650924e-01	4.3034615192e-02	0.0000000000e+00	-2.3328951093e-01	1.3390873469e-01	-5.2195120911e-02
143	-1.9232177677e-01	-4.2602009487e-02	-1.4971976728e-01	4.3037667331e-02	0.0000000000e+00	-2.3326009418e-01	1.3389719725e-01	-5.2198822740e-02
144	-1.9229928662e-01	-4.2595085185e-02	-1.4970420143e-01	4.3040481752e-02	0.0000000000e+00	-2.3323281668e-01	1.3388639531e-01	-5.2202236249e-02
145	-1.9227856256e-01	-4.2588742355e-02	-1.4968982020e-01	4.3043061168e-02	0.0000000000e+00	-2.3320768123e-01	1.3387634731e-01	-5.2205364729e-02
146	-1.9225951576e-01	-4.2582949521e-02	-1.4967656623e-01	4.3045420541e-02	0.0000000000e+00	-2.3318458005e-01	1.3386702089e-01	-5.2208226327e-02
147	-1.9224207501e-01	-4.2577681998e-02	-1.4966439301e-01	4.3047568283e-02	0.0000000000e+00	-2.3316342680e-01	1.3385838876e-01	-5.2210831245e-02
148	-1.9222642695e-01	-4.2572980369e-02	-1.4965344658e-01	4.3049501516e-02	0.0000000000e+00	-2.3314444784e-01	1.3385058276e-01	-5.2213175993e-02
149	-1.9221237533e-01	-4.2568792625e-02	-1.4964358270e-01	4.3051236760e-02	0.0000000000e+00	-2.3312740514e-01	1.3384348760e-01	-5.2215280608e-02
150	-1.9219966601e-01	-4.2565051133e-02	-1.4963461487e-01	4.3052782417e-02	0.0000000000e+00	-2.3311199047e-01	1.3383695468e-01	-5.2217155278e-02
151	-1.9218818611e-01	-4.2561719611e-02	-1.4962646650e-01	4.3054151736e-02	0.0000000000e+00	-2.3309806692e-01	1.3383093361e-01	-5.2218816075e-02
152	-1.9217790691e-01	-4.2558786032e-02	-1.4961912088e-01	4.3055344171e-02	0.0000000000e+00	-2.3308559965e-01	1.3382541856e-01	-5.2220262337e-02
153	-1.9216873449e-01	-4.2556212854e-02	-1.4961252164e-01	4.3056379016e-02	0.0000000000e+00	-2.3307447476e-01	1.3382038598e-01	-5.2221517463e-02
154	-1.9216063579e-01	-4.2553990515e-02	-1.4960664527e-01	4.3057258096e-02	0.0000000000e+00	-2.3306465213e-01	1.3381581845e-01	-5.2222583667e-02
155	-1.9215355750e-01	-4.2552104841e-02	-1.4960145266e-01	4.3057984702e-02	0.0000000000e+00	-2.3305606713e-01	1.3381168477e-01	-5.2223464941e-02
156	-1.9214743278e-01	-4.2550530588e-02	-1.4959690220e-01	4.3058571918e-02	0.0000000000e+00	-2.3304863869e-01	1.3380796451e-01	-5.2224177153e-02
157	-1.9214220579e-01	-4.2549247075e-02	-1.4959295872e-01	4.3059030650e-02	0.0000000000e+00	-2.3304229906e-01	1.3380463955e-01	-5.2224733533e-02
158	-1.9213782288e-01	-4.2548234242e-02	-1.4958958863e-01	4.3059369915e-02	0.0000000000e+00	-2.3303698318e-01	1.3380169299e-01	-5.2225145016e-02
159	-1.9213422569e-01	-4.2547471496e-02	-1.4958675420e-01	4.3059601200e-02	0.0000000000e+00	-2.3303262029e-01	1.3379910337e-01	-5.2225425533e-02
160	-1.9213135889e-01	-4.2546938682e-02	-1.4958442021e-01	4.3059734656e-02	0.0000000000e+00	-2.3302914325e-01	1.3379685191e-01	-5.2225587396e-02
161	-1.9212916780e-01	-4.2546616065e-02	-1.4958255174e-01	4.3059780083e-02	0.0000000000e+00	-2.3302648575e-01	1.3379491959e-01	-5.2225642493e-02
162	-1.9212759758e-01	-4.2546484144e-02	-1.4958111344e-01	4.3059746939e-02	0.0000000000e+00	-2.3302458129e-01	1.3379328662e-01	-5.2225602293e-02
163	-1.9212659000e-01	-4.2546522718e-02	-1.4958006728e-01	4.3059644324e-02	0.0000000000e+00	-2.3302335923e-01	1.3379193070e-01	-5.2225477836e-02
164	-1.9212609220e-01	-4.2546713332e-02	-1.4957937886e-01	4.3059480848e-02	0.0000000000e+00	-2.3302275546e-01	1.3379083191e-01	-5.2225279563e-02
165	-1.9212605028e-01	-4.2547037600e-02	-1.4957901268e-01	4.3059264618e-02	0.0000000000e+00	-2.3302270463e-01	1.3378996886e-01	-5.2225017304e-02
166	-1.9212641044e-01	-4.2547477394e-02	-1.4957893305e-01	4.3059003256e-02	0.0000000000e+00	-2.3302314146e-01	1.3378931957e-01	-5.2224700308e-02
167	-1.9212712038e-01	-4.2548015138e-02	-1.4957910524e-01	4.3058704539e-02	0.0000000000e+00	-2.3302400252e-01	1.3378886263e-01	-5.2224338005e-02
168	-1.9212813191e-01	-4.2548634680e-02	-1.4957949724e-01	4.3058375577e-02	0.0000000000e+00	-2.3302522937e-01	1.3378857819e-01	-5.2223939019e-02
169	-1.9212939932e-01	-4.2549320867e-02	-1.4958007845e-01	4.3058023439e-02	0.0000000000e+00	-2.3302676656e-01	1.3378844698e-01	-5.2223511924e-02
170	-1.9213087736e-01	-4.2550058561e-02	-1.4958081879e-01	4.3057654946e-02	0.0000000000e+00	-2.3302855921e-01	1.3378845029e-01	-5.2223064992e-02
171	-1.9213252607e-01	-4.2550834380e-02	-1.4958169169e-01	4.3057276446e-02	0.0000000000e+00	-2.3303055888e-01	1.3378857164e-01	-5.2222605922e-02
172	-1.9213430977e-01	-4.2551636480e-02	-1.4958267329e-01	4.3056893591e-02	0.0000000000e+00	-2.3303272226e-01	1.3378879601e-01	-5.2222141572e-02
173	-1.9213619121e-01	-4.2552452464e-02	-1.4958373875e-01	4.3056512254e-02	0.0000000000e+00	-2.3303500420e-01	1.3378910786e-01	-5.2221679063e-02
174	-1.9213814090e-01	-4.2553272695e-02	-1.4958486820e-01	4.3056136929e-02	0.0000000000e+00	-2.3303736890e-01	1.3378949438e-01	-5.2221223845e-02
175	-1.9214013021e-01	-4.2554087986e-02	-1.4958604223e-01	4.3055771656e-02	0.0000000000e+00	-2.3303978167e-01	1.3378994280e-01	-5.2220780818e-02
176	-1.9214213301e-01	-4.2554890119e-02	-1.4958724289e-01	4.3055419848e-02	0.0000000000e+00	-2.3304221078e-01	1.3379044096e-01	-5.2220354122e-02
177	-1.9214412626e-01	-4.2555672087e-02	-1.4958845417e-01	4.3055084119e-02	0.0000000000e+00	-2.3304462833e-01	1.3379097761e-01	-5.2219946930e-02
178	-1.9214608600e-01	-4.2556426715e-02	-1.4958965928e-01	4.3054767130e-02	0.0000000000e+00	-2.3304700522e-01	1.3379154071e-01	-5.2219562464e-02
179	-1.9214799701e-01	-4.2557149562e-02	-1.4959084745e-01	4.3054470306e-02	0.0000000000e+00	-2.3304932302e-01	1.3379212236e-01	-5.2219202457e-02
180	-1.9214985229e-01	-4.2557839206e-02	-1.4959201308e-01	4.3054193857e-02	0.0000000000e+00	-2.3305157322e-01	1.3379271735e-01	-5.2218867163e-02
181	-1.9215162951e-01	-4.2558489642e-02	-1.4959313987e-01	4.3053939371e-02	0.0000000000e+00	-2.3305372875e-01	1.3379331279e-01	-5.2218558507e-02
182	-1.9215332437e-01	-4.2559100455e-02	-1.4959422391e-01	4.3053706636e-02	0.0000000000e+00	-2.3305578437e-01	1.3379390432e-01	-5.2218276230e-02
183	-1.9215492995e-01	-4.2559670537e-02	-1.4959525941e-01	4.3053495465e-02	0.0000000000e+00	-2.3305773173e-01	1.3379448609e-01	-5.2218020109e-02
184	-1.9215644278e-01	-4.2560199849e-02	-1.4959624293e-01	4.3053305360e-02	0.0000000000e+00	-2.3305956658e-01	1.3379505385e-01	-5.2217789537e-02
185	-1.9215786193e-01	-4.2560689172e-02	-1.4959717276e-01	4.3053135473e-02	0.0000000000e+00	-2.3306128782e-01	1.3379560449e-01	-5.2217583487e-02
186	-1.9215918687e-01	-4.2561139440e-02	-1.4959804743e-01	4.3052984863e-02	0.0000000000e+00	-2.3306289479e-01	1.3379613499e-01	-5.2217400817e-02
187	-1.9216042580e-01	-4.2561554249e-02	-1.4959887155e-01	4.3052851474e-02	0.0000000000e+00	-2.3306439744e-01	1.3379664662e-01	-5.2217239036e-02
188	-1.9216157817e-01	-4.2561934663e-02	-1.4959964351e-01	4.3052734106e-02	0.0000000000e+00	-2.3306579512e-01	1.3379713606e-01	-5.2217096684e-02
189	-1.9216265060e-01	-4.2562283838e-02	-1.4960036677e-01	4.3052630794e-02	0.0000000000e+00	-2.3306709583e-01	1.3379760366e-01	-5.2216971381e-02
190	-1.9216364930e-01	-4.2562604868e-02	-1.4960104443e-01	4.3052539433e-02	0.0000000000e+00	-2.3306830711e-01	1.3379804945e-01	-5.2216860572e-02
191	-1.9216458092e-01	-4.2562900966e-02	-1.4960167995e-01	4.3052457906e-02	0.0000000000e+00	-2.3306943704e-01	1.3379847374e-01	-5.2216761691e-02
192	-1.9216545236e-01	-4.2563175372e-02	-1.4960227699e-01	4.3052384087e-02	0.0000000000e+00	-2.3307049398e-01	1.3379887702e-01	-5.2216672158e-02
193	-1.9216627073e-01	-4.2563431321e-02	-1.4960283941e-01	4.3052315958e-02	0.0000000000e+00	-2.3307148654e-01	1.3379926011e-01	-5.2216589527e-02
194	-1.9216704325e-01	-4.2563671993e-02	-1.4960337125e-01	4.3052251629e-02	0.0000000000e+00	-2.3307242351e-01	1.3379962408e-01	-5.2216511505e-02
195	-1.9216777718e-01	-4.2563900464e-02	-1.4960387672e-01	4.3052189370e-02	0.0000000000e+00	-2.3307331367e-01	1.3379997032e-01	-5.2216435994e-02
196	-1.9216847970e-01	-4.2564119660e-02	-1.4960436004e-01	4.3052127666e-02	0.0000000000e+00	-2.3307416573e-01	1.3380030048e-01	-5.2216361155e-02
197	-1.9216915772e-01	-4.2564332300e-02	-1.4960482542e-01	4.3052065170e-02	0.0000000000e+00	-2.3307498807e-01	1.3380061640e-01	-5.2216285355e-02
198	-1.9216981649e-01	-4.2564540484e-02	-1.4960527601e-01	4.3052000832e-02	0.0000000000e+00	-2.3307578708e-01	1.3380091941e-01	-5.2216207322e-02
199	-1.9217046244e-01	-4.2564746514e-02	-1.4960571592e-01	4.3051933765e-02	0.0000000000e+00	-2.3307657052e-01	1.3380121176e-01	-5.2216125979e-02
200	-1.9217110174e-01	-4.2564952532e-02	-1.4960614921e-01	4.3051863103e-02	0.0000000000e+00	-2.3307734591e-01	1.3380149585e-01	-5.2216040276e-02
201	-1.9217173656e-01	-4.2565159380e-02	-1.4960657718e-01	4.3051788565e-02	0.0000000000e+00	-2.3307811585e-01	1.3380177224e-01	-5.2215949871e-02
202	-1.9217237241e-01	-4.2565368779e-02	-1.4960700363e-01	4.3051709566e-02	0.0000000000e+00	-2.3307888706e-01	1.3380204356e-01	-5.2215854056e-02
203	-1.9217301114e-01	-4.2565581313e-02	-1.4960742983e-01	4.3051625964e-02	0.0000000000e+00	-2.3307966175e-01	1.3380231065e-01	-5.2215752659e-02
204	-1.9217365505e-01	-4.2565797606e-02	-1.4960785744e-01	4.3051537611e-02	0.0000000000e+00	-2.3308044272e-01	1.3380257479e-01	-5.2215645498e-02
205	-1.9217430456e-01	-4.2566017668e-02	-1.4960828689e-01	4.3051444723e-02	0.0000000000e+00	-2.3308123048e-01	1.3380283653e-01	-5.2215532838e-02
206	-1.9217496016e-01	-4.2566241454e-02	-1.4960871870e-01	4.3051347545e-02	0.0000000000e+00	-2.3308202564e-01	1.3380309656e-01	-5.2215414975e-02
207	-1.9217562170e-01	-4.2566468685e-02	-1.4960915301e-01	4.3051246460e-02	0.0000000000e+00	-2.3308282800e-01	1.3380335541e-01	-5.2215292372e-02
208	-1.9217628876e-01	-4.2566698954e-02	-1.4960958980e-01	4.3051141925e-02	0.0000000000e+00	-2.3308363705e-01	1.3380361356e-01	-5.2215165585e-02
209	-1.9217696004e-01	-4.2566931562e-02	-1.4961002848e-01	4.3051034575e-02	0.0000000000e+00	-2.3308445122e-01	1.3380387115e-01	-5.2215035384e-02
210	-1.9217763413e-01	-4.2567165743e-02	-1.4961046839e-01	4.3050925100e-02	0.0000000000e+00	-2.3308526880e-01	1.3380412830e-01	-5.2214902606e-02
211	-1.9217831000e-01	-4.2567400861e-02	-1.4961090914e-01	4.3050814099e-02	0.0000000000e+00	-2.3308608854e-01	1.3380438534e-01	-5.2214767977e-02
212	-1.9217898435e-01	-4.2567635529e-02	-1.4961134882e-01	4.3050702597e-02	0.0000000000e+00	-2.3308690643e-01	1.3380464161e-01	-5.2214632741e-02
213	-1.9217965657e-01	-4.2567869253e-02	-1.4961178731e-01	4.3050591078e-02	0.0000000000e+00	-2.3308772174e-01	1.3380489758e-01	-5.2214497483e-02
214	-1.9218032417e-01	-4.2568100980e-02	-1.4961222319e-01	4.3050480248e-02	0.0000000000e+00	-2.3308853146e-01	1.3380515277e-01	-5.2214363062e-02
215	-1.9218098493e-01	-4.2568329755e-02	-1.4961265518e-01	4.3050370758e-02	0.0000000000e+00	-2.3308933287e-01	1.3380540678e-01	-5.2214230264e-02
216	-1.9218163660e-01	-4.2568554658e-02	-1.4961308194e-01	4.3050263185e-02	0.0000000000e+00	-2.3309012325e-01	1.3380565911e-01	-5.2214099794e-02
217	-1.9218227639e-01	-4.2568774644e-02	-1.4961350175e-01	4.3050158084e-02	0.0000000000e+00	-2.3309089923e-01	1.3380590888e-01	-5.2213972321e-02
218	-1.9218290244e-01	-4.2568988975e-02	-1.4961391346e-01	4.3050055920e-02	0.0000000000e+00	-2.3309165855e-01	1.3380615561e-01	-5.2213848409e-02
219	-1.9218351289e-01	-4.2569196960e-02	-1.4961431593e-01	4.3049957078e-02	0.0000000000e+00	-2.3309239894e-01	1.3380639872e-01	-5.2213728527e-02
220	-1.9218410583e-01	-4.2569397921e-02	-1.4961470791e-01	4.3049861905e-02	0.0000000000e+00	-2.3309311809e-01	1.3380663748e-01	-5.2213613096e-02
221	-1.9218467942e-01	-4.2569591238e-02	-1.4961508818e-01	4.3049770713e-02	0.0000000000e+00	-2.3309381378e-01	1.3380687118e-01	-5.2213502492e-02
222	-1.9218523206e-01	-4.2569776378e-02	-1.4961545568e-01	4.3049683768e-02	0.0000000000e+00	-2.3309448406e-01	1.3380709913e-01	-5.2213397040e-02
223	-1.9218576234e-01	-4.2569952890e-02	-1.4961580945e-01	4.3049601298e-02	0.0000000000e+00	-2.3309512722e-01	1.3380732070e-01	-5.2213297015e-02
224	-1.9218626907e-01	-4.2570120411e-02	-1.4961614866e-01	4.3049523482e-02	0.0000000000e+00	-2.3309574181e-01	1.3380753532e-01	-5.2213202635e-02
225	-1.9218675126e-01	-4.2570278648e-02	-1.4961647261e-01	4.3049450457e-02	0.0000000000e+00	-2.3309632664e-01	1.3380774246e-01	-5.2213114065e-02
226	-1.9218720811e-01	-4.2570427392e-02	-1.4961678071e-01	4.3049382310e-02	0.0000000000e+00	-2.3309688073e-01	1.3380794165e-01	-5.2213031412e-02
227	-1.9218763903e-01	-4.2570566512e-02	-1.4961707252e-01	4.3049319079e-02	0.0000000000e+00	-2.3309740338e-01	1.3380813251e-01	-5.2212954722e-02
228	-1.9218804351e-01	-4.2570695915e-02	-1.4961734759e-01	4.3049260766e-02	0.0000000000e+00	-2.3309789396e-01	1.3380831460e-01	-5.2212883996e-02
229	-1.9218842133e-01	-4.2570815608e-02	-1.4961760572e-01	4.3049207321e-02	0.0000000000e+00	-2.3309835221e-01	1.3380848764e-01	-5.2212819174e-02
230	-1.9218877213e-01	-4.2570925567e-02	-1.4961784656e-01	4.3049158712e-02	0.0000000000e+00	-2.3309877768e-01	1.3380865124e-01	-5.2212760219e-02
231	-1.9218909658e-01	-4.2571026097e-02	-1.4961807048e-01	4.3049114693e-02	0.0000000000e+00	-2.3309917119e-01	1.3380880548e-01	-5.2212706829e-02
232	-1.9218939426e-01	-4.2571117176e-02	-1.4961827708e-01	4.3049075235e-02	0.0000000000e+00	-2.3309953224e-01	1.3380894988e-01	-5.2212658972e-02
233	-1.9218966575e-01	-4.2571199080e-02	-1.4961846667e-01	4.3049040144e-02	0.0000000000e+00	-2.3309986152e-01	1.3380908449e-01	-5.2212616411e-02
234	-1.9218991131e-01	-4.2571271993e-02	-1.4961863931e-01	4.3049009318e-02	0.0000000000e+00	-2.3310015934e-01	1.3380920915e-01	-5.2212579024e-02
235	-1.9219013178e-01	-4.2571336274e-02	-1.4961879551e-01	4.3048982527e-02	0.0000000000e+00	-2.3310042675e-01	1.3380932404e-01	-5.2212546530e-02
236	-1.9219032782e-01	-4.2571392217e-02	-1.4961893560e-01	4.3048959603e-02	0.0000000000e+00	-2.3310066452e-01	1.3380942923e-01	-5.2212518727e-02
237	-1.9219050020e-01	-4.2571440153e-02	-1.4961906004e-01	4.3048940387e-02	0.0000000000e+00	-2.3310087359e-01	1.3380952486e-01	-5.2212495420e-02
238	-1.9219064993e-01	-4.2571480471e-02	-1.4961916945e-01	4.3048924645e-02	0.0000000000e+00	-2.3310105519e-01	1.3380961123e-01	-5.2212476326e-02
239	-1.9219077775e-01	-4.2571513490e-02	-1.4961926426e-01	4.3048912265e-02	0.0000000000e+00	-2.3310121022e-01	1.3380968846e-01	-5.2212461312e-02
240	-1.9219088479e-01	-4.2571539625e-02	-1.4961934517e-01	4.3048903021e-02	0.0000000000e+00	-2.3310134005e-01	1.3380975693e-01	-5.2212450101e-02
241	-1.9219097206e-01	-4.2571559256e-02	-1.4961941281e-01	4.3048896727e-02	0.0000000000e+00	-2.3310144590e-01	1.3380981694e-01	-5.2212442466e-02
242	-1.9219104060e-01	-4.2571572769e-02	-1.4961946783e-01	4.3048893190e-02	0.0000000000e+00	-2.3310152902e-01	1.3380986883e-01	-5.2212438176e-02
243	-1.9219109143e-01	-4.2571580548e-02	-1.4961951088e-01	4.3048892218e-02	0.0000000000e+00	-2.3310159067e-01	1.3380991292e-01	-5.2212436997e-02
244	-1.9219112561e-01	-4.2571582977e-02	-1.4961954263e-01	4.3048893619e-02	0.0000000000e+00	-2.3310163213e-01	1.3380994957e-01	-5.2212438696e-02
245	-1.9219114419e-01	-4.2571580440e-02	-1.4961956375e-01	4.3048897201e-02	0.0000000000e+00	-2.3310165466e-01	1.3380997914e-01	-5.2212443041e-02
246	-1.9219114823e-01	-4.2571573316e-02	-1.4961957491e-01	4.3048902779e-02	0.0000000000e+00	-2.3310165956e-01	1.3381000199e-01	-5.2212449807e-02
247	-1.9219113879e-01	-4.2571561985e-02	-1.4961957681e-01	4.3048910172e-02	0.0000000000e+00	-2.3310164812e-01	1.3381001853e-01	-5.2212458773e-02
248	-1.9219111697e-01	-4.2571546826e-02	-1.4961957014e-01	4.3048919203e-02	0.0000000000e+00	-2.3310162165e-01	1.3381002915e-01	-5.2212469726e-02
249	-1.9219108384e-01	-4.2571528215e-02	-1.4961955562e-01	4.3048929699e-02	0.0000000000e+00	-2.3310158147e-01	1.3381003426e-01	-5.2212482456e-02
250	-1.9219104048e-01	-4.2571506524e-02	-1.4961953396e-01	4.3048941493e-02	0.0000000000e+00	-2.3310152888e-01	1.3381003429e-01	-5.2212496762e-02
251	-1.9219098797e-01	-4.2571482120e-02	-1.4961950585e-01	4.3048954423e-02	0.0000000000e+00	-2.3310146519e-01	1.3381002966e-01	-5.2212512444e-02
252	-1.9219092736e-01	-4.2571455360e-02	-1.4961947200e-01	4.3048968328e-02	0.0000000000e+00	-2.3310139168e-01	1.3381002080e-01	-5.2212529309e-02
253	-1.9219085968e-01	-4.2571426593e-02	-1.4961943309e-01	4.3048983051e-02	0.0000000000e+00	-2.3310130960e-01	1.3381000812e-01	-5.2212547166e-02
254	-1.9219078594e-01	-4.2571396157e-02	-1.4961938978e-01	4.3048998437e-02	0.0000000000e+00	-2.3310122015e-01	1.3380999203e-01	-5.2212565827e-02
255	-1.9219070709e-01	-4.2571364378e-02	-1.4961934271e-01	4.3049014334e-02	0.0000000000e+00	-2.3310112452e-01	1.3380997292e-01	-5.2212585108e-02
256	-1.9219062407e-01	-4.2571331569e-02	-1.4961929250e-01	4.3049030595e-02	0.0000000000e+00	-2.3310102383e-01	1.3380995117e-01	-5.2212604829e-02
257	-1.9219053777e-01	-4.2571298030e-02	-1.4961923974e-01	4.3049047074e-02	0.0000000000e+00	-2.3310091915e-01	1.3380992713e-01	-5.2212624817e-02
258	-1.9219044902e-01	-4.2571264044e-02	-1.4961918497e-01	4.3049063637e-02	0.0000000000e+00	-2.3310081152e-01	1.3380990116e-01	-5.2212644906e-02
259	-1.9219035863e-01	-4.2571229881e-02	-1.4961912875e-01	4.3049080155e-02	0.0000000000e+00	-2.3310070189e-01	1.3380987358e-01	-5.2212664939e-02
260	-1.9219026735e-01	-4.2571195792e-02	-1.4961907156e-01	4.3049096507e-02	0.0000000000e+00	-2.3310059118e-01	1.3380984471e-01	-5.2212684772e-02
261	-1.9219017590e-01	-4.2571162011e-02	-1.4961901389e-01	4.3049112583e-02	0.0000000000e+00	-2.3310048026e-01	1.3380981485e-01	-5.2212704271e-02
262	-1.9219008494e-01	-4.2571128757e-02	-1.4961895618e-01	4.3049128286e-02	0.0000000000e+00	-2.3310036993e-01	1.3380978428e-01	-5.2212723316e-02
263	-1.9218999507e-01	-4.2571096226e-02	-1.4961889885e-01	4.3049143526e-02	0.0000000000e+00	-2.3310026094e-01	1.3380975328e-01	-5.2212741800e-02
264	-1.9218990696e-01	-4.2571064626e-02	-1.4961884233e-01	4.3049158211e-02	0.0000000000e+00	-2.3310015407e-01	1.3380972213e-01	-5.2212759610e-02
265	-1.9218982087e-01	-4.2571034043e-02	-1.4961878683e-01	4.3049172309e-02	0.0000000000e+00	-2.3310004966e-01	1.3380969098e-01	-5.2212776710e-02
266	-1.9218973744e-01	-4.2571004669e-02	-1.4961873277e-01	4.3049185740e-02	0.0000000000e+00	-2.3309994847e-01	1.3380966013e-01	-5.2212793000e-02
267	-1.9218965715e-01	-4.2570976651e-02	-1.4961868049e-01	4.3049198435e-02	0.0000000000e+00	-2.3309985108e-01	1.3380962980e-01	-5.2212808397e-02
268	-1.9218958019e-01	-4.2570950047e-02	-1.4961863015e-01	4.3049210374e-02	0.0000000000e+00	-2.3309975775e-01	1.3380960012e-01	-5.2212822877e-02
269	-1.9218950690e-01	-4.2570924946e-02	-1.4961858196e-01	4.3049221522e-02	0.0000000000e+00	-2.3309966886e-01	1.3380957126e-01	-5.2212836398e-02
270	-1.9218943751e-01	-4.2570901411e-02	-1.4961853609e-01	4.3049231854e-02	0.0000000000e+00	-2.3309958469e-01	1.3380954335e-01	-5.2212848930e-02
271	-1.9218937218e-01	-4.2570879481e-02	-1.4961849269e-01	4.3049241358e-02	0.0000000000e+00	-2.3309950545e-01	1.3380951652e-01	-5.2212860457e-02
272	-1.9218931107e-01	-4.2570859190e-02	-1.4961845188e-01	4.3049250023e-02	0.0000000000e+00	-2.3309943134e-01	1.3380949086e-01	-5.2212870966e-02
273	-1.9218925417e-01	-4.2570840520e-02	-1.4961841365e-01	4.3049257867e-02	0.0000000000e+00	-2.3309936233e-01	1.3380946642e-01	-5.2212880480e-02
274	-1.9218920161e-01	-4.2570823488e-02	-1.4961837813e-01	4.3049264890e-02	0.0000000000e+00	-2.3309929858e-01	1.3380944330e-01	-5.2212888998e-02
275	-1.9218915337e-01	-4.2570808068e-02	-1.4961834530e-01	4.3049271114e-02	0.0000000000e+00	-2.3309924007e-01	1.3380942154e-01	-5.2212896546e-02
276	-1.9218910938e-01	-4.2570794223e-02	-1.4961831516e-01	4.3049276565e-02	0.0000000000e+00	-2.3309918672e-01	1.3380940117e-01	-5.2212903158e-02
277	-1.9218906959e-01	-4.2570781909e-02	-1.4961828768e-01	4.3049281278e-02	0.0000000000e+00	-2.3309913846e-01	1.3380938222e-01	-5.2212908874e-02
278	-1.9218903389e-01	-4.2570771068e-02	-1.4961826282e-01	4.3049285289e-02	0.0000000000e+00	-2.3309909516e-01	1.3380936469e-01	-5.2212913739e-02
279	-1.9218900214e-01	-4.2570761635e-02	-1.4961824050e-01	4.3049288640e-02	0.0000000000e+00	-2.3309905665e-01	1.3380934858e-01	-5.2212917803e-02
280	-1.9218897417e-01	-4.2570753537e-02	-1.4961822064e-01	4.3049291374e-02	0.0000000000e+00	-2.3309902273e-01	1.3380933387e-01	-5.2212921120e-02
281	-1.9218894982e-01	-4.2570746694e-02	-1.4961820313e-01	4.3049293539e-02	0.0000000000e+00	-2.3309899319e-01	1.3380932054e-01	-5.2212923745e-02
282	-1.9218892887e-01	-4.2570741020e-02	-1.4961818785e-01	4.3049295182e-02	0.0000000000e+00	-2.3309896778e-01	1.3380930854e-01	-5.2212925738e-02
283	-1.9218891111e-01	-4.2570736428e-02	-1.4961817468e-01	4.3049296350e-02	0.0000000000e+00	-2.3309894624e-01	1.3380929782e-01	-5.2212927154e-02
284	-1.9218889631e-01	-4.2570732825e-02	-1.4961816349e-01	4.3049297092e-02	0.0000000000e+00	-2.3309892830e-01	1.3380928833e-01	-5.2212928055e-02
285	-1.9218888424e-01	-4.2570730120e-02	-1.4961815412e-01	4.3049297456e-02	0.0000000000e+00	-2.3309891365e-01	1.3380928000e-01	-5.2212928496e-02
286	-1.9218887465e-01	-4.2570728219e-02	-1.4961814643e-01	4.3049297491e-02	0.0000000000e+00	-2.3309890202e-01	1.3380927277e-01	-5.2212928538e-02
287	-1.9218886731e-01	-4.2570727031e-02	-1.4961814027e-01	4.3049297241e-02	0.0000000000e+00	-2.3309889311e-01	1.3380926655e-01	-5.2212928235e-02
288	-1.9218886196e-01	-4.2570726467e-02	-1.4961813550e-01	4.3049296754e-02	0.0000000000e+00	-2.3309888664e-01	1.3380926129e-01	-5.2212927644e-02
289	-1.9218885840e-01	-4.2570726442e-02	-1.4961813196e-01	4.3049296072e-02	0.0000000000e+00	-2.3309888231e-01	1.3380925690e-01	-5.2212926817e-02
290	-1.9218885639e-01	-4.2570726872e-02	-1.4961812951e-01	4.3049295236e-02	0.0000000000e+00	-2.3309887987e-01	1.3380925330e-01	-5.2212925804e-02
291	-1.9218885570e-01	-4.2570727680e-02	-1.4961812802e-01	4.3049294286e-02	0.0000000000e+00	-2.3309887904e-01	1.3380925043e-01	-5.2212924651e-02
292	-1.9218885615e-01	-4.2570728793e-02	-1.4961812736e-01	4.3049293255e-02	0.0000000000e+00	-2.3309887959e-01	1.3380924821e-01	-5.2212923401e-02
293	-1.9218885754e-01	-4.2570730142e-02	-1.4961812739e-01	4.3049292177e-02	0.0000000000e+00	-2.3309888126e-01	1.3380924656e-01	-5.2212922093e-02
294	-1.9218885967e-01	-4.2570731664e-02	-1.4961812801e-01	4.3049291080e-02	0.0000000000e+00	-2.3309888386e-01	1.3380924543e-01	-5.2212920763e-02
295	-1.9218886239e-01	-4.2570733303e-02	-1.4961812909e-01	4.3049289988e-02	0.0000000000e+00	-2.3309888715e-01	1.3380924473e-01	-5.2212919439e-02
296	-1.9218886554e-01	-4.2570735005e-02	-1.4961813053e-01	4.3049288924e-02	0.0000000000e+00	-2.3309889097e-01	1.3380924441e-01	-5.2212918148e-02
297	-1.9218886896e-01	-4.2570736724e-02	-1.4961813224e-01	4.3049287907e-02	0.0000000000e+00	-2.3309889512e-01	1.3380924439e-01	-5.2212916915e-02
298	-1.9218887254e-01	-4.2570738420e-02	-1.4961813412e-01	4.3049286952e-02	0.0000000000e+00	-2.3309889946e-01	1.3380924463e-01	-5.2212915756e-02
299	-1.9218887616e-01	-4.2570740058e-02	-1.4961813610e-01	4.3049286070e-02	0.0000000000e+00	-2.3309890386e-01	1.3380924506e-01	-5.2212914686e-02
300	-1.9218887973e-01	-4.2570741609e-02	-1.4961813812e-01	4.3049285273e-02	0.0000000000e+00	-2.3309890818e-01	1.3380924564e-01	-5.2212913719e-02
301	-1.9218888313e-01	-4.2570743042e-02	-1.4961814009e-01	4.3049284568e-02	0.0000000000e+00	-2.3309891231e-01	1.3380924631e-01	-5.2212912865e-02
302	-1.9218888636e-01	-4.2570744356e-02	-1.4961814200e-01	4.3049283957e-02	0.0000000000e+00	-2.3309891622e-01	1.3380924705e-01	-5.2212912123e-02
303	-1.9218888930e-01	-4.2570745522e-02	-1.4961814378e-01	4.3049283446e-02	0.0000000000e+00	-2.3309891979e-01	1.3380924782e-01	-5.2212911504e-02
304	-1.9218889193e-01	-4.2570746531e-02	-1.4961814540e-01	4.3049283038e-02	0.0000000000e+00	-2.3309892298e-01	1.3380924858e-01	-5.2212911008e-02
305	-1.9218889421e-01	-4.2570747380e-02	-1.4961814683e-01	4.3049282729e-02	0.0000000000e+00	-2.3309892575e-01	1.3380924932e-01	-5.2212910634e-02
306	-1.9218889613e-01	-4.2570748064e-02	-1.4961814806e-01	4.3049282519e-02	0.0000000000e+00	-2.3309892807e-01	1.3380925000e-01	-5.2212910379e-02
307	-1.9218889766e-01	-4.2570748585e-02	-1.4961814907e-01	4.3049282403e-02	0.0000000000e+00	-2.3309892993e-01	1.3380925061e-01	-5.2212910239e-02
308	-1.9218889880e-01	-4.2570748945e-02	-1.4961814986e-01	4.3049282377e-02	0.0000000000e+00	-2.3309893131e-01	1.3380925114e-01	-5.2212910207e-02
309	-1.9218889956e-01	-4.2570749149e-02	-1.4961815041e-01	4.3049282434e-02	0.0000000000e+00	-2.3309893223e-01	1.3380925158e-01	-5.2212910276e-02
310	-1.9218889994e-01	-4.2570749207e-02	-1.4961815073e-01	4.3049282568e-02	0.0000000000e+00	-2.3309893269e-01	1.3380925191e-01	-5.2212910439e-02
311	-1.9218889996e-01	-4.2570749125e-02	-1.4961815083e-01	4.3049282772e-02	0.0000000000e+00	-2.3309893271e-01	1.3380925213e-01	-5.2212910686e-02
312	-1.9218889963e-01	-4.2570748915e-02	-1.4961815071e-01	4.3049283037e-02	0.0000000000e+00	-2.3309893232e-01	1.3380925225e-01	-5.2212911007e-02
313	-1.9218889898e-01	-4.2570748589e-02	-1.4961815039e-01	4.3049283356e-02	0.0000000000e+00	-2.3309893153e-01	1.3380925225e-01	-5.2212911394e-02
314	-1.9218889803e-01	-4.2570748158e-02	-1.4961814987e-01	4.3049283721e-02	0.0000000000e+00	-2.3309893038e-01	1.3380925215e-01	-5.2212911837e-02
315	-1.9218889683e-01	-4.2570747637e-02	-1.4961814919e-01	4.3049284123e-02	0.0000000000e+00	-2.3309892892e-01	1.3380925194e-01	-5.2212912325e-02
316	-1.9218889538e-01	-4.2570747036e-02	-1.4961814834e-01	4.3049284558e-02	0.0000000000e+00	-2.3309892716e-01	1.3380925164e-01	-5.2212912852e-02
317	-1.9218889373e-01	-4.2570746370e-02	-1.4961814736e-01	4.3049285016e-02	0.0000000000e+00	-2.3309892517e-01	1.3380925124e-01	-5.2212913408e-02
318	-1.9218889192e-01	-4.2570745653e-02	-1.4961814627e-01	4.3049285490e-02	0.0000000000e+00	-2.3309892297e-01	1.3380925077e-01	-5.2212913983e-02
319	-1.9218888998e-01	-4.2570744899e-02	-1.4961814508e-01	4.3049285974e-02	0.0000000000e+00	-2.3309892061e-01	1.3380925023e-01	-5.2212914570e-02
320	-1.9218888794e-01	-4.2570744118e-02	-1.4961814382e-01	4.3049286461e-02	0.0000000000e+00	-2.3309891814e-01	1.3380924962e-01	-5.2212915160e-02
321	-1.9218888583e-01	-4.2570743323e-02	-1.4961814250e-01	4.3049286945e-02	0.0000000000e+00	-2.3309891558e-01	1.3380924897e-01	-5.2212915747e-02
322	-1.9218888368e-01	-4.2570742526e-02	-1.4961814115e-01	4.3049287421e-02	0.0000000000e+00	-2.3309891297e-01	1.3380924828e-01	-5.2212916324e-02
323	-1.9218888152e-01	-4.2570741736e-02	-1.4961813978e-01	4.3049287883e-02	0.0000000000e+00	-2.3309891035e-01	1.3380924756e-01	-5.2212916885e-02
324	-1.9218887938e-01	-4.2570740963e-02	-1.4961813842e-01	4.3049288327e-02	0.0000000000e+00	-2.3309890776e-01	1.3380924682e-01	-5.2212917424e-02
