# Time           	e423_0           
1	( 9.2959459628e-01 -1.2277262566e-01 -5.4863788099e-01 )	
2	( -6.6561246876e-02 1.5614231761e-01 -1.8537385573e-01 )	
3	( -1.2060478096e-01 1.2612889356e-01 -8.9690976877e-02 )	
4	( -1.0528447983e-01 1.0883372162e-01 -7.0968682395e-02 )	
5	( -1.0844788918e-01 1.1000506320e-01 -7.0884473744e-02 )	
6	( -1.0745689927e-01 1.1024209228e-01 -7.2013242125e-02 )	
7	( -1.0728841810e-01 1.1089343354e-01 -7.3561359862e-02 )	
8	( -1.0721597991e-01 1.1125972877e-01 -7.4872430084e-02 )	
9	( -1.0727744300e-01 1.1139907188e-01 -7.5929506150e-02 )	
10	( -1.0755283944e-01 1.1136919851e-01 -7.6670797069e-02 )	
11	( -1.0857881057e-01 1.1128643572e-01 -7.6994328379e-02 )	
12	( -1.0980465792e-01 1.1091993562e-01 -7.6947627242e-02 )	
13	( -1.1097382927e-01 1.1010830982e-01 -7.6555024686e-02 )	
14	( -1.1199300586e-01 1.0898832592e-01 -7.5905759172e-02 )	
15	( -1.1281853575e-01 1.0756211316e-01 -7.5032536393e-02 )	
16	( -1.1320633436e-01 1.0581970463e-01 -7.4006017871e-02 )	
17	( -1.1337853521e-01 1.0389690326e-01 -7.2869029172e-02 )	
18	( -1.1333381137e-01 1.0189278245e-01 -7.1723326383e-02 )	
19	( -1.1276580734e-01 9.9634179424e-02 -7.0564591537e-02 )	
20	( -1.1192598570e-01 9.7245271718e-02 -6.9404805504e-02 )	
21	( -1.1065840382e-01 9.4686461366e-02 -6.8252911004e-02 )	
22	( -1.0891152859e-01 9.1986376024e-02 -6.7176024579e-02 )	
23	( -1.0821367487e-01 8.9996033893e-02 -6.6168063210e-02 )	
24	( -1.0770117870e-01 8.8262217215e-02 -6.5256426628e-02 )	
25	( -1.0782209808e-01 8.7027063694e-02 -6.4435878411e-02 )	
26	( -1.0755845829e-01 8.5730725097e-02 -6.3719590487e-02 )	
27	( -1.0822520942e-01 8.5119756738e-02 -6.3123082588e-02 )	
28	( -1.0971674840e-01 8.5106549978e-02 -6.2643345102e-02 )	
29	( -1.1203898979e-01 8.5633068670e-02 -6.2234992171e-02 )	
30	( -1.1525245787e-01 8.6723729563e-02 -6.1898412164e-02 )	
31	( -1.1923771421e-01 8.8290681928e-02 -6.1633529255e-02 )	
32	( -1.2386912594e-01 9.0244946197e-02 -6.1416255542e-02 )	
33	( -1.2884435374e-01 9.2405324927e-02 -6.1230458871e-02 )	
34	( -1.3370707797e-01 9.4517472900e-02 -6.1066755242e-02 )	
35	( -1.3849970320e-01 9.6604471610e-02 -6.0919282438e-02 )	
36	( -1.4351965081e-01 9.8818485994e-02 -6.0764068353e-02 )	
37	( -1.4831836991e-01 1.0090420064e-01 -6.0606368872e-02 )	
38	( -1.5287297980e-01 1.0284534115e-01 -6.0433489939e-02 )	
39	( -1.5726516429e-01 1.0468700374e-01 -6.0234419088e-02 )	
40	( -1.6133265339e-01 1.0634944242e-01 -6.0028435319e-02 )	
41	( -1.6524914654e-01 1.0792367705e-01 -5.9775355757e-02 )	
42	( -1.6899203928e-01 1.0940882449e-01 -5.9509464862e-02 )	
43	( -1.7244970991e-01 1.1073943489e-01 -5.9250137021e-02 )	
44	( -1.7569720233e-01 1.1195229208e-01 -5.8972146404e-02 )	
45	( -1.7876139341e-01 1.1306796704e-01 -5.8679272512e-02 )	
46	( -1.8160455064e-01 1.1407420461e-01 -5.8378393060e-02 )	
47	( -1.8428385243e-01 1.1500692120e-01 -5.8071010988e-02 )	
48	( -1.8678284698e-01 1.1585656463e-01 -5.7761026928e-02 )	
49	( -1.8913934063e-01 1.1664385273e-01 -5.7450776591e-02 )	
50	( -1.9139501632e-01 1.1739029214e-01 -5.7142418521e-02 )	
51	( -1.9355059964e-01 1.1809808633e-01 -5.6835856354e-02 )	
52	( -1.9564749461e-01 1.1878879915e-01 -5.6535478446e-02 )	
53	( -1.9767550154e-01 1.1946451519e-01 -5.6246388588e-02 )	
54	( -1.9965522815e-01 1.2013730789e-01 -5.5972358134e-02 )	
55	( -2.0160317115e-01 1.2081216227e-01 -5.5707737132e-02 )	
56	( -2.0352067976e-01 1.2148896118e-01 -5.5453494568e-02 )	
57	( -2.0538307449e-01 1.2215664308e-01 -5.5212310809e-02 )	
58	( -2.0718329292e-01 1.2281006355e-01 -5.4983195663e-02 )	
59	( -2.0892992539e-01 1.2345332762e-01 -5.4765790581e-02 )	
60	( -2.1062356635e-01 1.2408852400e-01 -5.4559944688e-02 )	
61	( -2.1224435539e-01 1.2470274892e-01 -5.4364161773e-02 )	
62	( -2.1379676405e-01 1.2529685003e-01 -5.4178332239e-02 )	
63	( -2.1527651974e-01 1.2586735464e-01 -5.4003645679e-02 )	
64	( -2.1667116891e-01 1.2641000214e-01 -5.3841538624e-02 )	
65	( -2.1799844102e-01 1.2693136932e-01 -5.3688831830e-02 )	
66	( -2.1924312899e-01 1.2742441382e-01 -5.3546284557e-02 )	
67	( -2.2041609087e-01 1.2789141997e-01 -5.3411712462e-02 )	
68	( -2.2152054010e-01 1.2833684542e-01 -5.3287693449e-02 )	
69	( -2.2256084208e-01 1.2876103703e-01 -5.3172613145e-02 )	
70	( -2.2352319611e-01 1.2915631227e-01 -5.3066174487e-02 )	
71	( -2.2441515246e-01 1.2952556367e-01 -5.2967779527e-02 )	
72	( -2.2525241789e-01 1.2987543194e-01 -5.2876326775e-02 )	
73	( -2.2602741580e-01 1.3020118566e-01 -5.2791685741e-02 )	
74	( -2.2674680758e-01 1.3050521141e-01 -5.2712889023e-02 )	
75	( -2.2741402305e-01 1.3078833587e-01 -5.2639008190e-02 )	
76	( -2.2802351919e-01 1.3105011161e-01 -5.2571851612e-02 )	
77	( -2.2859381220e-01 1.3129988682e-01 -5.2511361559e-02 )	
78	( -2.2914080430e-01 1.3154551519e-01 -5.2457460190e-02 )	
79	( -2.2967392528e-01 1.3178994958e-01 -5.2408728031e-02 )	
80	( -2.3019358414e-01 1.3203274476e-01 -5.2365021660e-02 )	
81	( -2.3069324773e-01 1.3226906641e-01 -5.2324883813e-02 )	
82	( -2.3117805916e-01 1.3250112866e-01 -5.2287106768e-02 )	
83	( -2.3164495835e-01 1.3272661031e-01 -5.2251516989e-02 )	
84	( -2.3200958299e-01 1.3289612496e-01 -5.2218348290e-02 )	
85	( -2.3232917823e-01 1.3304284487e-01 -5.2188175254e-02 )	
86	( -2.3262359263e-01 1.3317794924e-01 -5.2159613858e-02 )	
87	( -2.3289763519e-01 1.3330372270e-01 -5.2131906904e-02 )	
88	( -2.3314983026e-01 1.3341947879e-01 -5.2105974755e-02 )	
89	( -2.3338213716e-01 1.3352576896e-01 -5.2081012439e-02 )	
90	( -2.3359331426e-01 1.3362190678e-01 -5.2057208177e-02 )	
91	( -2.3378580621e-01 1.3370916137e-01 -5.2034529938e-02 )	
92	( -2.3396226759e-01 1.3378864298e-01 -5.2013032794e-02 )	
93	( -2.3412365341e-01 1.3386153473e-01 -5.1992927062e-02 )	
94	( -2.3427187503e-01 1.3392832734e-01 -5.1973901007e-02 )	
95	( -2.3440779616e-01 1.3398940558e-01 -5.1955870483e-02 )	
96	( -2.3453128797e-01 1.3404495353e-01 -5.1939069104e-02 )	
97	( -2.3464339148e-01 1.3409562315e-01 -5.1923550310e-02 )	
98	( -2.3474422482e-01 1.3414161964e-01 -5.1909387838e-02 )	
99	( -2.3483376869e-01 1.3418308774e-01 -5.1896678770e-02 )	
100	( -2.3491233020e-01 1.3422035323e-01 -5.1885538900e-02 )	
101	( -2.3497969599e-01 1.3425345012e-01 -5.1876051309e-02 )	
102	( -2.3503567033e-01 1.3428241617e-01 -5.1868309481e-02 )	
103	( -2.3508047289e-01 1.3430747385e-01 -5.1862352923e-02 )	
104	( -2.3511450501e-01 1.3432890636e-01 -5.1858170238e-02 )	
105	( -2.3513665815e-01 1.3434642422e-01 -5.1856185289e-02 )	
106	( -2.3514986729e-01 1.3436161700e-01 -5.1856292351e-02 )	
107	( -2.3515426536e-01 1.3437426567e-01 -5.1858142913e-02 )	
108	( -2.3514837882e-01 1.3438349778e-01 -5.1861826831e-02 )	
109	( -2.3513287086e-01 1.3438956269e-01 -5.1867286633e-02 )	
110	( -2.3510851561e-01 1.3439272895e-01 -5.1874419268e-02 )	
111	( -2.3507568650e-01 1.3439305024e-01 -5.1883118781e-02 )	
112	( -2.3503531118e-01 1.3439079987e-01 -5.1893163165e-02 )	
113	( -2.3498821133e-01 1.3438616150e-01 -5.1904369221e-02 )	
114	( -2.3493506825e-01 1.3437926195e-01 -5.1916553656e-02 )	
115	( -2.3487666682e-01 1.3437027799e-01 -5.1929526668e-02 )	
116	( -2.3481349511e-01 1.3435923965e-01 -5.1943148268e-02 )	
117	( -2.3474704257e-01 1.3434667672e-01 -5.1957162890e-02 )	
118	( -2.3467781773e-01 1.3433262660e-01 -5.1971412230e-02 )	
119	( -2.3460641631e-01 1.3431721277e-01 -5.1985755657e-02 )	
120	( -2.3453361338e-01 1.3430065327e-01 -5.2000048278e-02 )	
121	( -2.3445997653e-01 1.3428309230e-01 -5.2014170317e-02 )	
122	( -2.3438608663e-01 1.3426468689e-01 -5.2028004830e-02 )	
123	( -2.3431250575e-01 1.3424559836e-01 -5.2041437799e-02 )	
124	( -2.3423944029e-01 1.3422589897e-01 -5.2054432513e-02 )	
125	( -2.3416749751e-01 1.3420582107e-01 -5.2066902900e-02 )	
126	( -2.3409699361e-01 1.3418549286e-01 -5.2078806858e-02 )	
127	( -2.3402822284e-01 1.3416504625e-01 -5.2090115812e-02 )	
128	( -2.3396142189e-01 1.3414460445e-01 -5.2100815563e-02 )	
129	( -2.3389678772e-01 1.3412428312e-01 -5.2110902860e-02 )	
130	( -2.3383461831e-01 1.3410427009e-01 -5.2120384344e-02 )	
131	( -2.3377523543e-01 1.3408475398e-01 -5.2129266260e-02 )	
132	( -2.3371836593e-01 1.3406563330e-01 -5.2137578470e-02 )	
133	( -2.3366395406e-01 1.3404693939e-01 -5.2145352545e-02 )	
134	( -2.3361214818e-01 1.3402879205e-01 -5.2152601963e-02 )	
135	( -2.3356292526e-01 1.3401124224e-01 -5.2159361853e-02 )	
136	( -2.3351628955e-01 1.3399434943e-01 -5.2165661008e-02 )	
137	( -2.3347223428e-01 1.3397816222e-01 -5.2171527125e-02 )	
138	( -2.3343073341e-01 1.3396271516e-01 -5.2176986007e-02 )	
139	( -2.3339174429e-01 1.3394803389e-01 -5.2182058568e-02 )	
140	( -2.3335528768e-01 1.3393415784e-01 -5.2186754155e-02 )	
141	( -2.3332122716e-01 1.3392105604e-01 -5.2191102069e-02 )	
142	( -2.3328951093e-01 1.3390873469e-01 -5.2195120911e-02 )	
143	( -2.3326009418e-01 1.3389719725e-01 -5.2198822740e-02 )	
144	( -2.3323281668e-01 1.3388639531e-01 -5.2202236249e-02 )	
145	( -2.3320768123e-01 1.3387634731e-01 -5.2205364729e-02 )	
146	( -2.3318458005e-01 1.3386702089e-01 -5.2208226327e-02 )	
147	( -2.3316342680e-01 1.3385838876e-01 -5.2210831245e-02 )	
148	( -2.3314444784e-01 1.3385058276e-01 -5.2213175993e-02 )	
149	( -2.3312740514e-01 1.3384348760e-01 -5.2215280608e-02 )	
150	( -2.3311199047e-01 1.3383695468e-01 -5.2217155278e-02 )	
151	( -2.3309806692e-01 1.3383093361e-01 -5.2218816075e-02 )	
152	( -2.3308559965e-01 1.3382541856e-01 -5.2220262337e-02 )	
153	( -2.3307447476e-01 1.3382038598e-01 -5.2221517463e-02 )	
154	( -2.3306465213e-01 1.3381581845e-01 -5.2222583667e-02 )	
155	( -2.3305606713e-01 1.3381168477e-01 -5.2223464941e-02 )	
156	( -2.3304863869e-01 1.3380796451e-01 -5.2224177153e-02 )	
157	( -2.3304229906e-01 1.3380463955e-01 -5.2224733533e-02 )	
158	( -2.3303698318e-01 1.3380169299e-01 -5.2225145016e-02 )	
159	( -2.3303262029e-01 1.3379910337e-01 -5.2225425533e-02 )	
160	( -2.3302914325e-01 1.3379685191e-01 -5.2225587396e-02 )	
161	( -2.3302648575e-01 1.3379491959e-01 -5.2225642493e-02 )	
162	( -2.3302458129e-01 1.3379328662e-01 -5.2225602293e-02 )	
163	( -2.3302335923e-01 1.3379193070e-01 -5.2225477836e-02 )	
164	( -2.3302275546e-01 1.3379083191e-01 -5.2225279563e-02 )	
165	( -2.3302270463e-01 1.3378996886e-01 -5.2225017304e-02 )	
166	( -2.3302314146e-01 1.3378931957e-01 -5.2224700308e-02 )	
167	( -2.3302400252e-01 1.3378886263e-01 -5.2224338005e-02 )	
168	( -2.3302522937e-01 1.3378857819e-01 -5.2223939019e-02 )	
169	( -2.3302676656e-01 1.3378844698e-01 -5.2223511924e-02 )	
170	( -2.3302855921e-01 1.3378845029e-01 -5.2223064992e-02 )	
171	( -2.3303055888e-01 1.3378857164e-01 -5.2222605922e-02 )	
172	( -2.3303272226e-01 1.3378879601e-01 -5.2222141572e-02 )	
173	( -2.3303500420e-01 1.3378910786e-01 -5.2221679063e-02 )	
174	( -2.3303736890e-01 1.3378949438e-01 -5.2221223845e-02 )	
175	( -2.3303978167e-01 1.3378994280e-01 -5.2220780818e-02 )	
176	( -2.3304221078e-01 1.3379044096e-01 -5.2220354122e-02 )	
177	( -2.3304462833e-01 1.3379097761e-01 -5.2219946930e-02 )	
178	( -2.3304700522e-01 1.3379154071e-01 -5.2219562464e-02 )	
179	( -2.3304932302e-01 1.3379212236e-01 -5.2219202457e-02 )	
180	( -2.3305157322e-01 1.3379271735e-01 -5.2218867163e-02 )	
181	( -2.3305372875e-01 1.3379331279e-01 -5.2218558507e-02 )	
182	( -2.3305578437e-01 1.3379390432e-01 -5.2218276230e-02 )	
183	( -2.3305773173e-01 1.3379448609e-01 -5.2218020109e-02 )	
184	( -2.3305956658e-01 1.3379505385e-01 -5.2217789537e-02 )	
185	( -2.3306128782e-01 1.3379560449e-01 -5.2217583487e-02 )	
186	( -2.3306289479e-01 1.3379613499e-01 -5.2217400817e-02 )	
187	( -2.3306439744e-01 1.3379664662e-01 -5.2217239036e-02 )	
188	( -2.3306579512e-01 1.3379713606e-01 -5.2217096684e-02 )	
189	( -2.3306709583e-01 1.3379760366e-01 -5.2216971381e-02 )	
190	( -2.3306830711e-01 1.3379804945e-01 -5.2216860572e-02 )	
191	( -2.3306943704e-01 1.3379847374e-01 -5.2216761691e-02 )	
192	( -2.3307049398e-01 1.3379887702e-01 -5.2216672158e-02 )	
193	( -2.3307148654e-01 1.3379926011e-01 -5.2216589527e-02 )	
194	( -2.3307242351e-01 1.3379962408e-01 -5.2216511505e-02 )	
195	( -2.3307331367e-01 1.3379997032e-01 -5.2216435994e-02 )	
196	( -2.3307416573e-01 1.3380030048e-01 -5.2216361155e-02 )	
197	( -2.3307498807e-01 1.3380061640e-01 -5.2216285355e-02 )	
198	( -2.3307578708e-01 1.3380091941e-01 -5.2216207322e-02 )	
199	( -2.3307657052e-01 1.3380121176e-01 -5.2216125979e-02 )	
200	( -2.3307734591e-01 1.3380149585e-01 -5.2216040276e-02 )	
201	( -2.3307811585e-01 1.3380177224e-01 -5.2215949871e-02 )	
202	( -2.3307888706e-01 1.3380204356e-01 -5.2215854056e-02 )	
203	( -2.3307966175e-01 1.3380231065e-01 -5.2215752659e-02 )	
204	( -2.3308044272e-01 1.3380257479e-01 -5.2215645498e-02 )	
205	( -2.3308123048e-01 1.3380283653e-01 -5.2215532838e-02 )	
206	( -2.3308202564e-01 1.3380309656e-01 -5.2215414975e-02 )	
207	( -2.3308282800e-01 1.3380335541e-01 -5.2215292372e-02 )	
208	( -2.3308363705e-01 1.3380361356e-01 -5.2215165585e-02 )	
209	( -2.3308445122e-01 1.3380387115e-01 -5.2215035384e-02 )	
210	( -2.3308526880e-01 1.3380412830e-01 -5.2214902606e-02 )	
211	( -2.3308608854e-01 1.3380438534e-01 -5.2214767977e-02 )	
212	( -2.3308690643e-01 1.3380464161e-01 -5.2214632741e-02 )	
213	( -2.3308772174e-01 1.3380489758e-01 -5.2214497483e-02 )	
214	( -2.3308853146e-01 1.3380515277e-01 -5.2214363062e-02 )	
215	( -2.3308933287e-01 1.3380540678e-01 -5.2214230264e-02 )	
216	( -2.3309012325e-01 1.3380565911e-01 -5.2214099794e-02 )	
217	( -2.3309089923e-01 1.3380590888e-01 -5.2213972321e-02 )	
218	( -2.3309165855e-01 1.3380615561e-01 -5.2213848409e-02 )	
219	( -2.3309239894e-01 1.3380639872e-01 -5.2213728527e-02 )	
220	( -2.3309311809e-01 1.3380663748e-01 -5.2213613096e-02 )	
221	( -2.3309381378e-01 1.3380687118e-01 -5.2213502492e-02 )	
222	( -2.3309448406e-01 1.3380709913e-01 -5.2213397040e-02 )	
223	( -2.3309512722e-01 1.3380732070e-01 -5.2213297015e-02 )	
224	( -2.3309574181e-01 1.3380753532e-01 -5.2213202635e-02 )	
225	( -2.3309632664e-01 1.3380774246e-01 -5.2213114065e-02 )	
226	( -2.3309688073e-01 1.3380794165e-01 -5.2213031412e-02 )	
227	( -2.3309740338e-01 1.3380813251e-01 -5.2212954722e-02 )	
228	( -2.3309789396e-01 1.3380831460e-01 -5.2212883996e-02 )	
229	( -2.3309835221e-01 1.3380848764e-01 -5.2212819174e-02 )	
230	( -2.3309877768e-01 1.3380865124e-01 -5.2212760219e-02 )	
231	( -2.3309917119e-01 1.3380880548e-01 -5.2212706829e-02 )	
232	( -2.3309953224e-01 1.3380894988e-01 -5.2212658972e-02 )	
233	( -2.3309986152e-01 1.3380908449e-01 -5.2212616411e-02 )	
234	( -2.3310015934e-01 1.3380920915e-01 -5.2212579024e-02 )	
235	( -2.3310042675e-01 1.3380932404e-01 -5.2212546530e-02 )	
236	( -2.3310066452e-01 1.3380942923e-01 -5.2212518727e-02 )	
237	( -2.3310087359e-01 1.3380952486e-01 -5.2212495420e-02 )	
238	( -2.3310105519e-01 1.3380961123e-01 -5.2212476326e-02 )	
239	( -2.3310121022e-01 1.3380968846e-01 -5.2212461312e-02 )	
240	( -2.3310134005e-01 1.3380975693e-01 -5.2212450101e-02 )	
241	( -2.3310144590e-01 1.3380981694e-01 -5.2212442466e-02 )	
242	( -2.3310152902e-01 1.3380986883e-01 -5.2212438176e-02 )	
243	( -2.3310159067e-01 1.3380991292e-01 -5.2212436997e-02 )	
244	( -2.3310163213e-01 1.3380994957e-01 -5.2212438696e-02 )	
245	( -2.3310165466e-01 1.3380997914e-01 -5.2212443041e-02 )	
246	( -2.3310165956e-01 1.3381000199e-01 -5.2212449807e-02 )	
247	( -2.3310164812e-01 1.3381001853e-01 -5.2212458773e-02 )	
248	( -2.3310162165e-01 1.3381002915e-01 -5.2212469726e-02 )	
249	( -2.3310158147e-01 1.3381003426e-01 -5.2212482456e-02 )	
250	( -2.3310152888e-01 1.3381003429e-01 -5.2212496762e-02 )	
251	( -2.3310146519e-01 1.3381002966e-01 -5.2212512444e-02 )	
252	( -2.3310139168e-01 1.3381002080e-01 -5.2212529309e-02 )	
253	( -2.3310130960e-01 1.3381000812e-01 -5.2212547166e-02 )	
254	( -2.3310122015e-01 1.3380999203e-01 -5.2212565827e-02 )	
255	( -2.3310112452e-01 1.3380997292e-01 -5.2212585108e-02 )	
256	( -2.3310102383e-01 1.3380995117e-01 -5.2212604829e-02 )	
257	( -2.3310091915e-01 1.3380992713e-01 -5.2212624817e-02 )	
258	( -2.3310081152e-01 1.3380990116e-01 -5.2212644906e-02 )	
259	( -2.3310070189e-01 1.3380987358e-01 -5.2212664939e-02 )	
260	( -2.3310059118e-01 1.3380984471e-01 -5.2212684772e-02 )	
261	( -2.3310048026e-01 1.3380981485e-01 -5.2212704271e-02 )	
262	( -2.3310036993e-01 1.3380978428e-01 -5.2212723316e-02 )	
263	( -2.3310026094e-01 1.3380975328e-01 -5.2212741800e-02 )	
264	( -2.3310015407e-01 1.3380972213e-01 -5.2212759610e-02 )	
265	( -2.3310004966e-01 1.3380969098e-01 -5.2212776710e-02 )	
266	( -2.3309994847e-01 1.3380966013e-01 -5.2212793000e-02 )	
267	( -2.3309985108e-01 1.3380962980e-01 -5.2212808397e-02 )	
268	( -2.3309975775e-01 1.3380960012e-01 -5.2212822877e-02 )	
269	( -2.3309966886e-01 1.3380957126e-01 -5.2212836398e-02 )	
270	( -2.3309958469e-01 1.3380954335e-01 -5.2212848930e-02 )	
271	( -2.3309950545e-01 1.3380951652e-01 -5.2212860457e-02 )	
272	( -2.3309943134e-01 1.3380949086e-01 -5.2212870966e-02 )	
273	( -2.3309936233e-01 1.3380946642e-01 -5.2212880480e-02 )	
274	( -2.3309929858e-01 1.3380944330e-01 -5.2212888998e-02 )	
275	( -2.3309924007e-01 1.3380942154e-01 -5.2212896546e-02 )	
276	( -2.3309918672e-01 1.3380940117e-01 -5.2212903158e-02 )	
277	( -2.3309913846e-01 1.3380938222e-01 -5.2212908874e-02 )	
278	( -2.3309909516e-01 1.3380936469e-01 -5.2212913739e-02 )	
279	( -2.3309905665e-01 1.3380934858e-01 -5.2212917803e-02 )	
280	( -2.3309902273e-01 1.3380933387e-01 -5.2212921120e-02 )	
281	( -2.3309899319e-01 1.3380932054e-01 -5.2212923745e-02 )	
282	( -2.3309896778e-01 1.3380930854e-01 -5.2212925738e-02 )	
283	( -2.3309894624e-01 1.3380929782e-01 -5.2212927154e-02 )	
284	( -2.3309892830e-01 1.3380928833e-01 -5.2212928055e-02 )	
285	( -2.3309891365e-01 1.3380928000e-01 -5.2212928496e-02 )	
286	( -2.3309890202e-01 1.3380927277e-01 -5.2212928538e-02 )	
287	( -2.3309889311e-01 1.3380926655e-01 -5.2212928235e-02 )	
288	( -2.3309888664e-01 1.3380926129e-01 -5.2212927644e-02 )	
289	( -2.3309888231e-01 1.3380925690e-01 -5.2212926817e-02 )	
290	( -2.3309887987e-01 1.3380925330e-01 -5.2212925804e-02 )	
291	( -2.3309887904e-01 1.3380925043e-01 -5.2212924651e-02 )	
292	( -2.3309887959e-01 1.3380924821e-01 -5.2212923401e-02 )	
293	( -2.3309888126e-01 1.3380924656e-01 -5.2212922093e-02 )	
294	( -2.3309888386e-01 1.3380924543e-01 -5.2212920763e-02 )	
295	( -2.3309888715e-01 1.3380924473e-01 -5.2212919439e-02 )	
296	( -2.3309889097e-01 1.3380924441e-01 -5.2212918148e-02 )	
297	( -2.3309889512e-01 1.3380924439e-01 -5.2212916915e-02 )	
298	( -2.3309889946e-01 1.3380924463e-01 -5.2212915756e-02 )	
299	( -2.3309890386e-01 1.3380924506e-01 -5.2212914686e-02 )	
300	( -2.3309890818e-01 1.3380924564e-01 -5.2212913719e-02 )	
301	( -2.3309891231e-01 1.3380924631e-01 -5.2212912865e-02 )	
302	( -2.3309891622e-01 1.3380924705e-01 -5.2212912123e-02 )	
303	( -2.3309891979e-01 1.3380924782e-01 -5.2212911504e-02 )	
304	( -2.3309892298e-01 1.3380924858e-01 -5.2212911008e-02 )	
305	( -2.3309892575e-01 1.3380924932e-01 -5.2212910634e-02 )	
306	( -2.3309892807e-01 1.3380925000e-01 -5.2212910379e-02 )	
307	( -2.3309892993e-01 1.3380925061e-01 -5.2212910239e-02 )	
308	( -2.3309893131e-01 1.3380925114e-01 -5.2212910207e-02 )	
309	( -2.3309893223e-01 1.3380925158e-01 -5.2212910276e-02 )	
310	( -2.3309893269e-01 1.3380925191e-01 -5.2212910439e-02 )	
311	( -2.3309893271e-01 1.3380925213e-01 -5.2212910686e-02 )	
312	( -2.3309893232e-01 1.3380925225e-01 -5.2212911007e-02 )	
313	( -2.3309893153e-01 1.3380925225e-01 -5.2212911394e-02 )	
314	( -2.3309893038e-01 1.3380925215e-01 -5.2212911837e-02 )	
315	( -2.3309892892e-01 1.3380925194e-01 -5.2212912325e-02 )	
316	( -2.3309892716e-01 1.3380925164e-01 -5.2212912852e-02 )	
317	( -2.3309892517e-01 1.3380925124e-01 -5.2212913408e-02 )	
318	( -2.3309892297e-01 1.3380925077e-01 -5.2212913983e-02 )	
319	( -2.3309892061e-01 1.3380925023e-01 -5.2212914570e-02 )	
320	( -2.3309891814e-01 1.3380924962e-01 -5.2212915160e-02 )	
321	( -2.3309891558e-01 1.3380924897e-01 -5.2212915747e-02 )	
322	( -2.3309891297e-01 1.3380924828e-01 -5.2212916324e-02 )	
323	( -2.3309891035e-01 1.3380924756e-01 -5.2212916885e-02 )	
324	( -2.3309890776e-01 1.3380924682e-01 -5.2212917424e-02 )	
