# Force          
# CofR           : ( 0.0000000000e+00 0.0000000000e+00 0.0000000000e+00 )
#                
# Time           	(total_x total_y total_z)	(pressure_x pressure_y pressure_z)	(viscous_x viscous_y viscous_z)
1                	( 4.9444832062e+00 0.0000000000e+00 -2.2277761196e+00 )	( 4.8897891628e+00 0.0000000000e+00 -2.2288468812e+00 )	( 5.4694043337e-02 0.0000000000e+00 1.0707616441e-03 )
2                	( 1.7360972317e+00 0.0000000000e+00 -3.5870097534e+00 )	( 1.6850399510e+00 0.0000000000e+00 -3.5883350482e+00 )	( 5.1057280688e-02 0.0000000000e+00 1.3252947678e-03 )
3                	( 8.3208802043e-01 0.0000000000e+00 -2.7597446186e+00 )	( 7.8197831121e-01 0.0000000000e+00 -2.7609726457e+00 )	( 5.0109709216e-02 0.0000000000e+00 1.2280270776e-03 )
4                	( 6.7966583098e-01 0.0000000000e+00 -2.5400654660e+00 )	( 6.3096536116e-01 0.0000000000e+00 -2.5413483797e+00 )	( 4.8700469822e-02 0.0000000000e+00 1.2829137507e-03 )
5                	( 6.6382040747e-01 0.0000000000e+00 -2.5800476874e+00 )	( 6.1621058076e-01 0.0000000000e+00 -2.5813823482e+00 )	( 4.7609826709e-02 0.0000000000e+00 1.3346607982e-03 )
6                	( 6.6576798702e-01 0.0000000000e+00 -2.6780045044e+00 )	( 6.1915377837e-01 0.0000000000e+00 -2.6793527289e+00 )	( 4.6614208649e-02 0.0000000000e+00 1.3482245129e-03 )
7                	( 6.6029720497e-01 0.0000000000e+00 -2.7411339997e+00 )	( 6.1453390927e-01 0.0000000000e+00 -2.7424699209e+00 )	( 4.5763295698e-02 0.0000000000e+00 1.3359211491e-03 )
8                	( 6.5650671831e-01 0.0000000000e+00 -2.8054381085e+00 )	( 6.1151136853e-01 0.0000000000e+00 -2.8067431885e+00 )	( 4.4995349782e-02 0.0000000000e+00 1.3050800230e-03 )
9                	( 6.5130021610e-01 0.0000000000e+00 -2.8721654496e+00 )	( 6.0698486983e-01 0.0000000000e+00 -2.8734252045e+00 )	( 4.4315346277e-02 0.0000000000e+00 1.2597549019e-03 )
10               	( 6.4479373112e-01 0.0000000000e+00 -2.9374900865e+00 )	( 6.0109559301e-01 0.0000000000e+00 -2.9386949928e+00 )	( 4.3698138110e-02 0.0000000000e+00 1.2049063606e-03 )
11               	( 6.3712999968e-01 0.0000000000e+00 -3.0042194158e+00 )	( 5.9398822861e-01 0.0000000000e+00 -3.0053602076e+00 )	( 4.3141771070e-02 0.0000000000e+00 1.1407917284e-03 )
12               	( 6.2826426868e-01 0.0000000000e+00 -3.0708875142e+00 )	( 5.8561097057e-01 0.0000000000e+00 -3.0719558528e+00 )	( 4.2653298108e-02 0.0000000000e+00 1.0683385962e-03 )
13               	( 6.1855511348e-01 0.0000000000e+00 -3.1369575536e+00 )	( 5.7632155524e-01 0.0000000000e+00 -3.1379472488e+00 )	( 4.2233558234e-02 0.0000000000e+00 9.8969526663e-04 )
14               	( 6.0807157134e-01 0.0000000000e+00 -3.2005773454e+00 )	( 5.6621968960e-01 0.0000000000e+00 -3.2014885150e+00 )	( 4.1851881736e-02 0.0000000000e+00 9.1116955893e-04 )
15               	( 5.9645092849e-01 0.0000000000e+00 -3.2635380577e+00 )	( 5.5490841830e-01 0.0000000000e+00 -3.2643701534e+00 )	( 4.1542510192e-02 0.0000000000e+00 8.3209562825e-04 )
16               	( 5.8376635088e-01 0.0000000000e+00 -3.3249280199e+00 )	( 5.4245757275e-01 0.0000000000e+00 -3.3256756002e+00 )	( 4.1308778131e-02 0.0000000000e+00 7.4758027226e-04 )
17               	( 5.7057758166e-01 0.0000000000e+00 -3.3804208461e+00 )	( 5.2943475811e-01 0.0000000000e+00 -3.3810800366e+00 )	( 4.1142823546e-02 0.0000000000e+00 6.5919046865e-04 )
18               	( 5.5784393120e-01 0.0000000000e+00 -3.4359291238e+00 )	( 5.1678610785e-01 0.0000000000e+00 -3.4364989388e+00 )	( 4.1057823352e-02 0.0000000000e+00 5.6981500193e-04 )
19               	( 5.4574825615e-01 0.0000000000e+00 -3.4908975387e+00 )	( 5.0470198971e-01 0.0000000000e+00 -3.4913794429e+00 )	( 4.1046266445e-02 0.0000000000e+00 4.8190427492e-04 )
20               	( 5.3422539918e-01 0.0000000000e+00 -3.5454064300e+00 )	( 4.9312759054e-01 0.0000000000e+00 -3.5458017907e+00 )	( 4.1097808638e-02 0.0000000000e+00 3.9536075335e-04 )
21               	( 5.2339115933e-01 0.0000000000e+00 -3.6011938614e+00 )	( 4.8217880267e-01 0.0000000000e+00 -3.6015049656e+00 )	( 4.1212356660e-02 0.0000000000e+00 3.1110425765e-04 )
22               	( 5.1333891552e-01 0.0000000000e+00 -3.6562681197e+00 )	( 4.7195772680e-01 0.0000000000e+00 -3.6564978856e+00 )	( 4.1381188712e-02 0.0000000000e+00 2.2976595518e-04 )
23               	( 5.0406376351e-01 0.0000000000e+00 -3.7108814971e+00 )	( 4.6246748808e-01 0.0000000000e+00 -3.7110322026e+00 )	( 4.1596275434e-02 0.0000000000e+00 1.5070557813e-04 )
24               	( 4.9555956589e-01 0.0000000000e+00 -3.7660818337e+00 )	( 4.5371352117e-01 0.0000000000e+00 -3.7661596930e+00 )	( 4.1846044721e-02 0.0000000000e+00 7.7859227110e-05 )
25               	( 4.8800306094e-01 0.0000000000e+00 -3.8214603774e+00 )	( 4.4588102862e-01 0.0000000000e+00 -3.8214724094e+00 )	( 4.2122032321e-02 0.0000000000e+00 1.2031986264e-05 )
26               	( 4.8124675443e-01 0.0000000000e+00 -3.8763884732e+00 )	( 4.3882709644e-01 0.0000000000e+00 -3.8763414871e+00 )	( 4.2419657989e-02 0.0000000000e+00 -4.6986079148e-05 )
27               	( 4.7525261690e-01 0.0000000000e+00 -3.9306044067e+00 )	( 4.3251807738e-01 0.0000000000e+00 -3.9305041164e+00 )	( 4.2734539521e-02 0.0000000000e+00 -1.0029029124e-04 )
28               	( 4.6986158709e-01 0.0000000000e+00 -3.9829382508e+00 )	( 4.2681052905e-01 0.0000000000e+00 -3.9827886004e+00 )	( 4.3051058036e-02 0.0000000000e+00 -1.4965042038e-04 )
29               	( 4.6526916154e-01 0.0000000000e+00 -4.0319058254e+00 )	( 4.2189867823e-01 0.0000000000e+00 -4.0317134447e+00 )	( 4.3370483307e-02 0.0000000000e+00 -1.9238071584e-04 )
30               	( 4.6118610084e-01 0.0000000000e+00 -4.0806104304e+00 )	( 4.1749601371e-01 0.0000000000e+00 -4.0803810392e+00 )	( 4.3690087126e-02 0.0000000000e+00 -2.2939116015e-04 )
31               	( 4.5748665911e-01 0.0000000000e+00 -4.1288737993e+00 )	( 4.1347934916e-01 0.0000000000e+00 -4.1286117622e+00 )	( 4.4007309946e-02 0.0000000000e+00 -2.6203709255e-04 )
32               	( 4.5408453762e-01 0.0000000000e+00 -4.1758940242e+00 )	( 4.0976481862e-01 0.0000000000e+00 -4.1756026750e+00 )	( 4.4319718996e-02 0.0000000000e+00 -2.9134916889e-04 )
33               	( 4.5089888611e-01 0.0000000000e+00 -4.2221169625e+00 )	( 4.0627262476e-01 0.0000000000e+00 -4.2217993337e+00 )	( 4.4626261344e-02 0.0000000000e+00 -3.1762884640e-04 )
34               	( 4.4801039904e-01 0.0000000000e+00 -4.2670532952e+00 )	( 4.0308631978e-01 0.0000000000e+00 -4.2667128884e+00 )	( 4.4924079259e-02 0.0000000000e+00 -3.4040684373e-04 )
35               	( 4.4537571879e-01 0.0000000000e+00 -4.3107115565e+00 )	( 4.0016427306e-01 0.0000000000e+00 -4.3103515129e+00 )	( 4.5211445730e-02 0.0000000000e+00 -3.6004356148e-04 )
36               	( 4.4287298520e-01 0.0000000000e+00 -4.3530106037e+00 )	( 3.9738522568e-01 0.0000000000e+00 -4.3526333985e+00 )	( 4.5487759520e-02 0.0000000000e+00 -3.7720515147e-04 )
37               	( 4.4040202116e-01 0.0000000000e+00 -4.3938733674e+00 )	( 3.9464957997e-01 0.0000000000e+00 -4.3934809969e+00 )	( 4.5752441195e-02 0.0000000000e+00 -3.9237046104e-04 )
38               	( 4.3790339986e-01 0.0000000000e+00 -4.4336312625e+00 )	( 3.9189806591e-01 0.0000000000e+00 -4.4332254575e+00 )	( 4.6005333942e-02 0.0000000000e+00 -4.0580501352e-04 )
39               	( 4.3540960008e-01 0.0000000000e+00 -4.4719504787e+00 )	( 3.8916236839e-01 0.0000000000e+00 -4.4715326355e+00 )	( 4.6247231685e-02 0.0000000000e+00 -4.1784319206e-04 )
40               	( 4.3297922462e-01 0.0000000000e+00 -4.5086592450e+00 )	( 3.8650398287e-01 0.0000000000e+00 -4.5082343572e+00 )	( 4.6475241743e-02 0.0000000000e+00 -4.2488778812e-04 )
41               	( 4.3068471531e-01 0.0000000000e+00 -4.5452462706e+00 )	( 3.8399737968e-01 0.0000000000e+00 -4.5448183308e+00 )	( 4.6687335631e-02 0.0000000000e+00 -4.2793980227e-04 )
42               	( 4.2842917441e-01 0.0000000000e+00 -4.5801947174e+00 )	( 3.8154502238e-01 0.0000000000e+00 -4.5797661441e+00 )	( 4.6884152031e-02 0.0000000000e+00 -4.2857321122e-04 )
43               	( 4.2623412623e-01 0.0000000000e+00 -4.6135136285e+00 )	( 3.7916703810e-01 0.0000000000e+00 -4.6130858119e+00 )	( 4.7067088125e-02 0.0000000000e+00 -4.2781661949e-04 )
44               	( 4.2405445466e-01 0.0000000000e+00 -4.6458739488e+00 )	( 3.7681730085e-01 0.0000000000e+00 -4.6454478070e+00 )	( 4.7237153807e-02 0.0000000000e+00 -4.2614178760e-04 )
45               	( 4.2192666230e-01 0.0000000000e+00 -4.6772573283e+00 )	( 3.7453147261e-01 0.0000000000e+00 -4.6768333947e+00 )	( 4.7395189695e-02 0.0000000000e+00 -4.2393350997e-04 )
46               	( 4.1982314610e-01 0.0000000000e+00 -4.7077418860e+00 )	( 3.7228127443e-01 0.0000000000e+00 -4.7073204765e+00 )	( 4.7541871668e-02 0.0000000000e+00 -4.2140942945e-04 )
47               	( 4.1772619494e-01 0.0000000000e+00 -4.7372981164e+00 )	( 3.7004832155e-01 0.0000000000e+00 -4.7368793684e+00 )	( 4.7677873383e-02 0.0000000000e+00 -4.1874797863e-04 )
48               	( 4.1565110359e-01 0.0000000000e+00 -4.7659929145e+00 )	( 3.6784749168e-01 0.0000000000e+00 -4.7655768048e+00 )	( 4.7803611904e-02 0.0000000000e+00 -4.1610974319e-04 )
49               	( 4.1359839101e-01 0.0000000000e+00 -4.7938398957e+00 )	( 3.6567832380e-01 0.0000000000e+00 -4.7934262709e+00 )	( 4.7920067204e-02 0.0000000000e+00 -4.1362470968e-04 )
50               	( 4.1156512068e-01 0.0000000000e+00 -4.8207452319e+00 )	( 3.6353731151e-01 0.0000000000e+00 -4.8203338667e+00 )	( 4.8027809168e-02 0.0000000000e+00 -4.1136523875e-04 )
51               	( 4.0958054208e-01 0.0000000000e+00 -4.8467629890e+00 )	( 3.6145297565e-01 0.0000000000e+00 -4.8463536162e+00 )	( 4.8127566423e-02 0.0000000000e+00 -4.0937279035e-04 )
52               	( 4.0762779318e-01 0.0000000000e+00 -4.8720593681e+00 )	( 3.5940784480e-01 0.0000000000e+00 -4.8716516698e+00 )	( 4.8219948380e-02 0.0000000000e+00 -4.0769828796e-04 )
53               	( 4.0572708151e-01 0.0000000000e+00 -4.8965010605e+00 )	( 3.5742183623e-01 0.0000000000e+00 -4.8960946168e+00 )	( 4.8305245287e-02 0.0000000000e+00 -4.0644369559e-04 )
54               	( 4.0396706534e-01 0.0000000000e+00 -4.9199366412e+00 )	( 3.5558334961e-01 0.0000000000e+00 -4.9195309002e+00 )	( 4.8383715728e-02 0.0000000000e+00 -4.0574092434e-04 )
55               	( 4.0218689298e-01 0.0000000000e+00 -4.9431076058e+00 )	( 3.5373115989e-01 0.0000000000e+00 -4.9427019730e+00 )	( 4.8455733086e-02 0.0000000000e+00 -4.0563282585e-04 )
56               	( 4.0039985231e-01 0.0000000000e+00 -4.9656264319e+00 )	( 3.5187790437e-01 0.0000000000e+00 -4.9652205147e+00 )	( 4.8521947945e-02 0.0000000000e+00 -4.0591714167e-04 )
57               	( 3.9858981980e-01 0.0000000000e+00 -4.9875111659e+00 )	( 3.5000738529e-01 0.0000000000e+00 -4.9871047418e+00 )	( 4.8582434512e-02 0.0000000000e+00 -4.0642417498e-04 )
58               	( 3.9681391791e-01 0.0000000000e+00 -5.0086300523e+00 )	( 3.4817585487e-01 0.0000000000e+00 -5.0082229143e+00 )	( 4.8638063044e-02 0.0000000000e+00 -4.0713792005e-04 )
59               	( 3.9510100450e-01 0.0000000000e+00 -5.0288962495e+00 )	( 3.4641140623e-01 0.0000000000e+00 -5.0284881886e+00 )	( 4.8689598266e-02 0.0000000000e+00 -4.0806088446e-04 )
60               	( 3.9337263937e-01 0.0000000000e+00 -5.0484608747e+00 )	( 3.4463441985e-01 0.0000000000e+00 -5.0480515846e+00 )	( 4.8738219526e-02 0.0000000000e+00 -4.0929009276e-04 )
61               	( 3.9147571852e-01 0.0000000000e+00 -5.0680572068e+00 )	( 3.4268975315e-01 0.0000000000e+00 -5.0676464248e+00 )	( 4.8785965372e-02 0.0000000000e+00 -4.1078202726e-04 )
62               	( 3.8965479503e-01 0.0000000000e+00 -5.0867035476e+00 )	( 3.4082239835e-01 0.0000000000e+00 -5.0862912236e+00 )	( 4.8832396683e-02 0.0000000000e+00 -4.1232399169e-04 )
63               	( 3.8796557597e-01 0.0000000000e+00 -5.1042669614e+00 )	( 3.3908877958e-01 0.0000000000e+00 -5.1038529637e+00 )	( 4.8876796391e-02 0.0000000000e+00 -4.1399767362e-04 )
64               	( 3.8644954776e-01 0.0000000000e+00 -5.1206463669e+00 )	( 3.3753075938e-01 0.0000000000e+00 -5.1202304973e+00 )	( 4.8918788384e-02 0.0000000000e+00 -4.1586964180e-04 )
65               	( 3.8502936293e-01 0.0000000000e+00 -5.1362260777e+00 )	( 3.3607033898e-01 0.0000000000e+00 -5.1358081738e+00 )	( 4.8959023951e-02 0.0000000000e+00 -4.1790388494e-04 )
66               	( 3.8367812267e-01 0.0000000000e+00 -5.1510895521e+00 )	( 3.3468015873e-01 0.0000000000e+00 -5.1506695172e+00 )	( 4.8997963934e-02 0.0000000000e+00 -4.2003488530e-04 )
67               	( 3.8239030214e-01 0.0000000000e+00 -5.1652405917e+00 )	( 3.3335471018e-01 0.0000000000e+00 -5.1648184352e+00 )	( 4.9035591960e-02 0.0000000000e+00 -4.2215652948e-04 )
68               	( 3.8116769192e-01 0.0000000000e+00 -5.1787401612e+00 )	( 3.3209551234e-01 0.0000000000e+00 -5.1783159092e+00 )	( 4.9072179580e-02 0.0000000000e+00 -4.2425205585e-04 )
69               	( 3.8000638348e-01 0.0000000000e+00 -5.1915547377e+00 )	( 3.3089858967e-01 0.0000000000e+00 -5.1911284784e+00 )	( 4.9107793803e-02 0.0000000000e+00 -4.2625930507e-04 )
70               	( 3.7890210199e-01 0.0000000000e+00 -5.2036660336e+00 )	( 3.2975975705e-01 0.0000000000e+00 -5.2032379071e+00 )	( 4.9142344940e-02 0.0000000000e+00 -4.2812653082e-04 )
71               	( 3.7786243838e-01 0.0000000000e+00 -5.2151260479e+00 )	( 3.2868664578e-01 0.0000000000e+00 -5.2146962343e+00 )	( 4.9175792603e-02 0.0000000000e+00 -4.2981353459e-04 )
72               	( 3.7688782493e-01 0.0000000000e+00 -5.2259620215e+00 )	( 3.2767968238e-01 0.0000000000e+00 -5.2255307114e+00 )	( 4.9208142552e-02 0.0000000000e+00 -4.3131007796e-04 )
73               	( 3.7598080592e-01 0.0000000000e+00 -5.2361883901e+00 )	( 3.2674139915e-01 0.0000000000e+00 -5.2357558096e+00 )	( 4.9239406765e-02 0.0000000000e+00 -4.3258048327e-04 )
74               	( 3.7513759550e-01 0.0000000000e+00 -5.2458064768e+00 )	( 3.2586799852e-01 0.0000000000e+00 -5.2453728593e+00 )	( 4.9269596973e-02 0.0000000000e+00 -4.3361752939e-04 )
75               	( 3.7435264313e-01 0.0000000000e+00 -5.2548837196e+00 )	( 3.2505388226e-01 0.0000000000e+00 -5.2544493017e+00 )	( 4.9298760872e-02 0.0000000000e+00 -4.3441790900e-04 )
76               	( 3.7363784586e-01 0.0000000000e+00 -5.2634385996e+00 )	( 3.2431105852e-01 0.0000000000e+00 -5.2630036484e+00 )	( 4.9326787341e-02 0.0000000000e+00 -4.3495126410e-04 )
77               	( 3.7298585621e-01 0.0000000000e+00 -5.2715159191e+00 )	( 3.2363219589e-01 0.0000000000e+00 -5.2710807086e+00 )	( 4.9353660324e-02 0.0000000000e+00 -4.3521055956e-04 )
78               	( 3.7238923202e-01 0.0000000000e+00 -5.2791698878e+00 )	( 3.2300967533e-01 0.0000000000e+00 -5.2787346579e+00 )	( 4.9379556684e-02 0.0000000000e+00 -4.3522993490e-04 )
79               	( 3.7184087057e-01 0.0000000000e+00 -5.2864586993e+00 )	( 3.2243638634e-01 0.0000000000e+00 -5.2860236604e+00 )	( 4.9404484237e-02 0.0000000000e+00 -4.3503893604e-04 )
80               	( 3.7133738861e-01 0.0000000000e+00 -5.2934077376e+00 )	( 3.2190889803e-01 0.0000000000e+00 -5.2929730723e+00 )	( 4.9428490586e-02 0.0000000000e+00 -4.3466526830e-04 )
81               	( 3.7087438536e-01 0.0000000000e+00 -5.3000451537e+00 )	( 3.2142278728e-01 0.0000000000e+00 -5.2996110197e+00 )	( 4.9451598082e-02 0.0000000000e+00 -4.3413404693e-04 )
82               	( 3.7044431879e-01 0.0000000000e+00 -5.3064268570e+00 )	( 3.2097047896e-01 0.0000000000e+00 -5.3059933861e+00 )	( 4.9473839826e-02 0.0000000000e+00 -4.3347092830e-04 )
83               	( 3.7004114734e-01 0.0000000000e+00 -5.3125905412e+00 )	( 3.2054590725e-01 0.0000000000e+00 -5.3121578393e+00 )	( 4.9495240095e-02 0.0000000000e+00 -4.3270191504e-04 )
84               	( 3.6966159348e-01 0.0000000000e+00 -5.3185493571e+00 )	( 3.2014579952e-01 0.0000000000e+00 -5.3181175025e+00 )	( 4.9515793956e-02 0.0000000000e+00 -4.3185465624e-04 )
85               	( 3.6930158267e-01 0.0000000000e+00 -5.3243244975e+00 )	( 3.1976606621e-01 0.0000000000e+00 -5.3238935430e+00 )	( 4.9535516459e-02 0.0000000000e+00 -4.3095448892e-04 )
86               	( 3.6895670422e-01 0.0000000000e+00 -5.3299448892e+00 )	( 3.1940227367e-01 0.0000000000e+00 -5.3295148624e+00 )	( 4.9554430549e-02 0.0000000000e+00 -4.3002679175e-04 )
87               	( 3.6862250821e-01 0.0000000000e+00 -5.3354331510e+00 )	( 3.1904994038e-01 0.0000000000e+00 -5.3350040552e+00 )	( 4.9572567829e-02 0.0000000000e+00 -4.2909572563e-04 )
88               	( 3.6829470522e-01 0.0000000000e+00 -5.3408138652e+00 )	( 3.1870474685e-01 0.0000000000e+00 -5.3403856814e+00 )	( 4.9589958370e-02 0.0000000000e+00 -4.2818385703e-04 )
89               	( 3.6797739311e-01 0.0000000000e+00 -5.3460954755e+00 )	( 3.1837072546e-01 0.0000000000e+00 -5.3456681606e+00 )	( 4.9606667649e-02 0.0000000000e+00 -4.2731493425e-04 )
90               	( 3.6765818429e-01 0.0000000000e+00 -5.3513238243e+00 )	( 3.1803545651e-01 0.0000000000e+00 -5.3508973137e+00 )	( 4.9622727780e-02 0.0000000000e+00 -4.2651063215e-04 )
91               	( 3.6733259541e-01 0.0000000000e+00 -5.3565068964e+00 )	( 3.1769444726e-01 0.0000000000e+00 -5.3560811074e+00 )	( 4.9638148147e-02 0.0000000000e+00 -4.2578902401e-04 )
92               	( 3.6700074299e-01 0.0000000000e+00 -5.3616392514e+00 )	( 3.1734779234e-01 0.0000000000e+00 -5.3612140894e+00 )	( 4.9652950654e-02 0.0000000000e+00 -4.2516197938e-04 )
93               	( 3.6666259542e-01 0.0000000000e+00 -5.3667163844e+00 )	( 3.1699542844e-01 0.0000000000e+00 -5.3662917475e+00 )	( 4.9667166978e-02 0.0000000000e+00 -4.2463683970e-04 )
94               	( 3.6631693027e-01 0.0000000000e+00 -5.3717366022e+00 )	( 3.1663610372e-01 0.0000000000e+00 -5.3713123829e+00 )	( 4.9680826553e-02 0.0000000000e+00 -4.2421931456e-04 )
95               	( 3.6596411622e-01 0.0000000000e+00 -5.3766981132e+00 )	( 3.1627015626e-01 0.0000000000e+00 -5.3762741992e+00 )	( 4.9693959961e-02 0.0000000000e+00 -4.2391395038e-04 )
96               	( 3.6560416354e-01 0.0000000000e+00 -5.3816031803e+00 )	( 3.1589756597e-01 0.0000000000e+00 -5.3811794557e+00 )	( 4.9706597568e-02 0.0000000000e+00 -4.2372455436e-04 )
97               	( 3.6523785997e-01 0.0000000000e+00 -5.3864487012e+00 )	( 3.1551908752e-01 0.0000000000e+00 -5.3860250472e+00 )	( 4.9718772449e-02 0.0000000000e+00 -4.2365403605e-04 )
98               	( 3.6486588500e-01 0.0000000000e+00 -5.3912157808e+00 )	( 3.1513537822e-01 0.0000000000e+00 -5.3907920809e+00 )	( 4.9730506784e-02 0.0000000000e+00 -4.2369989172e-04 )
99               	( 3.6448705516e-01 0.0000000000e+00 -5.3959148913e+00 )	( 3.1474523677e-01 0.0000000000e+00 -5.3954910324e+00 )	( 4.9741818393e-02 0.0000000000e+00 -4.2385888008e-04 )
100              	( 3.6410130204e-01 0.0000000000e+00 -5.4005450747e+00 )	( 3.1434856903e-01 0.0000000000e+00 -5.4001209461e+00 )	( 4.9752733009e-02 0.0000000000e+00 -4.2412853305e-04 )
101              	( 3.6371272120e-01 0.0000000000e+00 -5.4050987219e+00 )	( 3.1394944244e-01 0.0000000000e+00 -5.4046742191e+00 )	( 4.9763278758e-02 0.0000000000e+00 -4.2450279362e-04 )
102              	( 3.6332135014e-01 0.0000000000e+00 -5.4095768890e+00 )	( 3.1354787241e-01 0.0000000000e+00 -5.4091519156e+00 )	( 4.9773477732e-02 0.0000000000e+00 -4.2497333330e-04 )
103              	( 3.6292797573e-01 0.0000000000e+00 -5.4139706017e+00 )	( 3.1314462616e-01 0.0000000000e+00 -5.4135450693e+00 )	( 4.9783349563e-02 0.0000000000e+00 -4.2553242063e-04 )
104              	( 3.6253370146e-01 0.0000000000e+00 -5.4182709848e+00 )	( 3.1274078884e-01 0.0000000000e+00 -5.4178448130e+00 )	( 4.9792912623e-02 0.0000000000e+00 -4.2617175671e-04 )
105              	( 3.6214004259e-01 0.0000000000e+00 -5.4224691176e+00 )	( 3.1233786059e-01 0.0000000000e+00 -5.4220422355e+00 )	( 4.9802181998e-02 0.0000000000e+00 -4.2688208031e-04 )
106              	( 3.6174794731e-01 0.0000000000e+00 -5.4265630075e+00 )	( 3.1193677509e-01 0.0000000000e+00 -5.4261353533e+00 )	( 4.9811172226e-02 0.0000000000e+00 -4.2765419800e-04 )
107              	( 3.6135877451e-01 0.0000000000e+00 -5.4305374085e+00 )	( 3.1153887706e-01 0.0000000000e+00 -5.4301089297e+00 )	( 4.9819897452e-02 0.0000000000e+00 -4.2847879236e-04 )
108              	( 3.6097337826e-01 0.0000000000e+00 -5.4343945306e+00 )	( 3.1114500600e-01 0.0000000000e+00 -5.4339651847e+00 )	( 4.9828372264e-02 0.0000000000e+00 -4.2934582928e-04 )
109              	( 3.6059284598e-01 0.0000000000e+00 -5.4381307971e+00 )	( 3.1075625268e-01 0.0000000000e+00 -5.4377005527e+00 )	( 4.9836593302e-02 0.0000000000e+00 -4.3024440271e-04 )
110              	( 3.6021770820e-01 0.0000000000e+00 -5.4417444512e+00 )	( 3.1037314246e-01 0.0000000000e+00 -5.4413132870e+00 )	( 4.9844565740e-02 0.0000000000e+00 -4.3116420211e-04 )
111              	( 3.5983879895e-01 0.0000000000e+00 -5.4452494216e+00 )	( 3.0998653868e-01 0.0000000000e+00 -5.4448173307e+00 )	( 4.9852260264e-02 0.0000000000e+00 -4.3209094119e-04 )
112              	( 3.5947704027e-01 0.0000000000e+00 -5.4485849552e+00 )	( 3.0961731429e-01 0.0000000000e+00 -5.4481519386e+00 )	( 4.9859725975e-02 0.0000000000e+00 -4.3301661434e-04 )
113              	( 3.5912978573e-01 0.0000000000e+00 -5.4517777681e+00 )	( 3.0926278900e-01 0.0000000000e+00 -5.4513438322e+00 )	( 4.9866996732e-02 0.0000000000e+00 -4.3393596550e-04 )
114              	( 3.5879266220e-01 0.0000000000e+00 -5.4548469010e+00 )	( 3.0891857397e-01 0.0000000000e+00 -5.4544120575e+00 )	( 4.9874088233e-02 0.0000000000e+00 -4.3484358280e-04 )
115              	( 3.5846562041e-01 0.0000000000e+00 -5.4577983431e+00 )	( 3.0858461243e-01 0.0000000000e+00 -5.4573626064e+00 )	( 4.9881007975e-02 0.0000000000e+00 -4.3573670820e-04 )
116              	( 3.5814909873e-01 0.0000000000e+00 -5.4606342803e+00 )	( 3.0826133820e-01 0.0000000000e+00 -5.4601976685e+00 )	( 4.9887760534e-02 0.0000000000e+00 -4.3661177548e-04 )
117              	( 3.5784283993e-01 0.0000000000e+00 -5.4633560020e+00 )	( 3.0794849518e-01 0.0000000000e+00 -5.4629185380e+00 )	( 4.9894344748e-02 0.0000000000e+00 -4.3746400651e-04 )
118              	( 3.5754717880e-01 0.0000000000e+00 -5.4659648842e+00 )	( 3.0764641060e-01 0.0000000000e+00 -5.4655265950e+00 )	( 4.9900768197e-02 0.0000000000e+00 -4.3828925298e-04 )
119              	( 3.5726259558e-01 0.0000000000e+00 -5.4684630895e+00 )	( 3.0735556156e-01 0.0000000000e+00 -5.4680240057e+00 )	( 4.9907034027e-02 0.0000000000e+00 -4.3908383448e-04 )
120              	( 3.5698933652e-01 0.0000000000e+00 -5.4708537115e+00 )	( 3.0707619071e-01 0.0000000000e+00 -5.4704138670e+00 )	( 4.9913145814e-02 0.0000000000e+00 -4.3984454072e-04 )
121              	( 3.5672744108e-01 0.0000000000e+00 -5.4731399975e+00 )	( 3.0680833354e-01 0.0000000000e+00 -5.4726994286e+00 )	( 4.9919107540e-02 0.0000000000e+00 -4.4056884719e-04 )
122              	( 3.5647688124e-01 0.0000000000e+00 -5.4753269473e+00 )	( 3.0655195822e-01 0.0000000000e+00 -5.4748856923e+00 )	( 4.9924923024e-02 0.0000000000e+00 -4.4125498647e-04 )
123              	( 3.5623744625e-01 0.0000000000e+00 -5.4774165871e+00 )	( 3.0630685061e-01 0.0000000000e+00 -5.4769746856e+00 )	( 4.9930595635e-02 0.0000000000e+00 -4.4190143682e-04 )
124              	( 3.5600906149e-01 0.0000000000e+00 -5.4794158615e+00 )	( 3.0607293325e-01 0.0000000000e+00 -5.4789733548e+00 )	( 4.9936128246e-02 0.0000000000e+00 -4.4250662510e-04 )
125              	( 3.5579160070e-01 0.0000000000e+00 -5.4813270150e+00 )	( 3.0585007860e-01 0.0000000000e+00 -5.4808839451e+00 )	( 4.9941522101e-02 0.0000000000e+00 -4.4306985534e-04 )
126              	( 3.5558499517e-01 0.0000000000e+00 -5.4831526282e+00 )	( 3.0563821685e-01 0.0000000000e+00 -5.4827090373e+00 )	( 4.9946778326e-02 0.0000000000e+00 -4.4359090590e-04 )
127              	( 3.5538908179e-01 0.0000000000e+00 -5.4848955760e+00 )	( 3.0543718350e-01 0.0000000000e+00 -5.4844515062e+00 )	( 4.9951898288e-02 0.0000000000e+00 -4.4406978061e-04 )
128              	( 3.5520365569e-01 0.0000000000e+00 -5.4865593967e+00 )	( 3.0524677268e-01 0.0000000000e+00 -5.4861148898e+00 )	( 4.9956883017e-02 0.0000000000e+00 -4.4450687722e-04 )
129              	( 3.5502846749e-01 0.0000000000e+00 -5.4881476342e+00 )	( 3.0506673426e-01 0.0000000000e+00 -5.4877027313e+00 )	( 4.9961733230e-02 0.0000000000e+00 -4.4490296911e-04 )
130              	( 3.5486323396e-01 0.0000000000e+00 -5.4896634153e+00 )	( 3.0489678459e-01 0.0000000000e+00 -5.4892181562e+00 )	( 4.9966449370e-02 0.0000000000e+00 -4.4525914576e-04 )
131              	( 3.5470766235e-01 0.0000000000e+00 -5.4911099073e+00 )	( 3.0473663065e-01 0.0000000000e+00 -5.4906643306e+00 )	( 4.9971031705e-02 0.0000000000e+00 -4.4557676956e-04 )
132              	( 3.5456142021e-01 0.0000000000e+00 -5.4924902008e+00 )	( 3.0458593985e-01 0.0000000000e+00 -5.4920443434e+00 )	( 4.9975480363e-02 0.0000000000e+00 -4.4585744677e-04 )
133              	( 3.5442413436e-01 0.0000000000e+00 -5.4938070318e+00 )	( 3.0444433899e-01 0.0000000000e+00 -5.4933609288e+00 )	( 4.9979795371e-02 0.0000000000e+00 -4.4610299084e-04 )
134              	( 3.5429540861e-01 0.0000000000e+00 -5.4950636779e+00 )	( 3.0431143177e-01 0.0000000000e+00 -5.4946173626e+00 )	( 4.9983976838e-02 0.0000000000e+00 -4.4631533976e-04 )
135              	( 3.5417489735e-01 0.0000000000e+00 -5.4962579776e+00 )	( 3.0418687143e-01 0.0000000000e+00 -5.4958114807e+00 )	( 4.9988025923e-02 0.0000000000e+00 -4.4649685792e-04 )
136              	( 3.5406225078e-01 0.0000000000e+00 -5.4973957961e+00 )	( 3.0407030717e-01 0.0000000000e+00 -5.4969491465e+00 )	( 4.9991943612e-02 0.0000000000e+00 -4.4664961792e-04 )
137              	( 3.5395695179e-01 0.0000000000e+00 -5.4984819068e+00 )	( 3.0396122101e-01 0.0000000000e+00 -5.4980351311e+00 )	( 4.9995730780e-02 0.0000000000e+00 -4.4677569523e-04 )
138              	( 3.5385855697e-01 0.0000000000e+00 -5.4995188961e+00 )	( 3.0385916845e-01 0.0000000000e+00 -5.4990720189e+00 )	( 4.9999388525e-02 0.0000000000e+00 -4.4687718111e-04 )
139              	( 3.5376665742e-01 0.0000000000e+00 -5.5005093864e+00 )	( 3.0376373930e-01 0.0000000000e+00 -5.5000624302e+00 )	( 5.0002918119e-02 0.0000000000e+00 -4.4695616859e-04 )
140              	( 3.5368093218e-01 0.0000000000e+00 -5.5014531974e+00 )	( 3.0367461092e-01 0.0000000000e+00 -5.5010061827e+00 )	( 5.0006321256e-02 0.0000000000e+00 -4.4701470224e-04 )
141              	( 3.5360077500e-01 0.0000000000e+00 -5.5023592507e+00 )	( 3.0359123054e-01 0.0000000000e+00 -5.5019121901e+00 )	( 5.0009544456e-02 0.0000000000e+00 -4.4706056745e-04 )
142              	( 3.5352627393e-01 0.0000000000e+00 -5.5032325707e+00 )	( 3.0351363081e-01 0.0000000000e+00 -5.5027854808e+00 )	( 5.0012643121e-02 0.0000000000e+00 -4.4708984387e-04 )
143              	( 3.5345622846e-01 0.0000000000e+00 -5.5040659222e+00 )	( 3.0344061070e-01 0.0000000000e+00 -5.5036188170e+00 )	( 5.0015617762e-02 0.0000000000e+00 -4.4710525739e-04 )
144              	( 3.5339062689e-01 0.0000000000e+00 -5.5048620840e+00 )	( 3.0337215509e-01 0.0000000000e+00 -5.5044149753e+00 )	( 5.0018471799e-02 0.0000000000e+00 -4.4710872500e-04 )
145              	( 3.5332903810e-01 0.0000000000e+00 -5.5056244560e+00 )	( 3.0330782961e-01 0.0000000000e+00 -5.5051773542e+00 )	( 5.0021208498e-02 0.0000000000e+00 -4.4710181400e-04 )
146              	( 3.5327115125e-01 0.0000000000e+00 -5.5063549151e+00 )	( 3.0324731912e-01 0.0000000000e+00 -5.5059078292e+00 )	( 5.0023832131e-02 0.0000000000e+00 -4.4708589641e-04 )
147              	( 3.5321669706e-01 0.0000000000e+00 -5.5070555386e+00 )	( 3.0319034974e-01 0.0000000000e+00 -5.5066084764e+00 )	( 5.0026347321e-02 0.0000000000e+00 -4.4706220548e-04 )
148              	( 3.5316540666e-01 0.0000000000e+00 -5.5077283360e+00 )	( 3.0313664804e-01 0.0000000000e+00 -5.5072813040e+00 )	( 5.0028758618e-02 0.0000000000e+00 -4.4703194645e-04 )
149              	( 3.5311702376e-01 0.0000000000e+00 -5.5083750949e+00 )	( 3.0308595350e-01 0.0000000000e+00 -5.5079280986e+00 )	( 5.0031070268e-02 0.0000000000e+00 -4.4699631954e-04 )
150              	( 3.5307129759e-01 0.0000000000e+00 -5.5089974273e+00 )	( 3.0303801142e-01 0.0000000000e+00 -5.5085504708e+00 )	( 5.0033286175e-02 0.0000000000e+00 -4.4695650357e-04 )
151              	( 3.5302800321e-01 0.0000000000e+00 -5.5095969320e+00 )	( 3.0299259306e-01 0.0000000000e+00 -5.5091500183e+00 )	( 5.0035410145e-02 0.0000000000e+00 -4.4691366969e-04 )
152              	( 3.5298687040e-01 0.0000000000e+00 -5.5101748227e+00 )	( 3.0294942487e-01 0.0000000000e+00 -5.5097279538e+00 )	( 5.0037445539e-02 0.0000000000e+00 -4.4686886537e-04 )
153              	( 3.5294766493e-01 0.0000000000e+00 -5.5107325023e+00 )	( 3.0290826922e-01 0.0000000000e+00 -5.5102856793e+00 )	( 5.0039395711e-02 0.0000000000e+00 -4.4682305573e-04 )
154              	( 3.5291020104e-01 0.0000000000e+00 -5.5112709976e+00 )	( 3.0286893697e-01 0.0000000000e+00 -5.5108242205e+00 )	( 5.0041264076e-02 0.0000000000e+00 -4.4677710244e-04 )
155              	( 3.5287430038e-01 0.0000000000e+00 -5.5117913218e+00 )	( 3.0283124633e-01 0.0000000000e+00 -5.5113445900e+00 )	( 5.0043054051e-02 0.0000000000e+00 -4.4673179225e-04 )
156              	( 3.5283978586e-01 0.0000000000e+00 -5.5122945111e+00 )	( 3.0279501686e-01 0.0000000000e+00 -5.5118478233e+00 )	( 5.0044768999e-02 0.0000000000e+00 -4.4668783786e-04 )
157              	( 3.5280648962e-01 0.0000000000e+00 -5.5127815559e+00 )	( 3.0276007741e-01 0.0000000000e+00 -5.5123349100e+00 )	( 5.0046412213e-02 0.0000000000e+00 -4.4664587450e-04 )
158              	( 3.5277425639e-01 0.0000000000e+00 -5.5132533686e+00 )	( 3.0272626951e-01 0.0000000000e+00 -5.5128067622e+00 )	( 5.0047986882e-02 0.0000000000e+00 -4.4660646160e-04 )
159              	( 3.5274295185e-01 0.0000000000e+00 -5.5137108074e+00 )	( 3.0269345573e-01 0.0000000000e+00 -5.5132642373e+00 )	( 5.0049496117e-02 0.0000000000e+00 -4.4657008219e-04 )
160              	( 3.5271245498e-01 0.0000000000e+00 -5.5141546074e+00 )	( 3.0266151205e-01 0.0000000000e+00 -5.5137080702e+00 )	( 5.0050942937e-02 0.0000000000e+00 -4.4653714686e-04 )
161              	( 3.5268265150e-01 0.0000000000e+00 -5.5145854903e+00 )	( 3.0263032126e-01 0.0000000000e+00 -5.5141389823e+00 )	( 5.0052330243e-02 0.0000000000e+00 -4.4650799790e-04 )
162              	( 3.5265344538e-01 0.0000000000e+00 -5.5150041024e+00 )	( 3.0259978453e-01 0.0000000000e+00 -5.5145576195e+00 )	( 5.0053660849e-02 0.0000000000e+00 -4.4648291296e-04 )
163              	( 3.5262474258e-01 0.0000000000e+00 -5.5154109901e+00 )	( 3.0256980513e-01 0.0000000000e+00 -5.5149645280e+00 )	( 5.0054937454e-02 0.0000000000e+00 -4.4646211020e-04 )
164              	( 3.5259646251e-01 0.0000000000e+00 -5.5158066178e+00 )	( 3.0254029984e-01 0.0000000000e+00 -5.5153601720e+00 )	( 5.0056162676e-02 0.0000000000e+00 -4.4644574969e-04 )
165              	( 3.5256856020e-01 0.0000000000e+00 -5.5161915045e+00 )	( 3.0251122112e-01 0.0000000000e+00 -5.5157450705e+00 )	( 5.0057339079e-02 0.0000000000e+00 -4.4643392799e-04 )
166              	( 3.5254098301e-01 0.0000000000e+00 -5.5165660908e+00 )	( 3.0248251392e-01 0.0000000000e+00 -5.5161196641e+00 )	( 5.0058469095e-02 0.0000000000e+00 -4.4642669130e-04 )
167              	( 3.5251369320e-01 0.0000000000e+00 -5.5169307783e+00 )	( 3.0245413815e-01 0.0000000000e+00 -5.5164843543e+00 )	( 5.0059555055e-02 0.0000000000e+00 -4.4642403771e-04 )
168              	( 3.5248666050e-01 0.0000000000e+00 -5.5172859140e+00 )	( 3.0242606131e-01 0.0000000000e+00 -5.5168394881e+00 )	( 5.0060599189e-02 0.0000000000e+00 -4.4642592001e-04 )
169              	( 3.5245986321e-01 0.0000000000e+00 -5.5176317917e+00 )	( 3.0239825958e-01 0.0000000000e+00 -5.5171853595e+00 )	( 5.0061603631e-02 0.0000000000e+00 -4.4643224738e-04 )
170              	( 3.5243328982e-01 0.0000000000e+00 -5.5179686777e+00 )	( 3.0237071940e-01 0.0000000000e+00 -5.5175222348e+00 )	( 5.0062570419e-02 0.0000000000e+00 -4.4644289000e-04 )
171              	( 3.5240693488e-01 0.0000000000e+00 -5.5182968143e+00 )	( 3.0234343339e-01 0.0000000000e+00 -5.5178503566e+00 )	( 5.0063501491e-02 0.0000000000e+00 -4.4645768635e-04 )
172              	( 3.5238079574e-01 0.0000000000e+00 -5.5186163992e+00 )	( 3.0231639707e-01 0.0000000000e+00 -5.5181699227e+00 )	( 5.0064398678e-02 0.0000000000e+00 -4.4647644568e-04 )
173              	( 3.5235487373e-01 0.0000000000e+00 -5.5189276015e+00 )	( 3.0228961003e-01 0.0000000000e+00 -5.5184811026e+00 )	( 5.0065263698e-02 0.0000000000e+00 -4.4649895057e-04 )
174              	( 3.5232918464e-01 0.0000000000e+00 -5.5192305635e+00 )	( 3.0226308644e-01 0.0000000000e+00 -5.5187840386e+00 )	( 5.0066098196e-02 0.0000000000e+00 -4.4652496140e-04 )
175              	( 3.5230374274e-01 0.0000000000e+00 -5.5195254148e+00 )	( 3.0223683902e-01 0.0000000000e+00 -5.5190788606e+00 )	( 5.0066903715e-02 0.0000000000e+00 -4.4655421994e-04 )
176              	( 3.5227856220e-01 0.0000000000e+00 -5.5198122407e+00 )	( 3.0221088052e-01 0.0000000000e+00 -5.5193656543e+00 )	( 5.0067681680e-02 0.0000000000e+00 -4.4658644814e-04 )
177              	( 3.5225366287e-01 0.0000000000e+00 -5.5200911272e+00 )	( 3.0218522948e-01 0.0000000000e+00 -5.5196445059e+00 )	( 5.0068433388e-02 0.0000000000e+00 -4.4662136318e-04 )
178              	( 3.5222910005e-01 0.0000000000e+00 -5.5203626374e+00 )	( 3.0215993911e-01 0.0000000000e+00 -5.5199159787e+00 )	( 5.0069160940e-02 0.0000000000e+00 -4.4665871108e-04 )
179              	( 3.5220488188e-01 0.0000000000e+00 -5.5206259600e+00 )	( 3.0213501721e-01 0.0000000000e+00 -5.5201792619e+00 )	( 5.0069864666e-02 0.0000000000e+00 -4.4669808727e-04 )
180              	( 3.5218096842e-01 0.0000000000e+00 -5.5208814667e+00 )	( 3.0211042277e-01 0.0000000000e+00 -5.5204347276e+00 )	( 5.0070545645e-02 0.0000000000e+00 -4.4673910251e-04 )
181              	( 3.5215742302e-01 0.0000000000e+00 -5.5211292265e+00 )	( 3.0208621806e-01 0.0000000000e+00 -5.5206824450e+00 )	( 5.0071204959e-02 0.0000000000e+00 -4.4678152392e-04 )
182              	( 3.5213429507e-01 0.0000000000e+00 -5.5213693644e+00 )	( 3.0206245148e-01 0.0000000000e+00 -5.5209225393e+00 )	( 5.0071843591e-02 0.0000000000e+00 -4.4682511343e-04 )
183              	( 3.5211161274e-01 0.0000000000e+00 -5.5216020107e+00 )	( 3.0203915030e-01 0.0000000000e+00 -5.5211551411e+00 )	( 5.0072462442e-02 0.0000000000e+00 -4.4686961808e-04 )
184              	( 3.5208939887e-01 0.0000000000e+00 -5.5218272772e+00 )	( 3.0201633652e-01 0.0000000000e+00 -5.5213803624e+00 )	( 5.0073062345e-02 0.0000000000e+00 -4.4691477395e-04 )
185              	( 3.5206766655e-01 0.0000000000e+00 -5.5220451723e+00 )	( 3.0199402252e-01 0.0000000000e+00 -5.5215982120e+00 )	( 5.0073644029e-02 0.0000000000e+00 -4.4696031029e-04 )
186              	( 3.5204644190e-01 0.0000000000e+00 -5.5222558176e+00 )	( 3.0197223374e-01 0.0000000000e+00 -5.5218088117e+00 )	( 5.0074208163e-02 0.0000000000e+00 -4.4700595982e-04 )
187              	( 3.5202574559e-01 0.0000000000e+00 -5.5224593154e+00 )	( 3.0195099024e-01 0.0000000000e+00 -5.5220122639e+00 )	( 5.0074755354e-02 0.0000000000e+00 -4.4705146761e-04 )
188              	( 3.5200559738e-01 0.0000000000e+00 -5.5226557693e+00 )	( 3.0193031121e-01 0.0000000000e+00 -5.5222086727e+00 )	( 5.0075286171e-02 0.0000000000e+00 -4.4709659271e-04 )
189              	( 3.5198601450e-01 0.0000000000e+00 -5.5228452887e+00 )	( 3.0191021337e-01 0.0000000000e+00 -5.5223981475e+00 )	( 5.0075801136e-02 0.0000000000e+00 -4.4714111037e-04 )
190              	( 3.5196701106e-01 0.0000000000e+00 -5.5230279823e+00 )	( 3.0189071032e-01 0.0000000000e+00 -5.5225807975e+00 )	( 5.0076300737e-02 0.0000000000e+00 -4.4718481403e-04 )
191              	( 3.5194859990e-01 0.0000000000e+00 -5.5232039715e+00 )	( 3.0187181446e-01 0.0000000000e+00 -5.5227567439e+00 )	( 5.0076785436e-02 0.0000000000e+00 -4.4722751574e-04 )
192              	( 3.5193079172e-01 0.0000000000e+00 -5.5233733855e+00 )	( 3.0185353605e-01 0.0000000000e+00 -5.5229261164e+00 )	( 5.0077255664e-02 0.0000000000e+00 -4.4726904664e-04 )
193              	( 3.5191359481e-01 0.0000000000e+00 -5.5235363555e+00 )	( 3.0183588299e-01 0.0000000000e+00 -5.5230890462e+00 )	( 5.0077711827e-02 0.0000000000e+00 -4.4730925683e-04 )
194              	( 3.5189701551e-01 0.0000000000e+00 -5.5236930215e+00 )	( 3.0181886121e-01 0.0000000000e+00 -5.5232456735e+00 )	( 5.0078154303e-02 0.0000000000e+00 -4.4734801494e-04 )
195              	( 3.5188105788e-01 0.0000000000e+00 -5.5238435288e+00 )	( 3.0180247443e-01 0.0000000000e+00 -5.5233961436e+00 )	( 5.0078583445e-02 0.0000000000e+00 -4.4738520818e-04 )
196              	( 3.5186572350e-01 0.0000000000e+00 -5.5239880282e+00 )	( 3.0178672391e-01 0.0000000000e+00 -5.5235406074e+00 )	( 5.0078999581e-02 0.0000000000e+00 -4.4742074193e-04 )
197              	( 3.5185101169e-01 0.0000000000e+00 -5.5241266769e+00 )	( 3.0177160867e-01 0.0000000000e+00 -5.5236792223e+00 )	( 5.0079403016e-02 0.0000000000e+00 -4.4745453950e-04 )
198              	( 3.5183691943e-01 0.0000000000e+00 -5.5242596370e+00 )	( 3.0175712539e-01 0.0000000000e+00 -5.5238121504e+00 )	( 5.0079794037e-02 0.0000000000e+00 -4.4748654160e-04 )
199              	( 3.5182344123e-01 0.0000000000e+00 -5.5243870760e+00 )	( 3.0174326831e-01 0.0000000000e+00 -5.5239395593e+00 )	( 5.0080172913e-02 0.0000000000e+00 -4.4751670590e-04 )
200              	( 3.5181056962e-01 0.0000000000e+00 -5.5245091645e+00 )	( 3.0173002972e-01 0.0000000000e+00 -5.5240616195e+00 )	( 5.0080539902e-02 0.0000000000e+00 -4.4754500628e-04 )
201              	( 3.5179829488e-01 0.0000000000e+00 -5.5246260765e+00 )	( 3.0171739963e-01 0.0000000000e+00 -5.5241785051e+00 )	( 5.0080895249e-02 0.0000000000e+00 -4.4757143199e-04 )
202              	( 3.5178660530e-01 0.0000000000e+00 -5.5247379910e+00 )	( 3.0170536611e-01 0.0000000000e+00 -5.5242903950e+00 )	( 5.0081239190e-02 0.0000000000e+00 -4.4759598692e-04 )
203              	( 3.5177548716e-01 0.0000000000e+00 -5.5248450895e+00 )	( 3.0169391520e-01 0.0000000000e+00 -5.5243974709e+00 )	( 5.0081571957e-02 0.0000000000e+00 -4.4761868851e-04 )
204              	( 3.5176492518e-01 0.0000000000e+00 -5.5249475548e+00 )	( 3.0168303140e-01 0.0000000000e+00 -5.5244999152e+00 )	( 5.0081893778e-02 0.0000000000e+00 -4.4763956686e-04 )
205              	( 3.5175490272e-01 0.0000000000e+00 -5.5250455701e+00 )	( 3.0167269784e-01 0.0000000000e+00 -5.5245979115e+00 )	( 5.0082204878e-02 0.0000000000e+00 -4.4765866340e-04 )
206              	( 3.5174540198e-01 0.0000000000e+00 -5.5251393184e+00 )	( 3.0166289650e-01 0.0000000000e+00 -5.5246916424e+00 )	( 5.0082505480e-02 0.0000000000e+00 -4.4767602992e-04 )
207              	( 3.5173640400e-01 0.0000000000e+00 -5.5252289806e+00 )	( 3.0165360819e-01 0.0000000000e+00 -5.5247812889e+00 )	( 5.0082795808e-02 0.0000000000e+00 -4.4769172699e-04 )
208              	( 3.5172788935e-01 0.0000000000e+00 -5.5253147352e+00 )	( 3.0164481326e-01 0.0000000000e+00 -5.5248670293e+00 )	( 5.0083076087e-02 0.0000000000e+00 -4.4770582285e-04 )
209              	( 3.5171983753e-01 0.0000000000e+00 -5.5253967602e+00 )	( 3.0163649099e-01 0.0000000000e+00 -5.5249490418e+00 )	( 5.0083346543e-02 0.0000000000e+00 -4.4771839216e-04 )
210              	( 3.5171222815e-01 0.0000000000e+00 -5.5254752274e+00 )	( 3.0162862075e-01 0.0000000000e+00 -5.5250274979e+00 )	( 5.0083607403e-02 0.0000000000e+00 -4.4772951485e-04 )
211              	( 3.5170504050e-01 0.0000000000e+00 -5.5255503042e+00 )	( 3.0162118160e-01 0.0000000000e+00 -5.5251025649e+00 )	( 5.0083858897e-02 0.0000000000e+00 -4.4773927474e-04 )
212              	( 3.5169825364e-01 0.0000000000e+00 -5.5256221523e+00 )	( 3.0161415238e-01 0.0000000000e+00 -5.5251744045e+00 )	( 5.0084101258e-02 0.0000000000e+00 -4.4774775832e-04 )
213              	( 3.5169184688e-01 0.0000000000e+00 -5.5256909280e+00 )	( 3.0160751216e-01 0.0000000000e+00 -5.5252431729e+00 )	( 5.0084334720e-02 0.0000000000e+00 -4.4775505384e-04 )
214              	( 3.5168579931e-01 0.0000000000e+00 -5.5257567836e+00 )	( 3.0160123980e-01 0.0000000000e+00 -5.5253090223e+00 )	( 5.0084559518e-02 0.0000000000e+00 -4.4776125044e-04 )
215              	( 3.5168009059e-01 0.0000000000e+00 -5.5258198658e+00 )	( 3.0159531471e-01 0.0000000000e+00 -5.5253720993e+00 )	( 5.0084775889e-02 0.0000000000e+00 -4.4776643728e-04 )
216              	( 3.5167470076e-01 0.0000000000e+00 -5.5258803157e+00 )	( 3.0158971669e-01 0.0000000000e+00 -5.5254325450e+00 )	( 5.0084984069e-02 0.0000000000e+00 -4.4777070285e-04 )
217              	( 3.5166961030e-01 0.0000000000e+00 -5.5259382698e+00 )	( 3.0158442600e-01 0.0000000000e+00 -5.5254904957e+00 )	( 5.0085184299e-02 0.0000000000e+00 -4.4777413434e-04 )
218              	( 3.5166480007e-01 0.0000000000e+00 -5.5259938590e+00 )	( 3.0157942325e-01 0.0000000000e+00 -5.5255460822e+00 )	( 5.0085376814e-02 0.0000000000e+00 -4.4777681688e-04 )
219              	( 3.5166025144e-01 0.0000000000e+00 -5.5260472091e+00 )	( 3.0157468959e-01 0.0000000000e+00 -5.5255994302e+00 )	( 5.0085561854e-02 0.0000000000e+00 -4.4777883361e-04 )
220              	( 3.5165594645e-01 0.0000000000e+00 -5.5260984397e+00 )	( 3.0157020679e-01 0.0000000000e+00 -5.5256506594e+00 )	( 5.0085739661e-02 0.0000000000e+00 -4.4778026497e-04 )
221              	( 3.5165186767e-01 0.0000000000e+00 -5.5261476651e+00 )	( 3.0156595720e-01 0.0000000000e+00 -5.5256998839e+00 )	( 5.0085910471e-02 0.0000000000e+00 -4.4778118827e-04 )
222              	( 3.5164799839e-01 0.0000000000e+00 -5.5261949939e+00 )	( 3.0156192386e-01 0.0000000000e+00 -5.5257472122e+00 )	( 5.0086074522e-02 0.0000000000e+00 -4.4778167732e-04 )
223              	( 3.5164432264e-01 0.0000000000e+00 -5.5262405288e+00 )	( 3.0155809059e-01 0.0000000000e+00 -5.5257927470e+00 )	( 5.0086232050e-02 0.0000000000e+00 -4.4778180223e-04 )
224              	( 3.5164082515e-01 0.0000000000e+00 -5.5262843669e+00 )	( 3.0155444187e-01 0.0000000000e+00 -5.5258365853e+00 )	( 5.0086383286e-02 0.0000000000e+00 -4.4778162907e-04 )
225              	( 3.5163749159e-01 0.0000000000e+00 -5.5263265995e+00 )	( 3.0155096313e-01 0.0000000000e+00 -5.5258788183e+00 )	( 5.0086528463e-02 0.0000000000e+00 -4.4778121974e-04 )
226              	( 3.5163430841e-01 0.0000000000e+00 -5.5263673126e+00 )	( 3.0154764060e-01 0.0000000000e+00 -5.5259195319e+00 )	( 5.0086667806e-02 0.0000000000e+00 -4.4778063174e-04 )
227              	( 3.5163126165e-01 0.0000000000e+00 -5.5264066073e+00 )	( 3.0154446011e-01 0.0000000000e+00 -5.5259588274e+00 )	( 5.0086801546e-02 0.0000000000e+00 -4.4777989691e-04 )
228              	( 3.5162836598e-01 0.0000000000e+00 -5.5264449457e+00 )	( 3.0154143733e-01 0.0000000000e+00 -5.5259971675e+00 )	( 5.0086928643e-02 0.0000000000e+00 -4.4777828276e-04 )
229              	( 3.5162561351e-01 0.0000000000e+00 -5.5264819044e+00 )	( 3.0153856463e-01 0.0000000000e+00 -5.5260341288e+00 )	( 5.0087048882e-02 0.0000000000e+00 -4.4777566795e-04 )
230              	( 3.5162298411e-01 0.0000000000e+00 -5.5265171931e+00 )	( 3.0153582107e-01 0.0000000000e+00 -5.5260694205e+00 )	( 5.0087163043e-02 0.0000000000e+00 -4.4777256546e-04 )
231              	( 3.5162045946e-01 0.0000000000e+00 -5.5265511518e+00 )	( 3.0153318787e-01 0.0000000000e+00 -5.5261033826e+00 )	( 5.0087271596e-02 0.0000000000e+00 -4.4776922895e-04 )
232              	( 3.5161801770e-01 0.0000000000e+00 -5.5265839414e+00 )	( 3.0153064275e-01 0.0000000000e+00 -5.5261361756e+00 )	( 5.0087374953e-02 0.0000000000e+00 -4.4776583506e-04 )
233              	( 3.5161564724e-01 0.0000000000e+00 -5.5266156504e+00 )	( 3.0152817379e-01 0.0000000000e+00 -5.5261678879e+00 )	( 5.0087473448e-02 0.0000000000e+00 -4.4776250824e-04 )
234              	( 3.5161334107e-01 0.0000000000e+00 -5.5266463413e+00 )	( 3.0152577370e-01 0.0000000000e+00 -5.5261985819e+00 )	( 5.0087567371e-02 0.0000000000e+00 -4.4775933521e-04 )
235              	( 3.5161109414e-01 0.0000000000e+00 -5.5266760637e+00 )	( 3.0152343716e-01 0.0000000000e+00 -5.5262283073e+00 )	( 5.0087656974e-02 0.0000000000e+00 -4.4775637413e-04 )
236              	( 3.5160890213e-01 0.0000000000e+00 -5.5267048596e+00 )	( 3.0152115965e-01 0.0000000000e+00 -5.5262571059e+00 )	( 5.0087742485e-02 0.0000000000e+00 -4.4775366259e-04 )
237              	( 3.5160676159e-01 0.0000000000e+00 -5.5267327752e+00 )	( 3.0151893747e-01 0.0000000000e+00 -5.5262850239e+00 )	( 5.0087824119e-02 0.0000000000e+00 -4.4775122563e-04 )
238              	( 3.5160466875e-01 0.0000000000e+00 -5.5267598271e+00 )	( 3.0151676669e-01 0.0000000000e+00 -5.5263120781e+00 )	( 5.0087902062e-02 0.0000000000e+00 -4.4774907695e-04 )
239              	( 3.5160262068e-01 0.0000000000e+00 -5.5267860496e+00 )	( 3.0151464419e-01 0.0000000000e+00 -5.5263383024e+00 )	( 5.0087976490e-02 0.0000000000e+00 -4.4774722409e-04 )
240              	( 3.5160061647e-01 0.0000000000e+00 -5.5268114667e+00 )	( 3.0151256889e-01 0.0000000000e+00 -5.5263637211e+00 )	( 5.0088047581e-02 0.0000000000e+00 -4.4774567083e-04 )
241              	( 3.5159864994e-01 0.0000000000e+00 -5.5268361304e+00 )	( 3.0151053445e-01 0.0000000000e+00 -5.5263883860e+00 )	( 5.0088115489e-02 0.0000000000e+00 -4.4774441877e-04 )
242              	( 3.5159672147e-01 0.0000000000e+00 -5.5268600371e+00 )	( 3.0150854109e-01 0.0000000000e+00 -5.5264122936e+00 )	( 5.0088180377e-02 0.0000000000e+00 -4.4774346659e-04 )
243              	( 3.5159482896e-01 0.0000000000e+00 -5.5268832191e+00 )	( 3.0150658656e-01 0.0000000000e+00 -5.5264354763e+00 )	( 5.0088242396e-02 0.0000000000e+00 -4.4774280857e-04 )
244              	( 3.5159297031e-01 0.0000000000e+00 -5.5269056982e+00 )	( 3.0150466862e-01 0.0000000000e+00 -5.5264579558e+00 )	( 5.0088301691e-02 0.0000000000e+00 -4.4774243694e-04 )
245              	( 3.5159114408e-01 0.0000000000e+00 -5.5269274939e+00 )	( 3.0150278567e-01 0.0000000000e+00 -5.5264797516e+00 )	( 5.0088358403e-02 0.0000000000e+00 -4.4774234132e-04 )
246              	( 3.5158934785e-01 0.0000000000e+00 -5.5269486309e+00 )	( 3.0150093518e-01 0.0000000000e+00 -5.5265008884e+00 )	( 5.0088412664e-02 0.0000000000e+00 -4.4774250934e-04 )
247              	( 3.5158758447e-01 0.0000000000e+00 -5.5269691032e+00 )	( 3.0149911985e-01 0.0000000000e+00 -5.5265213602e+00 )	( 5.0088464611e-02 0.0000000000e+00 -4.4774292586e-04 )
248              	( 3.5158585077e-01 0.0000000000e+00 -5.5269889480e+00 )	( 3.0149733640e-01 0.0000000000e+00 -5.5265412044e+00 )	( 5.0088514363e-02 0.0000000000e+00 -4.4774357374e-04 )
249              	( 3.5158414675e-01 0.0000000000e+00 -5.5270081712e+00 )	( 3.0149558471e-01 0.0000000000e+00 -5.5265604267e+00 )	( 5.0088562037e-02 0.0000000000e+00 -4.4774443587e-04 )
250              	( 3.5158247273e-01 0.0000000000e+00 -5.5270267855e+00 )	( 3.0149386498e-01 0.0000000000e+00 -5.5265790400e+00 )	( 5.0088607744e-02 0.0000000000e+00 -4.4774549356e-04 )
251              	( 3.5158082895e-01 0.0000000000e+00 -5.5270448031e+00 )	( 3.0149217736e-01 0.0000000000e+00 -5.5265970564e+00 )	( 5.0088651590e-02 0.0000000000e+00 -4.4774672752e-04 )
252              	( 3.5157921580e-01 0.0000000000e+00 -5.5270622356e+00 )	( 3.0149052212e-01 0.0000000000e+00 -5.5266144875e+00 )	( 5.0088693674e-02 0.0000000000e+00 -4.4774811814e-04 )
253              	( 3.5157763383e-01 0.0000000000e+00 -5.5270790942e+00 )	( 3.0148889974e-01 0.0000000000e+00 -5.5266313445e+00 )	( 5.0088734089e-02 0.0000000000e+00 -4.4774964584e-04 )
254              	( 3.5157608367e-01 0.0000000000e+00 -5.5270953899e+00 )	( 3.0148731074e-01 0.0000000000e+00 -5.5266476386e+00 )	( 5.0088772922e-02 0.0000000000e+00 -4.4775129133e-04 )
255              	( 3.5157456606e-01 0.0000000000e+00 -5.5271111337e+00 )	( 3.0148575581e-01 0.0000000000e+00 -5.5266633806e+00 )	( 5.0088810254e-02 0.0000000000e+00 -4.4775303582e-04 )
256              	( 3.5157308177e-01 0.0000000000e+00 -5.5271263364e+00 )	( 3.0148423561e-01 0.0000000000e+00 -5.5266785816e+00 )	( 5.0088846162e-02 0.0000000000e+00 -4.4775486120e-04 )
257              	( 3.5157163164e-01 0.0000000000e+00 -5.5271410092e+00 )	( 3.0148275092e-01 0.0000000000e+00 -5.5266932525e+00 )	( 5.0088880717e-02 0.0000000000e+00 -4.4775675024e-04 )
258              	( 3.5157021644e-01 0.0000000000e+00 -5.5271551631e+00 )	( 3.0148130246e-01 0.0000000000e+00 -5.5267074044e+00 )	( 5.0088913982e-02 0.0000000000e+00 -4.4775868667e-04 )
259              	( 3.5156883701e-01 0.0000000000e+00 -5.5271688094e+00 )	( 3.0147989099e-01 0.0000000000e+00 -5.5267210487e+00 )	( 5.0088946021e-02 0.0000000000e+00 -4.4776065529e-04 )
260              	( 3.5156749406e-01 0.0000000000e+00 -5.5271819594e+00 )	( 3.0147851717e-01 0.0000000000e+00 -5.5267341968e+00 )	( 5.0088976887e-02 0.0000000000e+00 -4.4776264198e-04 )
261              	( 3.5156618826e-01 0.0000000000e+00 -5.5271946247e+00 )	( 3.0147718163e-01 0.0000000000e+00 -5.5267468600e+00 )	( 5.0089006635e-02 0.0000000000e+00 -4.4776463376e-04 )
262              	( 3.5156492022e-01 0.0000000000e+00 -5.5272068166e+00 )	( 3.0147588491e-01 0.0000000000e+00 -5.5267590500e+00 )	( 5.0089035312e-02 0.0000000000e+00 -4.4776661877e-04 )
263              	( 3.5156369041e-01 0.0000000000e+00 -5.5272185468e+00 )	( 3.0147462745e-01 0.0000000000e+00 -5.5267707782e+00 )	( 5.0089062963e-02 0.0000000000e+00 -4.4776858620e-04 )
264              	( 3.5156249921e-01 0.0000000000e+00 -5.5272298269e+00 )	( 3.0147340958e-01 0.0000000000e+00 -5.5267820564e+00 )	( 5.0089089630e-02 0.0000000000e+00 -4.4777052635e-04 )
265              	( 3.5156134690e-01 0.0000000000e+00 -5.5272406686e+00 )	( 3.0147223155e-01 0.0000000000e+00 -5.5267928962e+00 )	( 5.0089115351e-02 0.0000000000e+00 -4.4777243050e-04 )
266              	( 3.5156023363e-01 0.0000000000e+00 -5.5272510836e+00 )	( 3.0147109347e-01 0.0000000000e+00 -5.5268033093e+00 )	( 5.0089140162e-02 0.0000000000e+00 -4.4777429091e-04 )
267              	( 3.5155915944e-01 0.0000000000e+00 -5.5272610835e+00 )	( 3.0146999534e-01 0.0000000000e+00 -5.5268133074e+00 )	( 5.0089164099e-02 0.0000000000e+00 -4.4777610078e-04 )
268              	( 3.5155812424e-01 0.0000000000e+00 -5.5272706802e+00 )	( 3.0146893705e-01 0.0000000000e+00 -5.5268229023e+00 )	( 5.0089187192e-02 0.0000000000e+00 -4.4777785420e-04 )
269              	( 3.5155712789e-01 0.0000000000e+00 -5.5272798853e+00 )	( 3.0146791842e-01 0.0000000000e+00 -5.5268321057e+00 )	( 5.0089209472e-02 0.0000000000e+00 -4.4777954611e-04 )
270              	( 3.5155617009e-01 0.0000000000e+00 -5.5272887106e+00 )	( 3.0146693912e-01 0.0000000000e+00 -5.5268409294e+00 )	( 5.0089230967e-02 0.0000000000e+00 -4.4778117225e-04 )
271              	( 3.5155525044e-01 0.0000000000e+00 -5.5272971680e+00 )	( 3.0146599873e-01 0.0000000000e+00 -5.5268493852e+00 )	( 5.0089251704e-02 0.0000000000e+00 -4.4778272914e-04 )
272              	( 3.5155436845e-01 0.0000000000e+00 -5.5273052690e+00 )	( 3.0146509674e-01 0.0000000000e+00 -5.5268574848e+00 )	( 5.0089271708e-02 0.0000000000e+00 -4.4778421404e-04 )
273              	( 3.5155352354e-01 0.0000000000e+00 -5.5273130255e+00 )	( 3.0146423254e-01 0.0000000000e+00 -5.5268652399e+00 )	( 5.0089291004e-02 0.0000000000e+00 -4.4778562489e-04 )
274              	( 3.5155271507e-01 0.0000000000e+00 -5.5273204491e+00 )	( 3.0146340546e-01 0.0000000000e+00 -5.5268726621e+00 )	( 5.0089309613e-02 0.0000000000e+00 -4.4778696026e-04 )
275              	( 3.5155194232e-01 0.0000000000e+00 -5.5273275513e+00 )	( 3.0146261476e-01 0.0000000000e+00 -5.5268797631e+00 )	( 5.0089327559e-02 0.0000000000e+00 -4.4778821935e-04 )
276              	( 3.5155120447e-01 0.0000000000e+00 -5.5273343437e+00 )	( 3.0146185961e-01 0.0000000000e+00 -5.5268865543e+00 )	( 5.0089344862e-02 0.0000000000e+00 -4.4778940192e-04 )
277              	( 3.5155050069e-01 0.0000000000e+00 -5.5273408379e+00 )	( 3.0146113914e-01 0.0000000000e+00 -5.5268930474e+00 )	( 5.0089361543e-02 0.0000000000e+00 -4.4779050823e-04 )
278              	( 3.5154983004e-01 0.0000000000e+00 -5.5273470451e+00 )	( 3.0146045242e-01 0.0000000000e+00 -5.5268992536e+00 )	( 5.0089377620e-02 0.0000000000e+00 -4.4779153905e-04 )
279              	( 3.5154919157e-01 0.0000000000e+00 -5.5273529768e+00 )	( 3.0145979846e-01 0.0000000000e+00 -5.5269051843e+00 )	( 5.0089393113e-02 0.0000000000e+00 -4.4779249557e-04 )
280              	( 3.5154858426e-01 0.0000000000e+00 -5.5273586438e+00 )	( 3.0145917622e-01 0.0000000000e+00 -5.5269108505e+00 )	( 5.0089408039e-02 0.0000000000e+00 -4.4779337938e-04 )
281              	( 3.5154800752e-01 0.0000000000e+00 -5.5273640558e+00 )	( 3.0145858511e-01 0.0000000000e+00 -5.5269162616e+00 )	( 5.0089422417e-02 0.0000000000e+00 -4.4779419235e-04 )
282              	( 3.5154745904e-01 0.0000000000e+00 -5.5273692281e+00 )	( 3.0145802278e-01 0.0000000000e+00 -5.5269214332e+00 )	( 5.0089436261e-02 0.0000000000e+00 -4.4779493680e-04 )
283              	( 3.5154693869e-01 0.0000000000e+00 -5.5273741664e+00 )	( 3.0145748910e-01 0.0000000000e+00 -5.5269263708e+00 )	( 5.0089449590e-02 0.0000000000e+00 -4.4779561544e-04 )
284              	( 3.5154644527e-01 0.0000000000e+00 -5.5273788828e+00 )	( 3.0145698285e-01 0.0000000000e+00 -5.5269310865e+00 )	( 5.0089462419e-02 0.0000000000e+00 -4.4779623084e-04 )
285              	( 3.5154597754e-01 0.0000000000e+00 -5.5273833872e+00 )	( 3.0145650277e-01 0.0000000000e+00 -5.5269355905e+00 )	( 5.0089474764e-02 0.0000000000e+00 -4.4779678594e-04 )
286              	( 3.5154553434e-01 0.0000000000e+00 -5.5273876896e+00 )	( 3.0145604770e-01 0.0000000000e+00 -5.5269398923e+00 )	( 5.0089486641e-02 0.0000000000e+00 -4.4779728385e-04 )
287              	( 3.5154511455e-01 0.0000000000e+00 -5.5273917994e+00 )	( 3.0145561649e-01 0.0000000000e+00 -5.5269440017e+00 )	( 5.0089498063e-02 0.0000000000e+00 -4.4779772779e-04 )
288              	( 3.5154471704e-01 0.0000000000e+00 -5.5273957259e+00 )	( 3.0145520800e-01 0.0000000000e+00 -5.5269479278e+00 )	( 5.0089509045e-02 0.0000000000e+00 -4.4779812108e-04 )
289              	( 3.5154434070e-01 0.0000000000e+00 -5.5273994780e+00 )	( 3.0145482110e-01 0.0000000000e+00 -5.5269516795e+00 )	( 5.0089519603e-02 0.0000000000e+00 -4.4779846706e-04 )
290              	( 3.5154398442e-01 0.0000000000e+00 -5.5274030643e+00 )	( 3.0145445467e-01 0.0000000000e+00 -5.5269552655e+00 )	( 5.0089529748e-02 0.0000000000e+00 -4.4779876913e-04 )
291              	( 3.5154364711e-01 0.0000000000e+00 -5.5274064932e+00 )	( 3.0145410761e-01 0.0000000000e+00 -5.5269586942e+00 )	( 5.0089539496e-02 0.0000000000e+00 -4.4779903067e-04 )
292              	( 3.5154332771e-01 0.0000000000e+00 -5.5274097727e+00 )	( 3.0145377885e-01 0.0000000000e+00 -5.5269619735e+00 )	( 5.0089548860e-02 0.0000000000e+00 -4.4779925503e-04 )
293              	( 3.5154302519e-01 0.0000000000e+00 -5.5274129105e+00 )	( 3.0145346734e-01 0.0000000000e+00 -5.5269651111e+00 )	( 5.0089557852e-02 0.0000000000e+00 -4.4779944552e-04 )
294              	( 3.5154273854e-01 0.0000000000e+00 -5.5274159139e+00 )	( 3.0145317206e-01 0.0000000000e+00 -5.5269681143e+00 )	( 5.0089566485e-02 0.0000000000e+00 -4.4779960538e-04 )
295              	( 3.5154246681e-01 0.0000000000e+00 -5.5274187900e+00 )	( 3.0145289204e-01 0.0000000000e+00 -5.5269709902e+00 )	( 5.0089574772e-02 0.0000000000e+00 -4.4779973774e-04 )
296              	( 3.5154220905e-01 0.0000000000e+00 -5.5274215453e+00 )	( 3.0145262632e-01 0.0000000000e+00 -5.5269737454e+00 )	( 5.0089582725e-02 0.0000000000e+00 -4.4779984564e-04 )
297              	( 3.5154196437e-01 0.0000000000e+00 -5.5274241862e+00 )	( 3.0145237401e-01 0.0000000000e+00 -5.5269763863e+00 )	( 5.0089590356e-02 0.0000000000e+00 -4.4779993199e-04 )
298              	( 3.5154173190e-01 0.0000000000e+00 -5.5274267189e+00 )	( 3.0145213422e-01 0.0000000000e+00 -5.5269789189e+00 )	( 5.0089597677e-02 0.0000000000e+00 -4.4779999958e-04 )
299              	( 3.5154151082e-01 0.0000000000e+00 -5.5274291491e+00 )	( 3.0145190613e-01 0.0000000000e+00 -5.5269813490e+00 )	( 5.0089604699e-02 0.0000000000e+00 -4.4780005107e-04 )
300              	( 3.5154130037e-01 0.0000000000e+00 -5.5274314821e+00 )	( 3.0145168894e-01 0.0000000000e+00 -5.5269836820e+00 )	( 5.0089611434e-02 0.0000000000e+00 -4.4780008893e-04 )
301              	( 3.5154109979e-01 0.0000000000e+00 -5.5274337230e+00 )	( 3.0145148190e-01 0.0000000000e+00 -5.5269859229e+00 )	( 5.0089617892e-02 0.0000000000e+00 -4.4780011552e-04 )
302              	( 3.5154090839e-01 0.0000000000e+00 -5.5274358768e+00 )	( 3.0145128431e-01 0.0000000000e+00 -5.5269880767e+00 )	( 5.0089624084e-02 0.0000000000e+00 -4.4780013300e-04 )
303              	( 3.5154072552e-01 0.0000000000e+00 -5.5274379479e+00 )	( 3.0145109549e-01 0.0000000000e+00 -5.5269901477e+00 )	( 5.0089630021e-02 0.0000000000e+00 -4.4780014341e-04 )
304              	( 3.5154055055e-01 0.0000000000e+00 -5.5274399406e+00 )	( 3.0145091483e-01 0.0000000000e+00 -5.5269921404e+00 )	( 5.0089635713e-02 0.0000000000e+00 -4.4780014860e-04 )
305              	( 3.5154038291e-01 0.0000000000e+00 -5.5274418588e+00 )	( 3.0145074174e-01 0.0000000000e+00 -5.5269940587e+00 )	( 5.0089641169e-02 0.0000000000e+00 -4.4780015025e-04 )
306              	( 3.5154022207e-01 0.0000000000e+00 -5.5274437064e+00 )	( 3.0145057567e-01 0.0000000000e+00 -5.5269959063e+00 )	( 5.0089646399e-02 0.0000000000e+00 -4.4780014991e-04 )
307              	( 3.5154006753e-01 0.0000000000e+00 -5.5274454868e+00 )	( 3.0145041612e-01 0.0000000000e+00 -5.5269976867e+00 )	( 5.0089651413e-02 0.0000000000e+00 -4.4780014893e-04 )
308              	( 3.5153991883e-01 0.0000000000e+00 -5.5274472033e+00 )	( 3.0145026261e-01 0.0000000000e+00 -5.5269994032e+00 )	( 5.0089656219e-02 0.0000000000e+00 -4.4780014853e-04 )
309              	( 3.5153977556e-01 0.0000000000e+00 -5.5274488589e+00 )	( 3.0145011473e-01 0.0000000000e+00 -5.5270010588e+00 )	( 5.0089660826e-02 0.0000000000e+00 -4.4780014979e-04 )
310              	( 3.5153963731e-01 0.0000000000e+00 -5.5274504565e+00 )	( 3.0144997207e-01 0.0000000000e+00 -5.5270026563e+00 )	( 5.0089665243e-02 0.0000000000e+00 -4.4780015361e-04 )
311              	( 3.5153950374e-01 0.0000000000e+00 -5.5274519987e+00 )	( 3.0144983427e-01 0.0000000000e+00 -5.5270041985e+00 )	( 5.0089669477e-02 0.0000000000e+00 -4.4780016079e-04 )
312              	( 3.5153937453e-01 0.0000000000e+00 -5.5274534879e+00 )	( 3.0144970100e-01 0.0000000000e+00 -5.5270056877e+00 )	( 5.0089673537e-02 0.0000000000e+00 -4.4780017196e-04 )
313              	( 3.5153924939e-01 0.0000000000e+00 -5.5274549264e+00 )	( 3.0144957196e-01 0.0000000000e+00 -5.5270071262e+00 )	( 5.0089677430e-02 0.0000000000e+00 -4.4780018766e-04 )
314              	( 3.5153912805e-01 0.0000000000e+00 -5.5274563164e+00 )	( 3.0144944689e-01 0.0000000000e+00 -5.5270085161e+00 )	( 5.0089681164e-02 0.0000000000e+00 -4.4780020829e-04 )
315              	( 3.5153901028e-01 0.0000000000e+00 -5.5274576597e+00 )	( 3.0144932554e-01 0.0000000000e+00 -5.5270098595e+00 )	( 5.0089684745e-02 0.0000000000e+00 -4.4780023415e-04 )
316              	( 3.5153889587e-01 0.0000000000e+00 -5.5274589583e+00 )	( 3.0144920769e-01 0.0000000000e+00 -5.5270111581e+00 )	( 5.0089688181e-02 0.0000000000e+00 -4.4780026543e-04 )
317              	( 3.5153878464e-01 0.0000000000e+00 -5.5274602138e+00 )	( 3.0144909316e-01 0.0000000000e+00 -5.5270124135e+00 )	( 5.0089691477e-02 0.0000000000e+00 -4.4780030225e-04 )
318              	( 3.5153867641e-01 0.0000000000e+00 -5.5274614279e+00 )	( 3.0144898177e-01 0.0000000000e+00 -5.5270136275e+00 )	( 5.0089694640e-02 0.0000000000e+00 -4.4780034460e-04 )
319              	( 3.5153857104e-01 0.0000000000e+00 -5.5274626018e+00 )	( 3.0144887337e-01 0.0000000000e+00 -5.5270148014e+00 )	( 5.0089697676e-02 0.0000000000e+00 -4.4780039244e-04 )
320              	( 3.5153846842e-01 0.0000000000e+00 -5.5274637371e+00 )	( 3.0144876783e-01 0.0000000000e+00 -5.5270159367e+00 )	( 5.0089700591e-02 0.0000000000e+00 -4.4780044564e-04 )
321              	( 3.5153836843e-01 0.0000000000e+00 -5.5274648350e+00 )	( 3.0144866504e-01 0.0000000000e+00 -5.5270170345e+00 )	( 5.0089703390e-02 0.0000000000e+00 -4.4780050400e-04 )
322              	( 3.5153827098e-01 0.0000000000e+00 -5.5274658966e+00 )	( 3.0144856490e-01 0.0000000000e+00 -5.5270180960e+00 )	( 5.0089706079e-02 0.0000000000e+00 -4.4780056728e-04 )
323              	( 3.5153817600e-01 0.0000000000e+00 -5.5274669231e+00 )	( 3.0144846734e-01 0.0000000000e+00 -5.5270191224e+00 )	( 5.0089708662e-02 0.0000000000e+00 -4.4780063518e-04 )
324              	( 3.5153808341e-01 0.0000000000e+00 -5.5274679155e+00 )	( 3.0144837227e-01 0.0000000000e+00 -5.5270201148e+00 )	( 5.0089711143e-02 0.0000000000e+00 -4.4780070739e-04 )
325              	( 3.5153799317e-01 0.0000000000e+00 -5.5274688748e+00 )	( 3.0144827964e-01 0.0000000000e+00 -5.5270210740e+00 )	( 5.0089713529e-02 0.0000000000e+00 -4.4780078352e-04 )
326              	( 3.5153790522e-01 0.0000000000e+00 -5.5274698019e+00 )	( 3.0144818940e-01 0.0000000000e+00 -5.5270220010e+00 )	( 5.0089715822e-02 0.0000000000e+00 -4.4780086320e-04 )
327              	( 3.5153781953e-01 0.0000000000e+00 -5.5274706977e+00 )	( 3.0144810150e-01 0.0000000000e+00 -5.5270228968e+00 )	( 5.0089718027e-02 0.0000000000e+00 -4.4780094602e-04 )
328              	( 3.5153773607e-01 0.0000000000e+00 -5.5274715631e+00 )	( 3.0144801592e-01 0.0000000000e+00 -5.5270237621e+00 )	( 5.0089720148e-02 0.0000000000e+00 -4.4780103155e-04 )
329              	( 3.5153765480e-01 0.0000000000e+00 -5.5274723988e+00 )	( 3.0144793261e-01 0.0000000000e+00 -5.5270245977e+00 )	( 5.0089722188e-02 0.0000000000e+00 -4.4780111937e-04 )
330              	( 3.5153757572e-01 0.0000000000e+00 -5.5274732056e+00 )	( 3.0144785156e-01 0.0000000000e+00 -5.5270254044e+00 )	( 5.0089724152e-02 0.0000000000e+00 -4.4780120904e-04 )
331              	( 3.5153749879e-01 0.0000000000e+00 -5.5274739842e+00 )	( 3.0144777275e-01 0.0000000000e+00 -5.5270261829e+00 )	( 5.0089726041e-02 0.0000000000e+00 -4.4780130012e-04 )
332              	( 3.5153742402e-01 0.0000000000e+00 -5.5274747354e+00 )	( 3.0144769616e-01 0.0000000000e+00 -5.5270269340e+00 )	( 5.0089727861e-02 0.0000000000e+00 -4.4780139218e-04 )
333              	( 3.5153735139e-01 0.0000000000e+00 -5.5274754597e+00 )	( 3.0144762178e-01 0.0000000000e+00 -5.5270276583e+00 )	( 5.0089729612e-02 0.0000000000e+00 -4.4780148481e-04 )
334              	( 3.5153728088e-01 0.0000000000e+00 -5.5274761580e+00 )	( 3.0144754959e-01 0.0000000000e+00 -5.5270283565e+00 )	( 5.0089731299e-02 0.0000000000e+00 -4.4780157759e-04 )
335              	( 3.5153721249e-01 0.0000000000e+00 -5.5274768309e+00 )	( 3.0144747957e-01 0.0000000000e+00 -5.5270290292e+00 )	( 5.0089732923e-02 0.0000000000e+00 -4.4780167014e-04 )
336              	( 3.5153714621e-01 0.0000000000e+00 -5.5274774790e+00 )	( 3.0144741172e-01 0.0000000000e+00 -5.5270296773e+00 )	( 5.0089734488e-02 0.0000000000e+00 -4.4780176208e-04 )
337              	( 3.5153708202e-01 0.0000000000e+00 -5.5274781030e+00 )	( 3.0144734603e-01 0.0000000000e+00 -5.5270303011e+00 )	( 5.0089735996e-02 0.0000000000e+00 -4.4780185305e-04 )
338              	( 3.5153701991e-01 0.0000000000e+00 -5.5274787035e+00 )	( 3.0144728246e-01 0.0000000000e+00 -5.5270309015e+00 )	( 5.0089737449e-02 0.0000000000e+00 -4.4780194273e-04 )
339              	( 3.5153695987e-01 0.0000000000e+00 -5.5274792811e+00 )	( 3.0144722102e-01 0.0000000000e+00 -5.5270314790e+00 )	( 5.0089738849e-02 0.0000000000e+00 -4.4780203080e-04 )
340              	( 3.5153690188e-01 0.0000000000e+00 -5.5274798364e+00 )	( 3.0144716169e-01 0.0000000000e+00 -5.5270320343e+00 )	( 5.0089740198e-02 0.0000000000e+00 -4.4780211698e-04 )
341              	( 3.5153684593e-01 0.0000000000e+00 -5.5274803702e+00 )	( 3.0144710443e-01 0.0000000000e+00 -5.5270325680e+00 )	( 5.0089741499e-02 0.0000000000e+00 -4.4780220101e-04 )
342              	( 3.5153679198e-01 0.0000000000e+00 -5.5274808829e+00 )	( 3.0144704923e-01 0.0000000000e+00 -5.5270330806e+00 )	( 5.0089742752e-02 0.0000000000e+00 -4.4780228267e-04 )
343              	( 3.5153674003e-01 0.0000000000e+00 -5.5274813752e+00 )	( 3.0144699607e-01 0.0000000000e+00 -5.5270335729e+00 )	( 5.0089743961e-02 0.0000000000e+00 -4.4780236174e-04 )
344              	( 3.5153669003e-01 0.0000000000e+00 -5.5274818478e+00 )	( 3.0144694491e-01 0.0000000000e+00 -5.5270340453e+00 )	( 5.0089745125e-02 0.0000000000e+00 -4.4780243805e-04 )
345              	( 3.5153664197e-01 0.0000000000e+00 -5.5274823012e+00 )	( 3.0144689572e-01 0.0000000000e+00 -5.5270344986e+00 )	( 5.0089746248e-02 0.0000000000e+00 -4.4780251145e-04 )
346              	( 3.5153659581e-01 0.0000000000e+00 -5.5274827360e+00 )	( 3.0144684849e-01 0.0000000000e+00 -5.5270349334e+00 )	( 5.0089747329e-02 0.0000000000e+00 -4.4780258181e-04 )
347              	( 3.5153655153e-01 0.0000000000e+00 -5.5274831528e+00 )	( 3.0144680315e-01 0.0000000000e+00 -5.5270353501e+00 )	( 5.0089748372e-02 0.0000000000e+00 -4.4780264903e-04 )
348              	( 3.5153650907e-01 0.0000000000e+00 -5.5274835522e+00 )	( 3.0144675969e-01 0.0000000000e+00 -5.5270357495e+00 )	( 5.0089749377e-02 0.0000000000e+00 -4.4780271305e-04 )
349              	( 3.5153646840e-01 0.0000000000e+00 -5.5274839349e+00 )	( 3.0144671806e-01 0.0000000000e+00 -5.5270361321e+00 )	( 5.0089750346e-02 0.0000000000e+00 -4.4780277379e-04 )
350              	( 3.5153642949e-01 0.0000000000e+00 -5.5274843014e+00 )	( 3.0144667821e-01 0.0000000000e+00 -5.5270364986e+00 )	( 5.0089751279e-02 0.0000000000e+00 -4.4780283125e-04 )
351              	( 3.5153639228e-01 0.0000000000e+00 -5.5274846523e+00 )	( 3.0144664010e-01 0.0000000000e+00 -5.5270368494e+00 )	( 5.0089752178e-02 0.0000000000e+00 -4.4780288541e-04 )
352              	( 3.5153635673e-01 0.0000000000e+00 -5.5274849881e+00 )	( 3.0144660369e-01 0.0000000000e+00 -5.5270371852e+00 )	( 5.0089753044e-02 0.0000000000e+00 -4.4780293628e-04 )
353              	( 3.5153632280e-01 0.0000000000e+00 -5.5274853095e+00 )	( 3.0144656893e-01 0.0000000000e+00 -5.5270375065e+00 )	( 5.0089753878e-02 0.0000000000e+00 -4.4780298390e-04 )
354              	( 3.5153629044e-01 0.0000000000e+00 -5.5274856170e+00 )	( 3.0144653576e-01 0.0000000000e+00 -5.5270378139e+00 )	( 5.0089754682e-02 0.0000000000e+00 -4.4780302832e-04 )
355              	( 3.5153625959e-01 0.0000000000e+00 -5.5274859111e+00 )	( 3.0144650413e-01 0.0000000000e+00 -5.5270381080e+00 )	( 5.0089755455e-02 0.0000000000e+00 -4.4780306960e-04 )
356              	( 3.5153623020e-01 0.0000000000e+00 -5.5274861923e+00 )	( 3.0144647400e-01 0.0000000000e+00 -5.5270383892e+00 )	( 5.0089756200e-02 0.0000000000e+00 -4.4780310780e-04 )
357              	( 3.5153620223e-01 0.0000000000e+00 -5.5274864616e+00 )	( 3.0144644532e-01 0.0000000000e+00 -5.5270386584e+00 )	( 5.0089756917e-02 0.0000000000e+00 -4.4780314307e-04 )
358              	( 3.5153617566e-01 0.0000000000e+00 -5.5274867185e+00 )	( 3.0144641805e-01 0.0000000000e+00 -5.5270389154e+00 )	( 5.0089757607e-02 0.0000000000e+00 -4.4780317545e-04 )
359              	( 3.5153615023e-01 0.0000000000e+00 -5.5274869649e+00 )	( 3.0144639196e-01 0.0000000000e+00 -5.5270391617e+00 )	( 5.0089758271e-02 0.0000000000e+00 -4.4780320509e-04 )
360              	( 3.5153612627e-01 0.0000000000e+00 -5.5274871997e+00 )	( 3.0144636736e-01 0.0000000000e+00 -5.5270393965e+00 )	( 5.0089758910e-02 0.0000000000e+00 -4.4780323210e-04 )
361              	( 3.5153610338e-01 0.0000000000e+00 -5.5274874251e+00 )	( 3.0144634385e-01 0.0000000000e+00 -5.5270396218e+00 )	( 5.0089759524e-02 0.0000000000e+00 -4.4780325661e-04 )
