# Moment         
# CofR           : ( 0.0000000000e+00 0.0000000000e+00 0.0000000000e+00 )
#                
# Time           	(total_x total_y total_z)	(pressure_x pressure_y pressure_z)	(viscous_x viscous_y viscous_z)
1                	( -1.0807955680e+00 1.8286541203e+00 -2.3987937964e+00 )	( -1.0813150432e+00 1.8315540662e+00 -2.3722592272e+00 )	( 5.1947519732e-04 -2.8999459261e-03 -2.6534569212e-02 )
2                	( -1.7402216542e+00 1.2259698568e+00 -8.4225976623e-01 )	( -1.7408646149e+00 1.2287050422e+00 -8.1748955606e-01 )	( 6.4296079787e-04 -2.7351854052e-03 -2.4770210165e-02 )
3                	( -1.3388776935e+00 8.1132967680e-01 -4.0368376193e-01 )	( -1.3394734653e+00 8.1404590714e-01 -3.7937326180e-01 )	( 5.9577181533e-04 -2.7162303402e-03 -2.4310500126e-02 )
4                	( -1.2323013403e+00 7.2672276364e-01 -3.2973682203e-01 )	( -1.2329237402e+00 7.2941691098e-01 -3.0611000806e-01 )	( 6.2239983797e-04 -2.6941473364e-03 -2.3626813970e-02 )
5                	( -1.2516985353e+00 7.2903755616e-01 -3.2204948605e-01 )	( -1.2523460400e+00 7.3170688843e-01 -2.9895179268e-01 )	( 6.4750468542e-04 -2.6693322751e-03 -2.3097693367e-02 )
6                	( -1.2992218446e+00 7.4632412057e-01 -3.2299434551e-01 )	( -1.2998759297e+00 7.4896435299e-01 -3.0037967177e-01 )	( 6.5408506065e-04 -2.6402324129e-03 -2.2614673742e-02 )
7                	( -1.3298488354e+00 7.5508377494e-01 -3.2034022020e-01 )	( -1.3304969516e+00 7.5769806209e-01 -2.9813836305e-01 )	( 6.4811613898e-04 -2.6142871443e-03 -2.2201857150e-02 )
8                	( -1.3610456847e+00 7.6397188794e-01 -3.1850128264e-01 )	( -1.3616788384e+00 7.6656167295e-01 -2.9667199100e-01 )	( 6.3315370535e-04 -2.5897850120e-03 -2.1829291641e-02 )
9                	( -1.3934181542e+00 7.7245728573e-01 -3.1597537150e-01 )	( -1.3940293186e+00 7.7502355901e-01 -2.9447598051e-01 )	( 6.1116442663e-04 -2.5662732760e-03 -2.1499390998e-02 )
10               	( -1.4251101081e+00 7.7972522661e-01 -3.1281877957e-01 )	( -1.4256946630e+00 7.8226850028e-01 -2.9161882434e-01 )	( 5.8455490343e-04 -2.5432736654e-03 -2.1199955231e-02 )
11               	( -1.4574835422e+00 7.8659696503e-01 -3.0910075472e-01 )	( -1.4580369922e+00 7.8911700608e-01 -2.8817071845e-01 )	( 5.5344997786e-04 -2.5200410450e-03 -2.0930036263e-02 )
12               	( -1.4898272704e+00 7.9279721398e-01 -3.0479958518e-01 )	( -1.4903455700e+00 7.9529384873e-01 -2.8410652938e-01 )	( 5.1829966653e-04 -2.4966347541e-03 -2.0693055802e-02 )
13               	( -1.5218808529e+00 7.9858254540e-01 -3.0008923219e-01 )	( -1.5223609991e+00 8.0105599912e-01 -2.7959981130e-01 )	( 4.8014620880e-04 -2.4734537176e-03 -2.0489420889e-02 )
14               	( -1.5527457089e+00 8.0348825510e-01 -2.9500318886e-01 )	( -1.5531877587e+00 8.0593954723e-01 -2.7469893661e-01 )	( 4.4204981477e-04 -2.4512921377e-03 -2.0304252252e-02 )
15               	( -1.5832908154e+00 8.0769496891e-01 -2.8936548623e-01 )	( -1.5836945028e+00 8.1012581847e-01 -2.6921132419e-01 )	( 4.0368745282e-04 -2.4308495607e-03 -2.0154162039e-02 )
16               	( -1.6130738795e+00 8.1120882447e-01 -2.8321162043e-01 )	( -1.6134365647e+00 8.1362176112e-01 -2.6317085245e-01 )	( 3.6268520786e-04 -2.4129366521e-03 -2.0040767980e-02 )
17               	( -1.6399959746e+00 8.1384768623e-01 -2.7681314834e-01 )	( -1.6403157779e+00 8.1624504170e-01 -2.5685289248e-01 )	( 3.1980329205e-04 -2.3973554678e-03 -1.9960255859e-02 )
18               	( -1.6669255660e+00 8.1693301301e-01 -2.7063547508e-01 )	( -1.6672020092e+00 8.1931798462e-01 -2.5071645668e-01 )	( 2.7644318622e-04 -2.3849716086e-03 -1.9919018397e-02 )
19               	( -1.6935932453e+00 8.2028099307e-01 -2.6476731271e-01 )	( -1.6938270390e+00 8.2265661110e-01 -2.4485390110e-01 )	( 2.3379369226e-04 -2.3756180228e-03 -1.9913411616e-02 )
20               	( -1.7200379889e+00 8.2382330969e-01 -2.5917705046e-01 )	( -1.7202297963e+00 8.2619229401e-01 -2.3923863338e-01 )	( 1.9180749189e-04 -2.3689843194e-03 -1.9938417079e-02 )
21               	( -1.7471030104e+00 8.2808087962e-01 -2.5392086771e-01 )	( -1.7472539412e+00 8.3044630627e-01 -2.3392687817e-01 )	( 1.5093083183e-04 -2.3654266422e-03 -1.9993989537e-02 )
22               	( -1.7738220391e+00 8.3269064672e-01 -2.4904406682e-01 )	( -1.7739335091e+00 8.3505533870e-01 -2.2896816917e-01 )	( 1.1146992010e-04 -2.3646919813e-03 -2.0075897648e-02 )
23               	( -1.8003174736e+00 8.3768053524e-01 -2.4454426853e-01 )	( -1.8003905878e+00 8.4004707492e-01 -2.2436402252e-01 )	( 7.3114133637e-05 -2.3665396726e-03 -2.0180246004e-02 )
24               	( -1.8270976688e+00 8.4320082113e-01 -2.4041849528e-01 )	( -1.8271354418e+00 8.4557141914e-01 -2.2011707483e-01 )	( 3.7773053966e-05 -2.3705980164e-03 -2.0301420450e-02 )
25               	( -1.8539643203e+00 8.4923463766e-01 -2.3675249088e-01 )	( -1.8539701575e+00 8.5161125037e-01 -2.1631717629e-01 )	( 5.8372640384e-06 -2.3766127139e-03 -2.0435314594e-02 )
26               	( -1.8806124390e+00 8.5561216990e-01 -2.3347469916e-01 )	( -1.8805896439e+00 8.5799656819e-01 -2.1289499281e-01 )	( -2.2795085043e-05 -2.3843982904e-03 -2.0579706348e-02 )
27               	( -1.9069150554e+00 8.6226462945e-01 -2.3056667028e-01 )	( -1.9068664000e+00 8.6465835244e-01 -2.0983420058e-01 )	( -4.8655383877e-05 -2.3937229814e-03 -2.0732469708e-02 )
28               	( -1.9323045845e+00 8.6892494956e-01 -2.2795123641e-01 )	( -1.9322319823e+00 8.7132934048e-01 -2.0706520917e-01 )	( -7.2602228599e-05 -2.4043909184e-03 -2.0886027243e-02 )
29               	( -1.9560609832e+00 8.7534314216e-01 -2.2572324180e-01 )	( -1.9559676505e+00 8.7775932633e-01 -2.0468224683e-01 )	( -9.3332639320e-05 -2.4161841725e-03 -2.1040994977e-02 )
30               	( -1.9796898033e+00 8.8206257800e-01 -2.2374236326e-01 )	( -1.9795785152e+00 8.8449146114e-01 -2.0254631393e-01 )	( -1.1128808997e-04 -2.4288831478e-03 -2.1196049332e-02 )
31               	( -2.0031045597e+00 8.8899445671e-01 -2.2194759574e-01 )	( -2.0029774336e+00 8.9143668993e-01 -2.0059764718e-01 )	( -1.2712611729e-04 -2.4422332265e-03 -2.1349948557e-02 )
32               	( -2.0259162104e+00 8.9592641229e-01 -2.2029707180e-01 )	( -2.0257748637e+00 8.9838242297e-01 -1.9879555939e-01 )	( -1.4134673934e-04 -2.4560106860e-03 -2.1501512403e-02 )
33               	( -2.0483410611e+00 9.0286263640e-01 -2.1875156729e-01 )	( -2.0481869649e+00 9.0533271753e-01 -1.9710133725e-01 )	( -1.5409620673e-04 -2.4700811324e-03 -2.1650230045e-02 )
34               	( -2.0701417209e+00 9.0971349991e-01 -2.1735023078e-01 )	( -2.0699765741e+00 9.1219778829e-01 -1.9555551571e-01 )	( -1.6514684972e-04 -2.4842883832e-03 -2.1794715067e-02 )
35               	( -2.0913223301e+00 9.1643603036e-01 -2.1607202750e-01 )	( -2.0911476565e+00 9.1893453701e-01 -1.9413789788e-01 )	( -1.7467351504e-04 -2.4985066504e-03 -2.1934129619e-02 )
36               	( -2.1118435226e+00 9.2295172101e-01 -2.1485783755e-01 )	( -2.1116605232e+00 9.2546437536e-01 -1.9278965554e-01 )	( -1.8299938327e-04 -2.5126543521e-03 -2.2068182012e-02 )
37               	( -2.1316679087e+00 9.2923274270e-01 -2.1365906046e-01 )	( -2.1314775519e+00 9.3175941092e-01 -1.9146246932e-01 )	( -1.9035676502e-04 -2.5266682148e-03 -2.2196591136e-02 )
38               	( -2.1509562728e+00 9.3532535924e-01 -2.1244686556e-01 )	( -2.1507593983e+00 9.3786586532e-01 -1.9012758465e-01 )	( -1.9687447775e-04 -2.5405060854e-03 -2.2319280916e-02 )
39               	( -2.1695466682e+00 9.4112382931e-01 -2.1123700981e-01 )	( -2.1693439535e+00 9.4367799189e-01 -1.8880037330e-01 )	( -2.0271474594e-04 -2.5541625849e-03 -2.2436636518e-02 )
40               	( -2.1873557611e+00 9.4664733745e-01 -2.1005792409e-01 )	( -2.1871496287e+00 9.4921491387e-01 -1.8751066951e-01 )	( -2.0613240005e-04 -2.5675764221e-03 -2.2547254572e-02 )
41               	( -2.2051057921e+00 9.5214257229e-01 -2.0894475321e-01 )	( -2.2048981791e+00 9.5472320923e-01 -1.8629460224e-01 )	( -2.0761307099e-04 -2.5806369401e-03 -2.2650150969e-02 )
42               	( -2.2220608739e+00 9.5732790363e-01 -2.0785048769e-01 )	( -2.2218529536e+00 9.5992120633e-01 -1.8510485213e-01 )	( -2.0792036650e-04 -2.5933027079e-03 -2.2745635560e-02 )
43               	( -2.2382253939e+00 9.6225040119e-01 -2.0678556993e-01 )	( -2.2380178406e+00 9.6485593568e-01 -1.8395118375e-01 )	( -2.0755330942e-04 -2.6055344956e-03 -2.2834386184e-02 )
44               	( -2.2539248577e+00 9.6702822767e-01 -2.0572811207e-01 )	( -2.2537181170e+00 9.6964555028e-01 -1.8281121928e-01 )	( -2.0674077226e-04 -2.6173226187e-03 -2.2916892784e-02 )
45               	( -2.2691503632e+00 9.7165808465e-01 -2.0469582317e-01 )	( -2.2689446938e+00 9.7428674465e-01 -1.8170225999e-01 )	( -2.0566943630e-04 -2.6286599984e-03 -2.2993563185e-02 )
46               	( -2.2839398093e+00 9.7614488432e-01 -2.0367531174e-01 )	( -2.2837353644e+00 9.7878442284e-01 -1.8061058646e-01 )	( -2.0444488998e-04 -2.6395385189e-03 -2.3064725285e-02 )
47               	( -2.2982788816e+00 9.8046992846e-01 -2.0265798532e-01 )	( -2.2980757279e+00 9.8311988166e-01 -1.7952727941e-01 )	( -2.0315369908e-04 -2.6499531937e-03 -2.3130705905e-02 )
48               	( -2.3122000339e+00 9.8464998837e-01 -2.0165126408e-01 )	( -2.3119981601e+00 9.8730987873e-01 -1.7845955670e-01 )	( -2.0187377102e-04 -2.6598903591e-03 -2.3191707384e-02 )
49               	( -2.3257098716e+00 9.8868640111e-01 -2.0065539980e-01 )	( -2.3255092034e+00 9.9135575668e-01 -1.7740719465e-01 )	( -2.0066816819e-04 -2.6693555725e-03 -2.3248205148e-02 )
50               	( -2.3387628745e+00 9.9256077605e-01 -1.9966896784e-01 )	( -2.3385633025e+00 9.9523913018e-01 -1.7636849216e-01 )	( -1.9957199602e-04 -2.6783541256e-03 -2.3300475678e-02 )
51               	( -2.3513852724e+00 9.9629206015e-01 -1.9870615846e-01 )	( -2.3511866670e+00 9.9897896125e-01 -1.7535728599e-01 )	( -1.9860536864e-04 -2.6869011040e-03 -2.3348872462e-02 )
52               	( -2.3636576970e+00 9.9990942433e-01 -1.9775879111e-01 )	( -2.3634599040e+00 1.0026044315e+00 -1.7436509996e-01 )	( -1.9779299134e-04 -2.6950071438e-03 -2.3393691153e-02 )
53               	( -2.3755154742e+00 1.0033885938e+00 -1.9683666939e-01 )	( -2.3753182898e+00 1.0060912524e+00 -1.7340159683e-01 )	( -1.9718433149e-04 -2.7026586461e-03 -2.3435072564e-02 )
54               	( -2.3868851407e+00 1.0067262024e+00 -1.9598280546e-01 )	( -2.3866882973e+00 1.0094360705e+00 -1.7250966331e-01 )	( -1.9684338517e-04 -2.7098681548e-03 -2.3473142145e-02 )
55               	( -2.3981264300e+00 1.0100104545e+00 -1.9511916284e-01 )	( -2.3979296391e+00 1.0127271216e+00 -1.7161108180e-01 )	( -1.9679094168e-04 -2.7166671019e-03 -2.3508081043e-02 )
56               	( -2.4090513372e+00 1.0131722815e+00 -1.9425218809e-01 )	( -2.4088544084e+00 1.0158953598e+00 -1.7071198321e-01 )	( -1.9692887622e-04 -2.7230782862e-03 -2.3540204884e-02 )
57               	( -2.4196686176e+00 1.0162176544e+00 -1.9337405896e-01 )	( -2.4194714427e+00 1.0189467802e+00 -1.6980450929e-01 )	( -1.9717486115e-04 -2.7291258290e-03 -2.3569549670e-02 )
58               	( -2.4299143503e+00 1.0191370965e+00 -1.9251248814e-01 )	( -2.4297168292e+00 1.0218719294e+00 -1.6891595054e-01 )	( -1.9752113136e-04 -2.7348329503e-03 -2.3596537602e-02 )
59               	( -2.4397464048e+00 1.0219236398e+00 -1.9168147590e-01 )	( -2.4395484359e+00 1.0246638617e+00 -1.6805993622e-01 )	( -1.9796890340e-04 -2.7402218763e-03 -2.3621539683e-02 )
60               	( -2.4492380948e+00 1.0245947428e+00 -1.9084296733e-01 )	( -2.4490395295e+00 1.0273400485e+00 -1.6719783926e-01 )	( -1.9856524828e-04 -2.7453056966e-03 -2.3645128069e-02 )
61               	( -2.4587451672e+00 1.0272495465e+00 -1.8992268471e-01 )	( -2.4585458781e+00 1.0299996488e+00 -1.6625439296e-01 )	( -1.9928905359e-04 -2.7501022601e-03 -2.3668291751e-02 )
62               	( -2.4677913556e+00 1.0297538738e+00 -1.8903927187e-01 )	( -2.4675913184e+00 1.0325085183e+00 -1.6534845417e-01 )	( -2.0003713070e-04 -2.7546444852e-03 -2.3690817693e-02 )
63               	( -2.4763121668e+00 1.0321031978e+00 -1.8821975483e-01 )	( -2.4761113177e+00 1.0348621648e+00 -1.6450739682e-01 )	( -2.0084910996e-04 -2.7589669924e-03 -2.3712358012e-02 )
64               	( -2.4842585618e+00 1.0342962967e+00 -1.8748426056e-01 )	( -2.4840568045e+00 1.0370593828e+00 -1.6375153033e-01 )	( -2.0175728691e-04 -2.7630861044e-03 -2.3732730239e-02 )
65               	( -2.4918169884e+00 1.0363793831e+00 -1.8679526428e-01 )	( -2.4916142442e+00 1.0391464057e+00 -1.6304301394e-01 )	( -2.0274419082e-04 -2.7670226100e-03 -2.3752250343e-02 )
66               	( -2.4990279362e+00 1.0383586430e+00 -1.8613971614e-01 )	( -2.4988241581e+00 1.0411294343e+00 -1.6236857424e-01 )	( -2.0377803607e-04 -2.7707912905e-03 -2.3771141901e-02 )
67               	( -2.5058932494e+00 1.0402343428e+00 -1.8551493580e-01 )	( -2.5056884421e+00 1.0430087429e+00 -1.6172553884e-01 )	( -2.0480734220e-04 -2.7744000626e-03 -2.3789396968e-02 )
68               	( -2.5124425049e+00 1.0420206103e+00 -1.8492179195e-01 )	( -2.5122366809e+00 1.0447984793e+00 -1.6111464466e-01 )	( -2.0582397740e-04 -2.7778690449e-03 -2.3807147288e-02 )
69               	( -2.5186594390e+00 1.0437094262e+00 -1.8435838838e-01 )	( -2.5184526413e+00 1.0464906390e+00 -1.6053396301e-01 )	( -2.0679778533e-04 -2.7812127862e-03 -2.3824425368e-02 )
70               	( -2.5245351798e+00 1.0453053260e+00 -1.8382265118e-01 )	( -2.5243274761e+00 1.0480897675e+00 -1.5998146348e-01 )	( -2.0770366151e-04 -2.7844415268e-03 -2.3841187696e-02 )
71               	( -2.5300949542e+00 1.0468172801e+00 -1.8331826306e-01 )	( -2.5298864321e+00 1.0496048449e+00 -1.5946084838e-01 )	( -2.0852210380e-04 -2.7875648118e-03 -2.3857414680e-02 )
72               	( -2.5353519781e+00 1.0482482049e+00 -1.8284543372e-01 )	( -2.5351427299e+00 1.0510387956e+00 -1.5897232461e-01 )	( -2.0924814509e-04 -2.7905907309e-03 -2.3873109112e-02 )
73               	( -2.5403132548e+00 1.0496002354e+00 -1.8240539753e-01 )	( -2.5401033903e+00 1.0523937617e+00 -1.5851712072e-01 )	( -2.0986447652e-04 -2.7935263420e-03 -2.3888276805e-02 )
74               	( -2.5449794263e+00 1.0508747515e+00 -1.8199631778e-01 )	( -2.5447690587e+00 1.0536711284e+00 -1.5809339433e-01 )	( -2.1036759478e-04 -2.7963768997e-03 -2.3902923448e-02 )
75               	( -2.5493832098e+00 1.0520819961e+00 -1.8161550167e-01 )	( -2.5491724539e+00 1.0548811444e+00 -1.5769842949e-01 )	( -2.1075589535e-04 -2.7991482901e-03 -2.3917072183e-02 )
76               	( -2.5535335714e+00 1.0532230219e+00 -1.8126872099e-01 )	( -2.5533225568e+00 1.0560248612e+00 -1.5733805189e-01 )	( -2.1101465017e-04 -2.8018392580e-03 -2.3930669098e-02 )
77               	( -2.5574522467e+00 1.0543078485e+00 -1.8095241114e-01 )	( -2.5572411062e+00 1.0571122997e+00 -1.5700870474e-01 )	( -2.1114044620e-04 -2.8044512250e-03 -2.3943706405e-02 )
78               	( -2.5611655352e+00 1.0553480897e+00 -1.8066296160e-01 )	( -2.5609543853e+00 1.0581550783e+00 -1.5670669169e-01 )	( -2.1114984606e-04 -2.8069886143e-03 -2.3956269908e-02 )
79               	( -2.5647016693e+00 1.0563503626e+00 -1.8039692651e-01 )	( -2.5644906121e+00 1.0591598154e+00 -1.5642856311e-01 )	( -2.1105718382e-04 -2.8094528088e-03 -2.3968363398e-02 )
80               	( -2.5680729640e+00 1.0573155839e+00 -1.8015266450e-01 )	( -2.5678620881e+00 1.0601274303e+00 -1.5617265453e-01 )	( -2.1087590060e-04 -2.8118464084e-03 -2.3980009970e-02 )
81               	( -2.5712930766e+00 1.0582476399e+00 -1.7992804056e-01 )	( -2.5710824584e+00 1.0610618108e+00 -1.5593682009e-01 )	( -2.1061818094e-04 -2.8141709772e-03 -2.3991220468e-02 )
82               	( -2.5743891312e+00 1.0591534989e+00 -1.7971939569e-01 )	( -2.5741788348e+00 1.0619699263e+00 -1.5571738474e-01 )	( -2.1029647192e-04 -2.8164274122e-03 -2.4002010950e-02 )
83               	( -2.5773794149e+00 1.0600373643e+00 -1.7952379888e-01 )	( -2.5771694915e+00 1.0628559802e+00 -1.5551140568e-01 )	( -2.0992338859e-04 -2.8186159778e-03 -2.4012393195e-02 )
84               	( -2.5802703077e+00 1.0608993484e+00 -1.7933966002e-01 )	( -2.5800607953e+00 1.0637200840e+00 -1.5531729522e-01 )	( -2.0951234479e-04 -2.8207356069e-03 -2.4022364808e-02 )
85               	( -2.5830720910e+00 1.0617408325e+00 -1.7916500240e-01 )	( -2.5828630154e+00 1.0645636184e+00 -1.5513306931e-01 )	( -2.0907563267e-04 -2.8227858591e-03 -2.4031933091e-02 )
86               	( -2.5857987988e+00 1.0625650460e+00 -1.7899768617e-01 )	( -2.5855901732e+00 1.0653898125e+00 -1.5495657699e-01 )	( -2.0862556455e-04 -2.8247664139e-03 -2.4041109177e-02 )
87               	( -2.5884614043e+00 1.0633736636e+00 -1.7883555248e-01 )	( -2.5882532305e+00 1.0662003407e+00 -1.5478564408e-01 )	( -2.0817386202e-04 -2.8266771379e-03 -2.4049908397e-02 )
88               	( -2.5910718337e+00 1.0641691226e+00 -1.7867652033e-01 )	( -2.5908641022e+00 1.0669976405e+00 -1.5461817499e-01 )	( -2.0773147306e-04 -2.8285179615e-03 -2.4058345340e-02 )
89               	( -2.5936341831e+00 1.0649510859e+00 -1.7852257779e-01 )	( -2.5934268732e+00 1.0677813748e+00 -1.5445612601e-01 )	( -2.0730991908e-04 -2.8302889287e-03 -2.4066451771e-02 )
90               	( -2.5961706931e+00 1.0657251503e+00 -1.7836771506e-01 )	( -2.5959637733e+00 1.0685571410e+00 -1.5429347179e-01 )	( -2.0691971554e-04 -2.8319907308e-03 -2.4074243272e-02 )
91               	( -2.5986852372e+00 1.0664914959e+00 -1.7820975708e-01 )	( -2.5984786675e+00 1.0693251188e+00 -1.5412803269e-01 )	( -2.0656963059e-04 -2.8336229311e-03 -2.4081724393e-02 )
92               	( -2.6011751761e+00 1.0672486582e+00 -1.7804876038e-01 )	( -2.6009689107e+00 1.0700838441e+00 -1.5395985461e-01 )	( -2.0626542271e-04 -2.8351859312e-03 -2.4088905763e-02 )
93               	( -2.6036383244e+00 1.0679953551e+00 -1.7788470960e-01 )	( -2.6034323137e+00 1.0708320359e+00 -1.5378890685e-01 )	( -2.0601065355e-04 -2.8366808311e-03 -2.4095802749e-02 )
94               	( -2.6060738605e+00 1.0687307642e+00 -1.7771701171e-01 )	( -2.6058680524e+00 1.0715688728e+00 -1.5361458208e-01 )	( -2.0580809311e-04 -2.8381086460e-03 -2.4102429630e-02 )
95               	( -2.6084809152e+00 1.0694544364e+00 -1.7754584556e-01 )	( -2.6082752553e+00 1.0722939070e+00 -1.5343704431e-01 )	( -2.0565994705e-04 -2.8394705794e-03 -2.4108801244e-02 )
96               	( -2.6108605864e+00 1.0701667269e+00 -1.7737121613e-01 )	( -2.6106550184e+00 1.0730074950e+00 -1.5325628381e-01 )	( -2.0556806242e-04 -2.8407680830e-03 -2.4114932322e-02 )
97               	( -2.6132113691e+00 1.0708671584e+00 -1.7719350560e-01 )	( -2.6130058353e+00 1.0737091613e+00 -1.5307266669e-01 )	( -2.0553385078e-04 -2.8420029311e-03 -2.4120838911e-02 )
98               	( -2.6155240964e+00 1.0715518732e+00 -1.7701304362e-01 )	( -2.6153185403e+00 1.0743950499e+00 -1.5288651185e-01 )	( -2.0555609745e-04 -2.8431767489e-03 -2.4126531771e-02 )
99               	( -2.6178038487e+00 1.0722230920e+00 -1.7682925603e-01 )	( -2.6175982155e+00 1.0750673833e+00 -1.5269723648e-01 )	( -2.0563322994e-04 -2.8442912984e-03 -2.4132019547e-02 )
100              	( -2.6200501614e+00 1.0728806015e+00 -1.7664210963e-01 )	( -2.6198443973e+00 1.0757259504e+00 -1.5250479491e-01 )	( -2.0576405087e-04 -2.8453489032e-03 -2.4137314724e-02 )
101              	( -2.6222593428e+00 1.0735241292e+00 -1.7645359139e-01 )	( -2.6220533972e+00 1.0763704813e+00 -1.5231116044e-01 )	( -2.0594562170e-04 -2.8463521753e-03 -2.4142430947e-02 )
102              	( -2.6244319055e+00 1.0741542059e+00 -1.7626371948e-01 )	( -2.6242257315e+00 1.0770015097e+00 -1.5211634054e-01 )	( -2.0617390191e-04 -2.8473038807e-03 -2.4147378933e-02 )
103              	( -2.6265634954e+00 1.0747689064e+00 -1.7607287565e-01 )	( -2.6263570503e+00 1.0776171132e+00 -1.5192070744e-01 )	( -2.0644514061e-04 -2.8482068016e-03 -2.4152168207e-02 )
104              	( -2.6286498069e+00 1.0753669086e+00 -1.7588159526e-01 )	( -2.6284430516e+00 1.0782159723e+00 -1.5172478758e-01 )	( -2.0675531164e-04 -2.8490637347e-03 -2.4156807683e-02 )
105              	( -2.6306865122e+00 1.0759476790e+00 -1.7569061343e-01 )	( -2.6304794123e+00 1.0787975564e+00 -1.5152930875e-01 )	( -2.0709992194e-04 -2.8498773870e-03 -2.4161304678e-02 )
106              	( -2.6326726445e+00 1.0765109124e+00 -1.7550039017e-01 )	( -2.6324651700e+00 1.0793615628e+00 -1.5133472392e-01 )	( -2.0747451137e-04 -2.8506503759e-03 -2.4165666247e-02 )
107              	( -2.6346008073e+00 1.0770540250e+00 -1.7531158473e-01 )	( -2.6343929327e+00 1.0799054103e+00 -1.5114168548e-01 )	( -2.0787455961e-04 -2.8513852975e-03 -2.4169899252e-02 )
108              	( -2.6364720727e+00 1.0775778800e+00 -1.7512461148e-01 )	( -2.6362637775e+00 1.0804299649e+00 -1.5095060071e-01 )	( -2.0829519868e-04 -2.8520849187e-03 -2.4174010768e-02 )
109              	( -2.6382847056e+00 1.0780821674e+00 -1.7493999795e-01 )	( -2.6380759745e+00 1.0809349194e+00 -1.5076199878e-01 )	( -2.0873113753e-04 -2.8527519082e-03 -2.4177999168e-02 )
110              	( -2.6400378536e+00 1.0785673262e+00 -1.7475800154e-01 )	( -2.6398286763e+00 1.0814207150e+00 -1.5057613458e-01 )	( -2.0917737408e-04 -2.8533888323e-03 -2.4181866961e-02 )
111              	( -2.6417382743e+00 1.0790372516e+00 -1.7457417542e-01 )	( -2.6415286473e+00 1.0818912497e+00 -1.5038857550e-01 )	( -2.0962697738e-04 -2.8539980776e-03 -2.4185599924e-02 )
112              	( -2.6433564934e+00 1.0794826222e+00 -1.7439866983e-01 )	( -2.6431464174e+00 1.0823372043e+00 -1.5020944795e-01 )	( -2.1007606354e-04 -2.8545820832e-03 -2.4189221881e-02 )
113              	( -2.6449054722e+00 1.0799074914e+00 -1.7423020085e-01 )	( -2.6446949502e+00 1.0827626345e+00 -1.5003745159e-01 )	( -2.1052208262e-04 -2.8551430786e-03 -2.4192749255e-02 )
114              	( -2.6463944483e+00 1.0803141382e+00 -1.7406664688e-01 )	( -2.6461834859e+00 1.0831698211e+00 -1.4987045722e-01 )	( -2.1096240908e-04 -2.8556828939e-03 -2.4196189665e-02 )
115              	( -2.6478263271e+00 1.0807037241e+00 -1.7390798403e-01 )	( -2.6476149314e+00 1.0835599273e+00 -1.4970843728e-01 )	( -2.1139570485e-04 -2.8562031972e-03 -2.4199546747e-02 )
116              	( -2.6492021693e+00 1.0810768236e+00 -1.7375442496e-01 )	( -2.6489903490e+00 1.0839335292e+00 -1.4955160224e-01 )	( -2.1182023980e-04 -2.8567055635e-03 -2.4202822720e-02 )
117              	( -2.6505226003e+00 1.0814336862e+00 -1.7360584488e-01 )	( -2.6503103666e+00 1.0842908778e+00 -1.4939982786e-01 )	( -2.1223369586e-04 -2.8571915779e-03 -2.4206017023e-02 )
118              	( -2.6517882878e+00 1.0817747438e+00 -1.7346240621e-01 )	( -2.6515756538e+00 1.0846324063e+00 -1.4925327288e-01 )	( -2.1263406047e-04 -2.8576625645e-03 -2.4209133330e-02 )
119              	( -2.6530002809e+00 1.0821005769e+00 -1.7332434194e-01 )	( -2.6527872613e+00 1.0849586966e+00 -1.4911216878e-01 )	( -2.1301954812e-04 -2.8581196709e-03 -2.4212173169e-02 )
120              	( -2.6541600804e+00 1.0824118119e+00 -1.7319177154e-01 )	( -2.6539466918e+00 1.0852703759e+00 -1.4897663326e-01 )	( -2.1338860133e-04 -2.8585640218e-03 -2.4215138275e-02 )
121              	( -2.6552692618e+00 1.0827090370e+00 -1.7306471414e-01 )	( -2.6550555218e+00 1.0855680336e+00 -1.4884668356e-01 )	( -2.1373999535e-04 -2.8589966308e-03 -2.4218030580e-02 )
122              	( -2.6563302506e+00 1.0829931273e+00 -1.7294315616e-01 )	( -2.6561161778e+00 1.0858525457e+00 -1.4872230423e-01 )	( -2.1407287274e-04 -2.8594183877e-03 -2.4220851935e-02 )
123              	( -2.6573440300e+00 1.0832643892e+00 -1.7282699535e-01 )	( -2.6571296435e+00 1.0861242193e+00 -1.4860339138e-01 )	( -2.1438649522e-04 -2.8598301119e-03 -2.4223603977e-02 )
124              	( -2.6583139690e+00 1.0835241615e+00 -1.7271619552e-01 )	( -2.6580992889e+00 1.0863843942e+00 -1.4848990742e-01 )	( -2.1468009959e-04 -2.8602326599e-03 -2.4226288099e-02 )
125              	( -2.6592411565e+00 1.0837727505e+00 -1.7261069539e-01 )	( -2.6590262031e+00 1.0866333771e+00 -1.4838179049e-01 )	( -2.1495334821e-04 -2.8606266046e-03 -2.4228904903e-02 )
126              	( -2.6601268445e+00 1.0840105513e+00 -1.7251046165e-01 )	( -2.6599116384e+00 1.0868715637e+00 -1.4827900671e-01 )	( -2.1520613355e-04 -2.8610124126e-03 -2.4231454937e-02 )
127              	( -2.6609724278e+00 1.0842379978e+00 -1.7241541515e-01 )	( -2.6607569894e+00 1.0870993883e+00 -1.4818147629e-01 )	( -2.1543845746e-04 -2.8613905195e-03 -2.4233938863e-02 )
128              	( -2.6617796230e+00 1.0844556512e+00 -1.7232545651e-01 )	( -2.6615639724e+00 1.0873174125e+00 -1.4808909933e-01 )	( -2.1565051292e-04 -2.8617612589e-03 -2.4236357183e-02 )
129              	( -2.6625501493e+00 1.0846640618e+00 -1.7224046475e-01 )	( -2.6623343066e+00 1.0875261867e+00 -1.4800175450e-01 )	( -2.1584267512e-04 -2.8621248684e-03 -2.4238710242e-02 )
130              	( -2.6632855236e+00 1.0848636846e+00 -1.7216030244e-01 )	( -2.6630695082e+00 1.0877261661e+00 -1.4791930418e-01 )	( -2.1601547262e-04 -2.8624814983e-03 -2.4240998256e-02 )
131              	( -2.6639872827e+00 1.0850549720e+00 -1.7208482757e-01 )	( -2.6637711132e+00 1.0879178032e+00 -1.4784160622e-01 )	( -2.1616956637e-04 -2.8628312269e-03 -2.4243221355e-02 )
132              	( -2.6646569259e+00 1.0852383464e+00 -1.7201387886e-01 )	( -2.6644406202e+00 1.0881015205e+00 -1.4776849926e-01 )	( -2.1630573566e-04 -2.8631740667e-03 -2.4245379601e-02 )
133              	( -2.6652957805e+00 1.0854141435e+00 -1.7194727524e-01 )	( -2.6650793557e+00 1.0882776534e+00 -1.4769980224e-01 )	( -2.1642486026e-04 -2.8635099706e-03 -2.4247473008e-02 )
134              	( -2.6659054367e+00 1.0855827928e+00 -1.7188482453e-01 )	( -2.6656889089e+00 1.0884466317e+00 -1.4763532290e-01 )	( -2.1652788039e-04 -2.8638388606e-03 -2.4249501628e-02 )
135              	( -2.6664848459e+00 1.0857435437e+00 -1.7182635903e-01 )	( -2.6662682299e+00 1.0886077042e+00 -1.4757489301e-01 )	( -2.1661594311e-04 -2.8641605737e-03 -2.4251466023e-02 )
136              	( -2.6670368534e+00 1.0858975145e+00 -1.7177170905e-01 )	( -2.6668201633e+00 1.0887619895e+00 -1.4751834238e-01 )	( -2.1669005393e-04 -2.8644750158e-03 -2.4253366672e-02 )
137              	( -2.6675637751e+00 1.0860454019e+00 -1.7172062372e-01 )	( -2.6673470239e+00 1.0889101840e+00 -1.4746541972e-01 )	( -2.1675121977e-04 -2.8647820860e-03 -2.4255204000e-02 )
138              	( -2.6680668658e+00 1.0861874499e+00 -1.7167288792e-01 )	( -2.6678500653e+00 1.0890525316e+00 -1.4741590938e-01 )	( -2.1680045519e-04 -2.8650816807e-03 -2.4256978538e-02 )
139              	( -2.6685473977e+00 1.0863239637e+00 -1.7162830326e-01 )	( -2.6683305589e+00 1.0891893374e+00 -1.4736961235e-01 )	( -2.1683877561e-04 -2.8653737027e-03 -2.4258690905e-02 )
140              	( -2.6690052834e+00 1.0864547546e+00 -1.7158671405e-01 )	( -2.6687884162e+00 1.0893204127e+00 -1.4732637213e-01 )	( -2.1686717295e-04 -2.8656580638e-03 -2.4260341922e-02 )
141              	( -2.6694448511e+00 1.0865813426e+00 -1.7154782615e-01 )	( -2.6692279617e+00 1.0894472747e+00 -1.4728592051e-01 )	( -2.1688942425e-04 -2.8659320724e-03 -2.4261905643e-02 )
142              	( -2.6698685383e+00 1.0867048031e+00 -1.7151168229e-01 )	( -2.6696516347e+00 1.0895710013e+00 -1.4724827335e-01 )	( -2.1690362757e-04 -2.8661982816e-03 -2.4263408946e-02 )
143              	( -2.6702728351e+00 1.0868229073e+00 -1.7147770005e-01 )	( -2.6700559240e+00 1.0896893637e+00 -1.4721284797e-01 )	( -2.1691110538e-04 -2.8664563691e-03 -2.4264852080e-02 )
144              	( -2.6706590894e+00 1.0869361901e+00 -1.7144587374e-01 )	( -2.6704421766e+00 1.0898028964e+00 -1.4717963704e-01 )	( -2.1691278767e-04 -2.8667063127e-03 -2.4266236703e-02 )
145              	( -2.6710289507e+00 1.0870451367e+00 -1.7141599422e-01 )	( -2.6708120413e+00 1.0899120848e+00 -1.4714842982e-01 )	( -2.1690943483e-04 -2.8669481655e-03 -2.4267564400e-02 )
146              	( -2.6713833297e+00 1.0871499689e+00 -1.7138791067e-01 )	( -2.6711664280e+00 1.0900171509e+00 -1.4711907343e-01 )	( -2.1690171248e-04 -2.8671820658e-03 -2.4268837244e-02 )
147              	( -2.6717232341e+00 1.0872509655e+00 -1.7136149247e-01 )	( -2.6715063438e+00 1.0901183736e+00 -1.4709143499e-01 )	( -2.1689021893e-04 -2.8674081807e-03 -2.4270057477e-02 )
148              	( -2.6720496387e+00 1.0873483927e+00 -1.7133660916e-01 )	( -2.6718327631e+00 1.0902160194e+00 -1.4706538185e-01 )	( -2.1687553890e-04 -2.8676266663e-03 -2.4271227307e-02 )
149              	( -2.6723634109e+00 1.0874424715e+00 -1.7131313641e-01 )	( -2.6721465526e+00 1.0903103092e+00 -1.4704078762e-01 )	( -2.1685825466e-04 -2.8678376577e-03 -2.4272348794e-02 )
150              	( -2.6726653326e+00 1.0875333863e+00 -1.7129095257e-01 )	( -2.6724484937e+00 1.0904014276e+00 -1.4701752874e-01 )	( -2.1683893813e-04 -2.8680412730e-03 -2.4273423831e-02 )
151              	( -2.6729561796e+00 1.0876213065e+00 -1.7126994849e-01 )	( -2.6727393615e+00 1.0904895441e+00 -1.4699549423e-01 )	( -2.1681815746e-04 -2.8682376229e-03 -2.4274454265e-02 )
152              	( -2.6732365407e+00 1.0877063667e+00 -1.7124999310e-01 )	( -2.6730197443e+00 1.0905747935e+00 -1.4697455137e-01 )	( -2.1679642085e-04 -2.8684268177e-03 -2.4275441728e-02 )
153              	( -2.6735070965e+00 1.0877887126e+00 -1.7123097274e-01 )	( -2.6732903223e+00 1.0906573216e+00 -1.4695458489e-01 )	( -2.1677419651e-04 -2.8686089757e-03 -2.4276387845e-02 )
154              	( -2.6737683450e+00 1.0878684429e+00 -1.7121279730e-01 )	( -2.6735515931e+00 1.0907372272e+00 -1.4693550303e-01 )	( -2.1675190247e-04 -2.8687842271e-03 -2.4277294274e-02 )
155              	( -2.6740207780e+00 1.0879456606e+00 -1.7119538026e-01 )	( -2.6738040481e+00 1.0908146133e+00 -1.4691721759e-01 )	( -2.1672992044e-04 -2.8689527123e-03 -2.4278162672e-02 )
156              	( -2.6742648980e+00 1.0880204750e+00 -1.7117863569e-01 )	( -2.6740481894e+00 1.0908895896e+00 -1.4689964102e-01 )	( -2.1670859617e-04 -2.8691145807e-03 -2.4278994671e-02 )
157              	( -2.6745011856e+00 1.0880929904e+00 -1.7116248217e-01 )	( -2.6742844973e+00 1.0909622603e+00 -1.4688269030e-01 )	( -2.1668823783e-04 -2.8692699880e-03 -2.4279791869e-02 )
158              	( -2.6747300834e+00 1.0881633026e+00 -1.7114684436e-01 )	( -2.6745134143e+00 1.0910327217e+00 -1.4686628855e-01 )	( -2.1666911684e-04 -2.8694190947e-03 -2.4280555813e-02 )
159              	( -2.6749520078e+00 1.0882315055e+00 -1.7113165711e-01 )	( -2.6747353563e+00 1.0911010676e+00 -1.4685036909e-01 )	( -2.1665146753e-04 -2.8695620680e-03 -2.4281288012e-02 )
160              	( -2.6751673153e+00 1.0882976758e+00 -1.7111686169e-01 )	( -2.6749506798e+00 1.0911673748e+00 -1.4683487176e-01 )	( -2.1663548911e-04 -2.8696990797e-03 -2.4281989930e-02 )
161              	( -2.6753763562e+00 1.0883618940e+00 -1.7110240266e-01 )	( -2.6751597349e+00 1.0912317243e+00 -1.4681973969e-01 )	( -2.1662134762e-04 -2.8698303049e-03 -2.4282662975e-02 )
162              	( -2.6755794440e+00 1.0884242323e+00 -1.7108823345e-01 )	( -2.6753628349e+00 1.0912941883e+00 -1.4680492493e-01 )	( -2.1660917777e-04 -2.8699559219e-03 -2.4283308512e-02 )
163              	( -2.6757768438e+00 1.0884847462e+00 -1.7107430841e-01 )	( -2.6755602447e+00 1.0913548223e+00 -1.4679038056e-01 )	( -2.1659908541e-04 -2.8700761101e-03 -2.4283927852e-02 )
164              	( -2.6759687808e+00 1.0885434791e+00 -1.7106058846e-01 )	( -2.6757521896e+00 1.0914136701e+00 -1.4677606620e-01 )	( -2.1659114818e-04 -2.8701910505e-03 -2.4284522262e-02 )
165              	( -2.6761555068e+00 1.0886004995e+00 -1.7104705178e-01 )	( -2.6759389214e+00 1.0914708004e+00 -1.4676195880e-01 )	( -2.1658541293e-04 -2.8703009303e-03 -2.4285092989e-02 )
166              	( -2.6763372357e+00 1.0886558629e+00 -1.7103367283e-01 )	( -2.6761206538e+00 1.0915262688e+00 -1.4674803162e-01 )	( -2.1658190209e-04 -2.8704059356e-03 -2.4285641211e-02 )
167              	( -2.6765141622e+00 1.0887096219e+00 -1.7102043330e-01 )	( -2.6762975816e+00 1.0915801282e+00 -1.4673426524e-01 )	( -2.1658061471e-04 -2.8705062533e-03 -2.4286168060e-02 )
168              	( -2.6766864547e+00 1.0887618227e+00 -1.7100731851e-01 )	( -2.6764698732e+00 1.0916324247e+00 -1.4672064390e-01 )	( -2.1658152790e-04 -2.8706020698e-03 -2.4286674617e-02 )
169              	( -2.6768542557e+00 1.0888125045e+00 -1.7099431792e-01 )	( -2.6766376711e+00 1.0916831981e+00 -1.4670715601e-01 )	( -2.1658459760e-04 -2.8706935713e-03 -2.4287161917e-02 )
170              	( -2.6770176944e+00 1.0888617061e+00 -1.7098142596e-01 )	( -2.6768011047e+00 1.0917324870e+00 -1.4669379501e-01 )	( -2.1658976081e-04 -2.8707809433e-03 -2.4287630950e-02 )
171              	( -2.6771768884e+00 1.0889094642e+00 -1.7096863998e-01 )	( -2.6769602914e+00 1.0917803285e+00 -1.4668055733e-01 )	( -2.1659693919e-04 -2.8708643686e-03 -2.4288082656e-02 )
172              	( -2.6773319336e+00 1.0889558096e+00 -1.7095595870e-01 )	( -2.6771153275e+00 1.0918267536e+00 -1.4666744078e-01 )	( -2.1660604020e-04 -2.8709440271e-03 -2.4288517922e-02 )
173              	( -2.6774829120e+00 1.0890007704e+00 -1.7094338275e-01 )	( -2.6772662950e+00 1.0918717905e+00 -1.4665444517e-01 )	( -2.1661695835e-04 -2.8710200951e-03 -2.4288937583e-02 )
174              	( -2.6776298926e+00 1.0890443727e+00 -1.7093091981e-01 )	( -2.6774132631e+00 1.0919154654e+00 -1.4664157737e-01 )	( -2.1662957739e-04 -2.8710927460e-03 -2.4289342436e-02 )
175              	( -2.6777729384e+00 1.0890866422e+00 -1.7091857678e-01 )	( -2.6775562947e+00 1.0919578044e+00 -1.4662884355e-01 )	( -2.1664377203e-04 -2.8711621491e-03 -2.4289733229e-02 )
176              	( -2.6779120907e+00 1.0891276000e+00 -1.7090636056e-01 )	( -2.6776954313e+00 1.0919988285e+00 -1.4661624990e-01 )	( -2.1665940740e-04 -2.8712284687e-03 -2.4290110656e-02 )
177              	( -2.6780473913e+00 1.0891672667e+00 -1.7089428076e-01 )	( -2.6778307149e+00 1.0920385585e+00 -1.4660380542e-01 )	( -2.1667634627e-04 -2.8712918646e-03 -2.4290475344e-02 )
178              	( -2.6781791132e+00 1.0892057152e+00 -1.7088236422e-01 )	( -2.6779624187e+00 1.0920770676e+00 -1.4659153591e-01 )	( -2.1669446544e-04 -2.8713524912e-03 -2.4290828312e-02 )
179              	( -2.6783068630e+00 1.0892428715e+00 -1.7087061488e-01 )	( -2.6780901494e+00 1.0921142820e+00 -1.4657944516e-01 )	( -2.1671356862e-04 -2.8714104979e-03 -2.4291169721e-02 )
180              	( -2.6784308209e+00 1.0892788009e+00 -1.7085901337e-01 )	( -2.6782140874e+00 1.0921502669e+00 -1.4656751328e-01 )	( -2.1673346698e-04 -2.8714660277e-03 -2.4291500095e-02 )
181              	( -2.6785510205e+00 1.0893135182e+00 -1.7084759043e-01 )	( -2.6783342664e+00 1.0921850374e+00 -1.4655577047e-01 )	( -2.1675404754e-04 -2.8715192195e-03 -2.4291819959e-02 )
182              	( -2.6786675223e+00 1.0893470509e+00 -1.7083637001e-01 )	( -2.6784507471e+00 1.0922186211e+00 -1.4654424022e-01 )	( -2.1677519479e-04 -2.8715702068e-03 -2.4292129788e-02 )
183              	( -2.6787803896e+00 1.0893794263e+00 -1.7082536578e-01 )	( -2.6785635928e+00 1.0922510454e+00 -1.4653293576e-01 )	( -2.1679678602e-04 -2.8716191169e-03 -2.4292430021e-02 )
184              	( -2.6788896766e+00 1.0894106684e+00 -1.7081458882e-01 )	( -2.6786728579e+00 1.0922823345e+00 -1.4652186775e-01 )	( -2.1681869319e-04 -2.8716660710e-03 -2.4292721061e-02 )
185              	( -2.6789953874e+00 1.0894407831e+00 -1.7080404548e-01 )	( -2.6787785467e+00 1.0923124943e+00 -1.4651104222e-01 )	( -2.1684078494e-04 -2.8717111831e-03 -2.4293003263e-02 )
186              	( -2.6790975811e+00 1.0894698009e+00 -1.7079374844e-01 )	( -2.6788807181e+00 1.0923415555e+00 -1.4650047149e-01 )	( -2.1686293160e-04 -2.8717545622e-03 -2.4293276949e-02 )
187              	( -2.6791963071e+00 1.0894977479e+00 -1.7078370772e-01 )	( -2.6789794221e+00 1.0923695442e+00 -1.4649016530e-01 )	( -2.1688500950e-04 -2.8717963109e-03 -2.4293542417e-02 )
188              	( -2.6792916158e+00 1.0895246499e+00 -1.7077393290e-01 )	( -2.6790747089e+00 1.0923964864e+00 -1.4648013296e-01 )	( -2.1690690174e-04 -2.8718365264e-03 -2.4293799940e-02 )
189              	( -2.6793835603e+00 1.0895505327e+00 -1.7076443236e-01 )	( -2.6791666318e+00 1.0924224080e+00 -1.4647038258e-01 )	( -2.1692849928e-04 -2.8718753000e-03 -2.4294049773e-02 )
190              	( -2.6794721933e+00 1.0895754215e+00 -1.7075521292e-01 )	( -2.6792552436e+00 1.0924473342e+00 -1.4646092077e-01 )	( -2.1694970192e-04 -2.8719127169e-03 -2.4294292153e-02 )
191              	( -2.6795575736e+00 1.0895993428e+00 -1.7074628083e-01 )	( -2.6793406032e+00 1.0924712916e+00 -1.4645175353e-01 )	( -2.1697041846e-04 -2.8719488571e-03 -2.4294527302e-02 )
192              	( -2.6796397641e+00 1.0896223242e+00 -1.7073764127e-01 )	( -2.6794227735e+00 1.0924943080e+00 -1.4644288584e-01 )	( -2.1699056699e-04 -2.8719837948e-03 -2.4294755431e-02 )
193              	( -2.6797188282e+00 1.0896443928e+00 -1.7072929827e-01 )	( -2.6795018182e+00 1.0925164104e+00 -1.4643432153e-01 )	( -2.1701007479e-04 -2.8720175986e-03 -2.4294976736e-02 )
194              	( -2.6797948341e+00 1.0896655765e+00 -1.7072125490e-01 )	( -2.6795778052e+00 1.0925376268e+00 -1.4642606350e-01 )	( -2.1702887811e-04 -2.8720503323e-03 -2.4295191402e-02 )
195              	( -2.6798678520e+00 1.0896859032e+00 -1.7071351312e-01 )	( -2.6796508051e+00 1.0925579852e+00 -1.4641811352e-01 )	( -2.1704692224e-04 -2.8720820541e-03 -2.4295399598e-02 )
196              	( -2.6799379552e+00 1.0897054011e+00 -1.7070607372e-01 )	( -2.6797208911e+00 1.0925775139e+00 -1.4641047223e-01 )	( -2.1706416128e-04 -2.8721128176e-03 -2.4295601484e-02 )
197              	( -2.6800052200e+00 1.0897240986e+00 -1.7069893635e-01 )	( -2.6797881395e+00 1.0925962413e+00 -1.4640313914e-01 )	( -2.1708055802e-04 -2.8721426714e-03 -2.4295797209e-02 )
198              	( -2.6800697250e+00 1.0897420240e+00 -1.7069209955e-01 )	( -2.6798526289e+00 1.0926141957e+00 -1.4639611264e-01 )	( -2.1709608369e-04 -2.8721716596e-03 -2.4295986911e-02 )
199              	( -2.6801315515e+00 1.0897592058e+00 -1.7068556066e-01 )	( -2.6799144408e+00 1.0926314056e+00 -1.4638938994e-01 )	( -2.1711071777e-04 -2.8721998219e-03 -2.4296170721e-02 )
200              	( -2.6801907822e+00 1.0897756719e+00 -1.7067931606e-01 )	( -2.6799736577e+00 1.0926478991e+00 -1.4638296730e-01 )	( -2.1712444757e-04 -2.8722271942e-03 -2.4296348764e-02 )
201              	( -2.6802475015e+00 1.0897914504e+00 -1.7067336103e-01 )	( -2.6800303643e+00 1.0926637042e+00 -1.4637683987e-01 )	( -2.1713726789e-04 -2.8722538085e-03 -2.4296521159e-02 )
202              	( -2.6803017963e+00 1.0898065692e+00 -1.7066768988e-01 )	( -2.6800846471e+00 1.0926788489e+00 -1.4637100186e-01 )	( -2.1714918060e-04 -2.8722796932e-03 -2.4296688021e-02 )
203              	( -2.6803537547e+00 1.0898210560e+00 -1.7066229596e-01 )	( -2.6801365945e+00 1.0926933608e+00 -1.4636544650e-01 )	( -2.1716019417e-04 -2.8723048738e-03 -2.4296849461e-02 )
204              	( -2.6804034652e+00 1.0898349380e+00 -1.7065717187e-01 )	( -2.6801862949e+00 1.0927072674e+00 -1.4636016628e-01 )	( -2.1717032321e-04 -2.8723293728e-03 -2.4297005591e-02 )
205              	( -2.6804510170e+00 1.0898482420e+00 -1.7065230952e-01 )	( -2.6802338374e+00 1.0927205952e+00 -1.4635515300e-01 )	( -2.1717958781e-04 -2.8723532103e-03 -2.4297156520e-02 )
206              	( -2.6804964985e+00 1.0898609943e+00 -1.7064770027e-01 )	( -2.6802793105e+00 1.0927333707e+00 -1.4635039792e-01 )	( -2.1718801310e-04 -2.8723764039e-03 -2.4297302356e-02 )
207              	( -2.6805399977e+00 1.0898732201e+00 -1.7064333494e-01 )	( -2.6803228021e+00 1.0927456190e+00 -1.4634589173e-01 )	( -2.1719562846e-04 -2.8723989693e-03 -2.4297443207e-02 )
208              	( -2.6805816012e+00 1.0898849441e+00 -1.7063920410e-01 )	( -2.6803643987e+00 1.0927573650e+00 -1.4634162492e-01 )	( -2.1720246701e-04 -2.8724209204e-03 -2.4297579183e-02 )
209              	( -2.6806213952e+00 1.0898961905e+00 -1.7063529780e-01 )	( -2.6804041867e+00 1.0927686328e+00 -1.4633758740e-01 )	( -2.1720856495e-04 -2.8724422697e-03 -2.4297710393e-02 )
210              	( -2.6806594633e+00 1.0899069824e+00 -1.7063160614e-01 )	( -2.6804422493e+00 1.0927794455e+00 -1.4633376919e-01 )	( -2.1721396107e-04 -2.8724630281e-03 -2.4297836948e-02 )
211              	( -2.6806958864e+00 1.0899173417e+00 -1.7062811908e-01 )	( -2.6804786677e+00 1.0927898249e+00 -1.4633016012e-01 )	( -2.1721869604e-04 -2.8724832059e-03 -2.4297958960e-02 )
212              	( -2.6807307432e+00 1.0899272892e+00 -1.7062482647e-01 )	( -2.6805135204e+00 1.0927997921e+00 -1.4632674993e-01 )	( -2.1722281181e-04 -2.8725028121e-03 -2.4298076540e-02 )
213              	( -2.6807641094e+00 1.0899368450e+00 -1.7062171826e-01 )	( -2.6805468831e+00 1.0928093669e+00 -1.4632352845e-01 )	( -2.1722635120e-04 -2.8725218553e-03 -2.4298189803e-02 )
214              	( -2.6807960590e+00 1.0899460283e+00 -1.7061878431e-01 )	( -2.6805788296e+00 1.0928185686e+00 -1.4632048544e-01 )	( -2.1722935745e-04 -2.8725403435e-03 -2.4298298863e-02 )
215              	( -2.6808266630e+00 1.0899548573e+00 -1.7061601475e-01 )	( -2.6806094311e+00 1.0928274156e+00 -1.4631761091e-01 )	( -2.1723187382e-04 -2.8725582842e-03 -2.4298403834e-02 )
216              	( -2.6808559900e+00 1.0899633495e+00 -1.7061339989e-01 )	( -2.6806387561e+00 1.0928359252e+00 -1.4631489506e-01 )	( -2.1723394325e-04 -2.8725756849e-03 -2.4298504832e-02 )
217              	( -2.6808841062e+00 1.0899715215e+00 -1.7061093028e-01 )	( -2.6806668706e+00 1.0928441141e+00 -1.4631232831e-01 )	( -2.1723560802e-04 -2.8725925527e-03 -2.4298601973e-02 )
218              	( -2.6809110750e+00 1.0899793893e+00 -1.7060859662e-01 )	( -2.6806938381e+00 1.0928519982e+00 -1.4630990125e-01 )	( -2.1723690944e-04 -2.8726088949e-03 -2.4298695370e-02 )
219              	( -2.6809369576e+00 1.0899869680e+00 -1.7060638987e-01 )	( -2.6807197197e+00 1.0928595927e+00 -1.4630760473e-01 )	( -2.1723788785e-04 -2.8726247187e-03 -2.4298785142e-02 )
220              	( -2.6809618119e+00 1.0899942717e+00 -1.7060430133e-01 )	( -2.6807445733e+00 1.0928669118e+00 -1.4630542992e-01 )	( -2.1723858227e-04 -2.8726400316e-03 -2.4298871404e-02 )
221              	( -2.6809856934e+00 1.0900013140e+00 -1.7060232252e-01 )	( -2.6807684543e+00 1.0928739689e+00 -1.4630336825e-01 )	( -2.1723903020e-04 -2.8726548410e-03 -2.4298954272e-02 )
222              	( -2.6810086547e+00 1.0900081075e+00 -1.7060044536e-01 )	( -2.6807914155e+00 1.0928807767e+00 -1.4630141150e-01 )	( -2.1723926746e-04 -2.8726691547e-03 -2.4299033860e-02 )
223              	( -2.6810307458e+00 1.0900146642e+00 -1.7059866208e-01 )	( -2.6808135064e+00 1.0928873472e+00 -1.4629955180e-01 )	( -2.1723932806e-04 -2.8726829809e-03 -2.4299110284e-02 )
224              	( -2.6810520136e+00 1.0900209952e+00 -1.7059696530e-01 )	( -2.6808347744e+00 1.0928936915e+00 -1.4629778164e-01 )	( -2.1723924405e-04 -2.8726963278e-03 -2.4299183656e-02 )
225              	( -2.6810725026e+00 1.0900271109e+00 -1.7059534803e-01 )	( -2.6808552636e+00 1.0928998201e+00 -1.4629609394e-01 )	( -2.1723904547e-04 -2.8727092042e-03 -2.4299254087e-02 )
226              	( -2.6810922544e+00 1.0900330211e+00 -1.7059380373e-01 )	( -2.6808750156e+00 1.0929057428e+00 -1.4629448204e-01 )	( -2.1723876020e-04 -2.8727216190e-03 -2.4299321689e-02 )
227              	( -2.6811113180e+00 1.0900387375e+00 -1.7059232561e-01 )	( -2.6808940796e+00 1.0929114711e+00 -1.4629293903e-01 )	( -2.1723840371e-04 -2.8727335824e-03 -2.4299386573e-02 )
228              	( -2.6811299177e+00 1.0900443237e+00 -1.7059092078e-01 )	( -2.6809126801e+00 1.0929170687e+00 -1.4629147255e-01 )	( -2.1723762061e-04 -2.8727450740e-03 -2.4299448233e-02 )
229              	( -2.6811478481e+00 1.0900497195e+00 -1.7058958544e-01 )	( -2.6809306117e+00 1.0929224756e+00 -1.4629007887e-01 )	( -2.1723635204e-04 -2.8727560915e-03 -2.4299506567e-02 )
230              	( -2.6811649682e+00 1.0900548872e+00 -1.7058830980e-01 )	( -2.6809477334e+00 1.0929276538e+00 -1.4628874784e-01 )	( -2.1723484688e-04 -2.8727666562e-03 -2.4299561951e-02 )
231              	( -2.6811814432e+00 1.0900598719e+00 -1.7058708497e-01 )	( -2.6809642099e+00 1.0929326486e+00 -1.4628747036e-01 )	( -2.1723322819e-04 -2.8727767835e-03 -2.4299614616e-02 )
232              	( -2.6811973509e+00 1.0900646894e+00 -1.7058590036e-01 )	( -2.6809801193e+00 1.0929374759e+00 -1.4628623560e-01 )	( -2.1723158166e-04 -2.8727864865e-03 -2.4299664758e-02 )
233              	( -2.6812127343e+00 1.0900693492e+00 -1.7058475034e-01 )	( -2.6809955044e+00 1.0929421449e+00 -1.4628503780e-01 )	( -2.1722996767e-04 -2.8727957769e-03 -2.4299712543e-02 )
234              	( -2.6812276239e+00 1.0900738585e+00 -1.7058363152e-01 )	( -2.6810103954e+00 1.0929466631e+00 -1.4628387341e-01 )	( -2.1722842829e-04 -2.8728046652e-03 -2.4299758109e-02 )
235              	( -2.6812420436e+00 1.0900782235e+00 -1.7058254143e-01 )	( -2.6810248166e+00 1.0929510366e+00 -1.4628273985e-01 )	( -2.1722699173e-04 -2.8728131626e-03 -2.4299801580e-02 )
236              	( -2.6812560138e+00 1.0900824495e+00 -1.7058147799e-01 )	( -2.6810387881e+00 1.0929552708e+00 -1.4628163492e-01 )	( -2.1722567624e-04 -2.8728212801e-03 -2.4299843065e-02 )
237              	( -2.6812695569e+00 1.0900865422e+00 -1.7058043951e-01 )	( -2.6810523324e+00 1.0929593713e+00 -1.4628055684e-01 )	( -2.1722449396e-04 -2.8728290290e-03 -2.4299882669e-02 )
238              	( -2.6812826810e+00 1.0900905039e+00 -1.7057942418e-01 )	( -2.6810654576e+00 1.0929633403e+00 -1.4627950370e-01 )	( -2.1722345154e-04 -2.8728364207e-03 -2.4299920483e-02 )
239              	( -2.6812954028e+00 1.0900943388e+00 -1.7057843057e-01 )	( -2.6810781802e+00 1.0929671823e+00 -1.4627847398e-01 )	( -2.1722255263e-04 -2.8728434665e-03 -2.4299956592e-02 )
240              	( -2.6813077338e+00 1.0900980498e+00 -1.7057745823e-01 )	( -2.6810905120e+00 1.0929709000e+00 -1.4627746715e-01 )	( -2.1722179907e-04 -2.8728501780e-03 -2.4299991081e-02 )
241              	( -2.6813196992e+00 1.0901016448e+00 -1.7057650418e-01 )	( -2.6811024780e+00 1.0929745014e+00 -1.4627648015e-01 )	( -2.1722119164e-04 -2.8728565663e-03 -2.4300024026e-02 )
242              	( -2.6813312975e+00 1.0901051219e+00 -1.7057556859e-01 )	( -2.6811140767e+00 1.0929779845e+00 -1.4627551309e-01 )	( -2.1722072970e-04 -2.8728626432e-03 -2.4300055506e-02 )
243              	( -2.6813425441e+00 1.0901084859e+00 -1.7057465045e-01 )	( -2.6811253237e+00 1.0929813543e+00 -1.4627456485e-01 )	( -2.1722041046e-04 -2.8728684207e-03 -2.4300085594e-02 )
244              	( -2.6813534497e+00 1.0901117398e+00 -1.7057374873e-01 )	( -2.6811362295e+00 1.0929846137e+00 -1.4627363437e-01 )	( -2.1722023017e-04 -2.8728739108e-03 -2.4300114361e-02 )
245              	( -2.6813640238e+00 1.0901148863e+00 -1.7057286274e-01 )	( -2.6811468036e+00 1.0929877654e+00 -1.4627272087e-01 )	( -2.1722018378e-04 -2.8728791258e-03 -2.4300141875e-02 )
246              	( -2.6813742783e+00 1.0901179290e+00 -1.7057199131e-01 )	( -2.6811570581e+00 1.0929908131e+00 -1.4627182311e-01 )	( -2.1722026529e-04 -2.8728840778e-03 -2.4300168199e-02 )
247              	( -2.6813842104e+00 1.0901208666e+00 -1.7057113582e-01 )	( -2.6811669899e+00 1.0929937554e+00 -1.4627094241e-01 )	( -2.1722046737e-04 -2.8728887797e-03 -2.4300193401e-02 )
248              	( -2.6813938380e+00 1.0901237053e+00 -1.7057029472e-01 )	( -2.6811766172e+00 1.0929965986e+00 -1.4627007718e-01 )	( -2.1722078168e-04 -2.8728932437e-03 -2.4300217538e-02 )
249              	( -2.6814031640e+00 1.0901264459e+00 -1.7056946802e-01 )	( -2.6811859428e+00 1.0929993433e+00 -1.4626922736e-01 )	( -2.1722119994e-04 -2.8728974819e-03 -2.4300240667e-02 )
250              	( -2.6814121947e+00 1.0901290903e+00 -1.7056865588e-01 )	( -2.6811949730e+00 1.0930019918e+00 -1.4626839304e-01 )	( -2.1722171307e-04 -2.8729015065e-03 -2.4300262842e-02 )
251              	( -2.6814209359e+00 1.0901316408e+00 -1.7056785841e-01 )	( -2.6812037136e+00 1.0930045461e+00 -1.4626757430e-01 )	( -2.1722231172e-04 -2.8729053293e-03 -2.4300284113e-02 )
252              	( -2.6814293931e+00 1.0901340994e+00 -1.7056707579e-01 )	( -2.6812121701e+00 1.0930070084e+00 -1.4626677126e-01 )	( -2.1722298637e-04 -2.8729089617e-03 -2.4300304530e-02 )
253              	( -2.6814375720e+00 1.0901364682e+00 -1.7056630831e-01 )	( -2.6812203483e+00 1.0930093806e+00 -1.4626598417e-01 )	( -2.1722372753e-04 -2.8729124149e-03 -2.4300324137e-02 )
254              	( -2.6814454778e+00 1.0901387494e+00 -1.7056555625e-01 )	( -2.6812282533e+00 1.0930116651e+00 -1.4626521328e-01 )	( -2.1722452584e-04 -2.8729156996e-03 -2.4300342977e-02 )
255              	( -2.6814531158e+00 1.0901409451e+00 -1.7056481999e-01 )	( -2.6812358905e+00 1.0930138639e+00 -1.4626445891e-01 )	( -2.1722537217e-04 -2.8729188260e-03 -2.4300361089e-02 )
256              	( -2.6814604914e+00 1.0901430574e+00 -1.7056409990e-01 )	( -2.6812432651e+00 1.0930159792e+00 -1.4626372139e-01 )	( -2.1722625774e-04 -2.8729218039e-03 -2.4300378509e-02 )
257              	( -2.6814676098e+00 1.0901450887e+00 -1.7056339637e-01 )	( -2.6812503826e+00 1.0930180133e+00 -1.4626300110e-01 )	( -2.1722717420e-04 -2.8729246425e-03 -2.4300395273e-02 )
258              	( -2.6814744765e+00 1.0901470411e+00 -1.7056270980e-01 )	( -2.6812572484e+00 1.0930199685e+00 -1.4626229839e-01 )	( -2.1722811365e-04 -2.8729273505e-03 -2.4300411412e-02 )
259              	( -2.6814810969e+00 1.0901489171e+00 -1.7056204057e-01 )	( -2.6812638679e+00 1.0930218470e+00 -1.4626161362e-01 )	( -2.1722906872e-04 -2.8729299360e-03 -2.4300426955e-02 )
260              	( -2.6814874766e+00 1.0901507188e+00 -1.7056138904e-01 )	( -2.6812702466e+00 1.0930236512e+00 -1.4626094711e-01 )	( -2.1723003255e-04 -2.8729324067e-03 -2.4300441930e-02 )
261              	( -2.6814936211e+00 1.0901524487e+00 -1.7056075554e-01 )	( -2.6812763901e+00 1.0930253834e+00 -1.4626029918e-01 )	( -2.1723099886e-04 -2.8729347696e-03 -2.4300456362e-02 )
262              	( -2.6814995360e+00 1.0901541089e+00 -1.7056014036e-01 )	( -2.6812823040e+00 1.0930270459e+00 -1.4625967008e-01 )	( -2.1723196187e-04 -2.8729370315e-03 -2.4300470274e-02 )
263              	( -2.6815052268e+00 1.0901557018e+00 -1.7055954372e-01 )	( -2.6812879939e+00 1.0930286410e+00 -1.4625906003e-01 )	( -2.1723291637e-04 -2.8729391984e-03 -2.4300483689e-02 )
264              	( -2.6815106993e+00 1.0901572296e+00 -1.7055896582e-01 )	( -2.6812934655e+00 1.0930301709e+00 -1.4625846919e-01 )	( -2.1723385762e-04 -2.8729412760e-03 -2.4300496626e-02 )
265              	( -2.6815159591e+00 1.0901586945e+00 -1.7055840678e-01 )	( -2.6812987243e+00 1.0930316378e+00 -1.4625789768e-01 )	( -2.1723478141e-04 -2.8729432697e-03 -2.4300509105e-02 )
266              	( -2.6815210119e+00 1.0901600987e+00 -1.7055786668e-01 )	( -2.6813037762e+00 1.0930330438e+00 -1.4625734554e-01 )	( -2.1723568398e-04 -2.8729451845e-03 -2.4300521142e-02 )
267              	( -2.6815258633e+00 1.0901614442e+00 -1.7055734554e-01 )	( -2.6813086268e+00 1.0930343912e+00 -1.4625681279e-01 )	( -2.1723656203e-04 -2.8729470248e-03 -2.4300532755e-02 )
268              	( -2.6815305191e+00 1.0901627331e+00 -1.7055684332e-01 )	( -2.6813132817e+00 1.0930356819e+00 -1.4625629936e-01 )	( -2.1723741269e-04 -2.8729487950e-03 -2.4300543958e-02 )
269              	( -2.6815349849e+00 1.0901639676e+00 -1.7055635994e-01 )	( -2.6813177467e+00 1.0930369181e+00 -1.4625580518e-01 )	( -2.1723823351e-04 -2.8729504989e-03 -2.4300554767e-02 )
270              	( -2.6815392665e+00 1.0901651496e+00 -1.7055589527e-01 )	( -2.6813220274e+00 1.0930381017e+00 -1.4625533008e-01 )	( -2.1723902243e-04 -2.8729521402e-03 -2.4300565195e-02 )
271              	( -2.6815433695e+00 1.0901662810e+00 -1.7055544911e-01 )	( -2.6813261297e+00 1.0930392347e+00 -1.4625487385e-01 )	( -2.1723977775e-04 -2.8729537224e-03 -2.4300575256e-02 )
272              	( -2.6815472997e+00 1.0901673638e+00 -1.7055502121e-01 )	( -2.6813300592e+00 1.0930403191e+00 -1.4625443625e-01 )	( -2.1724049814e-04 -2.8729552484e-03 -2.4300584961e-02 )
273              	( -2.6815510627e+00 1.0901683999e+00 -1.7055461131e-01 )	( -2.6813338216e+00 1.0930413567e+00 -1.4625401699e-01 )	( -2.1724118261e-04 -2.8729567212e-03 -2.4300594322e-02 )
274              	( -2.6815546642e+00 1.0901693911e+00 -1.7055421909e-01 )	( -2.6813374224e+00 1.0930423493e+00 -1.4625361574e-01 )	( -2.1724183046e-04 -2.8729581434e-03 -2.4300603350e-02 )
275              	( -2.6815581099e+00 1.0901703393e+00 -1.7055384419e-01 )	( -2.6813408674e+00 1.0930432988e+00 -1.4625323213e-01 )	( -2.1724244130e-04 -2.8729595174e-03 -2.4300612057e-02 )
276              	( -2.6815614052e+00 1.0901712461e+00 -1.7055348623e-01 )	( -2.6813441622e+00 1.0930442069e+00 -1.4625286577e-01 )	( -2.1724301502e-04 -2.8729608456e-03 -2.4300620451e-02 )
277              	( -2.6815645558e+00 1.0901721133e+00 -1.7055314479e-01 )	( -2.6813473122e+00 1.0930450754e+00 -1.4625251624e-01 )	( -2.1724355174e-04 -2.8729621298e-03 -2.4300628544e-02 )
278              	( -2.6815675672e+00 1.0901729426e+00 -1.7055281943e-01 )	( -2.6813503232e+00 1.0930459060e+00 -1.4625218308e-01 )	( -2.1724405183e-04 -2.8729633722e-03 -2.4300636343e-02 )
279              	( -2.6815704449e+00 1.0901737357e+00 -1.7055250968e-01 )	( -2.6813532004e+00 1.0930467002e+00 -1.4625186582e-01 )	( -2.1724451589e-04 -2.8729645743e-03 -2.4300643859e-02 )
280              	( -2.6815731943e+00 1.0901744941e+00 -1.7055221504e-01 )	( -2.6813559493e+00 1.0930474598e+00 -1.4625156394e-01 )	( -2.1724494467e-04 -2.8729657377e-03 -2.4300651101e-02 )
281              	( -2.6815758198e+00 1.0901752192e+00 -1.7055193524e-01 )	( -2.6813585745e+00 1.0930481861e+00 -1.4625127716e-01 )	( -2.1724533907e-04 -2.8729668641e-03 -2.4300658076e-02 )
282              	( -2.6815783292e+00 1.0901759132e+00 -1.7055166914e-01 )	( -2.6813610835e+00 1.0930488812e+00 -1.4625100435e-01 )	( -2.1724570024e-04 -2.8729679545e-03 -2.4300664793e-02 )
283              	( -2.6815807250e+00 1.0901765768e+00 -1.7055141670e-01 )	( -2.6813634790e+00 1.0930495458e+00 -1.4625074544e-01 )	( -2.1724602948e-04 -2.8729690104e-03 -2.4300671259e-02 )
284              	( -2.6815830131e+00 1.0901772117e+00 -1.7055117732e-01 )	( -2.6813657668e+00 1.0930501818e+00 -1.4625049984e-01 )	( -2.1724632803e-04 -2.8729700327e-03 -2.4300677483e-02 )
285              	( -2.6815851984e+00 1.0901778193e+00 -1.7055095040e-01 )	( -2.6813679518e+00 1.0930507903e+00 -1.4625026693e-01 )	( -2.1724659734e-04 -2.8729710227e-03 -2.4300683473e-02 )
286              	( -2.6815872857e+00 1.0901784009e+00 -1.7055073539e-01 )	( -2.6813700389e+00 1.0930513729e+00 -1.4625004615e-01 )	( -2.1724683890e-04 -2.8729719812e-03 -2.4300689234e-02 )
287              	( -2.6815892795e+00 1.0901789577e+00 -1.7055053173e-01 )	( -2.6813720325e+00 1.0930519306e+00 -1.4624983695e-01 )	( -2.1724705428e-04 -2.8729729091e-03 -2.4300694776e-02 )
288              	( -2.6815911845e+00 1.0901794909e+00 -1.7055033888e-01 )	( -2.6813739372e+00 1.0930524647e+00 -1.4624963877e-01 )	( -2.1724724508e-04 -2.8729738073e-03 -2.4300700104e-02 )
289              	( -2.6815930048e+00 1.0901800017e+00 -1.7055015630e-01 )	( -2.6813757573e+00 1.0930529764e+00 -1.4624945107e-01 )	( -2.1724741293e-04 -2.8729746765e-03 -2.4300705226e-02 )
290              	( -2.6815947446e+00 1.0901804912e+00 -1.7054998345e-01 )	( -2.6813774971e+00 1.0930534668e+00 -1.4624927330e-01 )	( -2.1724755948e-04 -2.8729755175e-03 -2.4300710148e-02 )
291              	( -2.6815964082e+00 1.0901809606e+00 -1.7054981981e-01 )	( -2.6813791605e+00 1.0930539369e+00 -1.4624910493e-01 )	( -2.1724768636e-04 -2.8729763310e-03 -2.4300714877e-02 )
292              	( -2.6815979992e+00 1.0901814107e+00 -1.7054966485e-01 )	( -2.6813807514e+00 1.0930543878e+00 -1.4624894543e-01 )	( -2.1724779521e-04 -2.8729771176e-03 -2.4300719420e-02 )
293              	( -2.6815995215e+00 1.0901818425e+00 -1.7054951808e-01 )	( -2.6813822736e+00 1.0930548204e+00 -1.4624879430e-01 )	( -2.1724788763e-04 -2.8729778779e-03 -2.4300723782e-02 )
294              	( -2.6816009786e+00 1.0901822571e+00 -1.7054937902e-01 )	( -2.6813837306e+00 1.0930552357e+00 -1.4624865105e-01 )	( -2.1724796518e-04 -2.8729786126e-03 -2.4300727970e-02 )
295              	( -2.6816023739e+00 1.0901826551e+00 -1.7054924719e-01 )	( -2.6813851259e+00 1.0930556344e+00 -1.4624851520e-01 )	( -2.1724802939e-04 -2.8729793222e-03 -2.4300731991e-02 )
296              	( -2.6816037106e+00 1.0901830375e+00 -1.7054912214e-01 )	( -2.6813864625e+00 1.0930560175e+00 -1.4624838629e-01 )	( -2.1724808174e-04 -2.8729800073e-03 -2.4300735849e-02 )
297              	( -2.6816049919e+00 1.0901834050e+00 -1.7054900343e-01 )	( -2.6813877437e+00 1.0930563857e+00 -1.4624826388e-01 )	( -2.1724812363e-04 -2.8729806685e-03 -2.4300739551e-02 )
298              	( -2.6816062206e+00 1.0901837584e+00 -1.7054889065e-01 )	( -2.6813889724e+00 1.0930567397e+00 -1.4624814755e-01 )	( -2.1724815643e-04 -2.8729813062e-03 -2.4300743103e-02 )
299              	( -2.6816073996e+00 1.0901840983e+00 -1.7054878340e-01 )	( -2.6813901514e+00 1.0930570802e+00 -1.4624803689e-01 )	( -2.1724818140e-04 -2.8729819211e-03 -2.4300746510e-02 )
300              	( -2.6816085314e+00 1.0901844254e+00 -1.7054868129e-01 )	( -2.6813912832e+00 1.0930574079e+00 -1.4624793152e-01 )	( -2.1724819977e-04 -2.8729825137e-03 -2.4300749777e-02 )
301              	( -2.6816096186e+00 1.0901847403e+00 -1.7054858398e-01 )	( -2.6813923704e+00 1.0930577234e+00 -1.4624783107e-01 )	( -2.1724821267e-04 -2.8729830844e-03 -2.4300752910e-02 )
302              	( -2.6816106635e+00 1.0901850437e+00 -1.7054849113e-01 )	( -2.6813934153e+00 1.0930580273e+00 -1.4624773521e-01 )	( -2.1724822115e-04 -2.8729836339e-03 -2.4300755914e-02 )
303              	( -2.6816116683e+00 1.0901853359e+00 -1.7054840241e-01 )	( -2.6813944200e+00 1.0930583201e+00 -1.4624764361e-01 )	( -2.1724822620e-04 -2.8729841626e-03 -2.4300758795e-02 )
304              	( -2.6816126350e+00 1.0901856176e+00 -1.7054831752e-01 )	( -2.6813953868e+00 1.0930586022e+00 -1.4624755597e-01 )	( -2.1724822872e-04 -2.8729846711e-03 -2.4300761556e-02 )
305              	( -2.6816135657e+00 1.0901858891e+00 -1.7054823619e-01 )	( -2.6813963174e+00 1.0930588743e+00 -1.4624747199e-01 )	( -2.1724822952e-04 -2.8729851599e-03 -2.4300764203e-02 )
306              	( -2.6816144620e+00 1.0901861510e+00 -1.7054815816e-01 )	( -2.6813972138e+00 1.0930591367e+00 -1.4624739142e-01 )	( -2.1724822935e-04 -2.8729856296e-03 -2.4300766740e-02 )
307              	( -2.6816153258e+00 1.0901864037e+00 -1.7054808319e-01 )	( -2.6813980775e+00 1.0930593898e+00 -1.4624731402e-01 )	( -2.1724822888e-04 -2.8729860806e-03 -2.4300769173e-02 )
308              	( -2.6816161585e+00 1.0901866475e+00 -1.7054801105e-01 )	( -2.6813989103e+00 1.0930596340e+00 -1.4624723954e-01 )	( -2.1724822869e-04 -2.8729865135e-03 -2.4300771504e-02 )
309              	( -2.6816169617e+00 1.0901868828e+00 -1.7054794154e-01 )	( -2.6813997135e+00 1.0930598698e+00 -1.4624716780e-01 )	( -2.1724822930e-04 -2.8729869288e-03 -2.4300773739e-02 )
310              	( -2.6816177368e+00 1.0901871100e+00 -1.7054787447e-01 )	( -2.6814004885e+00 1.0930600974e+00 -1.4624709859e-01 )	( -2.1724823115e-04 -2.8729873271e-03 -2.4300775882e-02 )
311              	( -2.6816184849e+00 1.0901873294e+00 -1.7054780967e-01 )	( -2.6814012367e+00 1.0930603171e+00 -1.4624703173e-01 )	( -2.1724823463e-04 -2.8729877089e-03 -2.4300777936e-02 )
312              	( -2.6816192074e+00 1.0901875412e+00 -1.7054774698e-01 )	( -2.6814019592e+00 1.0930605293e+00 -1.4624696708e-01 )	( -2.1724824005e-04 -2.8729880748e-03 -2.4300779906e-02 )
313              	( -2.6816199053e+00 1.0901877458e+00 -1.7054768627e-01 )	( -2.6814026571e+00 1.0930607342e+00 -1.4624690448e-01 )	( -2.1724824767e-04 -2.8729884252e-03 -2.4300781795e-02 )
314              	( -2.6816205796e+00 1.0901879434e+00 -1.7054762740e-01 )	( -2.6814033314e+00 1.0930609321e+00 -1.4624684380e-01 )	( -2.1724825768e-04 -2.8729887607e-03 -2.4300783606e-02 )
315              	( -2.6816212314e+00 1.0901881342e+00 -1.7054757027e-01 )	( -2.6814039831e+00 1.0930611233e+00 -1.4624678493e-01 )	( -2.1724827022e-04 -2.8729890819e-03 -2.4300785344e-02 )
316              	( -2.6816218614e+00 1.0901883186e+00 -1.7054751476e-01 )	( -2.6814046131e+00 1.0930613079e+00 -1.4624672775e-01 )	( -2.1724828540e-04 -2.8729893891e-03 -2.4300787010e-02 )
317              	( -2.6816224705e+00 1.0901884966e+00 -1.7054746080e-01 )	( -2.6814052222e+00 1.0930614863e+00 -1.4624667219e-01 )	( -2.1724830326e-04 -2.8729896831e-03 -2.4300788610e-02 )
318              	( -2.6816230595e+00 1.0901886686e+00 -1.7054740829e-01 )	( -2.6814058111e+00 1.0930616585e+00 -1.4624661815e-01 )	( -2.1724832381e-04 -2.8729899642e-03 -2.4300790144e-02 )
319              	( -2.6816236290e+00 1.0901888346e+00 -1.7054735717e-01 )	( -2.6814063807e+00 1.0930618248e+00 -1.4624656556e-01 )	( -2.1724834702e-04 -2.8729902329e-03 -2.4300791617e-02 )
320              	( -2.6816241798e+00 1.0901889950e+00 -1.7054730739e-01 )	( -2.6814069314e+00 1.0930619854e+00 -1.4624651436e-01 )	( -2.1724837283e-04 -2.8729904899e-03 -2.4300793031e-02 )
321              	( -2.6816247124e+00 1.0901891498e+00 -1.7054725888e-01 )	( -2.6814074640e+00 1.0930621405e+00 -1.4624646449e-01 )	( -2.1724840114e-04 -2.8729907355e-03 -2.4300794389e-02 )
322              	( -2.6816252274e+00 1.0901892992e+00 -1.7054721160e-01 )	( -2.6814079790e+00 1.0930622902e+00 -1.4624641591e-01 )	( -2.1724843184e-04 -2.8729909702e-03 -2.4300795694e-02 )
323              	( -2.6816257254e+00 1.0901894434e+00 -1.7054716552e-01 )	( -2.6814084770e+00 1.0930624346e+00 -1.4624636857e-01 )	( -2.1724846478e-04 -2.8729911945e-03 -2.4300796947e-02 )
324              	( -2.6816262069e+00 1.0901895826e+00 -1.7054712060e-01 )	( -2.6814089584e+00 1.0930625740e+00 -1.4624632245e-01 )	( -2.1724849981e-04 -2.8729914089e-03 -2.4300798151e-02 )
325              	( -2.6816266723e+00 1.0901897168e+00 -1.7054707682e-01 )	( -2.6814094238e+00 1.0930627084e+00 -1.4624627751e-01 )	( -2.1724853675e-04 -2.8729916138e-03 -2.4300799308e-02 )
326              	( -2.6816271221e+00 1.0901898463e+00 -1.7054703415e-01 )	( -2.6814098735e+00 1.0930628381e+00 -1.4624623373e-01 )	( -2.1724857541e-04 -2.8729918096e-03 -2.4300800420e-02 )
327              	( -2.6816275567e+00 1.0901899711e+00 -1.7054699258e-01 )	( -2.6814103081e+00 1.0930629631e+00 -1.4624619109e-01 )	( -2.1724861559e-04 -2.8729919968e-03 -2.4300801490e-02 )
328              	( -2.6816279765e+00 1.0901900915e+00 -1.7054695209e-01 )	( -2.6814107279e+00 1.0930630836e+00 -1.4624614957e-01 )	( -2.1724865708e-04 -2.8729921757e-03 -2.4300802519e-02 )
329              	( -2.6816283820e+00 1.0901902074e+00 -1.7054691266e-01 )	( -2.6814111333e+00 1.0930631997e+00 -1.4624610915e-01 )	( -2.1724869969e-04 -2.8729923468e-03 -2.4300803509e-02 )
330              	( -2.6816287734e+00 1.0901903191e+00 -1.7054687430e-01 )	( -2.6814115246e+00 1.0930633116e+00 -1.4624606983e-01 )	( -2.1724874319e-04 -2.8729925104e-03 -2.4300804462e-02 )
331              	( -2.6816291511e+00 1.0901904266e+00 -1.7054683698e-01 )	( -2.6814119023e+00 1.0930634193e+00 -1.4624603160e-01 )	( -2.1724878737e-04 -2.8729926669e-03 -2.4300805378e-02 )
332              	( -2.6816295155e+00 1.0901905302e+00 -1.7054680070e-01 )	( -2.6814122667e+00 1.0930635230e+00 -1.4624599444e-01 )	( -2.1724883204e-04 -2.8729928167e-03 -2.4300806261e-02 )
333              	( -2.6816298670e+00 1.0901906298e+00 -1.7054676546e-01 )	( -2.6814126181e+00 1.0930636227e+00 -1.4624595835e-01 )	( -2.1724887698e-04 -2.8729929601e-03 -2.4300807111e-02 )
334              	( -2.6816302058e+00 1.0901907256e+00 -1.7054673126e-01 )	( -2.6814129568e+00 1.0930637187e+00 -1.4624592333e-01 )	( -2.1724892199e-04 -2.8729930974e-03 -2.4300807929e-02 )
335              	( -2.6816305322e+00 1.0901908178e+00 -1.7054669808e-01 )	( -2.6814132832e+00 1.0930638110e+00 -1.4624588936e-01 )	( -2.1724896689e-04 -2.8729932289e-03 -2.4300808717e-02 )
336              	( -2.6816308466e+00 1.0901909063e+00 -1.7054666592e-01 )	( -2.6814135976e+00 1.0930638997e+00 -1.4624585645e-01 )	( -2.1724901149e-04 -2.8729933550e-03 -2.4300809476e-02 )
337              	( -2.6816311493e+00 1.0901909915e+00 -1.7054663478e-01 )	( -2.6814139003e+00 1.0930639849e+00 -1.4624582457e-01 )	( -2.1724905563e-04 -2.8729934758e-03 -2.4300810208e-02 )
338              	( -2.6816314407e+00 1.0901910732e+00 -1.7054660465e-01 )	( -2.6814141916e+00 1.0930640668e+00 -1.4624579374e-01 )	( -2.1724909913e-04 -2.8729935918e-03 -2.4300810913e-02 )
339              	( -2.6816317209e+00 1.0901911517e+00 -1.7054657552e-01 )	( -2.6814144717e+00 1.0930641454e+00 -1.4624576393e-01 )	( -2.1724914186e-04 -2.8729937031e-03 -2.4300811592e-02 )
340              	( -2.6816319903e+00 1.0901912271e+00 -1.7054654739e-01 )	( -2.6814147411e+00 1.0930642209e+00 -1.4624573514e-01 )	( -2.1724918367e-04 -2.8729938099e-03 -2.4300812247e-02 )
341              	( -2.6816322492e+00 1.0901912994e+00 -1.7054652024e-01 )	( -2.6814150000e+00 1.0930642933e+00 -1.4624570736e-01 )	( -2.1724922444e-04 -2.8729939125e-03 -2.4300812878e-02 )
342              	( -2.6816324980e+00 1.0901913688e+00 -1.7054649407e-01 )	( -2.6814152487e+00 1.0930643628e+00 -1.4624568059e-01 )	( -2.1724926405e-04 -2.8729940112e-03 -2.4300813486e-02 )
343              	( -2.6816327369e+00 1.0901914353e+00 -1.7054646886e-01 )	( -2.6814154875e+00 1.0930644294e+00 -1.4624565479e-01 )	( -2.1724930241e-04 -2.8729941061e-03 -2.4300814072e-02 )
344              	( -2.6816329661e+00 1.0901914991e+00 -1.7054644461e-01 )	( -2.6814157168e+00 1.0930644933e+00 -1.4624562997e-01 )	( -2.1724933944e-04 -2.8729941974e-03 -2.4300814637e-02 )
345              	( -2.6816331861e+00 1.0901915603e+00 -1.7054642129e-01 )	( -2.6814159367e+00 1.0930645546e+00 -1.4624560611e-01 )	( -2.1724937505e-04 -2.8729942852e-03 -2.4300815181e-02 )
346              	( -2.6816333970e+00 1.0901916189e+00 -1.7054639890e-01 )	( -2.6814161476e+00 1.0930646132e+00 -1.4624558319e-01 )	( -2.1724940918e-04 -2.8729943699e-03 -2.4300815706e-02 )
347              	( -2.6816335992e+00 1.0901916750e+00 -1.7054637741e-01 )	( -2.6814163498e+00 1.0930646694e+00 -1.4624556120e-01 )	( -2.1724944179e-04 -2.8729944514e-03 -2.4300816212e-02 )
348              	( -2.6816337930e+00 1.0901917288e+00 -1.7054635682e-01 )	( -2.6814165435e+00 1.0930647233e+00 -1.4624554012e-01 )	( -2.1724947285e-04 -2.8729945300e-03 -2.4300816700e-02 )
349              	( -2.6816339787e+00 1.0901917803e+00 -1.7054633709e-01 )	( -2.6814167292e+00 1.0930647749e+00 -1.4624551992e-01 )	( -2.1724950232e-04 -2.8729946058e-03 -2.4300817170e-02 )
350              	( -2.6816341565e+00 1.0901918296e+00 -1.7054631821e-01 )	( -2.6814169069e+00 1.0930648242e+00 -1.4624550059e-01 )	( -2.1724953020e-04 -2.8729946790e-03 -2.4300817622e-02 )
351              	( -2.6816343267e+00 1.0901918768e+00 -1.7054630016e-01 )	( -2.6814170771e+00 1.0930648715e+00 -1.4624548210e-01 )	( -2.1724955647e-04 -2.8729947496e-03 -2.4300818058e-02 )
352              	( -2.6816344896e+00 1.0901919220e+00 -1.7054628291e-01 )	( -2.6814172400e+00 1.0930649168e+00 -1.4624546443e-01 )	( -2.1724958115e-04 -2.8729948177e-03 -2.4300818479e-02 )
353              	( -2.6816346455e+00 1.0901919652e+00 -1.7054626645e-01 )	( -2.6814173959e+00 1.0930649601e+00 -1.4624544757e-01 )	( -2.1724960425e-04 -2.8729948835e-03 -2.4300818883e-02 )
354              	( -2.6816347947e+00 1.0901920067e+00 -1.7054625075e-01 )	( -2.6814175451e+00 1.0930650016e+00 -1.4624543148e-01 )	( -2.1724962580e-04 -2.8729949471e-03 -2.4300819273e-02 )
355              	( -2.6816349374e+00 1.0901920463e+00 -1.7054623578e-01 )	( -2.6814176878e+00 1.0930650413e+00 -1.4624541613e-01 )	( -2.1724964583e-04 -2.8729950085e-03 -2.4300819648e-02 )
356              	( -2.6816350738e+00 1.0901920842e+00 -1.7054622152e-01 )	( -2.6814178242e+00 1.0930650793e+00 -1.4624540151e-01 )	( -2.1724966436e-04 -2.8729950678e-03 -2.4300820010e-02 )
357              	( -2.6816352045e+00 1.0901921206e+00 -1.7054620796e-01 )	( -2.6814179548e+00 1.0930651158e+00 -1.4624538760e-01 )	( -2.1724968147e-04 -2.8729951252e-03 -2.4300820358e-02 )
358              	( -2.6816353291e+00 1.0901921554e+00 -1.7054619507e-01 )	( -2.6814180794e+00 1.0930651505e+00 -1.4624537437e-01 )	( -2.1724969719e-04 -2.8729951806e-03 -2.4300820693e-02 )
359              	( -2.6816354486e+00 1.0901921887e+00 -1.7054618273e-01 )	( -2.6814181989e+00 1.0930651840e+00 -1.4624536171e-01 )	( -2.1724971156e-04 -2.8729952342e-03 -2.4300821015e-02 )
360              	( -2.6816355626e+00 1.0901922206e+00 -1.7054617110e-01 )	( -2.6814183128e+00 1.0930652159e+00 -1.4624534978e-01 )	( -2.1724972466e-04 -2.8729952860e-03 -2.4300821325e-02 )
361              	( -2.6816356719e+00 1.0901922512e+00 -1.7054616000e-01 )	( -2.6814184222e+00 1.0930652465e+00 -1.4624533837e-01 )	( -2.1724973655e-04 -2.8729953361e-03 -2.4300821623e-02 )
