# Force          
# CofR           : ( 0.0000000000e+00 0.0000000000e+00 0.0000000000e+00 )
#                
# Time           	(total_x total_y total_z)	(pressure_x pressure_y pressure_z)	(viscous_x viscous_y viscous_z)
1                	( 5.4471743601e+00 0.0000000000e+00 9.2295191884e+00 )	( 5.3938940112e+00 0.0000000000e+00 9.2326283777e+00 )	( 5.3280348867e-02 0.0000000000e+00 -3.1091892684e-03 )
2                	( 1.8404921515e+00 0.0000000000e+00 -6.6085614923e-01 )	( 1.7898463620e+00 0.0000000000e+00 -6.5864026130e-01 )	( 5.0645789423e-02 0.0000000000e+00 -2.2158879351e-03 )
3                	( 8.9050064989e-01 0.0000000000e+00 -1.1974296587e+00 )	( 8.4164786371e-01 0.0000000000e+00 -1.1953501332e+00 )	( 4.8852786178e-02 0.0000000000e+00 -2.0795254760e-03 )
4                	( 7.0461555883e-01 0.0000000000e+00 -1.0453214022e+00 )	( 6.5747220302e-01 0.0000000000e+00 -1.0434180047e+00 )	( 4.7143355817e-02 0.0000000000e+00 -1.9033974593e-03 )
5                	( 7.0377948968e-01 0.0000000000e+00 -1.0767294454e+00 )	( 6.5810351780e-01 0.0000000000e+00 -1.0750185721e+00 )	( 4.5675971878e-02 0.0000000000e+00 -1.7108732602e-03 )
6                	( 7.1498651420e-01 0.0000000000e+00 -1.0668903603e+00 )	( 6.7063934670e-01 0.0000000000e+00 -1.0653311048e+00 )	( 4.4347167500e-02 0.0000000000e+00 -1.5592555010e-03 )
7                	( 7.3035706650e-01 0.0000000000e+00 -1.0652175878e+00 )	( 6.8724151217e-01 0.0000000000e+00 -1.0637730577e+00 )	( 4.3115554329e-02 0.0000000000e+00 -1.4445301734e-03 )
8                	( 7.4337408254e-01 0.0000000000e+00 -1.0644983822e+00 )	( 7.0141617012e-01 0.0000000000e+00 -1.0631405639e+00 )	( 4.1957912428e-02 0.0000000000e+00 -1.3578183005e-03 )
9                	( 7.5386930688e-01 0.0000000000e+00 -1.0651086211e+00 )	( 7.1298192293e-01 0.0000000000e+00 -1.0638171931e+00 )	( 4.0887383953e-02 0.0000000000e+00 -1.2914279707e-03 )
10               	( 7.6122924506e-01 0.0000000000e+00 -1.0678429063e+00 )	( 7.2137103486e-01 0.0000000000e+00 -1.0666027133e+00 )	( 3.9858210201e-02 0.0000000000e+00 -1.2401930250e-03 )
11               	( 7.6444143934e-01 0.0000000000e+00 -1.0780293040e+00 )	( 7.2555130483e-01 0.0000000000e+00 -1.0768300128e+00 )	( 3.8890134502e-02 0.0000000000e+00 -1.1992912199e-03 )
12               	( 7.6397776512e-01 0.0000000000e+00 -1.0902001811e+00 )	( 7.2598927979e-01 0.0000000000e+00 -1.0890340742e+00 )	( 3.7988485335e-02 0.0000000000e+00 -1.1661069011e-03 )
13               	( 7.6007979407e-01 0.0000000000e+00 -1.1018083483e+00 )	( 7.2292272385e-01 0.0000000000e+00 -1.1006657223e+00 )	( 3.7157070220e-02 0.0000000000e+00 -1.1426259852e-03 )
14               	( 7.5363353401e-01 0.0000000000e+00 -1.1119272860e+00 )	( 7.1724553623e-01 0.0000000000e+00 -1.1107949875e+00 )	( 3.6387997780e-02 0.0000000000e+00 -1.1322984975e-03 )
15               	( 7.4496370479e-01 0.0000000000e+00 -1.1201235944e+00 )	( 7.0927225983e-01 0.0000000000e+00 -1.1189893560e+00 )	( 3.5691444956e-02 0.0000000000e+00 -1.1342384347e-03 )
16               	( 7.3477187231e-01 0.0000000000e+00 -1.1239738692e+00 )	( 6.9970233135e-01 0.0000000000e+00 -1.1228287377e+00 )	( 3.5069540964e-02 0.0000000000e+00 -1.1451315122e-03 )
17               	( 7.2348323202e-01 0.0000000000e+00 -1.1256835727e+00 )	( 6.8896614467e-01 0.0000000000e+00 -1.1245193762e+00 )	( 3.4517087348e-02 0.0000000000e+00 -1.1641965583e-03 )
18               	( 7.1210807352e-01 0.0000000000e+00 -1.1252395302e+00 )	( 6.7807336478e-01 0.0000000000e+00 -1.1240505841e+00 )	( 3.4034708735e-02 0.0000000000e+00 -1.1889460937e-03 )
19               	( 7.0060352569e-01 0.0000000000e+00 -1.1196000782e+00 )	( 6.6699404888e-01 0.0000000000e+00 -1.1183837884e+00 )	( 3.3609476813e-02 0.0000000000e+00 -1.2162897786e-03 )
20               	( 6.8908854111e-01 0.0000000000e+00 -1.1112618736e+00 )	( 6.5583114869e-01 0.0000000000e+00 -1.1100199614e+00 )	( 3.3257392420e-02 0.0000000000e+00 -1.2419121565e-03 )
21               	( 6.7765190793e-01 0.0000000000e+00 -1.0986766333e+00 )	( 6.4467381736e-01 0.0000000000e+00 -1.0974116767e+00 )	( 3.2978090572e-02 0.0000000000e+00 -1.2649566245e-03 )
22               	( 6.6695999561e-01 0.0000000000e+00 -1.0813327089e+00 )	( 6.3420321929e-01 0.0000000000e+00 -1.0800477547e+00 )	( 3.2756776321e-02 0.0000000000e+00 -1.2849542381e-03 )
23               	( 6.5695240861e-01 0.0000000000e+00 -1.0744040387e+00 )	( 6.2435457268e-01 0.0000000000e+00 -1.0731016089e+00 )	( 3.2597835927e-02 0.0000000000e+00 -1.3024298841e-03 )
24               	( 6.4790118633e-01 0.0000000000e+00 -1.0693156989e+00 )	( 6.1541231973e-01 0.0000000000e+00 -1.0679957289e+00 )	( 3.2488866598e-02 0.0000000000e+00 -1.3199700079e-03 )
25               	( 6.3975433871e-01 0.0000000000e+00 -1.0705162521e+00 )	( 6.0732514795e-01 0.0000000000e+00 -1.0691806881e+00 )	( 3.2429190760e-02 0.0000000000e+00 -1.3355640373e-03 )
26               	( 6.3264264383e-01 0.0000000000e+00 -1.0678986933e+00 )	( 6.0024217600e-01 0.0000000000e+00 -1.0665479374e+00 )	( 3.2400467825e-02 0.0000000000e+00 -1.3507558853e-03 )
27               	( 6.2672018997e-01 0.0000000000e+00 -1.0745185601e+00 )	( 5.9429673944e-01 0.0000000000e+00 -1.0731509189e+00 )	( 3.2423450534e-02 0.0000000000e+00 -1.3676411143e-03 )
28               	( 6.2195709609e-01 0.0000000000e+00 -1.0893273678e+00 )	( 5.8948967570e-01 0.0000000000e+00 -1.0879438888e+00 )	( 3.2467420394e-02 0.0000000000e+00 -1.3834789724e-03 )
29               	( 6.1790274678e-01 0.0000000000e+00 -1.1123838394e+00 )	( 5.8536808917e-01 0.0000000000e+00 -1.1109843576e+00 )	( 3.2534657610e-02 0.0000000000e+00 -1.3994818244e-03 )
30               	( 6.1456099797e-01 0.0000000000e+00 -1.1442888929e+00 )	( 5.8194533462e-01 0.0000000000e+00 -1.1428748501e+00 )	( 3.2615663352e-02 0.0000000000e+00 -1.4140427317e-03 )
31               	( 6.1193109683e-01 0.0000000000e+00 -1.1838566787e+00 )	( 5.7923005409e-01 0.0000000000e+00 -1.1824298402e+00 )	( 3.2701042741e-02 0.0000000000e+00 -1.4268385197e-03 )
32               	( 6.0977388560e-01 0.0000000000e+00 -1.2298398456e+00 )	( 5.7698233186e-01 0.0000000000e+00 -1.2284030468e+00 )	( 3.2791553745e-02 0.0000000000e+00 -1.4367987868e-03 )
33               	( 6.0792919551e-01 0.0000000000e+00 -1.2792366048e+00 )	( 5.7504069106e-01 0.0000000000e+00 -1.2777918985e+00 )	( 3.2888504453e-02 0.0000000000e+00 -1.4447062643e-03 )
34               	( 6.0630385712e-01 0.0000000000e+00 -1.3275163675e+00 )	( 5.7329867245e-01 0.0000000000e+00 -1.3260634523e+00 )	( 3.3005184665e-02 0.0000000000e+00 -1.4529152363e-03 )
35               	( 6.0483966716e-01 0.0000000000e+00 -1.3751001494e+00 )	( 5.7172395939e-01 0.0000000000e+00 -1.3736421806e+00 )	( 3.3115707771e-02 0.0000000000e+00 -1.4579688771e-03 )
36               	( 6.0329861756e-01 0.0000000000e+00 -1.4249409112e+00 )	( 5.7007670291e-01 0.0000000000e+00 -1.4234795566e+00 )	( 3.3221914653e-02 0.0000000000e+00 -1.4613546247e-03 )
37               	( 6.0173289162e-01 0.0000000000e+00 -1.4725851963e+00 )	( 5.6840719092e-01 0.0000000000e+00 -1.4711213798e+00 )	( 3.3325700690e-02 0.0000000000e+00 -1.4638165687e-03 )
38               	( 6.0001645583e-01 0.0000000000e+00 -1.5178058328e+00 )	( 5.6659366820e-01 0.0000000000e+00 -1.5163379163e+00 )	( 3.3422787632e-02 0.0000000000e+00 -1.4679165754e-03 )
39               	( 5.9803997248e-01 0.0000000000e+00 -1.5614138220e+00 )	( 5.6452352667e-01 0.0000000000e+00 -1.5599417635e+00 )	( 3.3516445812e-02 0.0000000000e+00 -1.4720585464e-03 )
40               	( 5.9599485394e-01 0.0000000000e+00 -1.6017980593e+00 )	( 5.6238634899e-01 0.0000000000e+00 -1.6003229423e+00 )	( 3.3608504945e-02 0.0000000000e+00 -1.4751170000e-03 )
41               	( 5.9348214282e-01 0.0000000000e+00 -1.6406831268e+00 )	( 5.5978638798e-01 0.0000000000e+00 -1.6392052309e+00 )	( 3.3695754840e-02 0.0000000000e+00 -1.4778959360e-03 )
42               	( 5.9084223385e-01 0.0000000000e+00 -1.6778445954e+00 )	( 5.5706344601e-01 0.0000000000e+00 -1.6763621510e+00 )	( 3.3778787838e-02 0.0000000000e+00 -1.4824443479e-03 )
43               	( 5.8826748643e-01 0.0000000000e+00 -1.7121742241e+00 )	( 5.5440640038e-01 0.0000000000e+00 -1.7106867659e+00 )	( 3.3861086045e-02 0.0000000000e+00 -1.4874582681e-03 )
44               	( 5.8550744485e-01 0.0000000000e+00 -1.7444170897e+00 )	( 5.5156642336e-01 0.0000000000e+00 -1.7429239296e+00 )	( 3.3941021488e-02 0.0000000000e+00 -1.4931601549e-03 )
45               	( 5.8259963405e-01 0.0000000000e+00 -1.7748400402e+00 )	( 5.4858022537e-01 0.0000000000e+00 -1.7733404782e+00 )	( 3.4019408682e-02 0.0000000000e+00 -1.4995619973e-03 )
46               	( 5.7961233972e-01 0.0000000000e+00 -1.8030684467e+00 )	( 5.4551600310e-01 0.0000000000e+00 -1.8015617054e+00 )	( 3.4096336621e-02 0.0000000000e+00 -1.5067413730e-03 )
47               	( 5.7656048384e-01 0.0000000000e+00 -1.8296700077e+00 )	( 5.4238852891e-01 0.0000000000e+00 -1.8281552335e+00 )	( 3.4171954923e-02 0.0000000000e+00 -1.5147742252e-03 )
48               	( 5.7348279402e-01 0.0000000000e+00 -1.8544813806e+00 )	( 5.3923601825e-01 0.0000000000e+00 -1.8529578289e+00 )	( 3.4246775770e-02 0.0000000000e+00 -1.5235517207e-03 )
49               	( 5.7040246045e-01 0.0000000000e+00 -1.8778779272e+00 )	( 5.3608097095e-01 0.0000000000e+00 -1.8763449714e+00 )	( 3.4321489504e-02 0.0000000000e+00 -1.5329558199e-03 )
50               	( 5.6734091434e-01 0.0000000000e+00 -1.9002734985e+00 )	( 5.3294422012e-01 0.0000000000e+00 -1.8987306431e+00 )	( 3.4396694219e-02 0.0000000000e+00 -1.5428554427e-03 )
51               	( 5.6429719892e-01 0.0000000000e+00 -1.9216752986e+00 )	( 5.2982473355e-01 0.0000000000e+00 -1.9201222025e+00 )	( 3.4472465371e-02 0.0000000000e+00 -1.5530960952e-03 )
52               	( 5.6131488418e-01 0.0000000000e+00 -1.9424944088e+00 )	( 5.2676598309e-01 0.0000000000e+00 -1.9409307510e+00 )	( 3.4548901099e-02 0.0000000000e+00 -1.5636578066e-03 )
53               	( 5.5844464332e-01 0.0000000000e+00 -1.9626295611e+00 )	( 5.2381882585e-01 0.0000000000e+00 -1.9610552121e+00 )	( 3.4625817471e-02 0.0000000000e+00 -1.5743489961e-03 )
54               	( 5.5572392040e-01 0.0000000000e+00 -1.9822853603e+00 )	( 5.2102094819e-01 0.0000000000e+00 -1.9807001274e+00 )	( 3.4702972204e-02 0.0000000000e+00 -1.5852329772e-03 )
55               	( 5.5309661961e-01 0.0000000000e+00 -2.0016255947e+00 )	( 5.1831686118e-01 0.0000000000e+00 -2.0000294200e+00 )	( 3.4779758424e-02 0.0000000000e+00 -1.5961747105e-03 )
56               	( 5.5057236157e-01 0.0000000000e+00 -2.0206636598e+00 )	( 5.1571625109e-01 0.0000000000e+00 -2.0190564644e+00 )	( 3.4856110486e-02 0.0000000000e+00 -1.6071954664e-03 )
57               	( 5.4817775844e-01 0.0000000000e+00 -2.0391545246e+00 )	( 5.1324573730e-01 0.0000000000e+00 -2.0375362279e+00 )	( 3.4932021142e-02 0.0000000000e+00 -1.6182966522e-03 )
58               	( 5.4590297904e-01 0.0000000000e+00 -2.0570280692e+00 )	( 5.1089592590e-01 0.0000000000e+00 -2.0553986202e+00 )	( 3.5007053150e-02 0.0000000000e+00 -1.6294490189e-03 )
59               	( 5.4374446351e-01 0.0000000000e+00 -2.0743695834e+00 )	( 5.0866345985e-01 0.0000000000e+00 -2.0727288935e+00 )	( 3.5081003662e-02 0.0000000000e+00 -1.6406898875e-03 )
60               	( 5.4170071388e-01 0.0000000000e+00 -2.0911849692e+00 )	( 5.0654683106e-01 0.0000000000e+00 -2.0895330390e+00 )	( 3.5153882818e-02 0.0000000000e+00 -1.6519301939e-03 )
61               	( 5.3975687494e-01 0.0000000000e+00 -2.1072770416e+00 )	( 5.0453127947e-01 0.0000000000e+00 -2.1056140022e+00 )	( 3.5225595469e-02 0.0000000000e+00 -1.6630393655e-03 )
62               	( 5.3791185856e-01 0.0000000000e+00 -2.1226901965e+00 )	( 5.0261561100e-01 0.0000000000e+00 -2.1210162183e+00 )	( 3.5296247558e-02 0.0000000000e+00 -1.6739781438e-03 )
63               	( 5.3617747568e-01 0.0000000000e+00 -2.1373820133e+00 )	( 5.0081143269e-01 0.0000000000e+00 -2.1356973523e+00 )	( 3.5366042989e-02 0.0000000000e+00 -1.6846609430e-03 )
64               	( 5.3456798895e-01 0.0000000000e+00 -2.1512288465e+00 )	( 4.9913320674e-01 0.0000000000e+00 -2.1495338096e+00 )	( 3.5434782211e-02 0.0000000000e+00 -1.6950368499e-03 )
65               	( 5.3305183309e-01 0.0000000000e+00 -2.1644067236e+00 )	( 4.9754944766e-01 0.0000000000e+00 -2.1627016367e+00 )	( 3.5502385433e-02 0.0000000000e+00 -1.7050869706e-03 )
66               	( 5.3163654648e-01 0.0000000000e+00 -2.1767646607e+00 )	( 4.9606791028e-01 0.0000000000e+00 -2.1750499346e+00 )	( 3.5568636200e-02 0.0000000000e+00 -1.7147261128e-03 )
67               	( 5.3030044175e-01 0.0000000000e+00 -2.1884104622e+00 )	( 4.9466715820e-01 0.0000000000e+00 -2.1866865601e+00 )	( 3.5633283542e-02 0.0000000000e+00 -1.7239021400e-03 )
68               	( 5.2906911374e-01 0.0000000000e+00 -2.1993760330e+00 )	( 4.9337282722e-01 0.0000000000e+00 -2.1976434265e+00 )	( 3.5696286519e-02 0.0000000000e+00 -1.7326064845e-03 )
69               	( 5.2792653409e-01 0.0000000000e+00 -2.2097047151e+00 )	( 4.9216893535e-01 0.0000000000e+00 -2.2079638621e+00 )	( 3.5757598739e-02 0.0000000000e+00 -1.7408530192e-03 )
70               	( 5.2686975338e-01 0.0000000000e+00 -2.2192594877e+00 )	( 4.9105290166e-01 0.0000000000e+00 -2.2175108338e+00 )	( 3.5816851716e-02 0.0000000000e+00 -1.7486539480e-03 )
71               	( 5.2589283486e-01 0.0000000000e+00 -2.2281153140e+00 )	( 4.9001913893e-01 0.0000000000e+00 -2.2263592684e+00 )	( 3.5873695930e-02 0.0000000000e+00 -1.7560456784e-03 )
72               	( 5.2498484236e-01 0.0000000000e+00 -2.2364281392e+00 )	( 4.8905667716e-01 0.0000000000e+00 -2.2346651004e+00 )	( 3.5928165201e-02 0.0000000000e+00 -1.7630388186e-03 )
73               	( 5.2414448027e-01 0.0000000000e+00 -2.2441227386e+00 )	( 4.8816414333e-01 0.0000000000e+00 -2.2423530972e+00 )	( 3.5980336942e-02 0.0000000000e+00 -1.7696414764e-03 )
74               	( 5.2336214374e-01 0.0000000000e+00 -2.2512652503e+00 )	( 4.8733201363e-01 0.0000000000e+00 -2.2494893929e+00 )	( 3.6030130109e-02 0.0000000000e+00 -1.7758574150e-03 )
75               	( 5.2262861477e-01 0.0000000000e+00 -2.2578897273e+00 )	( 4.8655086001e-01 0.0000000000e+00 -2.2561080063e+00 )	( 3.6077754756e-02 0.0000000000e+00 -1.7817209639e-03 )
76               	( 5.2196184785e-01 0.0000000000e+00 -2.2639411354e+00 )	( 4.8583883295e-01 0.0000000000e+00 -2.2621538724e+00 )	( 3.6123014899e-02 0.0000000000e+00 -1.7872629881e-03 )
77               	( 5.2136126980e-01 0.0000000000e+00 -2.2696033137e+00 )	( 4.8519553369e-01 0.0000000000e+00 -2.2678108356e+00 )	( 3.6165736110e-02 0.0000000000e+00 -1.7924780995e-03 )
78               	( 5.2082610778e-01 0.0000000000e+00 -2.2750341478e+00 )	( 4.8462015492e-01 0.0000000000e+00 -2.2732368038e+00 )	( 3.6205952861e-02 0.0000000000e+00 -1.7973440192e-03 )
79               	( 5.2034226849e-01 0.0000000000e+00 -2.2803272620e+00 )	( 4.8409868368e-01 0.0000000000e+00 -2.2785253900e+00 )	( 3.6243584808e-02 0.0000000000e+00 -1.8018720069e-03 )
80               	( 5.1990832794e-01 0.0000000000e+00 -2.2854867169e+00 )	( 4.8362970045e-01 0.0000000000e+00 -2.2836806370e+00 )	( 3.6278627492e-02 0.0000000000e+00 -1.8060798836e-03 )
81               	( 5.1950981764e-01 0.0000000000e+00 -2.2904476479e+00 )	( 4.8319873381e-01 0.0000000000e+00 -2.2886376516e+00 )	( 3.6311083825e-02 0.0000000000e+00 -1.8099963158e-03 )
82               	( 5.1913474664e-01 0.0000000000e+00 -2.2952611187e+00 )	( 4.8279373475e-01 0.0000000000e+00 -2.2934474580e+00 )	( 3.6341011898e-02 0.0000000000e+00 -1.8136606354e-03 )
83               	( 5.1878139202e-01 0.0000000000e+00 -2.2998967470e+00 )	( 4.8241042800e-01 0.0000000000e+00 -2.2980799554e+00 )	( 3.6370964017e-02 0.0000000000e+00 -1.8167916379e-03 )
84               	( 5.1845207519e-01 0.0000000000e+00 -2.3035169381e+00 )	( 4.8205268937e-01 0.0000000000e+00 -2.3016971361e+00 )	( 3.6399385823e-02 0.0000000000e+00 -1.8198020372e-03 )
85               	( 5.1815250093e-01 0.0000000000e+00 -2.3066900530e+00 )	( 4.8172609646e-01 0.0000000000e+00 -2.3048673836e+00 )	( 3.6426404471e-02 0.0000000000e+00 -1.8226694096e-03 )
86               	( 5.1786892791e-01 0.0000000000e+00 -2.3096131587e+00 )	( 4.8141704115e-01 0.0000000000e+00 -2.3077877712e+00 )	( 3.6451886756e-02 0.0000000000e+00 -1.8253875102e-03 )
87               	( 5.1759383824e-01 0.0000000000e+00 -2.3123340018e+00 )	( 4.8111804056e-01 0.0000000000e+00 -2.3105060467e+00 )	( 3.6475797683e-02 0.0000000000e+00 -1.8279551415e-03 )
88               	( 5.1733636981e-01 0.0000000000e+00 -2.3148379312e+00 )	( 4.8083815360e-01 0.0000000000e+00 -2.3130075550e+00 )	( 3.6498216213e-02 0.0000000000e+00 -1.8303762632e-03 )
89               	( 5.1708853040e-01 0.0000000000e+00 -2.3171444001e+00 )	( 4.8056931297e-01 0.0000000000e+00 -2.3153117457e+00 )	( 3.6519217425e-02 0.0000000000e+00 -1.8326544039e-03 )
90               	( 5.1685218878e-01 0.0000000000e+00 -2.3192410809e+00 )	( 4.8031326675e-01 0.0000000000e+00 -2.3174062900e+00 )	( 3.6538922030e-02 0.0000000000e+00 -1.8347908044e-03 )
91               	( 5.1662702693e-01 0.0000000000e+00 -2.3211522454e+00 )	( 4.8006955816e-01 0.0000000000e+00 -2.3193154631e+00 )	( 3.6557468770e-02 0.0000000000e+00 -1.8367822190e-03 )
92               	( 5.1641359162e-01 0.0000000000e+00 -2.3229042496e+00 )	( 4.7983858786e-01 0.0000000000e+00 -2.3210655964e+00 )	( 3.6575003768e-02 0.0000000000e+00 -1.8386531397e-03 )
93               	( 5.1621397102e-01 0.0000000000e+00 -2.3245065755e+00 )	( 4.7962242252e-01 0.0000000000e+00 -2.3226661569e+00 )	( 3.6591548499e-02 0.0000000000e+00 -1.8404185548e-03 )
94               	( 5.1602507003e-01 0.0000000000e+00 -2.3259782001e+00 )	( 4.7941790266e-01 0.0000000000e+00 -2.3241361101e+00 )	( 3.6607167366e-02 0.0000000000e+00 -1.8420900277e-03 )
95               	( 5.1584605321e-01 0.0000000000e+00 -2.3273276988e+00 )	( 4.7922413850e-01 0.0000000000e+00 -2.3254840240e+00 )	( 3.6621914711e-02 0.0000000000e+00 -1.8436747389e-03 )
96               	( 5.1567924001e-01 0.0000000000e+00 -2.3285537924e+00 )	( 4.7904341629e-01 0.0000000000e+00 -2.3267086107e+00 )	( 3.6635823724e-02 0.0000000000e+00 -1.8451817360e-03 )
97               	( 5.1552516100e-01 0.0000000000e+00 -2.3296668169e+00 )	( 4.7887622375e-01 0.0000000000e+00 -2.3278201976e+00 )	( 3.6648937251e-02 0.0000000000e+00 -1.8466193066e-03 )
98               	( 5.1538454831e-01 0.0000000000e+00 -2.3306679449e+00 )	( 4.7872326473e-01 0.0000000000e+00 -2.3288199503e+00 )	( 3.6661283579e-02 0.0000000000e+00 -1.8479945967e-03 )
99               	( 5.1525836579e-01 0.0000000000e+00 -2.3315569850e+00 )	( 4.7858546263e-01 0.0000000000e+00 -2.3297076739e+00 )	( 3.6672903156e-02 0.0000000000e+00 -1.8493110958e-03 )
100              	( 5.1514776312e-01 0.0000000000e+00 -2.3323369863e+00 )	( 4.7846392553e-01 0.0000000000e+00 -2.3304864162e+00 )	( 3.6683837591e-02 0.0000000000e+00 -1.8505701147e-03 )
101              	( 5.1505356517e-01 0.0000000000e+00 -2.3330058304e+00 )	( 4.7835943348e-01 0.0000000000e+00 -2.3311540608e+00 )	( 3.6694131690e-02 0.0000000000e+00 -1.8517696251e-03 )
102              	( 5.1497670011e-01 0.0000000000e+00 -2.3335615740e+00 )	( 4.7827287709e-01 0.0000000000e+00 -2.3317086695e+00 )	( 3.6703823012e-02 0.0000000000e+00 -1.8529044979e-03 )
103              	( 5.1491756017e-01 0.0000000000e+00 -2.3340063981e+00 )	( 4.7820460818e-01 0.0000000000e+00 -2.3321524288e+00 )	( 3.6712951990e-02 0.0000000000e+00 -1.8539693044e-03 )
104              	( 5.1487603220e-01 0.0000000000e+00 -2.3343442874e+00 )	( 4.7815448221e-01 0.0000000000e+00 -2.3324893278e+00 )	( 3.6721549989e-02 0.0000000000e+00 -1.8549595889e-03 )
105              	( 5.1485632456e-01 0.0000000000e+00 -2.3345642358e+00 )	( 4.7812666261e-01 0.0000000000e+00 -2.3327083691e+00 )	( 3.6729661946e-02 0.0000000000e+00 -1.8558666716e-03 )
106              	( 5.1485738752e-01 0.0000000000e+00 -2.3346953833e+00 )	( 4.7812009788e-01 0.0000000000e+00 -2.3328386964e+00 )	( 3.6737289634e-02 0.0000000000e+00 -1.8566869571e-03 )
107              	( 5.1487576090e-01 0.0000000000e+00 -2.3347390498e+00 )	( 4.7813135550e-01 0.0000000000e+00 -2.3328816341e+00 )	( 3.6744405404e-02 0.0000000000e+00 -1.8574156814e-03 )
108              	( 5.1491233684e-01 0.0000000000e+00 -2.3346806050e+00 )	( 4.7816130729e-01 0.0000000000e+00 -2.3328225568e+00 )	( 3.6751029550e-02 0.0000000000e+00 -1.8580481199e-03 )
109              	( 5.1496654472e-01 0.0000000000e+00 -2.3345266335e+00 )	( 4.7820937894e-01 0.0000000000e+00 -2.3326680506e+00 )	( 3.6757165774e-02 0.0000000000e+00 -1.8585829037e-03 )
110              	( 5.1503736138e-01 0.0000000000e+00 -2.3342848215e+00 )	( 4.7827454687e-01 0.0000000000e+00 -2.3324258011e+00 )	( 3.6762814510e-02 0.0000000000e+00 -1.8590203501e-03 )
111              	( 5.1512373486e-01 0.0000000000e+00 -2.3339588763e+00 )	( 4.7835575467e-01 0.0000000000e+00 -2.3320995136e+00 )	( 3.6767980196e-02 0.0000000000e+00 -1.8593626479e-03 )
112              	( 5.1522346095e-01 0.0000000000e+00 -2.3335580081e+00 )	( 4.7845079631e-01 0.0000000000e+00 -2.3316983973e+00 )	( 3.6772664644e-02 0.0000000000e+00 -1.8596108561e-03 )
113              	( 5.1533472075e-01 0.0000000000e+00 -2.3330903753e+00 )	( 4.7855784756e-01 0.0000000000e+00 -2.3312306078e+00 )	( 3.6776873193e-02 0.0000000000e+00 -1.8597675734e-03 )
114              	( 5.1545569443e-01 0.0000000000e+00 -2.3325627420e+00 )	( 4.7867507792e-01 0.0000000000e+00 -2.3307029064e+00 )	( 3.6780616514e-02 0.0000000000e+00 -1.8598356348e-03 )
115              	( 5.1558449753e-01 0.0000000000e+00 -2.3319829009e+00 )	( 4.7880058955e-01 0.0000000000e+00 -2.3301230827e+00 )	( 3.6783907979e-02 0.0000000000e+00 -1.8598182200e-03 )
116              	( 5.1571974016e-01 0.0000000000e+00 -2.3313556979e+00 )	( 4.7893297300e-01 0.0000000000e+00 -2.3294959794e+00 )	( 3.6786767155e-02 0.0000000000e+00 -1.8597184982e-03 )
117              	( 5.1585888493e-01 0.0000000000e+00 -2.3306959211e+00 )	( 4.7906967662e-01 0.0000000000e+00 -2.3288363796e+00 )	( 3.6789208304e-02 0.0000000000e+00 -1.8595415691e-03 )
118              	( 5.1600036010e-01 0.0000000000e+00 -2.3300086193e+00 )	( 4.7920911637e-01 0.0000000000e+00 -2.3281493264e+00 )	( 3.6791243730e-02 0.0000000000e+00 -1.8592929731e-03 )
119              	( 5.1614276942e-01 0.0000000000e+00 -2.3292997073e+00 )	( 4.7934987976e-01 0.0000000000e+00 -2.3274407281e+00 )	( 3.6792889666e-02 0.0000000000e+00 -1.8589791725e-03 )
120              	( 5.1628467431e-01 0.0000000000e+00 -2.3285768804e+00 )	( 4.7949051208e-01 0.0000000000e+00 -2.3267182728e+00 )	( 3.6794162229e-02 0.0000000000e+00 -1.8586075850e-03 )
121              	( 5.1642488557e-01 0.0000000000e+00 -2.3278457738e+00 )	( 4.7962980807e-01 0.0000000000e+00 -2.3259875874e+00 )	( 3.6795077502e-02 0.0000000000e+00 -1.8581864609e-03 )
122              	( 5.1656224212e-01 0.0000000000e+00 -2.3271121548e+00 )	( 4.7976658966e-01 0.0000000000e+00 -2.3252544302e+00 )	( 3.6795652458e-02 0.0000000000e+00 -1.8577246139e-03 )
123              	( 5.1669561192e-01 0.0000000000e+00 -2.3263816040e+00 )	( 4.7989970767e-01 0.0000000000e+00 -2.3245243728e+00 )	( 3.6795904254e-02 0.0000000000e+00 -1.8572311536e-03 )
124              	( 5.1682463048e-01 0.0000000000e+00 -2.3256561705e+00 )	( 4.8002877757e-01 0.0000000000e+00 -2.3237994557e+00 )	( 3.6795852915e-02 0.0000000000e+00 -1.8567148182e-03 )
125              	( 5.1694844324e-01 0.0000000000e+00 -2.3249418835e+00 )	( 4.8015292230e-01 0.0000000000e+00 -2.3230857000e+00 )	( 3.6795520945e-02 0.0000000000e+00 -1.8561835868e-03 )
126              	( 5.1706663219e-01 0.0000000000e+00 -2.3242418825e+00 )	( 4.8027169856e-01 0.0000000000e+00 -2.3223862380e+00 )	( 3.6794933628e-02 0.0000000000e+00 -1.8556445063e-03 )
127              	( 5.1717891362e-01 0.0000000000e+00 -2.3235590891e+00 )	( 4.8038479552e-01 0.0000000000e+00 -2.3217039855e+00 )	( 3.6794118106e-02 0.0000000000e+00 -1.8551036228e-03 )
128              	( 5.1728514656e-01 0.0000000000e+00 -2.3228958530e+00 )	( 4.8049204399e-01 0.0000000000e+00 -2.3210412870e+00 )	( 3.6793102571e-02 0.0000000000e+00 -1.8545659231e-03 )
129              	( 5.1738529870e-01 0.0000000000e+00 -2.3222541299e+00 )	( 4.8059338711e-01 0.0000000000e+00 -2.3204000943e+00 )	( 3.6791911593e-02 0.0000000000e+00 -1.8540356187e-03 )
130              	( 5.1747943602e-01 0.0000000000e+00 -2.3216368783e+00 )	( 4.8068886770e-01 0.0000000000e+00 -2.3197833620e+00 )	( 3.6790568324e-02 0.0000000000e+00 -1.8535162845e-03 )
131              	( 5.1756762050e-01 0.0000000000e+00 -2.3210472929e+00 )	( 4.8077852116e-01 0.0000000000e+00 -2.3191942828e+00 )	( 3.6789099339e-02 0.0000000000e+00 -1.8530101071e-03 )
132              	( 5.1765014863e-01 0.0000000000e+00 -2.3204826616e+00 )	( 4.8086261707e-01 0.0000000000e+00 -2.3186301424e+00 )	( 3.6787531559e-02 0.0000000000e+00 -1.8525191825e-03 )
133              	( 5.1772733386e-01 0.0000000000e+00 -2.3199424311e+00 )	( 4.8094144554e-01 0.0000000000e+00 -2.3180903857e+00 )	( 3.6785888318e-02 0.0000000000e+00 -1.8520453684e-03 )
134              	( 5.1779931001e-01 0.0000000000e+00 -2.3194280743e+00 )	( 4.8101512012e-01 0.0000000000e+00 -2.3175764839e+00 )	( 3.6784189891e-02 0.0000000000e+00 -1.8515903344e-03 )
135              	( 5.1786642587e-01 0.0000000000e+00 -2.3189393624e+00 )	( 4.8108397202e-01 0.0000000000e+00 -2.3170882070e+00 )	( 3.6782453849e-02 0.0000000000e+00 -1.8511553512e-03 )
136              	( 5.1792896730e-01 0.0000000000e+00 -2.3184763378e+00 )	( 4.8114827088e-01 0.0000000000e+00 -2.3166255964e+00 )	( 3.6780696419e-02 0.0000000000e+00 -1.8507413953e-03 )
137              	( 5.1798720928e-01 0.0000000000e+00 -2.3180389332e+00 )	( 4.8120827656e-01 0.0000000000e+00 -2.3161885840e+00 )	( 3.6778932725e-02 0.0000000000e+00 -1.8503491096e-03 )
138              	( 5.1804140802e-01 0.0000000000e+00 -2.3176268900e+00 )	( 4.8126423650e-01 0.0000000000e+00 -2.3157769112e+00 )	( 3.6777171523e-02 0.0000000000e+00 -1.8499788305e-03 )
139              	( 5.1809177116e-01 0.0000000000e+00 -2.3172397849e+00 )	( 4.8131634799e-01 0.0000000000e+00 -2.3153901550e+00 )	( 3.6775423169e-02 0.0000000000e+00 -1.8496298703e-03 )
140              	( 5.1813839149e-01 0.0000000000e+00 -2.3168778239e+00 )	( 4.8136469448e-01 0.0000000000e+00 -2.3150285222e+00 )	( 3.6773697005e-02 0.0000000000e+00 -1.8493017466e-03 )
141              	( 5.1818155994e-01 0.0000000000e+00 -2.3165396526e+00 )	( 4.8140955750e-01 0.0000000000e+00 -2.3146906589e+00 )	( 3.6772002441e-02 0.0000000000e+00 -1.8489936293e-03 )
142              	( 5.1822146118e-01 0.0000000000e+00 -2.3162247566e+00 )	( 4.8145111363e-01 0.0000000000e+00 -2.3143760522e+00 )	( 3.6770347552e-02 0.0000000000e+00 -1.8487044409e-03 )
143              	( 5.1825821495e-01 0.0000000000e+00 -2.3159326912e+00 )	( 4.8148947586e-01 0.0000000000e+00 -2.3140842582e+00 )	( 3.6768739083e-02 0.0000000000e+00 -1.8484329598e-03 )
144              	( 5.1829210612e-01 0.0000000000e+00 -2.3156618655e+00 )	( 4.8152492360e-01 0.0000000000e+00 -2.3138136874e+00 )	( 3.6767182512e-02 0.0000000000e+00 -1.8481780397e-03 )
145              	( 5.1832316736e-01 0.0000000000e+00 -2.3154123070e+00 )	( 4.8155748590e-01 0.0000000000e+00 -2.3135643684e+00 )	( 3.6765681455e-02 0.0000000000e+00 -1.8479386250e-03 )
146              	( 5.1835157885e-01 0.0000000000e+00 -2.3151829460e+00 )	( 4.8158734058e-01 0.0000000000e+00 -2.3133352322e+00 )	( 3.6764238273e-02 0.0000000000e+00 -1.8477138404e-03 )
147              	( 5.1837744189e-01 0.0000000000e+00 -2.3149729251e+00 )	( 4.8161459404e-01 0.0000000000e+00 -2.3131254218e+00 )	( 3.6762847848e-02 0.0000000000e+00 -1.8475033544e-03 )
148              	( 5.1840072183e-01 0.0000000000e+00 -2.3147844916e+00 )	( 4.8163921472e-01 0.0000000000e+00 -2.3129371850e+00 )	( 3.6761507103e-02 0.0000000000e+00 -1.8473066057e-03 )
149              	( 5.1842161758e-01 0.0000000000e+00 -2.3146152825e+00 )	( 4.8166139928e-01 0.0000000000e+00 -2.3127681595e+00 )	( 3.6760218299e-02 0.0000000000e+00 -1.8471230756e-03 )
150              	( 5.1844023032e-01 0.0000000000e+00 -2.3144622373e+00 )	( 4.8168124740e-01 0.0000000000e+00 -2.3126152848e+00 )	( 3.6758982921e-02 0.0000000000e+00 -1.8469524400e-03 )
151              	( 5.1845671962e-01 0.0000000000e+00 -2.3143239967e+00 )	( 4.8169891794e-01 0.0000000000e+00 -2.3124772022e+00 )	( 3.6757801682e-02 0.0000000000e+00 -1.8467944826e-03 )
152              	( 5.1847107889e-01 0.0000000000e+00 -2.3142002150e+00 )	( 4.8171440173e-01 0.0000000000e+00 -2.3123535656e+00 )	( 3.6756677167e-02 0.0000000000e+00 -1.8466493209e-03 )
153              	( 5.1848354046e-01 0.0000000000e+00 -2.3140897610e+00 )	( 4.8172793080e-01 0.0000000000e+00 -2.3122432446e+00 )	( 3.6755609661e-02 0.0000000000e+00 -1.8465163701e-03 )
154              	( 5.1849412632e-01 0.0000000000e+00 -2.3139922366e+00 )	( 4.8173952781e-01 0.0000000000e+00 -2.3121458418e+00 )	( 3.6754598502e-02 0.0000000000e+00 -1.8463948777e-03 )
155              	( 5.1850287608e-01 0.0000000000e+00 -2.3139070001e+00 )	( 4.8174923199e-01 0.0000000000e+00 -2.3120607158e+00 )	( 3.6753644094e-02 0.0000000000e+00 -1.8462843180e-03 )
156              	( 5.1850994731e-01 0.0000000000e+00 -2.3138332465e+00 )	( 4.8175720097e-01 0.0000000000e+00 -2.3119870624e+00 )	( 3.6752746342e-02 0.0000000000e+00 -1.8461840332e-03 )
157              	( 5.1851547135e-01 0.0000000000e+00 -2.3137703032e+00 )	( 4.8176356650e-01 0.0000000000e+00 -2.3119242098e+00 )	( 3.6751904852e-02 0.0000000000e+00 -1.8460933991e-03 )
158              	( 5.1851955677e-01 0.0000000000e+00 -2.3137175243e+00 )	( 4.8176843800e-01 0.0000000000e+00 -2.3118715125e+00 )	( 3.6751118776e-02 0.0000000000e+00 -1.8460118030e-03 )
159              	( 5.1852234190e-01 0.0000000000e+00 -2.3136742071e+00 )	( 4.8177195499e-01 0.0000000000e+00 -2.3118282684e+00 )	( 3.6750386904e-02 0.0000000000e+00 -1.8459387447e-03 )
160              	( 5.1852394897e-01 0.0000000000e+00 -2.3136396852e+00 )	( 4.8177424138e-01 0.0000000000e+00 -2.3117938114e+00 )	( 3.6749707593e-02 0.0000000000e+00 -1.8458737897e-03 )
161              	( 5.1852449600e-01 0.0000000000e+00 -2.3136133001e+00 )	( 4.8177541714e-01 0.0000000000e+00 -2.3117674835e+00 )	( 3.6749078856e-02 0.0000000000e+00 -1.8458165760e-03 )
162              	( 5.1852409687e-01 0.0000000000e+00 -2.3135943916e+00 )	( 4.8177559838e-01 0.0000000000e+00 -2.3117486248e+00 )	( 3.6748498499e-02 0.0000000000e+00 -1.8457667872e-03 )
163              	( 5.1852286119e-01 0.0000000000e+00 -2.3135822583e+00 )	( 4.8177489693e-01 0.0000000000e+00 -2.3117365342e+00 )	( 3.6747964259e-02 0.0000000000e+00 -1.8457241153e-03 )
164              	( 5.1852089263e-01 0.0000000000e+00 -2.3135762638e+00 )	( 4.8177341870e-01 0.0000000000e+00 -2.3117305756e+00 )	( 3.6747473930e-02 0.0000000000e+00 -1.8456882383e-03 )
165              	( 5.1851828878e-01 0.0000000000e+00 -2.3135757591e+00 )	( 4.8177126332e-01 0.0000000000e+00 -2.3117301003e+00 )	( 3.6747025466e-02 0.0000000000e+00 -1.8456587878e-03 )
166              	( 5.1851514148e-01 0.0000000000e+00 -2.3135800961e+00 )	( 4.8176852447e-01 0.0000000000e+00 -2.3117344608e+00 )	( 3.6746617004e-02 0.0000000000e+00 -1.8456353344e-03 )
167              	( 5.1851154434e-01 0.0000000000e+00 -2.3135886452e+00 )	( 4.8176529747e-01 0.0000000000e+00 -2.3117430278e+00 )	( 3.6746246864e-02 0.0000000000e+00 -1.8456173920e-03 )
168              	( 5.1850758298e-01 0.0000000000e+00 -2.3136008260e+00 )	( 4.8176166938e-01 0.0000000000e+00 -2.3117552216e+00 )	( 3.6745913600e-02 0.0000000000e+00 -1.8456044378e-03 )
169              	( 5.1850334255e-01 0.0000000000e+00 -2.3136160881e+00 )	( 4.8175772684e-01 0.0000000000e+00 -2.3117704922e+00 )	( 3.6745615710e-02 0.0000000000e+00 -1.8455959180e-03 )
170              	( 5.1849890517e-01 0.0000000000e+00 -2.3136338865e+00 )	( 4.8175355385e-01 0.0000000000e+00 -2.3117882953e+00 )	( 3.6745351318e-02 0.0000000000e+00 -1.8455912573e-03 )
171              	( 5.1849434728e-01 0.0000000000e+00 -2.3136537403e+00 )	( 4.8174922855e-01 0.0000000000e+00 -2.3118081504e+00 )	( 3.6745118726e-02 0.0000000000e+00 -1.8455899312e-03 )
172              	( 5.1848973695e-01 0.0000000000e+00 -2.3136752195e+00 )	( 4.8174482094e-01 0.0000000000e+00 -2.3118296281e+00 )	( 3.6744916016e-02 0.0000000000e+00 -1.8455914532e-03 )
173              	( 5.1848514491e-01 0.0000000000e+00 -2.3136978759e+00 )	( 4.8174040373e-01 0.0000000000e+00 -2.3118522805e+00 )	( 3.6744741177e-02 0.0000000000e+00 -1.8455954011e-03 )
174              	( 5.1848062526e-01 0.0000000000e+00 -2.3137213539e+00 )	( 4.8173603324e-01 0.0000000000e+00 -2.3118757525e+00 )	( 3.6744592021e-02 0.0000000000e+00 -1.8456013959e-03 )
175              	( 5.1847622665e-01 0.0000000000e+00 -2.3137453092e+00 )	( 4.8173176032e-01 0.0000000000e+00 -2.3118997001e+00 )	( 3.6744466324e-02 0.0000000000e+00 -1.8456091082e-03 )
176              	( 5.1847199019e-01 0.0000000000e+00 -2.3137694267e+00 )	( 4.8172762828e-01 0.0000000000e+00 -2.3119238085e+00 )	( 3.6744361910e-02 0.0000000000e+00 -1.8456182452e-03 )
177              	( 5.1846794736e-01 0.0000000000e+00 -2.3137934294e+00 )	( 4.8172367067e-01 0.0000000000e+00 -2.3119478009e+00 )	( 3.6744276688e-02 0.0000000000e+00 -1.8456285333e-03 )
178              	( 5.1846413018e-01 0.0000000000e+00 -2.3138170285e+00 )	( 4.8171992146e-01 0.0000000000e+00 -2.3119713888e+00 )	( 3.6744208713e-02 0.0000000000e+00 -1.8456397113e-03 )
179              	( 5.1846055583e-01 0.0000000000e+00 -2.3138400409e+00 )	( 4.8171639963e-01 0.0000000000e+00 -2.3119943894e+00 )	( 3.6744156196e-02 0.0000000000e+00 -1.8456515131e-03 )
180              	( 5.1845722685e-01 0.0000000000e+00 -2.3138623821e+00 )	( 4.8171310933e-01 0.0000000000e+00 -2.3120167184e+00 )	( 3.6744117515e-02 0.0000000000e+00 -1.8456636726e-03 )
181              	( 5.1845416234e-01 0.0000000000e+00 -2.3138837834e+00 )	( 4.8171007112e-01 0.0000000000e+00 -2.3120381074e+00 )	( 3.6744091219e-02 0.0000000000e+00 -1.8456759230e-03 )
182              	( 5.1845135974e-01 0.0000000000e+00 -2.3139041927e+00 )	( 4.8170728380e-01 0.0000000000e+00 -2.3120585047e+00 )	( 3.6744075942e-02 0.0000000000e+00 -1.8456880182e-03 )
183              	( 5.1844881683e-01 0.0000000000e+00 -2.3139235271e+00 )	( 4.8170474643e-01 0.0000000000e+00 -2.3120778274e+00 )	( 3.6744070400e-02 0.0000000000e+00 -1.8456997353e-03 )
184              	( 5.1844652760e-01 0.0000000000e+00 -2.3139417446e+00 )	( 4.8170245425e-01 0.0000000000e+00 -2.3120960337e+00 )	( 3.6744073343e-02 0.0000000000e+00 -1.8457108889e-03 )
185              	( 5.1844448181e-01 0.0000000000e+00 -2.3139588340e+00 )	( 4.8170039827e-01 0.0000000000e+00 -2.3121131126e+00 )	( 3.6744083540e-02 0.0000000000e+00 -1.8457213380e-03 )
186              	( 5.1844266817e-01 0.0000000000e+00 -2.3139747888e+00 )	( 4.8169856839e-01 0.0000000000e+00 -2.3121290578e+00 )	( 3.6744099780e-02 0.0000000000e+00 -1.8457309903e-03 )
187              	( 5.1844106192e-01 0.0000000000e+00 -2.3139897079e+00 )	( 4.8169694103e-01 0.0000000000e+00 -2.3121439681e+00 )	( 3.6744120884e-02 0.0000000000e+00 -1.8457398021e-03 )
188              	( 5.1843964857e-01 0.0000000000e+00 -2.3140035848e+00 )	( 4.8169550284e-01 0.0000000000e+00 -2.3121578371e+00 )	( 3.6744145737e-02 0.0000000000e+00 -1.8457477659e-03 )
189              	( 5.1843840449e-01 0.0000000000e+00 -2.3140164990e+00 )	( 4.8169423119e-01 0.0000000000e+00 -2.3121707441e+00 )	( 3.6744173307e-02 0.0000000000e+00 -1.8457549076e-03 )
190              	( 5.1843730433e-01 0.0000000000e+00 -2.3140285252e+00 )	( 4.8169310163e-01 0.0000000000e+00 -2.3121827639e+00 )	( 3.6744202699e-02 0.0000000000e+00 -1.8457612746e-03 )
191              	( 5.1843632258e-01 0.0000000000e+00 -2.3140397438e+00 )	( 4.8169208942e-01 0.0000000000e+00 -2.3121939769e+00 )	( 3.6744233165e-02 0.0000000000e+00 -1.8457669251e-03 )
192              	( 5.1843543365e-01 0.0000000000e+00 -2.3140502377e+00 )	( 4.8169116954e-01 0.0000000000e+00 -2.3122044658e+00 )	( 3.6744264109e-02 0.0000000000e+00 -1.8457719212e-03 )
193              	( 5.1843461324e-01 0.0000000000e+00 -2.3140600924e+00 )	( 4.8169031816e-01 0.0000000000e+00 -2.3122143161e+00 )	( 3.6744295083e-02 0.0000000000e+00 -1.8457763238e-03 )
194              	( 5.1843383860e-01 0.0000000000e+00 -2.3140693951e+00 )	( 4.8168951283e-01 0.0000000000e+00 -2.3122236149e+00 )	( 3.6744325770e-02 0.0000000000e+00 -1.8457801919e-03 )
195              	( 5.1843308888e-01 0.0000000000e+00 -2.3140782330e+00 )	( 4.8168873293e-01 0.0000000000e+00 -2.3122324495e+00 )	( 3.6744355954e-02 0.0000000000e+00 -1.8457835836e-03 )
196              	( 5.1843234584e-01 0.0000000000e+00 -2.3140866928e+00 )	( 4.8168796035e-01 0.0000000000e+00 -2.3122409063e+00 )	( 3.6744385490e-02 0.0000000000e+00 -1.8457865597e-03 )
197              	( 5.1843159326e-01 0.0000000000e+00 -2.3140948575e+00 )	( 4.8168717897e-01 0.0000000000e+00 -2.3122490683e+00 )	( 3.6744414284e-02 0.0000000000e+00 -1.8457891862e-03 )
198              	( 5.1843081850e-01 0.0000000000e+00 -2.3141027904e+00 )	( 4.8168637624e-01 0.0000000000e+00 -2.3122569989e+00 )	( 3.6744442264e-02 0.0000000000e+00 -1.8457915356e-03 )
199              	( 5.1843001089e-01 0.0000000000e+00 -2.3141105688e+00 )	( 4.8168554151e-01 0.0000000000e+00 -2.3122647751e+00 )	( 3.6744469378e-02 0.0000000000e+00 -1.8457936901e-03 )
200              	( 5.1842915998e-01 0.0000000000e+00 -2.3141182673e+00 )	( 4.8168466440e-01 0.0000000000e+00 -2.3122724716e+00 )	( 3.6744495583e-02 0.0000000000e+00 -1.8457957384e-03 )
201              	( 5.1842826239e-01 0.0000000000e+00 -2.3141259117e+00 )	( 4.8168374153e-01 0.0000000000e+00 -2.3122801140e+00 )	( 3.6744520864e-02 0.0000000000e+00 -1.8457977711e-03 )
202              	( 5.1842731109e-01 0.0000000000e+00 -2.3141335687e+00 )	( 4.8168276587e-01 0.0000000000e+00 -2.3122877688e+00 )	( 3.6744545223e-02 0.0000000000e+00 -1.8457998782e-03 )
203              	( 5.1842630436e-01 0.0000000000e+00 -2.3141412603e+00 )	( 4.8168173566e-01 0.0000000000e+00 -2.3122954581e+00 )	( 3.6744568704e-02 0.0000000000e+00 -1.8458021404e-03 )
204              	( 5.1842524041e-01 0.0000000000e+00 -2.3141490141e+00 )	( 4.8168064903e-01 0.0000000000e+00 -2.3123032095e+00 )	( 3.6744591387e-02 0.0000000000e+00 -1.8458046267e-03 )
205              	( 5.1842412187e-01 0.0000000000e+00 -2.3141568355e+00 )	( 4.8167950847e-01 0.0000000000e+00 -2.3123110281e+00 )	( 3.6744613397e-02 0.0000000000e+00 -1.8458073909e-03 )
206              	( 5.1842295165e-01 0.0000000000e+00 -2.3141647302e+00 )	( 4.8167831676e-01 0.0000000000e+00 -2.3123189197e+00 )	( 3.6744634892e-02 0.0000000000e+00 -1.8458104691e-03 )
207              	( 5.1842173438e-01 0.0000000000e+00 -2.3141726965e+00 )	( 4.8167707833e-01 0.0000000000e+00 -2.3123268826e+00 )	( 3.6744656051e-02 0.0000000000e+00 -1.8458138805e-03 )
208              	( 5.1842047557e-01 0.0000000000e+00 -2.3141807292e+00 )	( 4.8167579851e-01 0.0000000000e+00 -2.3123349116e+00 )	( 3.6744677060e-02 0.0000000000e+00 -1.8458176297e-03 )
209              	( 5.1841918287e-01 0.0000000000e+00 -2.3141888127e+00 )	( 4.8167448477e-01 0.0000000000e+00 -2.3123429910e+00 )	( 3.6744698096e-02 0.0000000000e+00 -1.8458217092e-03 )
210              	( 5.1841786458e-01 0.0000000000e+00 -2.3141969301e+00 )	( 4.8167314526e-01 0.0000000000e+00 -2.3123511040e+00 )	( 3.6744719315e-02 0.0000000000e+00 -1.8458261039e-03 )
211              	( 5.1841652791e-01 0.0000000000e+00 -2.3142050689e+00 )	( 4.8167178707e-01 0.0000000000e+00 -2.3123592381e+00 )	( 3.6744740838e-02 0.0000000000e+00 -1.8458307935e-03 )
212              	( 5.1841518521e-01 0.0000000000e+00 -2.3142131894e+00 )	( 4.8167042245e-01 0.0000000000e+00 -2.3123673536e+00 )	( 3.6744762757e-02 0.0000000000e+00 -1.8458357561e-03 )
213              	( 5.1841384230e-01 0.0000000000e+00 -2.3142212842e+00 )	( 4.8166905718e-01 0.0000000000e+00 -2.3123754433e+00 )	( 3.6744785118e-02 0.0000000000e+00 -1.8458409684e-03 )
214              	( 5.1841250769e-01 0.0000000000e+00 -2.3142293235e+00 )	( 4.8166769975e-01 0.0000000000e+00 -2.3123834771e+00 )	( 3.6744807941e-02 0.0000000000e+00 -1.8458464066e-03 )
215              	( 5.1841118920e-01 0.0000000000e+00 -2.3142372804e+00 )	( 4.8166635798e-01 0.0000000000e+00 -2.3123914283e+00 )	( 3.6744831221e-02 0.0000000000e+00 -1.8458520459e-03 )
216              	( 5.1840989382e-01 0.0000000000e+00 -2.3142451277e+00 )	( 4.8166503888e-01 0.0000000000e+00 -2.3123992699e+00 )	( 3.6744854937e-02 0.0000000000e+00 -1.8458578592e-03 )
217              	( 5.1840862820e-01 0.0000000000e+00 -2.3142528321e+00 )	( 4.8166374914e-01 0.0000000000e+00 -2.3124069682e+00 )	( 3.6744879064e-02 0.0000000000e+00 -1.8458638157e-03 )
218              	( 5.1840739793e-01 0.0000000000e+00 -2.3142603709e+00 )	( 4.8166249436e-01 0.0000000000e+00 -2.3124145011e+00 )	( 3.6744903571e-02 0.0000000000e+00 -1.8458698817e-03 )
219              	( 5.1840620768e-01 0.0000000000e+00 -2.3142677220e+00 )	( 4.8166127925e-01 0.0000000000e+00 -2.3124218460e+00 )	( 3.6744928428e-02 0.0000000000e+00 -1.8458760196e-03 )
220              	( 5.1840506162e-01 0.0000000000e+00 -2.3142748621e+00 )	( 4.8166010802e-01 0.0000000000e+00 -2.3124289799e+00 )	( 3.6744953603e-02 0.0000000000e+00 -1.8458821888e-03 )
221              	( 5.1840396348e-01 0.0000000000e+00 -2.3142817693e+00 )	( 4.8165898442e-01 0.0000000000e+00 -2.3124358809e+00 )	( 3.6744979061e-02 0.0000000000e+00 -1.8458883469e-03 )
222              	( 5.1840291650e-01 0.0000000000e+00 -2.3142884241e+00 )	( 4.8165791175e-01 0.0000000000e+00 -2.3124425297e+00 )	( 3.6745004756e-02 0.0000000000e+00 -1.8458944523e-03 )
223              	( 5.1840192340e-01 0.0000000000e+00 -2.3142948098e+00 )	( 4.8165689277e-01 0.0000000000e+00 -2.3124489093e+00 )	( 3.6745030632e-02 0.0000000000e+00 -1.8459004655e-03 )
224              	( 5.1840098634e-01 0.0000000000e+00 -2.3143009118e+00 )	( 4.8165592972e-01 0.0000000000e+00 -2.3124550055e+00 )	( 3.6745056619e-02 0.0000000000e+00 -1.8459063511e-03 )
225              	( 5.1840010697e-01 0.0000000000e+00 -2.3143067183e+00 )	( 4.8165502434e-01 0.0000000000e+00 -2.3124608062e+00 )	( 3.6745082631e-02 0.0000000000e+00 -1.8459120788e-03 )
226              	( 5.1839928635e-01 0.0000000000e+00 -2.3143122196e+00 )	( 4.8165417777e-01 0.0000000000e+00 -2.3124663020e+00 )	( 3.6745108572e-02 0.0000000000e+00 -1.8459176239e-03 )
227              	( 5.1839852492e-01 0.0000000000e+00 -2.3143174088e+00 )	( 4.8165339058e-01 0.0000000000e+00 -2.3124714858e+00 )	( 3.6745134338e-02 0.0000000000e+00 -1.8459229673e-03 )
228              	( 5.1839782272e-01 0.0000000000e+00 -2.3143222795e+00 )	( 4.8165266290e-01 0.0000000000e+00 -2.3124763514e+00 )	( 3.6745159823e-02 0.0000000000e+00 -1.8459280943e-03 )
229              	( 5.1839717914e-01 0.0000000000e+00 -2.3143268292e+00 )	( 4.8165199421e-01 0.0000000000e+00 -2.3124808962e+00 )	( 3.6745184922e-02 0.0000000000e+00 -1.8459329942e-03 )
230              	( 5.1839659379e-01 0.0000000000e+00 -2.3143310535e+00 )	( 4.8165138425e-01 0.0000000000e+00 -2.3124851159e+00 )	( 3.6745209542e-02 0.0000000000e+00 -1.8459376589e-03 )
231              	( 5.1839606371e-01 0.0000000000e+00 -2.3143349605e+00 )	( 4.8165083012e-01 0.0000000000e+00 -2.3124890184e+00 )	( 3.6745233597e-02 0.0000000000e+00 -1.8459420808e-03 )
232              	( 5.1839558856e-01 0.0000000000e+00 -2.3143385452e+00 )	( 4.8165033154e-01 0.0000000000e+00 -2.3124925990e+00 )	( 3.6745257018e-02 0.0000000000e+00 -1.8459462543e-03 )
233              	( 5.1839516600e-01 0.0000000000e+00 -2.3143418145e+00 )	( 4.8164988625e-01 0.0000000000e+00 -2.3124958643e+00 )	( 3.6745279746e-02 0.0000000000e+00 -1.8459501739e-03 )
234              	( 5.1839479479e-01 0.0000000000e+00 -2.3143447715e+00 )	( 4.8164949306e-01 0.0000000000e+00 -2.3124988176e+00 )	( 3.6745301733e-02 0.0000000000e+00 -1.8459538356e-03 )
235              	( 5.1839447217e-01 0.0000000000e+00 -2.3143474265e+00 )	( 4.8164914923e-01 0.0000000000e+00 -2.3125014692e+00 )	( 3.6745322940e-02 0.0000000000e+00 -1.8459572357e-03 )
236              	( 5.1839419613e-01 0.0000000000e+00 -2.3143497871e+00 )	( 4.8164885280e-01 0.0000000000e+00 -2.3125038267e+00 )	( 3.6745343331e-02 0.0000000000e+00 -1.8459603727e-03 )
237              	( 5.1839396473e-01 0.0000000000e+00 -2.3143518629e+00 )	( 4.8164860186e-01 0.0000000000e+00 -2.3125058996e+00 )	( 3.6745362875e-02 0.0000000000e+00 -1.8459632475e-03 )
238              	( 5.1839377516e-01 0.0000000000e+00 -2.3143536659e+00 )	( 4.8164839362e-01 0.0000000000e+00 -2.3125077000e+00 )	( 3.6745381541e-02 0.0000000000e+00 -1.8459658625e-03 )
239              	( 5.1839362608e-01 0.0000000000e+00 -2.3143552051e+00 )	( 4.8164822678e-01 0.0000000000e+00 -2.3125092369e+00 )	( 3.6745399303e-02 0.0000000000e+00 -1.8459682246e-03 )
240              	( 5.1839351477e-01 0.0000000000e+00 -2.3143564942e+00 )	( 4.8164809864e-01 0.0000000000e+00 -2.3125105238e+00 )	( 3.6745416134e-02 0.0000000000e+00 -1.8459703414e-03 )
241              	( 5.1839343898e-01 0.0000000000e+00 -2.3143575451e+00 )	( 4.8164800696e-01 0.0000000000e+00 -2.3125115729e+00 )	( 3.6745432013e-02 0.0000000000e+00 -1.8459722229e-03 )
242              	( 5.1839339638e-01 0.0000000000e+00 -2.3143583704e+00 )	( 4.8164794946e-01 0.0000000000e+00 -2.3125123965e+00 )	( 3.6745446923e-02 0.0000000000e+00 -1.8459738800e-03 )
243              	( 5.1839338467e-01 0.0000000000e+00 -2.3143589825e+00 )	( 4.8164792382e-01 0.0000000000e+00 -2.3125130072e+00 )	( 3.6745460858e-02 0.0000000000e+00 -1.8459753242e-03 )
244              	( 5.1839340154e-01 0.0000000000e+00 -2.3143593941e+00 )	( 4.8164792773e-01 0.0000000000e+00 -2.3125134175e+00 )	( 3.6745473817e-02 0.0000000000e+00 -1.8459765667e-03 )
245              	( 5.1839344468e-01 0.0000000000e+00 -2.3143596178e+00 )	( 4.8164795887e-01 0.0000000000e+00 -2.3125136402e+00 )	( 3.6745485807e-02 0.0000000000e+00 -1.8459776183e-03 )
246              	( 5.1839351186e-01 0.0000000000e+00 -2.3143596664e+00 )	( 4.8164801501e-01 0.0000000000e+00 -2.3125136880e+00 )	( 3.6745496846e-02 0.0000000000e+00 -1.8459784886e-03 )
247              	( 5.1839360088e-01 0.0000000000e+00 -2.3143595529e+00 )	( 4.8164809392e-01 0.0000000000e+00 -2.3125135737e+00 )	( 3.6745506956e-02 0.0000000000e+00 -1.8459791870e-03 )
248              	( 5.1839370962e-01 0.0000000000e+00 -2.3143592901e+00 )	( 4.8164819346e-01 0.0000000000e+00 -2.3125133103e+00 )	( 3.6745516163e-02 0.0000000000e+00 -1.8459797222e-03 )
249              	( 5.1839383602e-01 0.0000000000e+00 -2.3143588911e+00 )	( 4.8164831152e-01 0.0000000000e+00 -2.3125129110e+00 )	( 3.6745524495e-02 0.0000000000e+00 -1.8459801028e-03 )
250              	( 5.1839397805e-01 0.0000000000e+00 -2.3143583690e+00 )	( 4.8164844607e-01 0.0000000000e+00 -2.3125123886e+00 )	( 3.6745531984e-02 0.0000000000e+00 -1.8459803376e-03 )
251              	( 5.1839413375e-01 0.0000000000e+00 -2.3143577366e+00 )	( 4.8164859509e-01 0.0000000000e+00 -2.3125117562e+00 )	( 3.6745538659e-02 0.0000000000e+00 -1.8459804359e-03 )
252              	( 5.1839430120e-01 0.0000000000e+00 -2.3143570068e+00 )	( 4.8164875665e-01 0.0000000000e+00 -2.3125110264e+00 )	( 3.6745544550e-02 0.0000000000e+00 -1.8459804075e-03 )
253              	( 5.1839447849e-01 0.0000000000e+00 -2.3143561918e+00 )	( 4.8164892880e-01 0.0000000000e+00 -2.3125102115e+00 )	( 3.6745549687e-02 0.0000000000e+00 -1.8459802631e-03 )
254              	( 5.1839466377e-01 0.0000000000e+00 -2.3143553038e+00 )	( 4.8164910967e-01 0.0000000000e+00 -2.3125093238e+00 )	( 3.6745554098e-02 0.0000000000e+00 -1.8459800133e-03 )
255              	( 5.1839485520e-01 0.0000000000e+00 -2.3143543543e+00 )	( 4.8164929739e-01 0.0000000000e+00 -2.3125083746e+00 )	( 3.6745557813e-02 0.0000000000e+00 -1.8459796690e-03 )
256              	( 5.1839505100e-01 0.0000000000e+00 -2.3143533546e+00 )	( 4.8164949014e-01 0.0000000000e+00 -2.3125073753e+00 )	( 3.6745560862e-02 0.0000000000e+00 -1.8459792408e-03 )
257              	( 5.1839524945e-01 0.0000000000e+00 -2.3143523153e+00 )	( 4.8164968617e-01 0.0000000000e+00 -2.3125063365e+00 )	( 3.6745563280e-02 0.0000000000e+00 -1.8459787392e-03 )
258              	( 5.1839544890e-01 0.0000000000e+00 -2.3143512466e+00 )	( 4.8164988380e-01 0.0000000000e+00 -2.3125052684e+00 )	( 3.6745565105e-02 0.0000000000e+00 -1.8459781739e-03 )
259              	( 5.1839564781e-01 0.0000000000e+00 -2.3143501581e+00 )	( 4.8165008143e-01 0.0000000000e+00 -2.3125041806e+00 )	( 3.6745566375e-02 0.0000000000e+00 -1.8459775541e-03 )
260              	( 5.1839584471e-01 0.0000000000e+00 -2.3143490590e+00 )	( 4.8165027758e-01 0.0000000000e+00 -2.3125030821e+00 )	( 3.6745567131e-02 0.0000000000e+00 -1.8459768880e-03 )
261              	( 5.1839603831e-01 0.0000000000e+00 -2.3143479577e+00 )	( 4.8165047090e-01 0.0000000000e+00 -2.3125019816e+00 )	( 3.6745567415e-02 0.0000000000e+00 -1.8459761836e-03 )
262              	( 5.1839622740e-01 0.0000000000e+00 -2.3143468623e+00 )	( 4.8165066014e-01 0.0000000000e+00 -2.3125008869e+00 )	( 3.6745567266e-02 0.0000000000e+00 -1.8459754482e-03 )
263              	( 5.1839641092e-01 0.0000000000e+00 -2.3143457802e+00 )	( 4.8165084420e-01 0.0000000000e+00 -2.3124998055e+00 )	( 3.6745566726e-02 0.0000000000e+00 -1.8459746889e-03 )
264              	( 5.1839658775e-01 0.0000000000e+00 -2.3143447191e+00 )	( 4.8165102192e-01 0.0000000000e+00 -2.3124987452e+00 )	( 3.6745565832e-02 0.0000000000e+00 -1.8459739129e-03 )
265              	( 5.1839675753e-01 0.0000000000e+00 -2.3143436825e+00 )	( 4.8165119291e-01 0.0000000000e+00 -2.3124977093e+00 )	( 3.6745564621e-02 0.0000000000e+00 -1.8459731271e-03 )
266              	( 5.1839691926e-01 0.0000000000e+00 -2.3143426778e+00 )	( 4.8165135614e-01 0.0000000000e+00 -2.3124967055e+00 )	( 3.6745563128e-02 0.0000000000e+00 -1.8459723383e-03 )
267              	( 5.1839707213e-01 0.0000000000e+00 -2.3143417109e+00 )	( 4.8165151075e-01 0.0000000000e+00 -2.3124957393e+00 )	( 3.6745561385e-02 0.0000000000e+00 -1.8459715534e-03 )
268              	( 5.1839721590e-01 0.0000000000e+00 -2.3143407842e+00 )	( 4.8165165647e-01 0.0000000000e+00 -2.3124948134e+00 )	( 3.6745559427e-02 0.0000000000e+00 -1.8459707788e-03 )
269              	( 5.1839735014e-01 0.0000000000e+00 -2.3143399017e+00 )	( 4.8165179286e-01 0.0000000000e+00 -2.3124939316e+00 )	( 3.6745557283e-02 0.0000000000e+00 -1.8459700204e-03 )
270              	( 5.1839747457e-01 0.0000000000e+00 -2.3143390660e+00 )	( 4.8165191959e-01 0.0000000000e+00 -2.3124930967e+00 )	( 3.6745554982e-02 0.0000000000e+00 -1.8459692835e-03 )
271              	( 5.1839758901e-01 0.0000000000e+00 -2.3143382793e+00 )	( 4.8165203646e-01 0.0000000000e+00 -2.3124923107e+00 )	( 3.6745552555e-02 0.0000000000e+00 -1.8459685726e-03 )
272              	( 5.1839769335e-01 0.0000000000e+00 -2.3143375434e+00 )	( 4.8165214332e-01 0.0000000000e+00 -2.3124915755e+00 )	( 3.6745550031e-02 0.0000000000e+00 -1.8459678914e-03 )
273              	( 5.1839778781e-01 0.0000000000e+00 -2.3143368583e+00 )	( 4.8165224037e-01 0.0000000000e+00 -2.3124908911e+00 )	( 3.6745547438e-02 0.0000000000e+00 -1.8459672432e-03 )
274              	( 5.1839787238e-01 0.0000000000e+00 -2.3143362254e+00 )	( 4.8165232758e-01 0.0000000000e+00 -2.3124902588e+00 )	( 3.6745544804e-02 0.0000000000e+00 -1.8459666301e-03 )
275              	( 5.1839794732e-01 0.0000000000e+00 -2.3143356444e+00 )	( 4.8165240517e-01 0.0000000000e+00 -2.3124896783e+00 )	( 3.6745542153e-02 0.0000000000e+00 -1.8459660538e-03 )
276              	( 5.1839801297e-01 0.0000000000e+00 -2.3143351147e+00 )	( 4.8165247346e-01 0.0000000000e+00 -2.3124891492e+00 )	( 3.6745539510e-02 0.0000000000e+00 -1.8459655157e-03 )
277              	( 5.1839806972e-01 0.0000000000e+00 -2.3143346356e+00 )	( 4.8165253283e-01 0.0000000000e+00 -2.3124886706e+00 )	( 3.6745536894e-02 0.0000000000e+00 -1.8459650165e-03 )
278              	( 5.1839811802e-01 0.0000000000e+00 -2.3143342057e+00 )	( 4.8165258370e-01 0.0000000000e+00 -2.3124882411e+00 )	( 3.6745534325e-02 0.0000000000e+00 -1.8459645567e-03 )
279              	( 5.1839815837e-01 0.0000000000e+00 -2.3143338233e+00 )	( 4.8165262656e-01 0.0000000000e+00 -2.3124878592e+00 )	( 3.6745531817e-02 0.0000000000e+00 -1.8459641366e-03 )
280              	( 5.1839819131e-01 0.0000000000e+00 -2.3143334866e+00 )	( 4.8165266192e-01 0.0000000000e+00 -2.3124875228e+00 )	( 3.6745529384e-02 0.0000000000e+00 -1.8459637561e-03 )
281              	( 5.1839821738e-01 0.0000000000e+00 -2.3143331933e+00 )	( 4.8165269034e-01 0.0000000000e+00 -2.3124872299e+00 )	( 3.6745527038e-02 0.0000000000e+00 -1.8459634148e-03 )
282              	( 5.1839823715e-01 0.0000000000e+00 -2.3143329410e+00 )	( 4.8165271237e-01 0.0000000000e+00 -2.3124869779e+00 )	( 3.6745524787e-02 0.0000000000e+00 -1.8459631122e-03 )
283              	( 5.1839825122e-01 0.0000000000e+00 -2.3143327272e+00 )	( 4.8165272858e-01 0.0000000000e+00 -2.3124867643e+00 )	( 3.6745522640e-02 0.0000000000e+00 -1.8459628471e-03 )
284              	( 5.1839826016e-01 0.0000000000e+00 -2.3143325490e+00 )	( 4.8165273956e-01 0.0000000000e+00 -2.3124865863e+00 )	( 3.6745520604e-02 0.0000000000e+00 -1.8459626181e-03 )
285              	( 5.1839826455e-01 0.0000000000e+00 -2.3143324036e+00 )	( 4.8165274586e-01 0.0000000000e+00 -2.3124864412e+00 )	( 3.6745518683e-02 0.0000000000e+00 -1.8459624236e-03 )
286              	( 5.1839826496e-01 0.0000000000e+00 -2.3143322881e+00 )	( 4.8165274807e-01 0.0000000000e+00 -2.3124863259e+00 )	( 3.6745516883e-02 0.0000000000e+00 -1.8459622613e-03 )
287              	( 5.1839826195e-01 0.0000000000e+00 -2.3143321997e+00 )	( 4.8165274675e-01 0.0000000000e+00 -2.3124862375e+00 )	( 3.6745515206e-02 0.0000000000e+00 -1.8459621290e-03 )
288              	( 5.1839825609e-01 0.0000000000e+00 -2.3143321353e+00 )	( 4.8165274243e-01 0.0000000000e+00 -2.3124861733e+00 )	( 3.6745513654e-02 0.0000000000e+00 -1.8459620242e-03 )
289              	( 5.1839824787e-01 0.0000000000e+00 -2.3143320924e+00 )	( 4.8165273564e-01 0.0000000000e+00 -2.3124861305e+00 )	( 3.6745512228e-02 0.0000000000e+00 -1.8459619442e-03 )
290              	( 5.1839823781e-01 0.0000000000e+00 -2.3143320682e+00 )	( 4.8165272689e-01 0.0000000000e+00 -2.3124861063e+00 )	( 3.6745510925e-02 0.0000000000e+00 -1.8459618866e-03 )
291              	( 5.1839822636e-01 0.0000000000e+00 -2.3143320600e+00 )	( 4.8165271662e-01 0.0000000000e+00 -2.3124860981e+00 )	( 3.6745509744e-02 0.0000000000e+00 -1.8459618486e-03 )
292              	( 5.1839821396e-01 0.0000000000e+00 -2.3143320653e+00 )	( 4.8165270528e-01 0.0000000000e+00 -2.3124861035e+00 )	( 3.6745508680e-02 0.0000000000e+00 -1.8459618281e-03 )
293              	( 5.1839820097e-01 0.0000000000e+00 -2.3143320820e+00 )	( 4.8165269324e-01 0.0000000000e+00 -2.3124861202e+00 )	( 3.6745507729e-02 0.0000000000e+00 -1.8459618225e-03 )
294              	( 5.1839818776e-01 0.0000000000e+00 -2.3143321077e+00 )	( 4.8165268088e-01 0.0000000000e+00 -2.3124861459e+00 )	( 3.6745506884e-02 0.0000000000e+00 -1.8459618299e-03 )
295              	( 5.1839817462e-01 0.0000000000e+00 -2.3143321405e+00 )	( 4.8165266848e-01 0.0000000000e+00 -2.3124861786e+00 )	( 3.6745506140e-02 0.0000000000e+00 -1.8459618481e-03 )
296              	( 5.1839816180e-01 0.0000000000e+00 -2.3143321784e+00 )	( 4.8165265631e-01 0.0000000000e+00 -2.3124862165e+00 )	( 3.6745505489e-02 0.0000000000e+00 -1.8459618752e-03 )
297              	( 5.1839814955e-01 0.0000000000e+00 -2.3143322196e+00 )	( 4.8165264463e-01 0.0000000000e+00 -2.3124862577e+00 )	( 3.6745504926e-02 0.0000000000e+00 -1.8459619092e-03 )
298              	( 5.1839813805e-01 0.0000000000e+00 -2.3143322627e+00 )	( 4.8165263360e-01 0.0000000000e+00 -2.3124863008e+00 )	( 3.6745504444e-02 0.0000000000e+00 -1.8459619485e-03 )
299              	( 5.1839812743e-01 0.0000000000e+00 -2.3143323063e+00 )	( 4.8165262340e-01 0.0000000000e+00 -2.3124863443e+00 )	( 3.6745504035e-02 0.0000000000e+00 -1.8459619914e-03 )
300              	( 5.1839811783e-01 0.0000000000e+00 -2.3143323492e+00 )	( 4.8165261413e-01 0.0000000000e+00 -2.3124863872e+00 )	( 3.6745503694e-02 0.0000000000e+00 -1.8459620361e-03 )
301              	( 5.1839810935e-01 0.0000000000e+00 -2.3143323902e+00 )	( 4.8165260593e-01 0.0000000000e+00 -2.3124864281e+00 )	( 3.6745503414e-02 0.0000000000e+00 -1.8459620814e-03 )
302              	( 5.1839810198e-01 0.0000000000e+00 -2.3143324291e+00 )	( 4.8165259880e-01 0.0000000000e+00 -2.3124864669e+00 )	( 3.6745503188e-02 0.0000000000e+00 -1.8459621259e-03 )
303              	( 5.1839809584e-01 0.0000000000e+00 -2.3143324645e+00 )	( 4.8165259283e-01 0.0000000000e+00 -2.3124865024e+00 )	( 3.6745503011e-02 0.0000000000e+00 -1.8459621684e-03 )
304              	( 5.1839809091e-01 0.0000000000e+00 -2.3143324962e+00 )	( 4.8165258804e-01 0.0000000000e+00 -2.3124865340e+00 )	( 3.6745502875e-02 0.0000000000e+00 -1.8459622080e-03 )
305              	( 5.1839808720e-01 0.0000000000e+00 -2.3143325237e+00 )	( 4.8165258442e-01 0.0000000000e+00 -2.3124865614e+00 )	( 3.6745502776e-02 0.0000000000e+00 -1.8459622441e-03 )
306              	( 5.1839808467e-01 0.0000000000e+00 -2.3143325467e+00 )	( 4.8165258196e-01 0.0000000000e+00 -2.3124865845e+00 )	( 3.6745502707e-02 0.0000000000e+00 -1.8459622761e-03 )
307              	( 5.1839808327e-01 0.0000000000e+00 -2.3143325652e+00 )	( 4.8165258061e-01 0.0000000000e+00 -2.3124866029e+00 )	( 3.6745502662e-02 0.0000000000e+00 -1.8459623036e-03 )
308              	( 5.1839808296e-01 0.0000000000e+00 -2.3143325789e+00 )	( 4.8165258032e-01 0.0000000000e+00 -2.3124866166e+00 )	( 3.6745502637e-02 0.0000000000e+00 -1.8459623263e-03 )
309              	( 5.1839808365e-01 0.0000000000e+00 -2.3143325881e+00 )	( 4.8165258102e-01 0.0000000000e+00 -2.3124866257e+00 )	( 3.6745502626e-02 0.0000000000e+00 -1.8459623442e-03 )
310              	( 5.1839808526e-01 0.0000000000e+00 -2.3143325926e+00 )	( 4.8165258264e-01 0.0000000000e+00 -2.3124866303e+00 )	( 3.6745502625e-02 0.0000000000e+00 -1.8459623572e-03 )
311              	( 5.1839808771e-01 0.0000000000e+00 -2.3143325928e+00 )	( 4.8165258508e-01 0.0000000000e+00 -2.3124866305e+00 )	( 3.6745502632e-02 0.0000000000e+00 -1.8459623654e-03 )
312              	( 5.1839809090e-01 0.0000000000e+00 -2.3143325889e+00 )	( 4.8165258826e-01 0.0000000000e+00 -2.3124866265e+00 )	( 3.6745502641e-02 0.0000000000e+00 -1.8459623688e-03 )
313              	( 5.1839809474e-01 0.0000000000e+00 -2.3143325811e+00 )	( 4.8165259209e-01 0.0000000000e+00 -2.3124866187e+00 )	( 3.6745502652e-02 0.0000000000e+00 -1.8459623676e-03 )
314              	( 5.1839809914e-01 0.0000000000e+00 -2.3143325697e+00 )	( 4.8165259648e-01 0.0000000000e+00 -2.3124866073e+00 )	( 3.6745502662e-02 0.0000000000e+00 -1.8459623620e-03 )
315              	( 5.1839810399e-01 0.0000000000e+00 -2.3143325552e+00 )	( 4.8165260132e-01 0.0000000000e+00 -2.3124865928e+00 )	( 3.6745502669e-02 0.0000000000e+00 -1.8459623522e-03 )
316              	( 5.1839810922e-01 0.0000000000e+00 -2.3143325377e+00 )	( 4.8165260655e-01 0.0000000000e+00 -2.3124865754e+00 )	( 3.6745502671e-02 0.0000000000e+00 -1.8459623385e-03 )
317              	( 5.1839811474e-01 0.0000000000e+00 -2.3143325179e+00 )	( 4.8165261207e-01 0.0000000000e+00 -2.3124865556e+00 )	( 3.6745502668e-02 0.0000000000e+00 -1.8459623211e-03 )
318              	( 5.1839812045e-01 0.0000000000e+00 -2.3143324961e+00 )	( 4.8165261779e-01 0.0000000000e+00 -2.3124865338e+00 )	( 3.6745502657e-02 0.0000000000e+00 -1.8459623006e-03 )
319              	( 5.1839812627e-01 0.0000000000e+00 -2.3143324727e+00 )	( 4.8165262363e-01 0.0000000000e+00 -2.3124865104e+00 )	( 3.6745502640e-02 0.0000000000e+00 -1.8459622772e-03 )
320              	( 5.1839813213e-01 0.0000000000e+00 -2.3143324481e+00 )	( 4.8165262952e-01 0.0000000000e+00 -2.3124864858e+00 )	( 3.6745502614e-02 0.0000000000e+00 -1.8459622515e-03 )
321              	( 5.1839813796e-01 0.0000000000e+00 -2.3143324227e+00 )	( 4.8165263538e-01 0.0000000000e+00 -2.3124864604e+00 )	( 3.6745502580e-02 0.0000000000e+00 -1.8459622238e-03 )
322              	( 5.1839814369e-01 0.0000000000e+00 -2.3143323968e+00 )	( 4.8165264116e-01 0.0000000000e+00 -2.3124864346e+00 )	( 3.6745502537e-02 0.0000000000e+00 -1.8459621947e-03 )
323              	( 5.1839814926e-01 0.0000000000e+00 -2.3143323708e+00 )	( 4.8165264678e-01 0.0000000000e+00 -2.3124864087e+00 )	( 3.6745502487e-02 0.0000000000e+00 -1.8459621645e-03 )
324              	( 5.1839815461e-01 0.0000000000e+00 -2.3143323451e+00 )	( 4.8165265218e-01 0.0000000000e+00 -2.3124863830e+00 )	( 3.6745502428e-02 0.0000000000e+00 -1.8459621336e-03 )
