# Moment         
# CofR           : ( 0.0000000000e+00 0.0000000000e+00 0.0000000000e+00 )
#                
# Time           	(total_x total_y total_z)	(pressure_x pressure_y pressure_z)	(viscous_x viscous_y viscous_z)
1                	( 4.4776593711e+00 -5.9136961424e-01 -2.6426719336e+00 )	( 4.4791677802e+00 -5.8851787302e-01 -2.6168232140e+00 )	( -1.5084090709e-03 -2.8517412151e-03 -2.5848719585e-02 )
2                	( -3.2061136330e-01 7.5210431997e-01 -8.9290641920e-01 )	( -3.1953633532e-01 7.5492572183e-01 -8.6833584418e-01 )	( -1.0750279809e-03 -2.8214018658e-03 -2.4570575020e-02 )
3                	( -5.8092756761e-01 6.0753604258e-01 -4.3202235117e-01 )	( -5.7991869526e-01 6.1032654758e-01 -4.0832164354e-01 )	( -1.0088723524e-03 -2.7905049982e-03 -2.3700707628e-02 )
4                	( -5.0713293692e-01 5.2422887941e-01 -3.4184104238e-01 )	( -5.0620951227e-01 5.2698581760e-01 -3.1896965714e-01 )	( -9.2342464397e-04 -2.7569381904e-03 -2.2871385242e-02 )
5                	( -5.2237040662e-01 5.2987098258e-01 -3.4143542723e-01 )	( -5.2154038421e-01 5.3259073290e-01 -3.1927593665e-01 )	( -8.3002240204e-04 -2.7197503170e-03 -2.2159490580e-02 )
6                	( -5.1759701912e-01 5.3101270119e-01 -3.4687246434e-01 )	( -5.1684055338e-01 5.3369620575e-01 -3.2535763717e-01 )	( -7.5646573384e-04 -2.6835045625e-03 -2.1514827163e-02 )
7                	( -5.1678548114e-01 5.3415007346e-01 -3.5432941807e-01 )	( -5.1608467388e-01 5.3679610808e-01 -3.3341210245e-01 )	( -7.0080726154e-04 -2.6460346206e-03 -2.0917315620e-02 )
8                	( -5.1643656181e-01 5.3591443966e-01 -3.6064456436e-01 )	( -5.1577782242e-01 5.3852263783e-01 -3.4028887346e-01 )	( -6.5873938973e-04 -2.6081981755e-03 -2.0355690902e-02 )
9                	( -5.1673261643e-01 5.3658562573e-01 -3.6573627484e-01 )	( -5.1610608601e-01 5.3915744710e-01 -3.4589994597e-01 )	( -6.2653042232e-04 -2.5718213710e-03 -1.9836328868e-02 )
10               	( -5.1805914250e-01 5.3644173208e-01 -3.6930691547e-01 )	( -5.1745746848e-01 5.3897720878e-01 -3.4996988558e-01 )	( -6.0167402083e-04 -2.5354767000e-03 -1.9337029891e-02 )
11               	( -5.2300102713e-01 5.3604308136e-01 -3.7086529695e-01 )	( -5.2241919643e-01 5.3854389175e-01 -3.5199792459e-01 )	( -5.8183069560e-04 -2.5008103966e-03 -1.8867372356e-02 )
12               	( -5.2890567295e-01 5.3427772834e-01 -3.7064034751e-01 )	( -5.2833994148e-01 5.3674612581e-01 -3.5221040616e-01 )	( -5.6573147384e-04 -2.4683974664e-03 -1.8429941353e-02 )
13               	( -5.3453732260e-01 5.3036829956e-01 -3.6874926454e-01 )	( -5.3398298279e-01 5.3280548513e-01 -3.5072268045e-01 )	( -5.5433981399e-04 -2.4371855743e-03 -1.8026584080e-02 )
14               	( -5.3944647936e-01 5.2497357544e-01 -3.6562189070e-01 )	( -5.3889714988e-01 5.2737934614e-01 -3.4796841863e-01 )	( -5.4932948022e-04 -2.4057706973e-03 -1.7653472075e-02 )
15               	( -5.4342288119e-01 5.1810381205e-01 -3.6141576238e-01 )	( -5.4287261055e-01 5.2047868991e-01 -3.4410021975e-01 )	( -5.5027063192e-04 -2.3748778587e-03 -1.7315542631e-02 )
16               	( -5.4529082455e-01 5.0971100088e-01 -3.5647124108e-01 )	( -5.4473526919e-01 5.1205668536e-01 -3.3945741235e-01 )	( -5.5555535908e-04 -2.3456844835e-03 -1.7013828731e-02 )
17               	( -5.4612027944e-01 5.0044927583e-01 -3.5099460845e-01 )	( -5.4555547476e-01 5.0276729715e-01 -3.3424880008e-01 )	( -5.6480467970e-04 -2.3180213184e-03 -1.6745808365e-02 )
18               	( -5.4590485421e-01 4.9079585230e-01 -3.4547600190e-01 )	( -5.4532804241e-01 4.9308825165e-01 -3.2896421733e-01 )	( -5.7681180456e-04 -2.2923993474e-03 -1.6511784569e-02 )
19               	( -5.4316889967e-01 4.7991664212e-01 -3.3989462270e-01 )	( -5.4257882220e-01 4.8218571613e-01 -3.2358913747e-01 )	( -5.9007746925e-04 -2.2690740107e-03 -1.6305485230e-02 )
20               	( -5.3912365751e-01 4.6840978202e-01 -3.3430818016e-01 )	( -5.3852114946e-01 4.7065966481e-01 -3.1817350708e-01 )	( -6.0250804969e-04 -2.2498827980e-03 -1.6134673084e-02 )
21               	( -5.3301798529e-01 4.5608453701e-01 -3.2875974945e-01 )	( -5.3240429732e-01 4.5831960402e-01 -3.1276057839e-01 )	( -6.1368796882e-04 -2.2350670070e-03 -1.5999171060e-02 )
22               	( -5.2460365902e-01 4.4307880045e-01 -3.2357261668e-01 )	( -5.2398026930e-01 4.4530290465e-01 -3.0768081523e-01 )	( -6.2338972035e-04 -2.2241042090e-03 -1.5891801455e-02 )
23               	( -5.2124224613e-01 4.3349174591e-01 -3.1871748124e-01 )	( -5.2061037818e-01 4.3570854675e-01 -3.0290278900e-01 )	( -6.3186795070e-04 -2.2168008446e-03 -1.5814692243e-02 )
24               	( -5.1877366113e-01 4.2514031989e-01 -3.1432632180e-01 )	( -5.1813328366e-01 4.2735150551e-01 -2.9856449554e-01 )	( -6.4037746222e-04 -2.2111856268e-03 -1.5761826267e-02 )
25               	( -5.1935610407e-01 4.1919084820e-01 -3.1037391564e-01 )	( -5.1870816124e-01 4.2139894857e-01 -2.9464104083e-01 )	( -6.4794283488e-04 -2.2081003694e-03 -1.5732874805e-02 )
26               	( -5.1808620728e-01 4.1294666101e-01 -3.0692370912e-01 )	( -5.1743089419e-01 4.1515302813e-01 -2.9120476912e-01 )	( -6.5531309100e-04 -2.2063671252e-03 -1.5718940004e-02 )
27               	( -5.2129780562e-01 4.1000375643e-01 -3.0405045749e-01 )	( -5.2063430074e-01 4.1220972128e-01 -2.8832036753e-01 )	( -6.6350488326e-04 -2.2059648529e-03 -1.5730089961e-02 )
28               	( -5.2848223153e-01 4.0994014227e-01 -3.0173966410e-01 )	( -5.2781104298e-01 4.1214683620e-01 -2.8598824236e-01 )	( -6.7118854830e-04 -2.2066939302e-03 -1.5751421739e-02 )
29               	( -5.3966797414e-01 4.1247627078e-01 -2.9977271492e-01 )	( -5.3898902188e-01 4.1468438116e-01 -2.8398867335e-01 )	( -6.7895225934e-04 -2.2081103842e-03 -1.5784041569e-02 )
30               	( -5.5514656612e-01 4.1772975223e-01 -2.9815148065e-01 )	( -5.5446054970e-01 4.1994013557e-01 -2.8232813951e-01 )	( -6.8601641748e-04 -2.2103833393e-03 -1.5823341138e-02 )
31               	( -5.7434269795e-01 4.2527742836e-01 -2.9687559604e-01 )	( -5.7365047372e-01 4.2749074016e-01 -2.8101083348e-01 )	( -6.9222423600e-04 -2.2133118079e-03 -1.5864762561e-02 )
32               	( -5.9665122279e-01 4.3469070351e-01 -2.9582903479e-01 )	( -5.9595416637e-01 4.3690808501e-01 -2.7992036123e-01 )	( -6.9705641442e-04 -2.2173814957e-03 -1.5908673564e-02 )
33               	( -6.2061583648e-01 4.4509678817e-01 -2.9493409177e-01 )	( -6.1991494379e-01 4.4731916118e-01 -2.7897838301e-01 )	( -7.0089269122e-04 -2.2223730121e-03 -1.5955708760e-02 )
34               	( -6.4403854437e-01 4.5527055553e-01 -2.9414556622e-01 )	( -6.4333366913e-01 4.5749850832e-01 -2.7813325058e-01 )	( -7.0487523677e-04 -2.2279527898e-03 -1.6012315636e-02 )
35               	( -6.6712360034e-01 4.6532318425e-01 -2.9343522110e-01 )	( -6.6641627335e-01 4.6755764888e-01 -2.7736928568e-01 )	( -7.0732698768e-04 -2.2344646304e-03 -1.6065935419e-02 )
36               	( -6.9130361983e-01 4.7598762044e-01 -2.9268758788e-01 )	( -6.9059465026e-01 4.7822900542e-01 -2.7657012667e-01 )	( -7.0896956776e-04 -2.2413849887e-03 -1.6117461206e-02 )
37               	( -7.1441802868e-01 4.8603406408e-01 -2.9192798304e-01 )	( -7.1370786471e-01 4.8828259195e-01 -2.7576017050e-01 )	( -7.1016396874e-04 -2.2485278719e-03 -1.6167812532e-02 )
38               	( -7.3635661536e-01 4.9538412488e-01 -2.9109526200e-01 )	( -7.3564446229e-01 4.9763887326e-01 -2.7488034818e-01 )	( -7.1215306841e-04 -2.2547483797e-03 -1.6214913821e-02 )
39               	( -7.5751283351e-01 5.0425502173e-01 -2.9013638007e-01 )	( -7.5679867098e-01 5.0651580672e-01 -2.7387602841e-01 )	( -7.1416252686e-04 -2.2607849902e-03 -1.6260351662e-02 )
40               	( -7.7710506304e-01 5.1226263512e-01 -2.8914420008e-01 )	( -7.7638941671e-01 5.1452980690e-01 -2.7283918635e-01 )	( -7.1564632175e-04 -2.2671717807e-03 -1.6305013733e-02 )
41               	( -7.9596997719e-01 5.1984538835e-01 -2.8792516968e-01 )	( -7.9525298268e-01 5.2211886551e-01 -2.7157782706e-01 )	( -7.1699450993e-04 -2.2734771584e-03 -1.6347342624e-02 )
42               	( -8.1399869510e-01 5.2699902758e-01 -2.8664442982e-01 )	( -8.1327949395e-01 5.2927795433e-01 -2.7025680411e-01 )	( -7.1920115132e-04 -2.2789267553e-03 -1.6387625706e-02 )
43               	( -8.3065355878e-01 5.3340829472e-01 -2.8539530278e-01 )	( -8.2993192515e-01 5.3569248311e-01 -2.6896775048e-01 )	( -7.2163363195e-04 -2.2841883953e-03 -1.6427552308e-02 )
44               	( -8.4629603879e-01 5.3925036973e-01 -2.8405628113e-01 )	( -8.4557163891e-01 5.4153948021e-01 -2.6758994851e-01 )	( -7.2439987648e-04 -2.2891104828e-03 -1.6466332626e-02 )
45               	( -8.6105559520e-01 5.4462433862e-01 -2.8264556991e-01 )	( -8.6032808950e-01 5.4691802991e-01 -2.6614120810e-01 )	( -7.2750570131e-04 -2.2936912923e-03 -1.6504361817e-02 )
46               	( -8.7475047860e-01 5.4947117091e-01 -2.8119629762e-01 )	( -8.7401948985e-01 5.5176907060e-01 -2.6465461456e-01 )	( -7.3098874284e-04 -2.2978996904e-03 -1.6541683058e-02 )
47               	( -8.8765610526e-01 5.5396386826e-01 -2.7971570358e-01 )	( -8.8692121942e-01 5.5626559417e-01 -2.6313733464e-01 )	( -7.3488584467e-04 -2.3017259145e-03 -1.6578368934e-02 )
48               	( -8.9969323026e-01 5.5805641986e-01 -2.7822257632e-01 )	( -8.9895408606e-01 5.6036164214e-01 -2.6160790839e-01 )	( -7.3914420680e-04 -2.3052222746e-03 -1.6614667929e-02 )
49               	( -9.1104395874e-01 5.6184861911e-01 -2.7672816646e-01 )	( -9.1030025218e-01 5.6415707750e-01 -2.6007725151e-01 )	( -7.4370656288e-04 -2.3084583938e-03 -1.6650914958e-02 )
50               	( -9.2190906856e-01 5.6544405893e-01 -2.7524287125e-01 )	( -9.2116055924e-01 5.6775555971e-01 -2.5855547107e-01 )	( -7.4850931997e-04 -2.3115007803e-03 -1.6687400184e-02 )
51               	( -9.3229205479e-01 5.6885335294e-01 -2.7376622652e-01 )	( -9.3153857726e-01 5.7116773872e-01 -2.5704206631e-01 )	( -7.5347752606e-04 -2.3143857809e-03 -1.6724160215e-02 )
52               	( -9.4239235168e-01 5.7218036961e-01 -2.7231937006e-01 )	( -9.4163375018e-01 5.7449751848e-01 -2.5555812740e-01 )	( -7.5860149247e-04 -2.3171488731e-03 -1.6761242662e-02 )
53               	( -9.5216082951e-01 5.7543515002e-01 -2.7092688572e-01 )	( -9.5139704124e-01 5.7775496551e-01 -2.5412832743e-01 )	( -7.6378827453e-04 -2.3198154919e-03 -1.6798558291e-02 )
54               	( -9.6169675134e-01 5.7867584930e-01 -2.6960693933e-01 )	( -9.6092768276e-01 5.8099823276e-01 -2.5277094978e-01 )	( -7.6906858863e-04 -2.3223834559e-03 -1.6835989559e-02 )
55               	( -9.7107957832e-01 5.8192647927e-01 -2.6833231627e-01 )	( -9.7030520140e-01 5.8425131334e-01 -2.5145907423e-01 )	( -7.7437692087e-04 -2.3248340738e-03 -1.6873242046e-02 )
56               	( -9.8031580928e-01 5.8518647557e-01 -2.6710768394e-01 )	( -9.7953608569e-01 5.8751363945e-01 -2.5019740004e-01 )	( -7.7972359061e-04 -2.3271638774e-03 -1.6910283902e-02 )
57               	( -9.8928656843e-01 5.8840255721e-01 -2.6594595309e-01 )	( -9.8850145915e-01 5.9073193290e-01 -2.4899884148e-01 )	( -7.8510928058e-04 -2.3293756894e-03 -1.6947111613e-02 )
58               	( -9.9795783755e-01 5.9154994458e-01 -2.6484235418e-01 )	( -9.9716731775e-01 5.9388140168e-01 -2.4785884113e-01 )	( -7.9051980068e-04 -2.3314570967e-03 -1.6983513051e-02 )
59               	( -1.0063709945e+00 5.9464841073e-01 -2.6379516016e-01 )	( -1.0055750212e+00 5.9698180114e-01 -2.4677577036e-01 )	( -7.9597325708e-04 -2.3333904103e-03 -1.7019389807e-02 )
60               	( -1.0145289026e+00 5.9770801657e-01 -2.6280364430e-01 )	( -1.0137274762e+00 6.0004321179e-01 -2.4574889750e-01 )	( -8.0142644078e-04 -2.3351952174e-03 -1.7054746798e-02 )
61               	( -1.0223358986e+00 6.0066660727e-01 -2.6186059965e-01 )	( -1.0215290826e+00 6.0300353423e-01 -2.4477106179e-01 )	( -8.0681600497e-04 -2.3369269540e-03 -1.7089537866e-02 )
62               	( -1.0298135207e+00 6.0352826594e-01 -2.6096549833e-01 )	( -1.0290013978e+00 6.0586685790e-01 -2.4384168392e-01 )	( -8.1212290366e-04 -2.3385919670e-03 -1.7123814407e-02 )
63               	( -1.0369411890e+00 6.0627626523e-01 -2.6012407034e-01 )	( -1.0361238834e+00 6.0861649124e-01 -2.4296639500e-01 )	( -8.1730561525e-04 -2.3402260095e-03 -1.7157675344e-02 )
64               	( -1.0436589173e+00 6.0889008280e-01 -2.5934323515e-01 )	( -1.0428365779e+00 6.1123191815e-01 -2.4215221129e-01 )	( -8.2233943943e-04 -2.3418353531e-03 -1.7191023865e-02 )
65               	( -1.0500521047e+00 6.1140139755e-01 -2.5860767901e-01 )	( -1.0492248895e+00 6.1374483103e-01 -2.4138385775e-01 )	( -8.2721520989e-04 -2.3434334794e-03 -1.7223821262e-02 )
66               	( -1.0560475018e+00 6.1377628802e-01 -2.5792105913e-01 )	( -1.0552156102e+00 6.1612131333e-01 -2.4066509661e-01 )	( -8.3189159599e-04 -2.3450253070e-03 -1.7255962521e-02 )
67               	( -1.0616974096e+00 6.1602575724e-01 -2.5727285398e-01 )	( -1.0608610663e+00 6.1837236298e-01 -2.3998552810e-01 )	( -8.3634330396e-04 -2.3466057465e-03 -1.7287325886e-02 )
68               	( -1.0670173065e+00 6.1817127689e-01 -2.5667548079e-01 )	( -1.0661767403e+00 6.2051945460e-01 -2.3935758929e-01 )	( -8.4056617720e-04 -2.3481777163e-03 -1.7317891494e-02 )
69               	( -1.0720282198e+00 6.2021451758e-01 -2.5612116345e-01 )	( -1.0711836528e+00 6.2256425450e-01 -2.3877352661e-01 )	( -8.4456694614e-04 -2.3497369266e-03 -1.7347636839e-02 )
70               	( -1.0766636744e+00 6.2211847431e-01 -2.5560847108e-01 )	( -1.0758153229e+00 6.2446973843e-01 -2.3823208793e-01 )	( -8.4835153137e-04 -2.3512641257e-03 -1.7376383152e-02 )
71               	( -1.0809600384e+00 6.2389707976e-01 -2.5513452350e-01 )	( -1.0801081008e+00 6.2624981554e-01 -2.3773056263e-01 )	( -8.5193759585e-04 -2.3527357814e-03 -1.7403960865e-02 )
72               	( -1.0849929678e+00 6.2558232077e-01 -2.5469401505e-01 )	( -1.0841376375e+00 6.2793647275e-01 -2.3726362867e-01 )	( -8.5533028608e-04 -2.3541519832e-03 -1.7430386385e-02 )
73               	( -1.0887259678e+00 6.2715140712e-01 -2.5428631720e-01 )	( -1.0878674342e+00 6.2950692319e-01 -2.3683061993e-01 )	( -8.5853353557e-04 -2.3555160703e-03 -1.7455697268e-02 )
74               	( -1.0921911249e+00 6.2861583447e-01 -2.5390677017e-01 )	( -1.0913295758e+00 6.3097265960e-01 -2.3642691598e-01 )	( -8.6154916999e-04 -2.3568251292e-03 -1.7479854197e-02 )
75               	( -1.0954049599e+00 6.2997958477e-01 -2.5355090192e-01 )	( -1.0945405660e+00 6.3233766818e-01 -2.3604794284e-01 )	( -8.6439384412e-04 -2.3580834157e-03 -1.7502959079e-02 )
76               	( -1.0983407731e+00 6.3124050278e-01 -2.5322742298e-01 )	( -1.0974736905e+00 6.3359977683e-01 -2.3570250615e-01 )	( -8.6708253206e-04 -2.3592740439e-03 -1.7524916832e-02 )
77               	( -1.1010877532e+00 6.3244361682e-01 -2.5293605526e-01 )	( -1.1002181406e+00 6.3480401312e-01 -2.3539041243e-01 )	( -8.6961261968e-04 -2.3603962965e-03 -1.7545642834e-02 )
78               	( -1.1037224978e+00 6.3362675639e-01 -2.5267642384e-01 )	( -1.1028505245e+00 6.3598822158e-01 -2.3511127003e-01 )	( -8.7197329854e-04 -2.3614651842e-03 -1.7565153808e-02 )
79               	( -1.1062904281e+00 6.3480414484e-01 -2.5244169140e-01 )	( -1.1054162580e+00 6.3716662288e-01 -2.3485828062e-01 )	( -8.7417003124e-04 -2.3624780386e-03 -1.7583410776e-02 )
80               	( -1.1087935142e+00 6.3597363757e-01 -2.5223116711e-01 )	( -1.1079173028e+00 6.3833707032e-01 -2.3463075553e-01 )	( -8.7621146352e-04 -2.3634327547e-03 -1.7600411576e-02 )
81               	( -1.1112002874e+00 6.3711194869e-01 -2.5203783164e-01 )	( -1.1103221759e+00 6.3947627128e-01 -2.3442167402e-01 )	( -8.7811150287e-04 -2.3643225912e-03 -1.7616157618e-02 )
82               	( -1.1135355209e+00 6.3822974319e-01 -2.5185586765e-01 )	( -1.1126556317e+00 6.4059488058e-01 -2.3422519056e-01 )	( -8.7988923086e-04 -2.3651373916e-03 -1.7630677087e-02 )
83               	( -1.1157844750e+00 6.3931584027e-01 -2.5168443926e-01 )	( -1.1149030667e+00 6.4168192285e-01 -2.3403923103e-01 )	( -8.8140822255e-04 -2.3660825716e-03 -1.7645208222e-02 )
84               	( -1.1175407943e+00 6.4013235632e-01 -2.5152467269e-01 )	( -1.1166579256e+00 6.4249930550e-01 -2.3386567576e-01 )	( -8.8286870412e-04 -2.3669491783e-03 -1.7658996932e-02 )
85               	( -1.1190802165e+00 6.4083907486e-01 -2.5137933560e-01 )	( -1.1181959568e+00 6.4320683162e-01 -2.3370723069e-01 )	( -8.8425979683e-04 -2.3677567592e-03 -1.7672104907e-02 )
86               	( -1.1204983480e+00 6.4148984387e-01 -2.5124176143e-01 )	( -1.1196127696e+00 6.4385835040e-01 -2.3355729391e-01 )	( -8.8557847102e-04 -2.3685065340e-03 -1.7684467522e-02 )
87               	( -1.1218183527e+00 6.4209566787e-01 -2.5110830293e-01 )	( -1.1209315286e+00 6.4446486880e-01 -2.3341223513e-01 )	( -8.8682414567e-04 -2.3692009332e-03 -1.7696067800e-02 )
88               	( -1.1230331227e+00 6.4265324033e-01 -2.5098339329e-01 )	( -1.1221451240e+00 6.4502308567e-01 -2.3327644924e-01 )	( -8.8799874190e-04 -2.3698453364e-03 -1.7706944047e-02 )
89               	( -1.1241520956e+00 6.4316521747e-01 -2.5086315512e-01 )	( -1.1232629917e+00 6.4553566224e-01 -2.3314602243e-01 )	( -8.8910397152e-04 -2.3704447685e-03 -1.7717132690e-02 )
90               	( -1.1251692908e+00 6.4362829287e-01 -2.5074849506e-01 )	( -1.1242791504e+00 6.4599929941e-01 -2.3302180277e-01 )	( -8.9014043651e-04 -2.3710065424e-03 -1.7726692290e-02 )
91               	( -1.1260964836e+00 6.4404857967e-01 -2.5063925880e-01 )	( -1.1252053770e+00 6.4642011923e-01 -2.3290356865e-01 )	( -8.9110656228e-04 -2.3715395563e-03 -1.7735690157e-02 )
92               	( -1.1269464605e+00 6.4443142568e-01 -2.5053571164e-01 )	( -1.1260544463e+00 6.4680346995e-01 -2.3279151445e-01 )	( -8.9201423097e-04 -2.3720442688e-03 -1.7744197182e-02 )
93               	( -1.1277238216e+00 6.4478252973e-01 -2.5043886660e-01 )	( -1.1268309509e+00 6.4715504853e-01 -2.3268664282e-01 )	( -8.9287071411e-04 -2.3725188009e-03 -1.7752223783e-02 )
94               	( -1.1284377737e+00 6.4510425553e-01 -2.5034722215e-01 )	( -1.1275440920e+00 6.4747721956e-01 -2.3258742094e-01 )	( -8.9368162162e-04 -2.3729640276e-03 -1.7759801205e-02 )
95               	( -1.1290924768e+00 6.4539845641e-01 -2.5026037295e-01 )	( -1.1281980264e+00 6.4777183705e-01 -2.3249341713e-01 )	( -8.9445043706e-04 -2.3733806397e-03 -1.7766955813e-02 )
96               	( -1.1296873106e+00 6.4566601909e-01 -2.5017944428e-01 )	( -1.1287921290e+00 6.4803978710e-01 -2.3240574057e-01 )	( -8.9518154985e-04 -2.3737680055e-03 -1.7773703707e-02 )
97               	( -1.1302272894e+00 6.4591008382e-01 -2.5010469355e-01 )	( -1.1293314104e+00 6.4828420993e-01 -2.3232462787e-01 )	( -8.9587898071e-04 -2.3741261085e-03 -1.7780065676e-02 )
98               	( -1.1307129821e+00 6.4613163914e-01 -2.5003647594e-01 )	( -1.1298164359e+00 6.4850609371e-01 -2.3225042050e-01 )	( -8.9654619646e-04 -2.3744545626e-03 -1.7786055440e-02 )
99               	( -1.1311442958e+00 6.4633138219e-01 -2.4997525906e-01 )	( -1.1302471109e+00 6.4870613683e-01 -2.3218356643e-01 )	( -8.9718489004e-04 -2.3747546457e-03 -1.7791692626e-02 )
100              	( -1.1315227099e+00 6.4651088210e-01 -2.4992160068e-01 )	( -1.1306249142e+00 6.4888591045e-01 -2.3212460326e-01 )	( -8.9779569735e-04 -2.3750283431e-03 -1.7796997417e-02 )
101              	( -1.1318471966e+00 6.4667030276e-01 -2.4987590097e-01 )	( -1.1309488190e+00 6.4904558158e-01 -2.3207390942e-01 )	( -8.9837763439e-04 -2.3752788212e-03 -1.7801991553e-02 )
102              	( -1.1321168131e+00 6.4680982608e-01 -2.4983861023e-01 )	( -1.1312178849e+00 6.4918533588e-01 -2.3203191698e-01 )	( -8.9892821276e-04 -2.3755098057e-03 -1.7806693254e-02 )
103              	( -1.1323326175e+00 6.4693052360e-01 -2.4980991876e-01 )	( -1.1314331727e+00 6.4930624877e-01 -2.3199879662e-01 )	( -8.9944479880e-04 -2.3757251707e-03 -1.7811122136e-02 )
104              	( -1.1324965430e+00 6.4703375941e-01 -2.4978977165e-01 )	( -1.1315966177e+00 6.4940968750e-01 -2.3197447824e-01 )	( -8.9992523083e-04 -2.3759280920e-03 -1.7815293416e-02 )
105              	( -1.1326032499e+00 6.4711813924e-01 -2.4978021058e-01 )	( -1.1317028846e+00 6.4949426276e-01 -2.3196098168e-01 )	( -9.0036529793e-04 -2.3761235204e-03 -1.7819228895e-02 )
106              	( -1.1326668755e+00 6.4719131960e-01 -2.4978072627e-01 )	( -1.1317661123e+00 6.4956763231e-01 -2.3195779684e-01 )	( -9.0076325571e-04 -2.3763127096e-03 -1.7822929433e-02 )
107              	( -1.1326880601e+00 6.4725224559e-01 -2.4978964003e-01 )	( -1.1317869433e+00 6.4962874166e-01 -2.3196325842e-01 )	( -9.0111679299e-04 -2.3764960662e-03 -1.7826381617e-02 )
108              	( -1.1326597059e+00 6.4729671467e-01 -2.4980738468e-01 )	( -1.1317582823e+00 6.4967339067e-01 -2.3197778939e-01 )	( -9.0142361768e-04 -2.3766760013e-03 -1.7829595292e-02 )
109              	( -1.1325850073e+00 6.4732592805e-01 -2.4983368339e-01 )	( -1.1316833243e+00 6.4970278107e-01 -2.3200111114e-01 )	( -9.0168306558e-04 -2.3768530169e-03 -1.7832572253e-02 )
110              	( -1.1324676933e+00 6.4734117927e-01 -2.4986803977e-01 )	( -1.1315657980e+00 6.4971820643e-01 -2.3203272706e-01 )	( -9.0189529074e-04 -2.3770271628e-03 -1.7835312711e-02 )
111              	( -1.1323095625e+00 6.4734272688e-01 -2.4990994348e-01 )	( -1.1314075011e+00 6.4971992510e-01 -2.3207212466e-01 )	( -9.0206135496e-04 -2.3771982206e-03 -1.7837818820e-02 )
112              	( -1.1321150831e+00 6.4733188730e-01 -2.4995832514e-01 )	( -1.1312129013e+00 6.4970925334e-01 -2.3211823368e-01 )	( -9.0218177204e-04 -2.3773660353e-03 -1.7840091459e-02 )
113              	( -1.1318882132e+00 6.4730954528e-01 -2.5001230233e-01 )	( -1.1309859554e+00 6.4968707584e-01 -2.3217016911e-01 )	( -9.0225780271e-04 -2.3775305600e-03 -1.7842133217e-02 )
114              	( -1.1316322343e+00 6.4727631161e-01 -2.5007099216e-01 )	( -1.1307299435e+00 6.4965400356e-01 -2.3222704288e-01 )	( -9.0229082242e-04 -2.3776919552e-03 -1.7843949273e-02 )
115              	( -1.1313509270e+00 6.4723303777e-01 -2.5013348040e-01 )	( -1.1304486446e+00 6.4961088826e-01 -2.3228793428e-01 )	( -9.0228237367e-04 -2.3778504855e-03 -1.7845546112e-02 )
116              	( -1.1310466423e+00 6.4717986843e-01 -2.5019909274e-01 )	( -1.1301444083e+00 6.4955787523e-01 -2.3235215952e-01 )	( -9.0223399412e-04 -2.3780068027e-03 -1.7846933228e-02 )
117              	( -1.1307265546e+00 6.4711935547e-01 -2.5026659820e-01 )	( -1.1298244064e+00 6.4949751618e-01 -2.3241848066e-01 )	( -9.0214815778e-04 -2.3781607042e-03 -1.7848117541e-02 )
118              	( -1.1303931133e+00 6.4705167901e-01 -2.5033523424e-01 )	( -1.1294910857e+00 6.4942999082e-01 -2.3248612922e-01 )	( -9.0202755255e-04 -2.3783118125e-03 -1.7849105018e-02 )
119              	( -1.1300491878e+00 6.4697743391e-01 -2.5040432347e-01 )	( -1.1291473125e+00 6.4935589353e-01 -2.3255441994e-01 )	( -9.0187531360e-04 -2.3784596219e-03 -1.7849903537e-02 )
120              	( -1.1296985116e+00 6.4689767029e-01 -2.5047316798e-01 )	( -1.1287968166e+00 6.4927627359e-01 -2.3262264707e-01 )	( -9.0169503963e-04 -2.3786032988e-03 -1.7850520915e-02 )
121              	( -1.1293438186e+00 6.4681308286e-01 -2.5054119084e-01 )	( -1.1284423278e+00 6.4919182456e-01 -2.3269022589e-01 )	( -9.0149073318e-04 -2.3787416969e-03 -1.7850964955e-02 )
122              	( -1.1289879066e+00 6.4672442792e-01 -2.5060782875e-01 )	( -1.1280866400e+00 6.4910330143e-01 -2.3275658485e-01 )	( -9.0126667018e-04 -2.3788735088e-03 -1.7851243893e-02 )
123              	( -1.1286334832e+00 6.4663248250e-01 -2.5067253250e-01 )	( -1.1277324559e+00 6.4901147980e-01 -2.3282116645e-01 )	( -9.0102727015e-04 -2.3789972999e-03 -1.7851366051e-02 )
124              	( -1.1282815424e+00 6.4653759474e-01 -2.5073512527e-01 )	( -1.1273807657e+00 6.4891670659e-01 -2.3288378413e-01 )	( -9.0077677236e-04 -2.3791118484e-03 -1.7851341144e-02 )
125              	( -1.1279350094e+00 6.4644088380e-01 -2.5079519247e-01 )	( -1.1270344903e+00 6.4882010005e-01 -2.3294401238e-01 )	( -9.0051904786e-04 -2.3792162493e-03 -1.7851180090e-02 )
126              	( -1.1275954070e+00 6.4634296713e-01 -2.5085253130e-01 )	( -1.1266951495e+00 6.4872227712e-01 -2.3300163615e-01 )	( -9.0025751543e-04 -2.3793099976e-03 -1.7850895156e-02 )
127              	( -1.1272641529e+00 6.4624448014e-01 -2.5090700413e-01 )	( -1.1263641578e+00 6.4862387310e-01 -2.3305650462e-01 )	( -8.9999510827e-04 -2.3793929628e-03 -1.7850499509e-02 )
128              	( -1.1269423869e+00 6.4614601634e-01 -2.5095854256e-01 )	( -1.1260426527e+00 6.4852548169e-01 -2.3310853573e-01 )	( -8.9973424570e-04 -2.3794653564e-03 -1.7850006827e-02 )
129              	( -1.1266310579e+00 6.4604813280e-01 -2.5100713092e-01 )	( -1.1257315809e+00 6.4842766024e-01 -2.3315770189e-01 )	( -8.9947697090e-04 -2.3795274333e-03 -1.7849429029e-02 )
130              	( -1.1263316011e+00 6.4595173432e-01 -2.5105280121e-01 )	( -1.1254323761e+00 6.4833131387e-01 -2.3320402386e-01 )	( -8.9922501826e-04 -2.3795795443e-03 -1.7848777348e-02 )
131              	( -1.1260455664e+00 6.4585772935e-01 -2.5109558351e-01 )	( -1.1251465869e+00 6.4823735190e-01 -2.3324751883e-01 )	( -8.9897944860e-04 -2.3796225507e-03 -1.7848064677e-02 )
132              	( -1.1257716381e+00 6.4576562911e-01 -2.5113562166e-01 )	( -1.1248728968e+00 6.4814528639e-01 -2.3328831758e-01 )	( -8.9874127875e-04 -2.3796572801e-03 -1.7847304075e-02 )
133              	( -1.1255095477e+00 6.4567558451e-01 -2.5117306772e-01 )	( -1.1246110363e+00 6.4805526892e-01 -2.3332656086e-01 )	( -8.9851140997e-04 -2.3796844100e-03 -1.7846506865e-02 )
134              	( -1.1252600098e+00 6.4558817268e-01 -2.5120798662e-01 )	( -1.1243617191e+00 6.4796787717e-01 -2.3336230374e-01 )	( -8.9829065231e-04 -2.3797044920e-03 -1.7845682881e-02 )
135              	( -1.1250229135e+00 6.4550363896e-01 -2.5124054758e-01 )	( -1.1241248338e+00 6.4788335698e-01 -2.3339570693e-01 )	( -8.9807962219e-04 -2.3797180172e-03 -1.7844840648e-02 )
136              	( -1.1247982792e+00 6.4542226987e-01 -2.5127088927e-01 )	( -1.1239004004e+00 6.4780199535e-01 -2.3342690123e-01 )	( -8.9787879337e-04 -2.3797254776e-03 -1.7843988038e-02 )
137              	( -1.1245860743e+00 6.4534429953e-01 -2.5129914510e-01 )	( -1.1236883858e+00 6.4772402693e-01 -2.3345601271e-01 )	( -8.9768847772e-04 -2.3797273972e-03 -1.7843132390e-02 )
138              	( -1.1243861734e+00 6.4526989433e-01 -2.5132543938e-01 )	( -1.1234886646e+00 6.4764961843e-01 -2.3348316143e-01 )	( -8.9750883849e-04 -2.3797240986e-03 -1.7842277951e-02 )
139              	( -1.1241983711e+00 6.4519917778e-01 -2.5134987283e-01 )	( -1.1233010316e+00 6.4757889397e-01 -2.3350844308e-01 )	( -8.9733954206e-04 -2.3797161933e-03 -1.7841429745e-02 )
140              	( -1.1240227674e+00 6.4513233983e-01 -2.5137249047e-01 )	( -1.1231255871e+00 6.4751204413e-01 -2.3353189816e-01 )	( -8.9718035431e-04 -2.3797043007e-03 -1.7840592305e-02 )
141              	( -1.1238587051e+00 6.4506923121e-01 -2.5139343345e-01 )	( -1.1229616742e+00 6.4744892035e-01 -2.3355366325e-01 )	( -8.9703087260e-04 -2.3796891460e-03 -1.7839770194e-02 )
142              	( -1.1237059348e+00 6.4500988190e-01 -2.5141279135e-01 )	( -1.1228090442e+00 6.4738955335e-01 -2.3357382402e-01 )	( -8.9689057419e-04 -2.3796714552e-03 -1.7838967332e-02 )
143              	( -1.1235642406e+00 6.4495430850e-01 -2.5143062227e-01 )	( -1.1226674817e+00 6.4733396043e-01 -2.3359243528e-01 )	( -8.9675886637e-04 -2.3796519295e-03 -1.7838186991e-02 )
144              	( -1.1234328507e+00 6.4490227786e-01 -2.5144706442e-01 )	( -1.1225362155e+00 6.4728190904e-01 -2.3360963259e-01 )	( -8.9663519303e-04 -2.3796311883e-03 -1.7837431827e-02 )
145              	( -1.1233117785e+00 6.4485387879e-01 -2.5146213364e-01 )	( -1.1224152595e+00 6.4723348851e-01 -2.3362543004e-01 )	( -8.9651904207e-04 -2.3796097178e-03 -1.7836703597e-02 )
146              	( -1.1232005051e+00 6.4480895541e-01 -2.5147591735e-01 )	( -1.1223040951e+00 6.4718854329e-01 -2.3363991391e-01 )	( -8.9640998886e-04 -2.3795878829e-03 -1.7836003443e-02 )
147              	( -1.1230986144e+00 6.4476737629e-01 -2.5148846469e-01 )	( -1.1222023065e+00 6.4714694182e-01 -2.3365313580e-01 )	( -8.9630787253e-04 -2.3795655363e-03 -1.7835328885e-02 )
148              	( -1.1230071968e+00 6.4472977642e-01 -2.5149975884e-01 )	( -1.1221109843e+00 6.4710931911e-01 -2.3366508041e-01 )	( -8.9621242077e-04 -2.3795426821e-03 -1.7834678429e-02 )
149              	( -1.1229251057e+00 6.4469560054e-01 -2.5150989632e-01 )	( -1.1220289823e+00 6.4707512009e-01 -2.3367584315e-01 )	( -8.9612338196e-04 -2.3795195442e-03 -1.7834053171e-02 )
150              	( -1.1228508565e+00 6.4466413285e-01 -2.5151892621e-01 )	( -1.1219548159e+00 6.4704362909e-01 -2.3368547237e-01 )	( -8.9604059890e-04 -2.3794962342e-03 -1.7833453833e-02 )
151              	( -1.1227837897e+00 6.4463513065e-01 -2.5152692591e-01 )	( -1.1218878258e+00 6.4701460346e-01 -2.3369404515e-01 )	( -8.9596396659e-04 -2.3794728074e-03 -1.7832880761e-02 )
152              	( -1.1227237376e+00 6.4460856584e-01 -2.5153389225e-01 )	( -1.1218278440e+00 6.4698801518e-01 -2.3370155704e-01 )	( -8.9589354202e-04 -2.3794493447e-03 -1.7832335207e-02 )
153              	( -1.1226701513e+00 6.4458432498e-01 -2.5153993792e-01 )	( -1.1217743223e+00 6.4696375095e-01 -2.3370812061e-01 )	( -8.9582904154e-04 -2.3794259695e-03 -1.7831817311e-02 )
154              	( -1.1226228378e+00 6.4456232414e-01 -2.5154507360e-01 )	( -1.1217270677e+00 6.4694172697e-01 -2.3371374685e-01 )	( -8.9577010007e-04 -2.3794028322e-03 -1.7831326752e-02 )
155              	( -1.1225814857e+00 6.4454241309e-01 -2.5154931851e-01 )	( -1.1216857692e+00 6.4692179319e-01 -2.3371845479e-01 )	( -8.9571646253e-04 -2.3793800961e-03 -1.7830863726e-02 )
156              	( -1.1225457045e+00 6.4452449338e-01 -2.5155274909e-01 )	( -1.1216500367e+00 6.4690385130e-01 -2.3372232090e-01 )	( -8.9566780981e-04 -2.3793579207e-03 -1.7830428185e-02 )
157              	( -1.1225151678e+00 6.4450847778e-01 -2.5155542905e-01 )	( -1.1216195440e+00 6.4688781422e-01 -2.3372540911e-01 )	( -8.9562383908e-04 -2.3793364463e-03 -1.7830019940e-02 )
158              	( -1.1224895624e+00 6.4449428481e-01 -2.5155741107e-01 )	( -1.1215939781e+00 6.4687360059e-01 -2.3372777250e-01 )	( -8.9558425309e-04 -2.3793157798e-03 -1.7829638579e-02 )
159              	( -1.1224685472e+00 6.4448181118e-01 -2.5155876226e-01 )	( -1.1215729984e+00 6.4686110716e-01 -2.3372947875e-01 )	( -8.9554880919e-04 -2.3792959774e-03 -1.7829283515e-02 )
160              	( -1.1224517991e+00 6.4447096638e-01 -2.5155954193e-01 )	( -1.1215562818e+00 6.4685024342e-01 -2.3373058798e-01 )	( -8.9551729657e-04 -2.3792770470e-03 -1.7828953950e-02 )
161              	( -1.1224389985e+00 6.4446165877e-01 -2.5155980732e-01 )	( -1.1215435090e+00 6.4684091773e-01 -2.3373115840e-01 )	( -8.9548953963e-04 -2.3792589544e-03 -1.7828648921e-02 )
162              	( -1.1224298251e+00 6.4445379310e-01 -2.5155961368e-01 )	( -1.1215343597e+00 6.4683303474e-01 -2.3373124632e-01 )	( -8.9546538481e-04 -2.3792416388e-03 -1.7828367364e-02 )
163              	( -1.1224239387e+00 6.4444726195e-01 -2.5155901420e-01 )	( -1.1215284940e+00 6.4682648698e-01 -2.3373090602e-01 )	( -8.9544468270e-04 -2.3792250329e-03 -1.7828108180e-02 )
164              	( -1.1224210305e+00 6.4444196932e-01 -2.5155805916e-01 )	( -1.1215256032e+00 6.4682117840e-01 -2.3373018886e-01 )	( -8.9542727716e-04 -2.3792090775e-03 -1.7827870299e-02 )
165              	( -1.1224207856e+00 6.4443781215e-01 -2.5155679591e-01 )	( -1.1215253727e+00 6.4681700588e-01 -2.3372914319e-01 )	( -8.9541298939e-04 -2.3791937380e-03 -1.7827652728e-02 )
166              	( -1.1224228897e+00 6.4443468468e-01 -2.5155526901e-01 )	( -1.1215274881e+00 6.4681386369e-01 -2.3372781445e-01 )	( -8.9540161108e-04 -2.3791790103e-03 -1.7827454565e-02 )
167              	( -1.1224270373e+00 6.4443248371e-01 -2.5155352388e-01 )	( -1.1215316444e+00 6.4681164863e-01 -2.3372624888e-01 )	( -8.9539290638e-04 -2.3791649196e-03 -1.7827274993e-02 )
168              	( -1.1224329467e+00 6.4443111363e-01 -2.5155160204e-01 )	( -1.1215375601e+00 6.4681026515e-01 -2.3372448873e-01 )	( -8.9538662172e-04 -2.3791515170e-03 -1.7827113311e-02 )
169              	( -1.1224403511e+00 6.4443048161e-01 -2.5154954482e-01 )	( -1.1215449686e+00 6.4680962047e-01 -2.3372257603e-01 )	( -8.9538248839e-04 -2.3791388616e-03 -1.7826968792e-02 )
170              	( -1.1224489859e+00 6.4443049755e-01 -2.5154739204e-01 )	( -1.1215536057e+00 6.4680962455e-01 -2.3372055152e-01 )	( -8.9538022729e-04 -2.3791270032e-03 -1.7826840523e-02 )
171              	( -1.1224586179e+00 6.4443108206e-01 -2.5154518080e-01 )	( -1.1215632383e+00 6.4681019805e-01 -2.3371845312e-01 )	( -8.9537958391e-04 -2.3791159843e-03 -1.7826727682e-02 )
172              	( -1.1224690384e+00 6.4443216281e-01 -2.5154294412e-01 )	( -1.1215736581e+00 6.4681126864e-01 -2.3371631479e-01 )	( -8.9538032232e-04 -2.3791058242e-03 -1.7826629338e-02 )
173              	( -1.1224800300e+00 6.4443366490e-01 -2.5154071632e-01 )	( -1.1215846478e+00 6.4681276142e-01 -2.3371417180e-01 )	( -8.9538223761e-04 -2.3790965190e-03 -1.7826544516e-02 )
174              	( -1.1224914203e+00 6.4443552672e-01 -2.5153852363e-01 )	( -1.1215960351e+00 6.4681461476e-01 -2.3371205147e-01 )	( -8.9538514598e-04 -2.3790880418e-03 -1.7826472153e-02 )
175              	( -1.1225030421e+00 6.4443768666e-01 -2.5153638966e-01 )	( -1.1216076532e+00 6.4681676701e-01 -2.3370997849e-01 )	( -8.9538888756e-04 -2.3790803496e-03 -1.7826411172e-02 )
176              	( -1.1225147426e+00 6.4444008619e-01 -2.5153433436e-01 )	( -1.1216193493e+00 6.4681915959e-01 -2.3370797384e-01 )	( -8.9539332030e-04 -2.3790733923e-03 -1.7826360516e-02 )
177              	( -1.1225263874e+00 6.4444267110e-01 -2.5153237300e-01 )	( -1.1216309891e+00 6.4682173822e-01 -2.3370605383e-01 )	( -8.9539831157e-04 -2.3790671203e-03 -1.7826319171e-02 )
178              	( -1.1225378364e+00 6.4444538343e-01 -2.5153052111e-01 )	( -1.1216424327e+00 6.4682444492e-01 -2.3370423492e-01 )	( -8.9540373451e-04 -2.3790614908e-03 -1.7826286193e-02 )
179              	( -1.1225490008e+00 6.4444818514e-01 -2.5152878703e-01 )	( -1.1216535913e+00 6.4682724161e-01 -2.3370252632e-01 )	( -8.9540946010e-04 -2.3790564741e-03 -1.7826260715e-02 )
180              	( -1.1225598395e+00 6.4445105104e-01 -2.5152717199e-01 )	( -1.1216644241e+00 6.4683010310e-01 -2.3370093004e-01 )	( -8.9541535921e-04 -2.3790520521e-03 -1.7826241949e-02 )
181              	( -1.1225702222e+00 6.4445391916e-01 -2.5152568526e-01 )	( -1.1216748009e+00 6.4683296738e-01 -2.3369945607e-01 )	( -8.9542130247e-04 -2.3790482188e-03 -1.7826229191e-02 )
182              	( -1.1225801237e+00 6.4445676843e-01 -2.5152432559e-01 )	( -1.1216846965e+00 6.4683581340e-01 -2.3369810381e-01 )	( -8.9542717038e-04 -2.3790449690e-03 -1.7826221780e-02 )
183              	( -1.1225895037e+00 6.4445957073e-01 -2.5152309191e-01 )	( -1.1216940709e+00 6.4683861302e-01 -2.3369687282e-01 )	( -8.9543285489e-04 -2.3790422967e-03 -1.7826219091e-02 )
184              	( -1.1225983418e+00 6.4446230549e-01 -2.5152198130e-01 )	( -1.1217029036e+00 6.4684134567e-01 -2.3369576078e-01 )	( -8.9543826600e-04 -2.3790401879e-03 -1.7826220519e-02 )
185              	( -1.1226066327e+00 6.4446495779e-01 -2.5152098880e-01 )	( -1.1217111893e+00 6.4684399641e-01 -2.3369476333e-01 )	( -8.9544333534e-04 -2.3790386173e-03 -1.7826225466e-02 )
186              	( -1.1226143731e+00 6.4446751308e-01 -2.5152010892e-01 )	( -1.1217189251e+00 6.4684655063e-01 -2.3369387557e-01 )	( -8.9544801812e-04 -2.3790375469e-03 -1.7826233345e-02 )
187              	( -1.1226216110e+00 6.4446997754e-01 -2.5151932965e-01 )	( -1.1217261587e+00 6.4684901447e-01 -2.3369308607e-01 )	( -8.9545229313e-04 -2.3790369262e-03 -1.7826243583e-02 )
188              	( -1.1226283433e+00 6.4447233505e-01 -2.5151864397e-01 )	( -1.1217328872e+00 6.4685137174e-01 -2.3369238833e-01 )	( -8.9545615669e-04 -2.3790366983e-03 -1.7826255641e-02 )
189              	( -1.1226346086e+00 6.4447458737e-01 -2.5151804041e-01 )	( -1.1217391490e+00 6.4685362417e-01 -2.3369177140e-01 )	( -8.9545962147e-04 -2.3790368010e-03 -1.7826269016e-02 )
190              	( -1.1226404431e+00 6.4447673466e-01 -2.5151750667e-01 )	( -1.1217449804e+00 6.4685577184e-01 -2.3369122340e-01 )	( -8.9546271037e-04 -2.3790371745e-03 -1.7826283276e-02 )
191              	( -1.1226458857e+00 6.4447877835e-01 -2.5151703038e-01 )	( -1.1217504203e+00 6.4685781611e-01 -2.3369073233e-01 )	( -8.9546545173e-04 -2.3790377641e-03 -1.7826298056e-02 )
192              	( -1.1226509768e+00 6.4448072090e-01 -2.5151659912e-01 )	( -1.1217555089e+00 6.4685975942e-01 -2.3369028605e-01 )	( -8.9546787556e-04 -2.3790385237e-03 -1.7826313068e-02 )
193              	( -1.1226557577e+00 6.4448256612e-01 -2.5151620111e-01 )	( -1.1217602877e+00 6.4686160554e-01 -2.3368987301e-01 )	( -8.9547001147e-04 -2.3790394163e-03 -1.7826328095e-02 )
194              	( -1.1226602709e+00 6.4448431929e-01 -2.5151582529e-01 )	( -1.1217647990e+00 6.4686335971e-01 -2.3368948231e-01 )	( -8.9547188805e-04 -2.3790404130e-03 -1.7826342983e-02 )
195              	( -1.1226645586e+00 6.4448598705e-01 -2.5151546157e-01 )	( -1.1217690851e+00 6.4686502855e-01 -2.3368910394e-01 )	( -8.9547353352e-04 -2.3790414914e-03 -1.7826357626e-02 )
196              	( -1.1226686628e+00 6.4448757739e-01 -2.5151510109e-01 )	( -1.1217731878e+00 6.4686662002e-01 -2.3368872913e-01 )	( -8.9547497734e-04 -2.3790426322e-03 -1.7826371956e-02 )
197              	( -1.1226726239e+00 6.4448909910e-01 -2.5151473597e-01 )	( -1.1217771476e+00 6.4686814292e-01 -2.3368835005e-01 )	( -8.9547625158e-04 -2.3790438167e-03 -1.7826385925e-02 )
198              	( -1.1226764725e+00 6.4449055862e-01 -2.5151436011e-01 )	( -1.1217809951e+00 6.4686960365e-01 -2.3368796061e-01 )	( -8.9547739136e-04 -2.3790450251e-03 -1.7826399500e-02 )
199              	( -1.1226802462e+00 6.4449196684e-01 -2.5151396829e-01 )	( -1.1217847677e+00 6.4687101308e-01 -2.3368755564e-01 )	( -8.9547843664e-04 -2.3790462348e-03 -1.7826412654e-02 )
200              	( -1.1226839810e+00 6.4449333521e-01 -2.5151355548e-01 )	( -1.1217885016e+00 6.4687238263e-01 -2.3368713012e-01 )	( -8.9547943035e-04 -2.3790474212e-03 -1.7826425367e-02 )
201              	( -1.1226876897e+00 6.4449466656e-01 -2.5151312002e-01 )	( -1.1217922093e+00 6.4687371512e-01 -2.3368668239e-01 )	( -8.9548041652e-04 -2.3790485594e-03 -1.7826437632e-02 )
202              	( -1.1226914044e+00 6.4449597345e-01 -2.5151265850e-01 )	( -1.1217959230e+00 6.4687502308e-01 -2.3368620905e-01 )	( -8.9548143874e-04 -2.3790496251e-03 -1.7826449450e-02 )
203              	( -1.1226951360e+00 6.4449725993e-01 -2.5151217009e-01 )	( -1.1217996534e+00 6.4687631053e-01 -2.3368570925e-01 )	( -8.9548253627e-04 -2.3790505985e-03 -1.7826460841e-02 )
204              	( -1.1226988977e+00 6.4449853227e-01 -2.5151165392e-01 )	( -1.1218034140e+00 6.4687758373e-01 -2.3368518207e-01 )	( -8.9548374249e-04 -2.3790514644e-03 -1.7826471846e-02 )
205              	( -1.1227026922e+00 6.4449979298e-01 -2.5151111126e-01 )	( -1.1218072071e+00 6.4687884520e-01 -2.3368462874e-01 )	( -8.9548508351e-04 -2.3790522147e-03 -1.7826482524e-02 )
206              	( -1.1227065223e+00 6.4450104550e-01 -2.5151054354e-01 )	( -1.1218110357e+00 6.4688009835e-01 -2.3368405058e-01 )	( -8.9548657686e-04 -2.3790528479e-03 -1.7826492952e-02 )
207              	( -1.1227103871e+00 6.4450229233e-01 -2.5150995299e-01 )	( -1.1218148989e+00 6.4688134570e-01 -2.3368344977e-01 )	( -8.9548823189e-04 -2.3790533684e-03 -1.7826503217e-02 )
208              	( -1.1227142841e+00 6.4450353580e-01 -2.5150934228e-01 )	( -1.1218187941e+00 6.4688258958e-01 -2.3368282887e-01 )	( -8.9549005080e-04 -2.3790537852e-03 -1.7826513410e-02 )
209              	( -1.1227182058e+00 6.4450477652e-01 -2.5150871513e-01 )	( -1.1218227138e+00 6.4688383063e-01 -2.3368219151e-01 )	( -8.9549202999e-04 -2.3790541101e-03 -1.7826523615e-02 )
210              	( -1.1227221439e+00 6.4450601520e-01 -2.5150807557e-01 )	( -1.1218266498e+00 6.4688506955e-01 -2.3368154166e-01 )	( -8.9549416204e-04 -2.3790543555e-03 -1.7826533909e-02 )
211              	( -1.1227260924e+00 6.4450725331e-01 -2.5150742709e-01 )	( -1.1218305960e+00 6.4688630784e-01 -2.3368088274e-01 )	( -8.9549643716e-04 -2.3790545333e-03 -1.7826544351e-02 )
212              	( -1.1227300321e+00 6.4450848769e-01 -2.5150677568e-01 )	( -1.1218345332e+00 6.4688754234e-01 -2.3368022070e-01 )	( -8.9549884475e-04 -2.3790546538e-03 -1.7826554985e-02 )
213              	( -1.1227339592e+00 6.4450972062e-01 -2.5150612418e-01 )	( -1.1218384579e+00 6.4688877534e-01 -2.3367955834e-01 )	( -8.9550137349e-04 -2.3790547246e-03 -1.7826565834e-02 )
214              	( -1.1227378595e+00 6.4451094982e-01 -2.5150547670e-01 )	( -1.1218423555e+00 6.4689000457e-01 -2.3367889979e-01 )	( -8.9550401181e-04 -2.3790547522e-03 -1.7826576906e-02 )
215              	( -1.1227417197e+00 6.4451217333e-01 -2.5150483704e-01 )	( -1.1218462129e+00 6.4689122808e-01 -2.3367824884e-01 )	( -8.9550674767e-04 -2.3790547414e-03 -1.7826588200e-02 )
216              	( -1.1227455268e+00 6.4451338874e-01 -2.5150420859e-01 )	( -1.1218500172e+00 6.4689244344e-01 -2.3367760889e-01 )	( -8.9550956796e-04 -2.3790546973e-03 -1.7826599706e-02 )
217              	( -1.1227492645e+00 6.4451459184e-01 -2.5150359458e-01 )	( -1.1218537521e+00 6.4689364646e-01 -2.3367698317e-01 )	( -8.9551245775e-04 -2.3790546254e-03 -1.7826611411e-02 )
218              	( -1.1227529220e+00 6.4451578031e-01 -2.5150299772e-01 )	( -1.1218574066e+00 6.4689483484e-01 -2.3367637442e-01 )	( -8.9551540066e-04 -2.3790545323e-03 -1.7826623300e-02 )
219              	( -1.1227564883e+00 6.4451695129e-01 -2.5150242028e-01 )	( -1.1218609699e+00 6.4689600571e-01 -2.3367578492e-01 )	( -8.9551837843e-04 -2.3790544261e-03 -1.7826635360e-02 )
220              	( -1.1227599523e+00 6.4451810137e-01 -2.5150186427e-01 )	( -1.1218644309e+00 6.4689715569e-01 -2.3367521670e-01 )	( -8.9552137134e-04 -2.3790543158e-03 -1.7826647573e-02 )
221              	( -1.1227633033e+00 6.4451922705e-01 -2.5150133151e-01 )	( -1.1218677789e+00 6.4689828126e-01 -2.3367467159e-01 )	( -8.9552435894e-04 -2.3790542112e-03 -1.7826659924e-02 )
222              	( -1.1227665319e+00 6.4452032504e-01 -2.5150082358e-01 )	( -1.1218710045e+00 6.4689937916e-01 -2.3367415119e-01 )	( -8.9552732095e-04 -2.3790541213e-03 -1.7826672390e-02 )
223              	( -1.1227696298e+00 6.4452139229e-01 -2.5150034178e-01 )	( -1.1218740996e+00 6.4690044635e-01 -2.3367365683e-01 )	( -8.9553023824e-04 -2.3790540543e-03 -1.7826684943e-02 )
224              	( -1.1227725902e+00 6.4452242606e-01 -2.5149988717e-01 )	( -1.1218770571e+00 6.4690148007e-01 -2.3367318962e-01 )	( -8.9553309361e-04 -2.3790540164e-03 -1.7826697551e-02 )
225              	( -1.1227754072e+00 6.4452342380e-01 -2.5149946054e-01 )	( -1.1218798713e+00 6.4690247781e-01 -2.3367275037e-01 )	( -8.9553587237e-04 -2.3790540115e-03 -1.7826710171e-02 )
226              	( -1.1227780761e+00 6.4452438329e-01 -2.5149906242e-01 )	( -1.1218825376e+00 6.4690343733e-01 -2.3367233967e-01 )	( -8.9553856256e-04 -2.3790540412e-03 -1.7826722756e-02 )
227              	( -1.1227805936e+00 6.4452530258e-01 -2.5149869302e-01 )	( -1.1218850525e+00 6.4690435669e-01 -2.3367195776e-01 )	( -8.9554115486e-04 -2.3790541054e-03 -1.7826735256e-02 )
228              	( -1.1227829566e+00 6.4452617969e-01 -2.5149835235e-01 )	( -1.1218874130e+00 6.4690523389e-01 -2.3367160473e-01 )	( -8.9554364222e-04 -2.3790542022e-03 -1.7826747620e-02 )
229              	( -1.1227851639e+00 6.4452701320e-01 -2.5149804012e-01 )	( -1.1218896179e+00 6.4690606753e-01 -2.3367128032e-01 )	( -8.9554601937e-04 -2.3790543290e-03 -1.7826759797e-02 )
230              	( -1.1227872133e+00 6.4452780122e-01 -2.5149775614e-01 )	( -1.1218916650e+00 6.4690685571e-01 -2.3367098440e-01 )	( -8.9554828242e-04 -2.3790544830e-03 -1.7826771741e-02 )
231              	( -1.1227891088e+00 6.4452854415e-01 -2.5149749898e-01 )	( -1.1218935583e+00 6.4690759881e-01 -2.3367071557e-01 )	( -8.9555042770e-04 -2.3790546619e-03 -1.7826783411e-02 )
232              	( -1.1227908479e+00 6.4452923972e-01 -2.5149726846e-01 )	( -1.1218952954e+00 6.4690829459e-01 -2.3367047368e-01 )	( -8.9555245248e-04 -2.3790548636e-03 -1.7826794774e-02 )
233              	( -1.1227924339e+00 6.4452988808e-01 -2.5149706345e-01 )	( -1.1218968796e+00 6.4690894317e-01 -2.3367025765e-01 )	( -8.9555435405e-04 -2.3790550872e-03 -1.7826805800e-02 )
234              	( -1.1227938685e+00 6.4453048855e-01 -2.5149688336e-01 )	( -1.1218983124e+00 6.4690954388e-01 -2.3367006690e-01 )	( -8.9555613051e-04 -2.3790553317e-03 -1.7826816467e-02 )
235              	( -1.1227951566e+00 6.4453104196e-01 -2.5149672685e-01 )	( -1.1218995988e+00 6.4691009756e-01 -2.3366990009e-01 )	( -8.9555778005e-04 -2.3790555965e-03 -1.7826826755e-02 )
236              	( -1.1227963018e+00 6.4453154864e-01 -2.5149659293e-01 )	( -1.1219007425e+00 6.4691060452e-01 -2.3366975628e-01 )	( -8.9555930193e-04 -2.3790558810e-03 -1.7826836648e-02 )
237              	( -1.1227973089e+00 6.4453200927e-01 -2.5149648067e-01 )	( -1.1219017482e+00 6.4691106545e-01 -2.3366963454e-01 )	( -8.9556069663e-04 -2.3790561837e-03 -1.7826846130e-02 )
238              	( -1.1227981836e+00 6.4453242529e-01 -2.5149638869e-01 )	( -1.1219026216e+00 6.4691148179e-01 -2.3366953351e-01 )	( -8.9556196531e-04 -2.3790565029e-03 -1.7826855185e-02 )
239              	( -1.1227989303e+00 6.4453279727e-01 -2.5149631637e-01 )	( -1.1219033672e+00 6.4691185411e-01 -2.3366945257e-01 )	( -8.9556311124e-04 -2.3790568359e-03 -1.7826863802e-02 )
240              	( -1.1227995557e+00 6.4453312708e-01 -2.5149626237e-01 )	( -1.1219039916e+00 6.4691218426e-01 -2.3366939040e-01 )	( -8.9556413820e-04 -2.3790571794e-03 -1.7826871968e-02 )
241              	( -1.1228000656e+00 6.4453341615e-01 -2.5149622560e-01 )	( -1.1219045005e+00 6.4691247368e-01 -2.3366934593e-01 )	( -8.9556505098e-04 -2.3790575300e-03 -1.7826879671e-02 )
242              	( -1.1228004660e+00 6.4453366608e-01 -2.5149620493e-01 )	( -1.1219049001e+00 6.4691272396e-01 -2.3366931803e-01 )	( -8.9556585493e-04 -2.3790578840e-03 -1.7826886905e-02 )
243              	( -1.1228007629e+00 6.4453387845e-01 -2.5149619925e-01 )	( -1.1219051964e+00 6.4691293669e-01 -2.3366930559e-01 )	( -8.9556655559e-04 -2.3790582383e-03 -1.7826893666e-02 )
244              	( -1.1228009626e+00 6.4453405498e-01 -2.5149620744e-01 )	( -1.1219053954e+00 6.4691311357e-01 -2.3366930748e-01 )	( -8.9556715840e-04 -2.3790585899e-03 -1.7826899953e-02 )
245              	( -1.1228010711e+00 6.4453419741e-01 -2.5149622837e-01 )	( -1.1219055035e+00 6.4691325635e-01 -2.3366932260e-01 )	( -8.9556766853e-04 -2.3790589369e-03 -1.7826905770e-02 )
246              	( -1.1228010947e+00 6.4453430751e-01 -2.5149626096e-01 )	( -1.1219055266e+00 6.4691336679e-01 -2.3366934983e-01 )	( -8.9556809078e-04 -2.3790592778e-03 -1.7826911125e-02 )
247              	( -1.1228010396e+00 6.4453438717e-01 -2.5149630414e-01 )	( -1.1219054712e+00 6.4691344678e-01 -2.3366938811e-01 )	( -8.9556842961e-04 -2.3790596116e-03 -1.7826916030e-02 )
248              	( -1.1228009121e+00 6.4453443831e-01 -2.5149635690e-01 )	( -1.1219053434e+00 6.4691349825e-01 -2.3366943640e-01 )	( -8.9556868926e-04 -2.3790599381e-03 -1.7826920497e-02 )
249              	( -1.1228007186e+00 6.4453446294e-01 -2.5149641822e-01 )	( -1.1219051497e+00 6.4691352320e-01 -2.3366949368e-01 )	( -8.9556887391e-04 -2.3790602567e-03 -1.7826924539e-02 )
250              	( -1.1228004653e+00 6.4453446308e-01 -2.5149648713e-01 )	( -1.1219048963e+00 6.4691352365e-01 -2.3366955895e-01 )	( -8.9556898782e-04 -2.3790605672e-03 -1.7826928172e-02 )
251              	( -1.1228001585e+00 6.4453444079e-01 -2.5149656266e-01 )	( -1.1219045895e+00 6.4691350166e-01 -2.3366963125e-01 )	( -8.9556903551e-04 -2.3790608690e-03 -1.7826931411e-02 )
252              	( -1.1227998044e+00 6.4453439811e-01 -2.5149664390e-01 )	( -1.1219042354e+00 6.4691345927e-01 -2.3366970963e-01 )	( -8.9556902174e-04 -2.3790611614e-03 -1.7826934268e-02 )
253              	( -1.1227994090e+00 6.4453433703e-01 -2.5149672991e-01 )	( -1.1219038401e+00 6.4691339848e-01 -2.3366979315e-01 )	( -8.9556895168e-04 -2.3790614435e-03 -1.7826936761e-02 )
254              	( -1.1227989782e+00 6.4453425952e-01 -2.5149681980e-01 )	( -1.1219034094e+00 6.4691332124e-01 -2.3366988090e-01 )	( -8.9556883050e-04 -2.3790617140e-03 -1.7826938901e-02 )
255              	( -1.1227985176e+00 6.4453416747e-01 -2.5149691267e-01 )	( -1.1219029489e+00 6.4691322944e-01 -2.3366997197e-01 )	( -8.9556866342e-04 -2.3790619718e-03 -1.7826940703e-02 )
256              	( -1.1227980326e+00 6.4453406269e-01 -2.5149700766e-01 )	( -1.1219024641e+00 6.4691312491e-01 -2.3367006548e-01 )	( -8.9556845570e-04 -2.3790622159e-03 -1.7826942182e-02 )
257              	( -1.1227975284e+00 6.4453394692e-01 -2.5149710394e-01 )	( -1.1219019601e+00 6.4691300937e-01 -2.3367016059e-01 )	( -8.9556821236e-04 -2.3790624456e-03 -1.7826943355e-02 )
258              	( -1.1227970099e+00 6.4453382183e-01 -2.5149720070e-01 )	( -1.1219014419e+00 6.4691288449e-01 -2.3367025646e-01 )	( -8.9556793813e-04 -2.3790626603e-03 -1.7826944241e-02 )
259              	( -1.1227964818e+00 6.4453368899e-01 -2.5149729720e-01 )	( -1.1219009142e+00 6.4691275185e-01 -2.3367035234e-01 )	( -8.9556763741e-04 -2.3790628601e-03 -1.7826944857e-02 )
260              	( -1.1227959486e+00 6.4453354992e-01 -2.5149739273e-01 )	( -1.1219003813e+00 6.4691261297e-01 -2.3367044751e-01 )	( -8.9556731427e-04 -2.3790630449e-03 -1.7826945224e-02 )
261              	( -1.1227954143e+00 6.4453340608e-01 -2.5149748665e-01 )	( -1.1218998473e+00 6.4691246929e-01 -2.3367054129e-01 )	( -8.9556697251e-04 -2.3790632153e-03 -1.7826945361e-02 )
262              	( -1.1227948829e+00 6.4453325883e-01 -2.5149757839e-01 )	( -1.1218993163e+00 6.4691232220e-01 -2.3367063310e-01 )	( -8.9556661573e-04 -2.3790633716e-03 -1.7826945289e-02 )
263              	( -1.1227943579e+00 6.4453310949e-01 -2.5149766742e-01 )	( -1.1218987916e+00 6.4691217301e-01 -2.3367072240e-01 )	( -8.9556624739e-04 -2.3790635143e-03 -1.7826945027e-02 )
264              	( -1.1227938431e+00 6.4453295947e-01 -2.5149775321e-01 )	( -1.1218982772e+00 6.4691202311e-01 -2.3367080862e-01 )	( -8.9556587090e-04 -2.3790636438e-03 -1.7826944593e-02 )
265              	( -1.1227933402e+00 6.4453280943e-01 -2.5149783558e-01 )	( -1.1218977747e+00 6.4691187319e-01 -2.3367089157e-01 )	( -8.9556548966e-04 -2.3790637602e-03 -1.7826944006e-02 )
266              	( -1.1227928528e+00 6.4453266082e-01 -2.5149791404e-01 )	( -1.1218972877e+00 6.4691172468e-01 -2.3367097076e-01 )	( -8.9556510701e-04 -2.3790638637e-03 -1.7826943282e-02 )
267              	( -1.1227923837e+00 6.4453251475e-01 -2.5149798821e-01 )	( -1.1218968190e+00 6.4691157871e-01 -2.3367104577e-01 )	( -8.9556472620e-04 -2.3790639542e-03 -1.7826942436e-02 )
268              	( -1.1227919341e+00 6.4453237179e-01 -2.5149805795e-01 )	( -1.1218963698e+00 6.4691143582e-01 -2.3367111647e-01 )	( -8.9556435040e-04 -2.3790640319e-03 -1.7826941486e-02 )
269              	( -1.1227915059e+00 6.4453223277e-01 -2.5149812308e-01 )	( -1.1218959420e+00 6.4691129686e-01 -2.3367118263e-01 )	( -8.9556398249e-04 -2.3790640969e-03 -1.7826940446e-02 )
270              	( -1.1227911005e+00 6.4453209835e-01 -2.5149818345e-01 )	( -1.1218955369e+00 6.4691116250e-01 -2.3367124412e-01 )	( -8.9556362497e-04 -2.3790641492e-03 -1.7826939330e-02 )
271              	( -1.1227907188e+00 6.4453196907e-01 -2.5149823897e-01 )	( -1.1218951556e+00 6.4691103326e-01 -2.3367130082e-01 )	( -8.9556328007e-04 -2.3790641892e-03 -1.7826938152e-02 )
272              	( -1.1227903618e+00 6.4453184548e-01 -2.5149828959e-01 )	( -1.1218947989e+00 6.4691090970e-01 -2.3367135266e-01 )	( -8.9556294961e-04 -2.3790642176e-03 -1.7826936928e-02 )
273              	( -1.1227900295e+00 6.4453172775e-01 -2.5149833541e-01 )	( -1.1218944668e+00 6.4691079199e-01 -2.3367139974e-01 )	( -8.9556263511e-04 -2.3790642350e-03 -1.7826935670e-02 )
274              	( -1.1227897224e+00 6.4453161639e-01 -2.5149837644e-01 )	( -1.1218941601e+00 6.4691068063e-01 -2.3367144205e-01 )	( -8.9556233766e-04 -2.3790642423e-03 -1.7826934392e-02 )
275              	( -1.1227894405e+00 6.4453151158e-01 -2.5149841280e-01 )	( -1.1218938785e+00 6.4691057582e-01 -2.3367147970e-01 )	( -8.9556205811e-04 -2.3790642404e-03 -1.7826933106e-02 )
276              	( -1.1227891836e+00 6.4453141347e-01 -2.5149844465e-01 )	( -1.1218936218e+00 6.4691047770e-01 -2.3367151283e-01 )	( -8.9556179704e-04 -2.3790642301e-03 -1.7826931823e-02 )
277              	( -1.1227889511e+00 6.4453132219e-01 -2.5149847218e-01 )	( -1.1218933896e+00 6.4691038640e-01 -2.3367154163e-01 )	( -8.9556155485e-04 -2.3790642124e-03 -1.7826930554e-02 )
278              	( -1.1227887425e+00 6.4453123776e-01 -2.5149849562e-01 )	( -1.1218931812e+00 6.4691030195e-01 -2.3367156631e-01 )	( -8.9556133179e-04 -2.3790641879e-03 -1.7826929308e-02 )
279              	( -1.1227885570e+00 6.4453116017e-01 -2.5149851519e-01 )	( -1.1218929959e+00 6.4691022433e-01 -2.3367158710e-01 )	( -8.9556112797e-04 -2.3790641575e-03 -1.7826928091e-02 )
280              	( -1.1227883937e+00 6.4453108932e-01 -2.5149853117e-01 )	( -1.1218928327e+00 6.4691015345e-01 -2.3367160426e-01 )	( -8.9556094337e-04 -2.3790641217e-03 -1.7826926911e-02 )
281              	( -1.1227882514e+00 6.4453102509e-01 -2.5149854382e-01 )	( -1.1218926906e+00 6.4691008917e-01 -2.3367161804e-01 )	( -8.9556077781e-04 -2.3790640812e-03 -1.7826925772e-02 )
282              	( -1.1227881290e+00 6.4453096728e-01 -2.5149855341e-01 )	( -1.1218925684e+00 6.4691003132e-01 -2.3367162873e-01 )	( -8.9556063098e-04 -2.3790640364e-03 -1.7826924680e-02 )
283              	( -1.1227880253e+00 6.4453091565e-01 -2.5149856024e-01 )	( -1.1218924648e+00 6.4690997964e-01 -2.3367163660e-01 )	( -8.9556050237e-04 -2.3790639882e-03 -1.7826923639e-02 )
284              	( -1.1227879388e+00 6.4453086994e-01 -2.5149856457e-01 )	( -1.1218923784e+00 6.4690993388e-01 -2.3367164192e-01 )	( -8.9556039130e-04 -2.3790639369e-03 -1.7826922651e-02 )
285              	( -1.1227878683e+00 6.4453082983e-01 -2.5149856670e-01 )	( -1.1218923080e+00 6.4690989371e-01 -2.3367164498e-01 )	( -8.9556029690e-04 -2.3790638834e-03 -1.7826921719e-02 )
286              	( -1.1227878123e+00 6.4453079498e-01 -2.5149856690e-01 )	( -1.1218922520e+00 6.4690985881e-01 -2.3367164605e-01 )	( -8.9556021818e-04 -2.3790638284e-03 -1.7826920846e-02 )
287              	( -1.1227877694e+00 6.4453076506e-01 -2.5149856544e-01 )	( -1.1218922092e+00 6.4690982883e-01 -2.3367164541e-01 )	( -8.9556015400e-04 -2.3790637725e-03 -1.7826920032e-02 )
288              	( -1.1227877381e+00 6.4453073969e-01 -2.5149856260e-01 )	( -1.1218921780e+00 6.4690980341e-01 -2.3367164332e-01 )	( -8.9556010314e-04 -2.3790637165e-03 -1.7826919280e-02 )
289              	( -1.1227877173e+00 6.4453071853e-01 -2.5149855861e-01 )	( -1.1218921573e+00 6.4690978220e-01 -2.3367164002e-01 )	( -8.9556006435e-04 -2.3790636610e-03 -1.7826918587e-02 )
290              	( -1.1227877056e+00 6.4453070122e-01 -2.5149855373e-01 )	( -1.1218921455e+00 6.4690976483e-01 -2.3367163577e-01 )	( -8.9556003637e-04 -2.3790636066e-03 -1.7826917956e-02 )
291              	( -1.1227877016e+00 6.4453068739e-01 -2.5149854818e-01 )	( -1.1218921416e+00 6.4690975094e-01 -2.3367163079e-01 )	( -8.9556001798e-04 -2.3790635537e-03 -1.7826917382e-02 )
292              	( -1.1227877042e+00 6.4453067669e-01 -2.5149854216e-01 )	( -1.1218921442e+00 6.4690974019e-01 -2.3367162529e-01 )	( -8.9556000800e-04 -2.3790635028e-03 -1.7826916866e-02 )
293              	( -1.1227877123e+00 6.4453066877e-01 -2.5149853586e-01 )	( -1.1218921523e+00 6.4690973223e-01 -2.3367161945e-01 )	( -8.9556000532e-04 -2.3790634540e-03 -1.7826916405e-02 )
294              	( -1.1227877248e+00 6.4453066330e-01 -2.5149852945e-01 )	( -1.1218921647e+00 6.4690972671e-01 -2.3367161345e-01 )	( -8.9556000889e-04 -2.3790634077e-03 -1.7826915995e-02 )
295              	( -1.1227877406e+00 6.4453065994e-01 -2.5149852307e-01 )	( -1.1218921806e+00 6.4690972331e-01 -2.3367160744e-01 )	( -8.9556001772e-04 -2.3790633640e-03 -1.7826915634e-02 )
296              	( -1.1227877590e+00 6.4453065838e-01 -2.5149851685e-01 )	( -1.1218921990e+00 6.4690972171e-01 -2.3367160154e-01 )	( -8.9556003085e-04 -2.3790633229e-03 -1.7826915318e-02 )
297              	( -1.1227877790e+00 6.4453065830e-01 -2.5149851091e-01 )	( -1.1218922190e+00 6.4690972159e-01 -2.3367159587e-01 )	( -8.9556004738e-04 -2.3790632847e-03 -1.7826915045e-02 )
298              	( -1.1227877999e+00 6.4453065944e-01 -2.5149850533e-01 )	( -1.1218922399e+00 6.4690972269e-01 -2.3367159052e-01 )	( -8.9556006644e-04 -2.3790632493e-03 -1.7826914811e-02 )
299              	( -1.1227878211e+00 6.4453066152e-01 -2.5149850018e-01 )	( -1.1218922610e+00 6.4690972473e-01 -2.3367158557e-01 )	( -8.9556008722e-04 -2.3790632169e-03 -1.7826914613e-02 )
300              	( -1.1227878419e+00 6.4453066430e-01 -2.5149849552e-01 )	( -1.1218922818e+00 6.4690972749e-01 -2.3367158107e-01 )	( -8.9556010894e-04 -2.3790631875e-03 -1.7826914447e-02 )
301              	( -1.1227878618e+00 6.4453066753e-01 -2.5149849141e-01 )	( -1.1218923017e+00 6.4690973069e-01 -2.3367157709e-01 )	( -8.9556013090e-04 -2.3790631612e-03 -1.7826914311e-02 )
302              	( -1.1227878806e+00 6.4453067113e-01 -2.5149848783e-01 )	( -1.1218923205e+00 6.4690973427e-01 -2.3367157363e-01 )	( -8.9556015247e-04 -2.3790631380e-03 -1.7826914202e-02 )
303              	( -1.1227878978e+00 6.4453067482e-01 -2.5149848485e-01 )	( -1.1218923377e+00 6.4690973794e-01 -2.3367157074e-01 )	( -8.9556017310e-04 -2.3790631177e-03 -1.7826914116e-02 )
304              	( -1.1227879132e+00 6.4453067850e-01 -2.5149848246e-01 )	( -1.1218923530e+00 6.4690974160e-01 -2.3367156841e-01 )	( -8.9556019235e-04 -2.3790631004e-03 -1.7826914050e-02 )
305              	( -1.1227879265e+00 6.4453068203e-01 -2.5149848066e-01 )	( -1.1218923663e+00 6.4690974512e-01 -2.3367156666e-01 )	( -8.9556020985e-04 -2.3790630859e-03 -1.7826914002e-02 )
306              	( -1.1227879377e+00 6.4453068531e-01 -2.5149847943e-01 )	( -1.1218923775e+00 6.4690974839e-01 -2.3367156546e-01 )	( -8.9556022536e-04 -2.3790630740e-03 -1.7826913968e-02 )
307              	( -1.1227879467e+00 6.4453068826e-01 -2.5149847876e-01 )	( -1.1218923864e+00 6.4690975133e-01 -2.3367156481e-01 )	( -8.9556023869e-04 -2.3790630645e-03 -1.7826913947e-02 )
308              	( -1.1227879534e+00 6.4453069081e-01 -2.5149847860e-01 )	( -1.1218923931e+00 6.4690975387e-01 -2.3367156467e-01 )	( -8.9556024972e-04 -2.3790630572e-03 -1.7826913934e-02 )
309              	( -1.1227879578e+00 6.4453069291e-01 -2.5149847894e-01 )	( -1.1218923975e+00 6.4690975596e-01 -2.3367156501e-01 )	( -8.9556025840e-04 -2.3790630520e-03 -1.7826913929e-02 )
310              	( -1.1227879600e+00 6.4453069451e-01 -2.5149847972e-01 )	( -1.1218923997e+00 6.4690975755e-01 -2.3367156579e-01 )	( -8.9556026472e-04 -2.3790630484e-03 -1.7826913929e-02 )
311              	( -1.1227879601e+00 6.4453069559e-01 -2.5149848091e-01 )	( -1.1218923998e+00 6.4690975863e-01 -2.3367156698e-01 )	( -8.9556026868e-04 -2.3790630465e-03 -1.7826913932e-02 )
312              	( -1.1227879582e+00 6.4453069614e-01 -2.5149848246e-01 )	( -1.1218923979e+00 6.4690975918e-01 -2.3367156852e-01 )	( -8.9556027035e-04 -2.3790630459e-03 -1.7826913937e-02 )
313              	( -1.1227879544e+00 6.4453069616e-01 -2.5149848432e-01 )	( -1.1218923941e+00 6.4690975920e-01 -2.3367157038e-01 )	( -8.9556026977e-04 -2.3790630466e-03 -1.7826913942e-02 )
314              	( -1.1227879489e+00 6.4453069566e-01 -2.5149848645e-01 )	( -1.1218923886e+00 6.4690975870e-01 -2.3367157251e-01 )	( -8.9556026705e-04 -2.3790630483e-03 -1.7826913947e-02 )
315              	( -1.1227879418e+00 6.4453069467e-01 -2.5149848881e-01 )	( -1.1218923816e+00 6.4690975772e-01 -2.3367157486e-01 )	( -8.9556026228e-04 -2.3790630510e-03 -1.7826913950e-02 )
316              	( -1.1227879334e+00 6.4453069320e-01 -2.5149849135e-01 )	( -1.1218923731e+00 6.4690975625e-01 -2.3367157740e-01 )	( -8.9556025562e-04 -2.3790630544e-03 -1.7826913951e-02 )
317              	( -1.1227879237e+00 6.4453069130e-01 -2.5149849402e-01 )	( -1.1218923635e+00 6.4690975436e-01 -2.3367158007e-01 )	( -8.9556024721e-04 -2.3790630585e-03 -1.7826913949e-02 )
318              	( -1.1227879132e+00 6.4453068902e-01 -2.5149849679e-01 )	( -1.1218923529e+00 6.4690975209e-01 -2.3367158285e-01 )	( -8.9556023723e-04 -2.3790630630e-03 -1.7826913945e-02 )
319              	( -1.1227879018e+00 6.4453068641e-01 -2.5149849962e-01 )	( -1.1218923416e+00 6.4690974948e-01 -2.3367158568e-01 )	( -8.9556022590e-04 -2.3790630680e-03 -1.7826913936e-02 )
320              	( -1.1227878899e+00 6.4453068351e-01 -2.5149850246e-01 )	( -1.1218923297e+00 6.4690974658e-01 -2.3367158854e-01 )	( -8.9556021341e-04 -2.3790630731e-03 -1.7826913923e-02 )
321              	( -1.1227878775e+00 6.4453068037e-01 -2.5149850529e-01 )	( -1.1218923173e+00 6.4690974345e-01 -2.3367159138e-01 )	( -8.9556020000e-04 -2.3790630783e-03 -1.7826913907e-02 )
322              	( -1.1227878650e+00 6.4453067704e-01 -2.5149850807e-01 )	( -1.1218923048e+00 6.4690974012e-01 -2.3367159418e-01 )	( -8.9556018586e-04 -2.3790630834e-03 -1.7826913886e-02 )
323              	( -1.1227878524e+00 6.4453067357e-01 -2.5149851077e-01 )	( -1.1218922922e+00 6.4690973666e-01 -2.3367159691e-01 )	( -8.9556017121e-04 -2.3790630884e-03 -1.7826913862e-02 )
324              	( -1.1227878399e+00 6.4453067001e-01 -2.5149851337e-01 )	( -1.1218922798e+00 6.4690973310e-01 -2.3367159953e-01 )	( -8.9556015625e-04 -2.3790630932e-03 -1.7826913833e-02 )
