# Time           	e423_0           
1	2.1488558697e-17	
2	-1.1388986874e-17	
3	-1.2126656164e-18	
4	6.0008675066e-19	
5	8.4062166000e-20	
6	4.4079208867e-19	
7	2.5069616989e-20	
8	-1.1686984206e-19	
9	-2.4016371222e-19	
10	-2.3904190013e-19	
11	-5.8074601362e-20	
12	2.1723280543e-19	
13	5.0486415694e-20	
14	7.5885324501e-20	
15	6.8110418580e-20	
16	6.3764595548e-20	
17	5.3388542708e-20	
18	4.9711727972e-20	
19	4.1656355558e-20	
20	3.9734201500e-20	
21	3.3730671564e-20	
22	3.3434365607e-20	
23	2.8149898450e-20	
24	2.7866433744e-20	
25	2.2864576917e-20	
26	2.2985822003e-20	
27	1.7933832058e-20	
28	1.8009112075e-20	
29	1.3294405497e-20	
30	1.3363164790e-20	
31	8.8978180107e-21	
32	8.9908129304e-21	
33	4.6636070442e-21	
34	4.8831465779e-21	
35	8.9548481558e-22	
36	1.1169231344e-21	
37	-2.7906836844e-21	
38	-2.4277157734e-21	
39	-6.2777391917e-21	
40	-6.1140220392e-21	
41	-9.7911479700e-21	
42	-9.8290066201e-21	
43	-1.3267173087e-20	
44	-1.3517796784e-20	
45	-1.6942518590e-20	
46	-1.7286642036e-20	
47	-2.0632565702e-20	
48	-2.1163244978e-20	
49	-2.4467825375e-20	
50	-2.5221158321e-20	
51	-2.8437040957e-20	
52	-2.9412422426e-20	
53	-3.2625380956e-20	
54	-3.3694238022e-20	
55	-3.6853214864e-20	
56	-3.8001247524e-20	
57	-4.1110702341e-20	
58	-4.2287514806e-20	
59	-4.5313141717e-20	
60	-4.6673591407e-20	
61	-4.9610485357e-20	
62	-5.0990058772e-20	
63	-5.3853563728e-20	
64	-5.5171169443e-20	
65	-5.7984739249e-20	
66	-5.9375992008e-20	
67	-6.2080955170e-20	
68	-6.3492223449e-20	
69	-6.6139647424e-20	
70	-6.7560863738e-20	
71	-7.0090316456e-20	
72	-7.1577326859e-20	
73	-7.4039496679e-20	
74	-7.5514465132e-20	
75	-7.7915310390e-20	
76	-7.9373856033e-20	
77	-8.1707241019e-20	
78	-8.3200899160e-20	
79	-8.5533675932e-20	
80	-8.7020976714e-20	
81	-8.9236840596e-20	
82	-9.0739103144e-20	
83	-9.2927028163e-20	
84	-9.4379320746e-20	
85	-9.6424217443e-20	
86	-9.7864281425e-20	
87	-9.9970786874e-20	
88	-1.0149790434e-19	
89	-1.0350599649e-19	
90	-1.0497486356e-19	
91	-1.0691204168e-19	
92	-1.0838464454e-19	
93	-1.1030133344e-19	
94	-1.1180748026e-19	
95	-1.1368763353e-19	
96	-1.1513587281e-19	
97	-1.1693786974e-19	
98	-1.1839842564e-19	
99	-1.2018095384e-19	
100	-1.2160967839e-19	
101	-1.2332887678e-19	
102	-1.2476492532e-19	
103	-1.2645646625e-19	
104	-1.2784023963e-19	
105	-1.2948669477e-19	
106	-1.3090608277e-19	
107	-1.3251735444e-19	
108	-1.3397429760e-19	
109	-1.3556837393e-19	
110	-1.3702126722e-19	
111	-1.3861512317e-19	
112	-1.4009091431e-19	
113	-1.4164970196e-19	
114	-1.4311770108e-19	
115	-1.4464770949e-19	
116	-1.4612665120e-19	
117	-1.4764099263e-19	
118	-1.4909688461e-19	
119	-1.5059668560e-19	
120	-1.5206894907e-19	
121	-1.5355167066e-19	
122	-1.5501870864e-19	
123	-1.5647920083e-19	
124	-1.5795350033e-19	
125	-1.5938086092e-19	
126	-1.6082216682e-19	
127	-1.6223545732e-19	
128	-1.6367530575e-19	
129	-1.6506441936e-19	
130	-1.6648641766e-19	
131	-1.6784546790e-19	
132	-1.6925418607e-19	
133	-1.7059718198e-19	
134	-1.7198638915e-19	
135	-1.7328582930e-19	
136	-1.7464998819e-19	
137	-1.7591491689e-19	
138	-1.7724536517e-19	
139	-1.7846974897e-19	
140	-1.7975919465e-19	
141	-1.8091611036e-19	
142	-1.8215310531e-19	
143	-1.8327584101e-19	
144	-1.8450670461e-19	
145	-1.8560580216e-19	
146	-1.8678919103e-19	
147	-1.8785186859e-19	
148	-1.8903871427e-19	
149	-1.9009539544e-19	
150	-1.9126301334e-19	
151	-1.9229323612e-19	
152	-1.9344893410e-19	
153	-1.9447812430e-19	
154	-1.9562430119e-19	
155	-1.9660866613e-19	
156	-1.9772839987e-19	
157	-1.9869837013e-19	
158	-1.9980997422e-19	
159	-2.0077086516e-19	
160	-2.0187677584e-19	
161	-2.0283007383e-19	
162	-2.0392361655e-19	
163	-2.0485436739e-19	
164	-2.0592359176e-19	
165	-2.0683097613e-19	
166	-2.0789927728e-19	
167	-2.0878577431e-19	
168	-2.0982775183e-19	
169	-2.1069875608e-19	
170	-2.1173173913e-19	
171	-2.1257513117e-19	
172	-2.1356435156e-19	
173	-2.1436626719e-19	
174	-2.1532626877e-19	
175	-2.1609894428e-19	
176	-2.1703671519e-19	
177	-2.1778315112e-19	
178	-2.1870878594e-19	
179	-2.1943735031e-19	
180	-2.2034063548e-19	
181	-2.2105023029e-19	
182	-2.2194883507e-19	
183	-2.2264848185e-19	
184	-2.2352408830e-19	
185	-2.2419463112e-19	
186	-2.2504248377e-19	
187	-2.2568776572e-19	
188	-2.2652321149e-19	
189	-2.2715019517e-19	
190	-2.2796931220e-19	
191	-2.2857991970e-19	
192	-2.2938571957e-19	
193	-2.2998067257e-19	
194	-2.3077549910e-19	
195	-2.3135793221e-19	
196	-2.3214673883e-19	
197	-2.3272927675e-19	
198	-2.3350859692e-19	
199	-2.3407138554e-19	
200	-2.3484551858e-19	
201	-2.3539993745e-19	
202	-2.3616782958e-19	
203	-2.3671423746e-19	
204	-2.3747817216e-19	
205	-2.3802011151e-19	
206	-2.3878178123e-19	
207	-2.3931504287e-19	
208	-2.4006844770e-19	
209	-2.4059487654e-19	
210	-2.4134502473e-19	
211	-2.4186180110e-19	
212	-2.4260579141e-19	
213	-2.4311447357e-19	
214	-2.4385412854e-19	
215	-2.4435555221e-19	
216	-2.4508788200e-19	
217	-2.4558256670e-19	
218	-2.4631491162e-19	
219	-2.4680232542e-19	
220	-2.4752893077e-19	
221	-2.4800876792e-19	
222	-2.4873248720e-19	
223	-2.4920378892e-19	
224	-2.4992197426e-19	
225	-2.5038671690e-19	
226	-2.5110146188e-19	
227	-2.5155810672e-19	
228	-2.5226808823e-19	
229	-2.5271367969e-19	
230	-2.5341248548e-19	
231	-2.5384501617e-19	
232	-2.5453928823e-19	
233	-2.5496727855e-19	
234	-2.5565875758e-19	
235	-2.5607830255e-19	
236	-2.5676654607e-19	
237	-2.5718004940e-19	
238	-2.5786680192e-19	
239	-2.5827160227e-19	
240	-2.5894940959e-19	
241	-2.5933938467e-19	
242	-2.6000347713e-19	
243	-2.6038597300e-19	
244	-2.6104819550e-19	
245	-2.6142765944e-19	
246	-2.6208572369e-19	
247	-2.6246353765e-19	
248	-2.6313004730e-19	
249	-2.6352168442e-19	
250	-2.6418478529e-19	
251	-2.6457645474e-19	
252	-2.6524150062e-19	
253	-2.6562732557e-19	
254	-2.6628680833e-19	
255	-2.6667254896e-19	
256	-2.6732634244e-19	
257	-2.6770674713e-19	
258	-2.6835648369e-19	
259	-2.6873252306e-19	
260	-2.6937822908e-19	
261	-2.6974960870e-19	
262	-2.7040026163e-19	
263	-2.7076197557e-19	
264	-2.7139400269e-19	
265	-2.7175181773e-19	
266	-2.7237370915e-19	
267	-2.7272431759e-19	
268	-2.7333871789e-19	
269	-2.7368145028e-19	
270	-2.7428764256e-19	
271	-2.7462395311e-19	
272	-2.7522244511e-19	
273	-2.7555245252e-19	
274	-2.7614148002e-19	
275	-2.7646059380e-19	
276	-2.7703602394e-19	
277	-2.7734023232e-19	
278	-2.7790224764e-19	
279	-2.7819866424e-19	
280	-2.7874976888e-19	
281	-2.7903276971e-19	
282	-2.7956492191e-19	
283	-2.7983148085e-19	
284	-2.8035289418e-19	
285	-2.8060840951e-19	
286	-2.8111648137e-19	
287	-2.8135929702e-19	
288	-2.8185507350e-19	
289	-2.8208552590e-19	
290	-2.8256432698e-19	
291	-2.8277948491e-19	
292	-2.8324460869e-19	
293	-2.8344906937e-19	
294	-2.8389891258e-19	
295	-2.8408770704e-19	
296	-2.8452347363e-19	
297	-2.8469882666e-19	
298	-2.8511868779e-19	
299	-2.8527871841e-19	
300	-2.8568224186e-19	
301	-2.8582747595e-19	
302	-2.8621541341e-19	
303	-2.8634652908e-19	
304	-2.8671894640e-19	
305	-2.8683478564e-19	
306	-2.8718851598e-19	
307	-2.8728595362e-19	
308	-2.8762081472e-19	
309	-2.8770171862e-19	
310	-2.8802000674e-19	
311	-2.8808706554e-19	
312	-2.8839128096e-19	
313	-2.8844484518e-19	
314	-2.8873296939e-19	
315	-2.8877360823e-19	
316	-2.8904855573e-19	
317	-2.8907577861e-19	
318	-2.8933484017e-19	
319	-2.8934579382e-19	
320	-2.8958867635e-19	
321	-2.8958433373e-19	
322	-2.8981322191e-19	
323	-2.8979471371e-19	
324	-2.9001039581e-19	
325	-2.8997948447e-19	
326	-2.9018456542e-19	
327	-2.9014297646e-19	
328	-2.9033708045e-19	
329	-2.9028286273e-19	
330	-2.9046478766e-19	
331	-2.9039728540e-19	
332	-2.9056700684e-19	
333	-2.9048727923e-19	
334	-2.9064623087e-19	
335	-2.9055621004e-19	
336	-2.9070626454e-19	
337	-2.9060701655e-19	
338	-2.9074863069e-19	
339	-2.9064069541e-19	
340	-2.9077463846e-19	
341	-2.9065907178e-19	
342	-2.9078613478e-19	
343	-2.9066396284e-19	
344	-2.9078528267e-19	
345	-2.9065760116e-19	
346	-2.9077388335e-19	
347	-2.9064135809e-19	
348	-2.9075278131e-19	
349	-2.9061611313e-19	
350	-2.9072386168e-19	
351	-2.9058446305e-19	
352	-2.9068964898e-19	
353	-2.9054828582e-19	
354	-2.9065106650e-19	
355	-2.9050883297e-19	
356	-2.9061011782e-19	
357	-2.9046755563e-19	
358	-2.9056795174e-19	
359	-2.9042558612e-19	
360	-2.9052574518e-19	
361	-2.9038518188e-19	
362	-2.9048762469e-19	
363	-2.9035048152e-19	
364	-2.9045528012e-19	
365	-2.9032249601e-19	
366	-2.9043133924e-19	
367	-2.9030235148e-19	
368	-2.9041418528e-19	
369	-2.9029097419e-19	
370	-2.9040839446e-19	
371	-2.9029079929e-19	
372	-2.9041303856e-19	
373	-2.9030181158e-19	
374	-2.9042977698e-19	
375	-2.9032569210e-19	
376	-2.9046021419e-19	
377	-2.9036357014e-19	
378	-2.9050535925e-19	
379	-2.9041520115e-19	
380	-2.9056462361e-19	
381	-2.9047962704e-19	
382	-2.9063663296e-19	
383	-2.9055707403e-19	
384	-2.9072195395e-19	
385	-2.9064791966e-19	
386	-2.9082040945e-19	
387	-2.9075169016e-19	
388	-2.9093185690e-19	
389	-2.9086852991e-19	
390	-2.9105656205e-19	
391	-2.9099906649e-19	
392	-2.9119521189e-19	
393	-2.9114348679e-19	
394	-2.9134727585e-19	
395	-2.9130065439e-19	
396	-2.9151168499e-19	
397	-2.9146989908e-19	
398	-2.9168811104e-19	
399	-2.9165183001e-19	
400	-2.9187888193e-19	
401	-2.9184630615e-19	
402	-2.9207844263e-19	
403	-2.9205139807e-19	
404	-2.9228962314e-19	
405	-2.9226639203e-19	
406	-2.9251054330e-19	
407	-2.9249113925e-19	
408	-2.9274083351e-19	
409	-2.9272452917e-19	
410	-2.9297910218e-19	
411	-2.9296580156e-19	
412	-2.9322515624e-19	
413	-2.9321436252e-19	
414	-2.9347787009e-19	
415	-2.9346906286e-19	
416	-2.9373610159e-19	
417	-2.9372873561e-19	
418	-2.9399897213e-19	
419	-2.9399275768e-19	
420	-2.9426570650e-19	
421	-2.9426024189e-19	
422	-2.9453556070e-19	
423	-2.9453049653e-19	
424	-2.9480762175e-19	
425	-2.9480225508e-19	
426	-2.9508098714e-19	
427	-2.9507545669e-19	
428	-2.9535605273e-19	
429	-2.9535021476e-19	
430	-2.9563111829e-19	
431	-2.9562465124e-19	
432	-2.9590595761e-19	
433	-2.9589669844e-19	
434	-2.9617785226e-19	
435	-2.9616757058e-19	
436	-2.9644909399e-19	
437	-2.9643727297e-19	
438	-2.9671881234e-19	
439	-2.9670512157e-19	
440	-2.9698631159e-19	
441	-2.9697061657e-19	
442	-2.9725055941e-19	
443	-2.9723093003e-19	
444	-2.9750808254e-19	
445	-2.9748416271e-19	
446	-2.9775908564e-19	
447	-2.9773213780e-19	
448	-2.9800576082e-19	
449	-2.9797632201e-19	
450	-2.9824916748e-19	
451	-2.9821702836e-19	
452	-2.9848877971e-19	
453	-2.9845376139e-19	
454	-2.9872416528e-19	
455	-2.9868617285e-19	
456	-2.9895503839e-19	
457	-2.9891382160e-19	
458	-2.9918079580e-19	
459	-2.9913615702e-19	
460	-2.9940112866e-19	
461	-2.9935264513e-19	
462	-2.9961563874e-19	
463	-2.9956399147e-19	
464	-2.9982470861e-19	
465	-2.9976944736e-19	
466	-3.0002823773e-19	
467	-2.9996946616e-19	
468	-3.0022592600e-19	
469	-3.0016338971e-19	
470	-3.0041752694e-19	
471	-3.0035127557e-19	
472	-3.0060313294e-19	
473	-3.0053315558e-19	
474	-3.0078269309e-19	
475	-3.0070899521e-19	
476	-3.0095609224e-19	
477	-3.0087859875e-19	
478	-3.0112334966e-19	
479	-3.0104213985e-19	
480	-3.0128459556e-19	
481	-3.0119968169e-19	
482	-3.0143980783e-19	
483	-3.0135123419e-19	
484	-3.0158894491e-19	
485	-3.0149673927e-19	
486	-3.0173212240e-19	
487	-3.0163629209e-19	
488	-3.0186946290e-19	
489	-3.0177012032e-19	
490	-3.0200103687e-19	
491	-3.0189824515e-19	
492	-3.0212697331e-19	
493	-3.0202077994e-19	
494	-3.0224726285e-19	
495	-3.0213710781e-19	
496	-3.0236073201e-19	
497	-3.0224696894e-19	
498	-3.0246864460e-19	
499	-3.0235177243e-19	
500	-3.0257141816e-19	
501	-3.0245136589e-19	
502	-3.0266916780e-19	
503	-3.0254613579e-19	
504	-3.0276210233e-19	
505	-3.0263617285e-19	
506	-3.0285043135e-19	
507	-3.0272157988e-19	
508	-3.0293412326e-19	
509	-3.0280242593e-19	
510	-3.0301331384e-19	
511	-3.0287886009e-19	
512	-3.0308809550e-19	
513	-3.0295098944e-19	
514	-3.0315869541e-19	
515	-3.0301897779e-19	
516	-3.0322520880e-19	
517	-3.0308294978e-19	
518	-3.0328775439e-19	
519	-3.0314304136e-19	
520	-3.0334647224e-19	
521	-3.0319932481e-19	
522	-3.0340146859e-19	
523	-3.0325205755e-19	
524	-3.0345296219e-19	
525	-3.0330138008e-19	
526	-3.0350119571e-19	
527	-3.0334752556e-19	
528	-3.0354631852e-19	
529	-3.0339071722e-19	
530	-3.0358861748e-19	
531	-3.0343116147e-19	
532	-3.0362817927e-19	
533	-3.0346889547e-19	
534	-3.0366513760e-19	
535	-3.0350417581e-19	
536	-3.0369974786e-19	
537	-3.0353719859e-19	
538	-3.0373211024e-19	
539	-3.0356804621e-19	
540	-3.0376243332e-19	
541	-3.0359697477e-19	
542	-3.0379094069e-19	
543	-3.0362415498e-19	
544	-3.0381772726e-19	
545	-3.0364967496e-19	
546	-3.0384285370e-19	
547	-3.0367357730e-19	
548	-3.0386645299e-19	
549	-3.0369604555e-19	
550	-3.0388868916e-19	
551	-3.0371720436e-19	
552	-3.0390966097e-19	
553	-3.0373719470e-19	
554	-3.0392948975e-19	
555	-3.0375604885e-19	
556	-3.0394823434e-19	
557	-3.0377388781e-19	
558	-3.0396599327e-19	
559	-3.0379078901e-19	
560	-3.0398287066e-19	
561	-3.0380685324e-19	
562	-3.0399892539e-19	
563	-3.0382214980e-19	
564	-3.0401427298e-19	
565	-3.0383675610e-19	
566	-3.0402893502e-19	
567	-3.0385074580e-19	
568	-3.0404300991e-19	
569	-3.0386416367e-19	
570	-3.0405643147e-19	
571	-3.0387680561e-19	
572	-3.0406912448e-19	
573	-3.0388885187e-19	
574	-3.0408126858e-19	
575	-3.0390039382e-19	
576	-3.0409296230e-19	
577	-3.0391155979e-19	
578	-3.0410432417e-19	
579	-3.0392244607e-19	
580	-3.0411547354e-19	
581	-3.0393317835e-19	
582	-3.0412646474e-19	
583	-3.0394374083e-19	
584	-3.0413729492e-19	
585	-3.0395420140e-19	
586	-3.0414806225e-19	
587	-3.0396463587e-19	
588	-3.0415880897e-19	
589	-3.0397504897e-19	
590	-3.0416955770e-19	
591	-3.0398551004e-19	
592	-3.0418034184e-19	
593	-3.0399601562e-19	
594	-3.0419123302e-19	
595	-3.0400669027e-19	
596	-3.0420232639e-19	
597	-3.0401757471e-19	
598	-3.0421361084e-19	
599	-3.0402866278e-19	
600	-3.0422508678e-19	
601	-3.0403995904e-19	
602	-3.0423678990e-19	
603	-3.0405149280e-19	
604	-3.0424873821e-19	
605	-3.0406329685e-19	
606	-3.0426097091e-19	
607	-3.0407540741e-19	
608	-3.0427352993e-19	
609	-3.0408786555e-19	
610	-3.0428641360e-19	
611	-3.0410063688e-19	
612	-3.0429960698e-19	
613	-3.0411372964e-19	
614	-3.0431312127e-19	
615	-3.0412716150e-19	
616	-3.0432699318e-19	
617	-3.0414095885e-19	
618	-3.0434121854e-19	
619	-3.0415511089e-19	
620	-3.0435579114e-19	
621	-3.0416961481e-19	
622	-3.0437070218e-19	
623	-3.0418445959e-19	
624	-3.0438596347e-19	
625	-3.0419965419e-19	
626	-3.0440156341e-19	
627	-3.0421519761e-19	
628	-3.0441750554e-19	
629	-3.0423108356e-19	
630	-3.0443377334e-19	
631	-3.0424728919e-19	
632	-3.0445034816e-19	
633	-3.0426378864e-19	
634	-3.0446719804e-19	
635	-3.0428056016e-19	
636	-3.0448430504e-19	
637	-3.0429758397e-19	
638	-3.0450165670e-19	
639	-3.0431485816e-19	
640	-3.0451924552e-19	
641	-3.0433235487e-19	
642	-3.0453702430e-19	
643	-3.0435002158e-19	
644	-3.0455494590e-19	
645	-3.0436780984e-19	
646	-3.0457296971e-19	
647	-3.0438568954e-19	
648	-3.0459106782e-19	
649	-3.0440364722e-19	
650	-3.0460922396e-19	
651	-3.0442164950e-19	
652	-3.0462741768e-19	
653	-3.0443966779e-19	
654	-3.0464557343e-19	
655	-3.0445761954e-19	
656	-3.0466364384e-19	
657	-3.0447547697e-19	
658	-3.0468159979e-19	
659	-3.0449321204e-19	
660	-3.0469941842e-19	
661	-3.0451081094e-19	
662	-3.0471708085e-19	
663	-3.0452824814e-19	
664	-3.0473460067e-19	
665	-3.0454555290e-19	
666	-3.0475196993e-19	
667	-3.0456270868e-19	
668	-3.0476915126e-19	
669	-3.0457960566e-19	
670	-3.0478601666e-19	
671	-3.0459619317e-19	
672	-3.0480258133e-19	
673	-3.0461248775e-19	
674	-3.0481883429e-19	
675	-3.0462846015e-19	
676	-3.0483477514e-19	
677	-3.0464411877e-19	
678	-3.0485035916e-19	
679	-3.0465941182e-19	
680	-3.0486558995e-19	
681	-3.0467434356e-19	
682	-3.0488040356e-19	
683	-3.0468881382e-19	
684	-3.0489472558e-19	
685	-3.0470281112e-19	
686	-3.0490859273e-19	
687	-3.0471636744e-19	
688	-3.0492203279e-19	
689	-3.0472950686e-19	
690	-3.0493504153e-19	
691	-3.0474222688e-19	
692	-3.0494762580e-19	
693	-3.0475448407e-19	
694	-3.0495972098e-19	
695	-3.0476627168e-19	
696	-3.0497133745e-19	
697	-3.0477753961e-19	
698	-3.0498240385e-19	
699	-3.0478827018e-19	
700	-3.0499294851e-19	
701	-3.0479848902e-19	
702	-3.0500298220e-19	
703	-3.0480820486e-19	
704	-3.0501251416e-19	
705	-3.0481742846e-19	
706	-3.0502155964e-19	
707	-3.0482617450e-19	
708	-3.0503012993e-19	
709	-3.0483445855e-19	
710	-3.0503824228e-19	
711	-3.0484229337e-19	
712	-3.0504591016e-19	
713	-3.0484969618e-19	
714	-3.0505315202e-19	
715	-3.0485669053e-19	
716	-3.0505999142e-19	
717	-3.0486329090e-19	
718	-3.0506644828e-19	
719	-3.0486952268e-19	
720	-3.0507254339e-19	
721	-3.0487540939e-19	
722	-3.0507829946e-19	
723	-3.0488096633e-19	
724	-3.0508373311e-19	
725	-3.0488621525e-19	
726	-3.0508886385e-19	
727	-3.0489117805e-19	
728	-3.0509371702e-19	
729	-3.0489587310e-19	
730	-3.0509831492e-19	
731	-3.0490032942e-19	
732	-3.0510267836e-19	
733	-3.0490456049e-19	
734	-3.0510681830e-19	
735	-3.0490857938e-19	
736	-3.0511075501e-19	
737	-3.0491240804e-19	
738	-3.0511450561e-19	
739	-3.0491606070e-19	
740	-3.0511808399e-19	
741	-3.0491955071e-19	
742	-3.0512150309e-19	
743	-3.0492289052e-19	
744	-3.0512477578e-19	
745	-3.0492609213e-19	
746	-3.0512790937e-19	
747	-3.0492916327e-19	
748	-3.0513091564e-19	
749	-3.0493211248e-19	
750	-3.0513380009e-19	
751	-3.0493494579e-19	
752	-3.0513656850e-19	
753	-3.0493766965e-19	
754	-3.0513922762e-19	
755	-3.0494028823e-19	
756	-3.0514178011e-19	
757	-3.0494280521e-19	
758	-3.0514422757e-19	
759	-3.0494522018e-19	
760	-3.0514657118e-19	
761	-3.0494753389e-19	
762	-3.0514881018e-19	
763	-3.0494974604e-19	
764	-3.0515094358e-19	
765	-3.0495185478e-19	
766	-3.0515296991e-19	
767	-3.0495385734e-19	
768	-3.0515488527e-19	
769	-3.0495575024e-19	
770	-3.0515668739e-19	
771	-3.0495753082e-19	
772	-3.0515837089e-19	
773	-3.0495919322e-19	
774	-3.0515993170e-19	
775	-3.0496073455e-19	
776	-3.0516136786e-19	
777	-3.0496215259e-19	
778	-3.0516267653e-19	
779	-3.0496344447e-19	
780	-3.0516385445e-19	
781	-3.0496460619e-19	
782	-3.0516489737e-19	
783	-3.0496563480e-19	
784	-3.0516580455e-19	
785	-3.0496653025e-19	
786	-3.0516657407e-19	
787	-3.0496728824e-19	
788	-3.0516720395e-19	
789	-3.0496791001e-19	
790	-3.0516769458e-19	
791	-3.0496839532e-19	
792	-3.0516804646e-19	
793	-3.0496874484e-19	
794	-3.0516826031e-19	
795	-3.0496895926e-19	
796	-3.0516833705e-19	
797	-3.0496903990e-19	
798	-3.0516827821e-19	
799	-3.0496898863e-19	
800	-3.0516808611e-19	
801	-3.0496880801e-19	
802	-3.0516776358e-19	
803	-3.0496850077e-19	
804	-3.0516731338e-19	
805	-3.0496807012e-19	
806	-3.0516673902e-19	
807	-3.0496751978e-19	
808	-3.0516604460e-19	
809	-3.0496685371e-19	
810	-3.0516523421e-19	
811	-3.0496607636e-19	
812	-3.0516431225e-19	
813	-3.0496519232e-19	
814	-3.0516328365e-19	
815	-3.0496420606e-19	
816	-3.0516215293e-19	
817	-3.0496312306e-19	
818	-3.0516092559e-19	
819	-3.0496194855e-19	
820	-3.0515960765e-19	
821	-3.0496068901e-19	
822	-3.0515820515e-19	
823	-3.0495935006e-19	
824	-3.0515672401e-19	
825	-3.0495793764e-19	
826	-3.0515517028e-19	
827	-3.0495645848e-19	
828	-3.0515355062e-19	
829	-3.0495491860e-19	
830	-3.0515187127e-19	
831	-3.0495332417e-19	
832	-3.0515013780e-19	
833	-3.0495168143e-19	
834	-3.0514835722e-19	
835	-3.0494999611e-19	
836	-3.0514653507e-19	
837	-3.0494827491e-19	
838	-3.0514467699e-19	
839	-3.0494652306e-19	
840	-3.0514278930e-19	
841	-3.0494474627e-19	
842	-3.0514087725e-19	
843	-3.0494295009e-19	
844	-3.0513894637e-19	
845	-3.0494113986e-19	
846	-3.0513700186e-19	
847	-3.0493932067e-19	
848	-3.0513504872e-19	
849	-3.0493749735e-19	
850	-3.0513309183e-19	
851	-3.0493567429e-19	
852	-3.0513113547e-19	
853	-3.0493385644e-19	
854	-3.0512918406e-19	
855	-3.0493204774e-19	
856	-3.0512724188e-19	
857	-3.0493025236e-19	
858	-3.0512531289e-19	
859	-3.0492847430e-19	
860	-3.0512340088e-19	
861	-3.0492671692e-19	
862	-3.0512150956e-19	
863	-3.0492498422e-19	
864	-3.0511964253e-19	
865	-3.0492327920e-19	
866	-3.0511780287e-19	
867	-3.0492160509e-19	
868	-3.0511599372e-19	
869	-3.0491996518e-19	
870	-3.0511421799e-19	
871	-3.0491836190e-19	
872	-3.0511247863e-19	
873	-3.0491679825e-19	
874	-3.0511077844e-19	
875	-3.0491527667e-19	
876	-3.0510911976e-19	
877	-3.0491379995e-19	
878	-3.0510750480e-19	
879	-3.0491236993e-19	
880	-3.0510593576e-19	
881	-3.0491098885e-19	
882	-3.0510441463e-19	
883	-3.0490965860e-19	
884	-3.0510294353e-19	
885	-3.0490838077e-19	
886	-3.0510152380e-19	
887	-3.0490715701e-19	
888	-3.0510015711e-19	
889	-3.0490598884e-19	
890	-3.0509884487e-19	
891	-3.0490487751e-19	
892	-3.0509758825e-19	
893	-3.0490382412e-19	
894	-3.0509638824e-19	
895	-3.0490282957e-19	
896	-3.0509524582e-19	
897	-3.0490189466e-19	
898	-3.0509416170e-19	
899	-3.0490102019e-19	
900	-3.0509313637e-19	
901	-3.0490020648e-19	
902	-3.0509217037e-19	
903	-3.0489945466e-19	
904	-3.0509126474e-19	
905	-3.0489876408e-19	
906	-3.0509041861e-19	
907	-3.0489813479e-19	
908	-3.0508963193e-19	
909	-3.0489756657e-19	
910	-3.0508890461e-19	
911	-3.0489705926e-19	
912	-3.0508823638e-19	
913	-3.0489661251e-19	
914	-3.0508762691e-19	
915	-3.0489622598e-19	
916	-3.0508707556e-19	
917	-3.0489589872e-19	
918	-3.0508658180e-19	
919	-3.0489563034e-19	
920	-3.0508614499e-19	
921	-3.0489542013e-19	
922	-3.0508576424e-19	
923	-3.0489526723e-19	
924	-3.0508543875e-19	
925	-3.0489517073e-19	
926	-3.0508516768e-19	
927	-3.0489512970e-19	
928	-3.0508495001e-19	
929	-3.0489514312e-19	
930	-3.0508478472e-19	
931	-3.0489520988e-19	
932	-3.0508467029e-19	
933	-3.0489532778e-19	
934	-3.0508460489e-19	
935	-3.0489549614e-19	
936	-3.0508458832e-19	
937	-3.0489571457e-19	
938	-3.0508461986e-19	
939	-3.0489598201e-19	
940	-3.0508469833e-19	
941	-3.0489629720e-19	
942	-3.0508482248e-19	
943	-3.0489665893e-19	
944	-3.0508499108e-19	
945	-3.0489706592e-19	
946	-3.0508520287e-19	
947	-3.0489751690e-19	
948	-3.0508545653e-19	
949	-3.0489801054e-19	
950	-3.0508575079e-19	
951	-3.0489854542e-19	
952	-3.0508608421e-19	
953	-3.0489912021e-19	
954	-3.0508645542e-19	
955	-3.0489973343e-19	
956	-3.0508686294e-19	
957	-3.0490038359e-19	
958	-3.0508730527e-19	
959	-3.0490106916e-19	
960	-3.0508778084e-19	
961	-3.0490178857e-19	
962	-3.0508828811e-19	
963	-3.0490254009e-19	
964	-3.0508882536e-19	
965	-3.0490332213e-19	
966	-3.0508939091e-19	
967	-3.0490413290e-19	
968	-3.0508998299e-19	
969	-3.0490497057e-19	
970	-3.0509059973e-19	
971	-3.0490583325e-19	
972	-3.0509123920e-19	
973	-3.0490671901e-19	
974	-3.0509189949e-19	
975	-3.0490762575e-19	
976	-3.0509257851e-19	
977	-3.0490855151e-19	
978	-3.0509327421e-19	
979	-3.0490949409e-19	
980	-3.0509398435e-19	
981	-3.0491045128e-19	
982	-3.0509470681e-19	
983	-3.0491142078e-19	
984	-3.0509543922e-19	
985	-3.0491240038e-19	
986	-3.0509617931e-19	
987	-3.0491338769e-19	
988	-3.0509692470e-19	
989	-3.0491438033e-19	
990	-3.0509767295e-19	
991	-3.0491537585e-19	
992	-3.0509842182e-19	
993	-3.0491637180e-19	
994	-3.0509916882e-19	
995	-3.0491736590e-19	
996	-3.0509991140e-19	
997	-3.0491835551e-19	
998	-3.0510064727e-19	
999	-3.0491933841e-19	
1000	-3.0510137411e-19	
1001	-3.0492031217e-19	
1002	-3.0510208957e-19	
1003	-3.0492127461e-19	
1004	-3.0510279150e-19	
1005	-3.0492222354e-19	
1006	-3.0510347765e-19	
1007	-3.0492315670e-19	
1008	-3.0510414600e-19	
1009	-3.0492407212e-19	
1010	-3.0510479440e-19	
1011	-3.0492496771e-19	
1012	-3.0510542097e-19	
1013	-3.0492584157e-19	
1014	-3.0510602378e-19	
1015	-3.0492669184e-19	
1016	-3.0510660112e-19	
1017	-3.0492751683e-19	
1018	-3.0510715135e-19	
1019	-3.0492831500e-19	
1020	-3.0510767296e-19	
1021	-3.0492908491e-19	
1022	-3.0510816464e-19	
1023	-3.0492982529e-19	
1024	-3.0510862522e-19	
1025	-3.0493053503e-19	
1026	-3.0510905363e-19	
1027	-3.0493121316e-19	
1028	-3.0510944903e-19	
1029	-3.0493185891e-19	
1030	-3.0510981074e-19	
1031	-3.0493247164e-19	
1032	-3.0511013818e-19	
1033	-3.0493305087e-19	
1034	-3.0511043101e-19	
1035	-3.0493359633e-19	
1036	-3.0511068901e-19	
1037	-3.0493410784e-19	
1038	-3.0511091211e-19	
1039	-3.0493458539e-19	
1040	-3.0511110037e-19	
1041	-3.0493502921e-19	
1042	-3.0511125417e-19	
1043	-3.0493543953e-19	
1044	-3.0511137370e-19	
1045	-3.0493581679e-19	
1046	-3.0511145951e-19	
1047	-3.0493616153e-19	
1048	-3.0511151221e-19	
1049	-3.0493647441e-19	
1050	-3.0511153256e-19	
1051	-3.0493675617e-19	
1052	-3.0511152127e-19	
1053	-3.0493700767e-19	
1054	-3.0511147933e-19	
1055	-3.0493722982e-19	
1056	-3.0511140768e-19	
1057	-3.0493742366e-19	
1058	-3.0511130745e-19	
1059	-3.0493759037e-19	
1060	-3.0511117984e-19	
1061	-3.0493773114e-19	
1062	-3.0511102608e-19	
1063	-3.0493784724e-19	
1064	-3.0511084747e-19	
1065	-3.0493793994e-19	
1066	-3.0511064529e-19	
1067	-3.0493801055e-19	
1068	-3.0511042087e-19	
1069	-3.0493806039e-19	
1070	-3.0511017553e-19	
1071	-3.0493809076e-19	
1072	-3.0510991060e-19	
1073	-3.0493810299e-19	
1074	-3.0510962738e-19	
1075	-3.0493809836e-19	
1076	-3.0510932721e-19	
1077	-3.0493807815e-19	
1078	-3.0510901135e-19	
1079	-3.0493804370e-19	
1080	-3.0510868109e-19	
1081	-3.0493799624e-19	
1082	-3.0510833771e-19	
1083	-3.0493793702e-19	
1084	-3.0510798243e-19	
1085	-3.0493786725e-19	
1086	-3.0510761648e-19	
1087	-3.0493778815e-19	
1088	-3.0510724105e-19	
1089	-3.0493770087e-19	
1090	-3.0510685730e-19	
1091	-3.0493760655e-19	
1092	-3.0510646636e-19	
1093	-3.0493750628e-19	
1094	-3.0510606932e-19	
1095	-3.0493740113e-19	
1096	-3.0510566721e-19	
1097	-3.0493729211e-19	
1098	-3.0510526104e-19	
1099	-3.0493718020e-19	
1100	-3.0510485179e-19	
1101	-3.0493706634e-19	
1102	-3.0510444036e-19	
1103	-3.0493695142e-19	
1104	-3.0510402763e-19	
1105	-3.0493683627e-19	
1106	-3.0510361444e-19	
1107	-3.0493672169e-19	
1108	-3.0510320155e-19	
1109	-3.0493660843e-19	
1110	-3.0510278971e-19	
1111	-3.0493649721e-19	
1112	-3.0510237960e-19	
1113	-3.0493638867e-19	
1114	-3.0510197189e-19	
1115	-3.0493628345e-19	
1116	-3.0510156715e-19	
1117	-3.0493618215e-19	
1118	-3.0510116595e-19	
1119	-3.0493608521e-19	
1120	-3.0510076884e-19	
1121	-3.0493599320e-19	
1122	-3.0510037628e-19	
1123	-3.0493590655e-19	
1124	-3.0509998872e-19	
1125	-3.0493582569e-19	
1126	-3.0509960656e-19	
1127	-3.0493575098e-19	
1128	-3.0509923017e-19	
1129	-3.0493568277e-19	
1130	-3.0509885987e-19	
1131	-3.0493562137e-19	
1132	-3.0509849595e-19	
1133	-3.0493556704e-19	
1134	-3.0509813870e-19	
1135	-3.0493552003e-19	
1136	-3.0509778832e-19	
1137	-3.0493548055e-19	
1138	-3.0509744503e-19	
1139	-3.0493544875e-19	
1140	-3.0509710899e-19	
1141	-3.0493542482e-19	
1142	-3.0509678034e-19	
1143	-3.0493540883e-19	
1144	-3.0509645919e-19	
1145	-3.0493540091e-19	
1146	-3.0509614561e-19	
1147	-3.0493540108e-19	
1148	-3.0509583968e-19	
1149	-3.0493540943e-19	
1150	-3.0509554140e-19	
1151	-3.0493542592e-19	
1152	-3.0509525082e-19	
1153	-3.0493545059e-19	
1154	-3.0509496790e-19	
1155	-3.0493548338e-19	
1156	-3.0509469264e-19	
1157	-3.0493552427e-19	
1158	-3.0509442495e-19	
1159	-3.0493557318e-19	
1160	-3.0509416479e-19	
1161	-3.0493563001e-19	
1162	-3.0509391205e-19	
1163	-3.0493569468e-19	
1164	-3.0509366666e-19	
1165	-3.0493576706e-19	
1166	-3.0509342847e-19	
1167	-3.0493584704e-19	
1168	-3.0509319737e-19	
1169	-3.0493593446e-19	
1170	-3.0509297323e-19	
1171	-3.0493602920e-19	
1172	-3.0509275590e-19	
1173	-3.0493613107e-19	
1174	-3.0509254524e-19	
1175	-3.0493623993e-19	
1176	-3.0509234103e-19	
1177	-3.0493635557e-19	
1178	-3.0509214312e-19	
1179	-3.0493647781e-19	
1180	-3.0509195135e-19	
1181	-3.0493660653e-19	
1182	-3.0509176552e-19	
1183	-3.0493674142e-19	
1184	-3.0509158542e-19	
1185	-3.0493688237e-19	
1186	-3.0509141089e-19	
1187	-3.0493702915e-19	
1188	-3.0509124171e-19	
1189	-3.0493718155e-19	
1190	-3.0509107768e-19	
1191	-3.0493733936e-19	
1192	-3.0509091858e-19	
1193	-3.0493750236e-19	
1194	-3.0509076423e-19	
1195	-3.0493767035e-19	
1196	-3.0509061441e-19	
1197	-3.0493784311e-19	
1198	-3.0509046890e-19	
1199	-3.0493802042e-19	
1200	-3.0509032751e-19	
1201	-3.0493820207e-19	
1202	-3.0509019003e-19	
1203	-3.0493838785e-19	
1204	-3.0509005626e-19	
1205	-3.0493857755e-19	
1206	-3.0508992594e-19	
1207	-3.0493877095e-19	
1208	-3.0508979896e-19	
1209	-3.0493896786e-19	
1210	-3.0508967503e-19	
1211	-3.0493916806e-19	
1212	-3.0508955400e-19	
1213	-3.0493937134e-19	
1214	-3.0508943569e-19	
1215	-3.0493957753e-19	
1216	-3.0508931987e-19	
1217	-3.0493978641e-19	
1218	-3.0508920634e-19	
1219	-3.0493999779e-19	
1220	-3.0508909496e-19	
1221	-3.0494021148e-19	
1222	-3.0508898553e-19	
1223	-3.0494042730e-19	
1224	-3.0508887786e-19	
1225	-3.0494064506e-19	
1226	-3.0508877176e-19	
1227	-3.0494086459e-19	
1228	-3.0508866709e-19	
1229	-3.0494108570e-19	
1230	-3.0508856367e-19	
1231	-3.0494130823e-19	
1232	-3.0508846134e-19	
1233	-3.0494153201e-19	
1234	-3.0508835992e-19	
1235	-3.0494175690e-19	
1236	-3.0508825929e-19	
1237	-3.0494198269e-19	
1238	-3.0508815927e-19	
1239	-3.0494220925e-19	
1240	-3.0508805971e-19	
1241	-3.0494243644e-19	
1242	-3.0508796048e-19	
1243	-3.0494266411e-19	
1244	-3.0508786142e-19	
1245	-3.0494289211e-19	
1246	-3.0508776245e-19	
1247	-3.0494312032e-19	
1248	-3.0508766338e-19	
1249	-3.0494334860e-19	
1250	-3.0508756413e-19	
1251	-3.0494357679e-19	
1252	-3.0508746454e-19	
1253	-3.0494380482e-19	
1254	-3.0508736453e-19	
1255	-3.0494403252e-19	
1256	-3.0508726394e-19	
1257	-3.0494425980e-19	
1258	-3.0508716269e-19	
1259	-3.0494448653e-19	
1260	-3.0508706067e-19	
1261	-3.0494471263e-19	
1262	-3.0508695780e-19	
1263	-3.0494493798e-19	
1264	-3.0508685397e-19	
1265	-3.0494516249e-19	
1266	-3.0508674905e-19	
1267	-3.0494538607e-19	
1268	-3.0508664302e-19	
1269	-3.0494560862e-19	
1270	-3.0508653577e-19	
1271	-3.0494583006e-19	
1272	-3.0508642722e-19	
1273	-3.0494605031e-19	
1274	-3.0508631729e-19	
1275	-3.0494626931e-19	
1276	-3.0508620594e-19	
1277	-3.0494648696e-19	
1278	-3.0508609307e-19	
1279	-3.0494670323e-19	
1280	-3.0508597866e-19	
1281	-3.0494691802e-19	
1282	-3.0508586262e-19	
1283	-3.0494713132e-19	
1284	-3.0508574493e-19	
1285	-3.0494734303e-19	
1286	-3.0508562550e-19	
1287	-3.0494755313e-19	
1288	-3.0508550434e-19	
1289	-3.0494776156e-19	
1290	-3.0508538140e-19	
1291	-3.0494796830e-19	
1292	-3.0508525661e-19	
1293	-3.0494817329e-19	
1294	-3.0508512998e-19	
1295	-3.0494837654e-19	
1296	-3.0508500149e-19	
1297	-3.0494857798e-19	
1298	-3.0508487110e-19	
1299	-3.0494877762e-19	
1300	-3.0508473881e-19	
1301	-3.0494897544e-19	
1302	-3.0508460461e-19	
1303	-3.0494917141e-19	
1304	-3.0508446847e-19	
1305	-3.0494936553e-19	
1306	-3.0508433042e-19	
1307	-3.0494955781e-19	
1308	-3.0508419045e-19	
1309	-3.0494974823e-19	
1310	-3.0508404856e-19	
1311	-3.0494993679e-19	
1312	-3.0508390473e-19	
1313	-3.0495012352e-19	
1314	-3.0508375903e-19	
1315	-3.0495030843e-19	
1316	-3.0508361147e-19	
1317	-3.0495049151e-19	
1318	-3.0508346204e-19	
1319	-3.0495067279e-19	
1320	-3.0508331077e-19	
1321	-3.0495085230e-19	
1322	-3.0508315770e-19	
1323	-3.0495103005e-19	
1324	-3.0508300286e-19	
1325	-3.0495120609e-19	
1326	-3.0508284626e-19	
1327	-3.0495138044e-19	
1328	-3.0508268796e-19	
1329	-3.0495155312e-19	
1330	-3.0508252801e-19	
1331	-3.0495172418e-19	
1332	-3.0508236642e-19	
1333	-3.0495189366e-19	
1334	-3.0508220326e-19	
1335	-3.0495206161e-19	
1336	-3.0508203858e-19	
1337	-3.0495222806e-19	
1338	-3.0508187239e-19	
1339	-3.0495239306e-19	
1340	-3.0508170479e-19	
1341	-3.0495255667e-19	
1342	-3.0508153582e-19	
1343	-3.0495271893e-19	
1344	-3.0508136552e-19	
1345	-3.0495287989e-19	
1346	-3.0508119393e-19	
1347	-3.0495303962e-19	
1348	-3.0508102116e-19	
1349	-3.0495319814e-19	
1350	-3.0508084723e-19	
1351	-3.0495335555e-19	
1352	-3.0508067222e-19	
1353	-3.0495351186e-19	
1354	-3.0508049617e-19	
1355	-3.0495366717e-19	
1356	-3.0508031914e-19	
1357	-3.0495382151e-19	
1358	-3.0508014122e-19	
1359	-3.0495397494e-19	
1360	-3.0507996245e-19	
1361	-3.0495412753e-19	
1362	-3.0507978290e-19	
1363	-3.0495427934e-19	
1364	-3.0507960262e-19	
1365	-3.0495443041e-19	
1366	-3.0507942169e-19	
1367	-3.0495458082e-19	
1368	-3.0507924015e-19	
1369	-3.0495473063e-19	
1370	-3.0507905809e-19	
1371	-3.0495487987e-19	
1372	-3.0507887554e-19	
1373	-3.0495502863e-19	
1374	-3.0507869259e-19	
1375	-3.0495517694e-19	
1376	-3.0507850925e-19	
1377	-3.0495532487e-19	
1378	-3.0507832565e-19	
1379	-3.0495547247e-19	
1380	-3.0507814179e-19	
1381	-3.0495561978e-19	
1382	-3.0507795775e-19	
1383	-3.0495576688e-19	
1384	-3.0507777358e-19	
1385	-3.0495591379e-19	
1386	-3.0507758932e-19	
1387	-3.0495606058e-19	
1388	-3.0507740505e-19	
