# Time           	e423_0           
1	( -2.0906675987e+01 1.5928109724e+01 -1.7052261850e+01 )	
2	( -1.4722122769e+00 8.2107238073e-01 -9.6755470690e-01 )	
3	( -8.3666046262e-01 3.7336476753e-01 -1.7870758041e-01 )	
4	( -6.7791974850e-01 3.1712469739e-01 -6.9464114183e-02 )	
5	( -5.6685011703e-01 2.7510184689e-01 -5.5568168648e-02 )	
6	( -5.4906315482e-01 2.6140500135e-01 -7.0192578786e-02 )	
7	( -5.9504747322e-01 2.6511063342e-01 -7.7639986165e-02 )	
8	( -5.8391885465e-01 2.5944806638e-01 -8.6735708179e-02 )	
9	( -5.7967754804e-01 2.5679151810e-01 -9.0160106469e-02 )	
10	( -5.8468064727e-01 2.5513553828e-01 -9.2828963572e-02 )	
11	( -5.8214636917e-01 2.5358431858e-01 -9.6364258458e-02 )	
12	( -5.8107890987e-01 2.5293574834e-01 -9.7815958069e-02 )	
13	( -5.8363875891e-01 2.5344210883e-01 -9.9154243508e-02 )	
14	( -5.8549272073e-01 2.5385266778e-01 -1.0009058184e-01 )	
15	( -5.8785294562e-01 2.5458877800e-01 -1.0130123401e-01 )	
16	( -5.9354334797e-01 2.5601268752e-01 -1.0201287035e-01 )	
17	( -5.9938151212e-01 2.5759465440e-01 -1.0257727298e-01 )	
18	( -6.0533544299e-01 2.5951847671e-01 -1.0294090166e-01 )	
19	( -6.1413446504e-01 2.6202180257e-01 -1.0344039037e-01 )	
20	( -6.2279803473e-01 2.6470630271e-01 -1.0400876795e-01 )	
21	( -6.3181481355e-01 2.6753596005e-01 -1.0459121164e-01 )	
22	( -6.3946969867e-01 2.7006435712e-01 -1.0533422855e-01 )	
23	( -6.4786610813e-01 2.7295033555e-01 -1.0605972015e-01 )	
24	( -6.5699873689e-01 2.7576079578e-01 -1.0640607169e-01 )	
25	( -6.6475001502e-01 2.7836219544e-01 -1.0704243170e-01 )	
26	( -6.7252711103e-01 2.8082389297e-01 -1.0755117436e-01 )	
27	( -6.8119549631e-01 2.8341047527e-01 -1.0786385029e-01 )	
28	( -6.8869683605e-01 2.8578152529e-01 -1.0807708343e-01 )	
29	( -6.9538534783e-01 2.8752067788e-01 -1.0811271692e-01 )	
30	( -7.0151818191e-01 2.8902001474e-01 -1.0796204984e-01 )	
31	( -7.0660979729e-01 2.9024592096e-01 -1.0787633801e-01 )	
32	( -7.1226389491e-01 2.9142628216e-01 -1.0759757257e-01 )	
33	( -7.1658392361e-01 2.9233325172e-01 -1.0732693096e-01 )	
34	( -7.2083278645e-01 2.9303743224e-01 -1.0691210465e-01 )	
35	( -7.2495446879e-01 2.9359932542e-01 -1.0649420941e-01 )	
36	( -7.2823359612e-01 2.9410774853e-01 -1.0597982954e-01 )	
37	( -7.3233347011e-01 2.9463530518e-01 -1.0544595769e-01 )	
38	( -7.3532366308e-01 2.9485790968e-01 -1.0492887307e-01 )	
39	( -7.3859636879e-01 2.9523234600e-01 -1.0434409050e-01 )	
40	( -7.4198553363e-01 2.9549608304e-01 -1.0371537766e-01 )	
41	( -7.4520569466e-01 2.9580964982e-01 -1.0313548944e-01 )	
42	( -7.4809790295e-01 2.9605778228e-01 -1.0250234118e-01 )	
43	( -7.5118973012e-01 2.9622648865e-01 -1.0192615396e-01 )	
44	( -7.5427164084e-01 2.9656588902e-01 -1.0129884786e-01 )	
45	( -7.5757352776e-01 2.9692882021e-01 -1.0070645518e-01 )	
46	( -7.6097628953e-01 2.9723607065e-01 -1.0009184719e-01 )	
47	( -7.6383146435e-01 2.9755143052e-01 -9.9553817196e-02 )	
48	( -7.6702608643e-01 2.9786886109e-01 -9.8943096203e-02 )	
49	( -7.7052716174e-01 2.9830689176e-01 -9.8358863343e-02 )	
50	( -7.7346651913e-01 2.9867170308e-01 -9.7805987851e-02 )	
51	( -7.7677436469e-01 2.9901767809e-01 -9.7251508949e-02 )	
52	( -7.7997624174e-01 2.9946710299e-01 -9.6679951036e-02 )	
53	( -7.8320982915e-01 2.9988988115e-01 -9.6143341212e-02 )	
54	( -7.8683125392e-01 3.0040581779e-01 -9.5549090851e-02 )	
55	( -7.8983040975e-01 3.0080212044e-01 -9.5062953819e-02 )	
56	( -7.9314134540e-01 3.0127073329e-01 -9.4533930382e-02 )	
57	( -7.9656556805e-01 3.0178058974e-01 -9.4038745116e-02 )	
58	( -7.9939476808e-01 3.0207844610e-01 -9.3547454117e-02 )	
59	( -8.0267769980e-01 3.0251974129e-01 -9.3076969735e-02 )	
60	( -8.0624428542e-01 3.0313665655e-01 -9.2638771585e-02 )	
61	( -8.0963973505e-01 3.0362023338e-01 -9.2268401076e-02 )	
62	( -8.1300315123e-01 3.0415453209e-01 -9.1850120203e-02 )	
63	( -8.1628052639e-01 3.0468300003e-01 -9.1517242601e-02 )	
64	( -8.1952159373e-01 3.0510781807e-01 -9.1125815001e-02 )	
65	( -8.2288959649e-01 3.0566234031e-01 -9.0757583441e-02 )	
66	( -8.2615106759e-01 3.0615952886e-01 -9.0370901842e-02 )	
67	( -8.2919662406e-01 3.0660528777e-01 -9.0046004782e-02 )	
68	( -8.3218393513e-01 3.0704656328e-01 -8.9674481164e-02 )	
69	( -8.3541407708e-01 3.0756989835e-01 -8.9321475307e-02 )	
70	( -8.3853486725e-01 3.0803268486e-01 -8.8939848048e-02 )	
71	( -8.4217840954e-01 3.0881267486e-01 -8.8794325348e-02 )	
72	( -8.4535699206e-01 3.0931332951e-01 -8.8397280312e-02 )	
73	( -8.4907947221e-01 3.1010518310e-01 -8.8233677238e-02 )	
74	( -8.5196750555e-01 3.1039671115e-01 -8.7744474662e-02 )	
75	( -8.5548100018e-01 3.1117081724e-01 -8.7655396346e-02 )	
76	( -8.5830894191e-01 3.1141407619e-01 -8.7136527917e-02 )	
77	( -8.6197623215e-01 3.1223751467e-01 -8.7068394705e-02 )	
78	( -8.6470630646e-01 3.1248372117e-01 -8.6552125784e-02 )	
79	( -8.6854067872e-01 3.1334825724e-01 -8.6440732322e-02 )	
80	( -8.7134697722e-01 3.1363681900e-01 -8.5969032022e-02 )	
81	( -8.7478834442e-01 3.1435562440e-01 -8.5820246613e-02 )	
82	( -8.7781876207e-01 3.1477000317e-01 -8.5392206898e-02 )	
83	( -8.8119747767e-01 3.1540872506e-01 -8.5170517376e-02 )	
84	( -8.8411242583e-01 3.1580660125e-01 -8.4791238577e-02 )	
85	( -8.8737330124e-01 3.1641616921e-01 -8.4500411654e-02 )	
86	( -8.9037030545e-01 3.1686149601e-01 -8.4044042455e-02 )	
87	( -8.9343657251e-01 3.1743295494e-01 -8.3705306525e-02 )	
88	( -8.9635892151e-01 3.1793170142e-01 -8.3287884772e-02 )	
89	( -8.9918614674e-01 3.1840359157e-01 -8.2910801359e-02 )	
90	( -9.0198478845e-01 3.1887375061e-01 -8.2490459404e-02 )	
91	( -9.0479283967e-01 3.1937482789e-01 -8.2096280137e-02 )	
92	( -9.0751467409e-01 3.1984315917e-01 -8.1661004900e-02 )	
93	( -9.1027675612e-01 3.2032660087e-01 -8.1252859785e-02 )	
94	( -9.1289526761e-01 3.2077109844e-01 -8.0798548814e-02 )	
95	( -9.1556240003e-01 3.2123907849e-01 -8.0357402647e-02 )	
96	( -9.1813846836e-01 3.2167350703e-01 -7.9908348552e-02 )	
97	( -9.2058798358e-01 3.2206990394e-01 -7.9483873375e-02 )	
98	( -9.2317807388e-01 3.2253246586e-01 -7.9055609300e-02 )	
99	( -9.2568195894e-01 3.2297604501e-01 -7.8659428617e-02 )	
100	( -9.2822883736e-01 3.2346046990e-01 -7.8271217724e-02 )	
101	( -9.3074147665e-01 3.2394650533e-01 -7.7908075149e-02 )	
102	( -9.3321973397e-01 3.2442555546e-01 -7.7555379396e-02 )	
103	( -9.3568158796e-01 3.2490287214e-01 -7.7213081151e-02 )	
104	( -9.3797473447e-01 3.2532113731e-01 -7.6859904007e-02 )	
105	( -9.4025807167e-01 3.2572551851e-01 -7.6511083638e-02 )	
106	( -9.4247921871e-01 3.2610523649e-01 -7.6136126867e-02 )	
107	( -9.4469060120e-01 3.2648174104e-01 -7.5779803095e-02 )	
108	( -9.4688845174e-01 3.2685912316e-01 -7.5406685694e-02 )	
109	( -9.4907410655e-01 3.2724735399e-01 -7.5057756574e-02 )	
110	( -9.5126601537e-01 3.2764340800e-01 -7.4703317911e-02 )	
111	( -9.5346927154e-01 3.2805211190e-01 -7.4365973715e-02 )	
112	( -9.5568409493e-01 3.2846734761e-01 -7.4027041426e-02 )	
113	( -9.5784376292e-01 3.2885999896e-01 -7.3697941860e-02 )	
114	( -9.5997655496e-01 3.2923999596e-01 -7.3354223786e-02 )	
115	( -9.6211662917e-01 3.2962868112e-01 -7.3021896883e-02 )	
116	( -9.6420686785e-01 3.3000108914e-01 -7.2676207271e-02 )	
117	( -9.6624570059e-01 3.3034928908e-01 -7.2325373987e-02 )	
118	( -9.6820696470e-01 3.3067565582e-01 -7.1973617160e-02 )	
119	( -9.7019578272e-01 3.3101446293e-01 -7.1636015436e-02 )	
120	( -9.7215062171e-01 3.3134794190e-01 -7.1286275030e-02 )	
121	( -9.7404268061e-01 3.3164839040e-01 -7.0917220611e-02 )	
122	( -9.7588254196e-01 3.3191457610e-01 -7.0492538505e-02 )	
123	( -9.7768795724e-01 3.3216159315e-01 -7.0069437534e-02 )	
124	( -9.7953421663e-01 3.3243540163e-01 -6.9645708106e-02 )	
125	( -9.8132512093e-01 3.3267901408e-01 -6.9222131594e-02 )	
126	( -9.8311356055e-01 3.3292365380e-01 -6.8793485620e-02 )	
127	( -9.8486748752e-01 3.3316263660e-01 -6.8383822361e-02 )	
128	( -9.8660658129e-01 3.3339327276e-01 -6.7964093056e-02 )	
129	( -9.8827666642e-01 3.3358257259e-01 -6.7537096746e-02 )	
130	( -9.8990660980e-01 3.3376267300e-01 -6.7104190626e-02 )	
131	( -9.9152974134e-01 3.3394183400e-01 -6.6693304141e-02 )	
132	( -9.9314786538e-01 3.3413337854e-01 -6.6288233725e-02 )	
133	( -9.9475951485e-01 3.3432439041e-01 -6.5900788142e-02 )	
134	( -9.9634032496e-01 3.3451453522e-01 -6.5516742821e-02 )	
135	( -9.9788947820e-01 3.3469363714e-01 -6.5138472825e-02 )	
136	( -9.9939530521e-01 3.3485134704e-01 -6.4742317357e-02 )	
137	( -1.0008704995e+00 3.3499691804e-01 -6.4353078551e-02 )	
138	( -1.0022870299e+00 3.3512414588e-01 -6.3952119939e-02 )	
139	( -1.0037036879e+00 3.3525197328e-01 -6.3561258165e-02 )	
140	( -1.0050679897e+00 3.3536372981e-01 -6.3150445139e-02 )	
141	( -1.0064565584e+00 3.3548950552e-01 -6.2744528892e-02 )	
142	( -1.0077132565e+00 3.3555507026e-01 -6.2303000358e-02 )	
143	( -1.0089983425e+00 3.3564184462e-01 -6.1888660912e-02 )	
144	( -1.0103336986e+00 3.3575830892e-01 -6.1493218060e-02 )	
145	( -1.0117514542e+00 3.3592245549e-01 -6.1137748339e-02 )	
146	( -1.0132110222e+00 3.3612194939e-01 -6.0790491357e-02 )	
147	( -1.0144896583e+00 3.3621906833e-01 -6.0395984718e-02 )	
148	( -1.0157434190e+00 3.3631315290e-01 -5.9994665448e-02 )	
149	( -1.0170269737e+00 3.3643299474e-01 -5.9616312328e-02 )	
150	( -1.0184730167e+00 3.3665309210e-01 -5.9279019660e-02 )	
151	( -1.0199383446e+00 3.3688270548e-01 -5.8951088436e-02 )	
152	( -1.0213637622e+00 3.3709934977e-01 -5.8615699890e-02 )	
153	( -1.0225281200e+00 3.3715144660e-01 -5.8193367238e-02 )	
154	( -1.0237389421e+00 3.3723536443e-01 -5.7787618029e-02 )	
155	( -1.0249295672e+00 3.3731828670e-01 -5.7396427759e-02 )	
156	( -1.0261394067e+00 3.3741690612e-01 -5.7008157993e-02 )	
157	( -1.0273574707e+00 3.3752414446e-01 -5.6634714857e-02 )	
158	( -1.0285906389e+00 3.3764449040e-01 -5.6262497669e-02 )	
159	( -1.0297807943e+00 3.3774422972e-01 -5.5892400658e-02 )	
160	( -1.0309592116e+00 3.3783953692e-01 -5.5521427790e-02 )	
161	( -1.0321135207e+00 3.3792313388e-01 -5.5156516731e-02 )	
162	( -1.0332270782e+00 3.3798827037e-01 -5.4777587187e-02 )	
163	( -1.0343082668e+00 3.3803820961e-01 -5.4401467756e-02 )	
164	( -1.0354046569e+00 3.3810389379e-01 -5.4030528503e-02 )	
165	( -1.0365188300e+00 3.3818194152e-01 -5.3679204045e-02 )	
166	( -1.0376380347e+00 3.3826575176e-01 -5.3327405602e-02 )	
167	( -1.0386643075e+00 3.3830587920e-01 -5.2969523117e-02 )	
168	( -1.0396969479e+00 3.3835406703e-01 -5.2612110577e-02 )	
169	( -1.0407303193e+00 3.3840700346e-01 -5.2274535072e-02 )	
170	( -1.0417859545e+00 3.3847621185e-01 -5.1941339915e-02 )	
171	( -1.0428620697e+00 3.3856607455e-01 -5.1629717480e-02 )	
172	( -1.0439872348e+00 3.3868867059e-01 -5.1330269883e-02 )	
173	( -1.0451205996e+00 3.3881725542e-01 -5.1039155616e-02 )	
174	( -1.0462789892e+00 3.3896460257e-01 -5.0751656062e-02 )	
175	( -1.0474153995e+00 3.3910601610e-01 -5.0470594759e-02 )	
176	( -1.0485927704e+00 3.3928033823e-01 -5.0205838174e-02 )	
177	( -1.0497967923e+00 3.3947452227e-01 -4.9965637417e-02 )	
178	( -1.0510190079e+00 3.3968242027e-01 -4.9724693809e-02 )	
179	( -1.0522417916e+00 3.3989788084e-01 -4.9499059245e-02 )	
180	( -1.0534819125e+00 3.4012940578e-01 -4.9276613537e-02 )	
181	( -1.0547331407e+00 3.4037346115e-01 -4.9070051681e-02 )	
182	( -1.0560112670e+00 3.4063431967e-01 -4.8867024464e-02 )	
183	( -1.0573025965e+00 3.4090929522e-01 -4.8682224433e-02 )	
184	( -1.0586055859e+00 3.4119652131e-01 -4.8497428362e-02 )	
185	( -1.0599071299e+00 3.4148825782e-01 -4.8326529766e-02 )	
186	( -1.0612174148e+00 3.4178914822e-01 -4.8158399716e-02 )	
187	( -1.0625349787e+00 3.4209690188e-01 -4.8003427085e-02 )	
188	( -1.0638576851e+00 3.4241070948e-01 -4.7845890268e-02 )	
189	( -1.0651974287e+00 3.4273745657e-01 -4.7704528795e-02 )	
190	( -1.0665203729e+00 3.4305706940e-01 -4.7552695279e-02 )	
191	( -1.0678054491e+00 3.4335803800e-01 -4.7399467214e-02 )	
192	( -1.0691606564e+00 3.4370441033e-01 -4.7267558921e-02 )	
193	( -1.0704971860e+00 3.4404144878e-01 -4.7138023783e-02 )	
194	( -1.0718107440e+00 3.4436659061e-01 -4.6998050876e-02 )	
195	( -1.0731039300e+00 3.4468069398e-01 -4.6862725118e-02 )	
196	( -1.0743801103e+00 3.4498728479e-01 -4.6716413503e-02 )	
197	( -1.0756387055e+00 3.4528658202e-01 -4.6574605331e-02 )	
198	( -1.0768987820e+00 3.4558918397e-01 -4.6429107235e-02 )	
199	( -1.0781280509e+00 3.4587640416e-01 -4.6282387224e-02 )	
200	( -1.0793633049e+00 3.4616913984e-01 -4.6133212732e-02 )	
201	( -1.0806103369e+00 3.4647034509e-01 -4.5999998869e-02 )	
202	( -1.0818582996e+00 3.4677404984e-01 -4.5862493101e-02 )	
203	( -1.0831168267e+00 3.4708712820e-01 -4.5739376673e-02 )	
204	( -1.0843883274e+00 3.4741049438e-01 -4.5616759897e-02 )	
205	( -1.0856624576e+00 3.4773842732e-01 -4.5505233239e-02 )	
206	( -1.0869458564e+00 3.4807454340e-01 -4.5392351196e-02 )	
207	( -1.0882271085e+00 3.4841358348e-01 -4.5290002930e-02 )	
208	( -1.0895190804e+00 3.4876129686e-01 -4.5187766968e-02 )	
209	( -1.0908162641e+00 3.4911471090e-01 -4.5096048802e-02 )	
210	( -1.0921271985e+00 3.4947858430e-01 -4.5004018700e-02 )	
211	( -1.0934441719e+00 3.4984777268e-01 -4.4922773940e-02 )	
212	( -1.0947728355e+00 3.5022673655e-01 -4.4841717474e-02 )	
213	( -1.0961233133e+00 3.5062162156e-01 -4.4778331358e-02 )	
214	( -1.0974950215e+00 3.5103081684e-01 -4.4718585397e-02 )	
215	( -1.0988748193e+00 3.5144726684e-01 -4.4668830859e-02 )	
216	( -1.1002468132e+00 3.5186231617e-01 -4.4614084626e-02 )	
217	( -1.1016026069e+00 3.5226837018e-01 -4.4564356092e-02 )	
218	( -1.1029827825e+00 3.5268930288e-01 -4.4517397599e-02 )	
219	( -1.1043853354e+00 3.5312746632e-01 -4.4489564736e-02 )	
220	( -1.1057927285e+00 3.5357158267e-01 -4.4460503216e-02 )	
221	( -1.1072126076e+00 3.5402664484e-01 -4.4446578024e-02 )	
222	( -1.1086399145e+00 3.5448839269e-01 -4.4430035888e-02 )	
223	( -1.1100955114e+00 3.5496831444e-01 -4.4437215560e-02 )	
224	( -1.1116026735e+00 3.5547902964e-01 -4.4456899085e-02 )	
225	( -1.1131236634e+00 3.5599858182e-01 -4.4485771740e-02 )	
226	( -1.1146513394e+00 3.5652253964e-01 -4.4508990992e-02 )	
227	( -1.1161284726e+00 3.5701650578e-01 -4.4520473465e-02 )	
228	( -1.1175923097e+00 3.5750161984e-01 -4.4524403434e-02 )	
229	( -1.1190496397e+00 3.5798419360e-01 -4.4533184029e-02 )	
230	( -1.1205050596e+00 3.5846418559e-01 -4.4532015015e-02 )	
231	( -1.1218742784e+00 3.5889656473e-01 -4.4513045524e-02 )	
232	( -1.1231747228e+00 3.5929073873e-01 -4.4467950615e-02 )	
233	( -1.1244264692e+00 3.5965623792e-01 -4.4416015400e-02 )	
234	( -1.1256800995e+00 3.6002689000e-01 -4.4366766787e-02 )	
235	( -1.1269113123e+00 3.6039071436e-01 -4.4323162783e-02 )	
236	( -1.1280393318e+00 3.6069930921e-01 -4.4244939126e-02 )	
237	( -1.1290677306e+00 3.6095872815e-01 -4.4151498771e-02 )	
238	( -1.1301945184e+00 3.6128131655e-01 -4.4092315073e-02 )	
239	( -1.1313973791e+00 3.6164890174e-01 -4.4064288473e-02 )	
240	( -1.1326233031e+00 3.6202885306e-01 -4.4038852616e-02 )	
241	( -1.1338348078e+00 3.6240316423e-01 -4.4019182119e-02 )	
242	( -1.1349985965e+00 3.6275465470e-01 -4.3985549266e-02 )	
243	( -1.1361415769e+00 3.6309528567e-01 -4.3952465157e-02 )	
244	( -1.1372668994e+00 3.6342659488e-01 -4.3907203919e-02 )	
245	( -1.1383695119e+00 3.6374568292e-01 -4.3864257653e-02 )	
246	( -1.1394771226e+00 3.6406862279e-01 -4.3818339873e-02 )	
247	( -1.1405748926e+00 3.6438604016e-01 -4.3779728068e-02 )	
248	( -1.1416539885e+00 3.6469473426e-01 -4.3731063748e-02 )	
249	( -1.1427105867e+00 3.6499178696e-01 -4.3682902852e-02 )	
250	( -1.1437594824e+00 3.6528523027e-01 -4.3627845597e-02 )	
251	( -1.1447692273e+00 3.6555725073e-01 -4.3568552355e-02 )	
252	( -1.1457432523e+00 3.6581113541e-01 -4.3496186185e-02 )	
253	( -1.1466764067e+00 3.6604438252e-01 -4.3421162166e-02 )	
254	( -1.1475960086e+00 3.6627038954e-01 -4.3335200774e-02 )	
255	( -1.1485003792e+00 3.6648913461e-01 -4.3252025364e-02 )	
256	( -1.1493877837e+00 3.6670036677e-01 -4.3160548157e-02 )	
257	( -1.1502513673e+00 3.6690050460e-01 -4.3070799070e-02 )	
258	( -1.1511100254e+00 3.6710002226e-01 -4.2976461611e-02 )	
259	( -1.1519413647e+00 3.6728669907e-01 -4.2882135985e-02 )	
260	( -1.1527434338e+00 3.6745938912e-01 -4.2776010053e-02 )	
261	( -1.1535240662e+00 3.6762273884e-01 -4.2675477224e-02 )	
262	( -1.1542946225e+00 3.6778199873e-01 -4.2554697612e-02 )	
263	( -1.1550318816e+00 3.6792886940e-01 -4.2442600254e-02 )	
264	( -1.1557467861e+00 3.6806761237e-01 -4.2323376659e-02 )	
265	( -1.1564521335e+00 3.6820433382e-01 -4.2209499275e-02 )	
266	( -1.1571532510e+00 3.6834148910e-01 -4.2091076596e-02 )	
267	( -1.1578374270e+00 3.6847184962e-01 -4.1976197031e-02 )	
268	( -1.1584956421e+00 3.6859097245e-01 -4.1851622731e-02 )	
269	( -1.1591406172e+00 3.6870625292e-01 -4.1732797608e-02 )	
270	( -1.1597896965e+00 3.6882613254e-01 -4.1612539319e-02 )	
271	( -1.1604271301e+00 3.6894308056e-01 -4.1497278148e-02 )	
272	( -1.1610558436e+00 3.6905902226e-01 -4.1378895993e-02 )	
273	( -1.1616807705e+00 3.6917592397e-01 -4.1268434652e-02 )	
274	( -1.1622969548e+00 3.6929123144e-01 -4.1153728823e-02 )	
275	( -1.1629053026e+00 3.6940594163e-01 -4.1046855096e-02 )	
276	( -1.1635205016e+00 3.6952649271e-01 -4.0937942704e-02 )	
277	( -1.1641254908e+00 3.6964295065e-01 -4.0833246097e-02 )	
278	( -1.1647272330e+00 3.6976310204e-01 -4.0729294940e-02 )	
279	( -1.1653197528e+00 3.6988177611e-01 -4.0632923125e-02 )	
280	( -1.1658996412e+00 3.6999858733e-01 -4.0534518107e-02 )	
281	( -1.1664739697e+00 3.7011610139e-01 -4.0442853834e-02 )	
282	( -1.1670524351e+00 3.7023899336e-01 -4.0350010328e-02 )	
283	( -1.1676343146e+00 3.7036745569e-01 -4.0267931458e-02 )	
284	( -1.1682005485e+00 3.7049126833e-01 -4.0180961870e-02 )	
285	( -1.1687566188e+00 3.7061332667e-01 -4.0101012800e-02 )	
286	( -1.1692952013e+00 3.7072957159e-01 -4.0015328126e-02 )	
287	( -1.1698231751e+00 3.7084413306e-01 -3.9936332675e-02 )	
288	( -1.1703473592e+00 3.7096069723e-01 -3.9853579023e-02 )	
289	( -1.1708588640e+00 3.7107542104e-01 -3.9778824506e-02 )	
290	( -1.1713591429e+00 3.7118805416e-01 -3.9700925239e-02 )	
291	( -1.1718405718e+00 3.7129471050e-01 -3.9628423356e-02 )	
292	( -1.1723112557e+00 3.7140006707e-01 -3.9553273237e-02 )	
293	( -1.1727613808e+00 3.7149686083e-01 -3.9480781298e-02 )	
294	( -1.1732009358e+00 3.7159186926e-01 -3.9405069611e-02 )	
295	( -1.1736314581e+00 3.7168684508e-01 -3.9338109316e-02 )	
296	( -1.1740554098e+00 3.7178213037e-01 -3.9269094885e-02 )	
297	( -1.1744796427e+00 3.7188145622e-01 -3.9210578209e-02 )	
298	( -1.1748757835e+00 3.7196869293e-01 -3.9143252763e-02 )	
299	( -1.1752607313e+00 3.7205381379e-01 -3.9083244132e-02 )	
300	( -1.1756100807e+00 3.7212124768e-01 -3.9010236594e-02 )	
301	( -1.1758995826e+00 3.7215726890e-01 -3.8926946566e-02 )	
302	( -1.1761573383e+00 3.7217876761e-01 -3.8833439236e-02 )	
303	( -1.1763639717e+00 3.7217564672e-01 -3.8735253179e-02 )	
304	( -1.1765487694e+00 3.7216486737e-01 -3.8632322293e-02 )	
305	( -1.1768252392e+00 3.7221438569e-01 -3.8575900051e-02 )	
306	( -1.1771527949e+00 3.7229638133e-01 -3.8536573116e-02 )	
307	( -1.1774784000e+00 3.7237945943e-01 -3.8505176180e-02 )	
308	( -1.1777742218e+00 3.7244819493e-01 -3.8463263118e-02 )	
309	( -1.1780139927e+00 3.7248401880e-01 -3.8409464743e-02 )	
310	( -1.1782005100e+00 3.7249584442e-01 -3.8341451563e-02 )	
311	( -1.1783357994e+00 3.7248301580e-01 -3.8267654139e-02 )	
312	( -1.1784299622e+00 3.7245019948e-01 -3.8180607606e-02 )	
313	( -1.1785564587e+00 3.7243812073e-01 -3.8112381015e-02 )	
314	( -1.1786300070e+00 3.7239830388e-01 -3.8025866970e-02 )	
315	( -1.1786237197e+00 3.7231682077e-01 -3.7924018533e-02 )	
316	( -1.1785972611e+00 3.7222784841e-01 -3.7816711207e-02 )	
317	( -1.1786406128e+00 3.7218218931e-01 -3.7741725246e-02 )	
318	( -1.1787232365e+00 3.7216050763e-01 -3.7677163750e-02 )	
319	( -1.1788214833e+00 3.7215432736e-01 -3.7631904706e-02 )	
320	( -1.1789070441e+00 3.7214779323e-01 -3.7587960909e-02 )	
321	( -1.1789145241e+00 3.7209947614e-01 -3.7528469210e-02 )	
322	( -1.1789234525e+00 3.7205466277e-01 -3.7469074843e-02 )	
323	( -1.1789346942e+00 3.7201635147e-01 -3.7421806091e-02 )	
324	( -1.1788814192e+00 3.7194226183e-01 -3.7350442628e-02 )	
325	( -1.1787751127e+00 3.7183909287e-01 -3.7268168720e-02 )	
326	( -1.1786161941e+00 3.7170903780e-01 -3.7169779988e-02 )	
327	( -1.1784015929e+00 3.7154904451e-01 -3.7060413590e-02 )	
328	( -1.1782794508e+00 3.7145221878e-01 -3.6990248772e-02 )	
329	( -1.1781743660e+00 3.7136745096e-01 -3.6933042543e-02 )	
330	( -1.1781184362e+00 3.7131057671e-01 -3.6887719021e-02 )	
331	( -1.1780504584e+00 3.7124974138e-01 -3.6847789537e-02 )	
332	( -1.1779904322e+00 3.7119551982e-01 -3.6809345916e-02 )	
333	( -1.1779237699e+00 3.7114043638e-01 -3.6777369089e-02 )	
334	( -1.1778552987e+00 3.7108637962e-01 -3.6742681242e-02 )	
335	( -1.1777907437e+00 3.7103663793e-01 -3.6716582914e-02 )	
336	( -1.1777331920e+00 3.7099246442e-01 -3.6690131047e-02 )	
337	( -1.1776813309e+00 3.7095292592e-01 -3.6671980018e-02 )	
338	( -1.1776363496e+00 3.7091815966e-01 -3.6652405700e-02 )	
339	( -1.1775949460e+00 3.7088525119e-01 -3.6638374036e-02 )	
340	( -1.1775587669e+00 3.7085409734e-01 -3.6619840635e-02 )	
341	( -1.1775194961e+00 3.7082118917e-01 -3.6604862437e-02 )	
342	( -1.1774818779e+00 3.7078965004e-01 -3.6586060420e-02 )	
343	( -1.1774448181e+00 3.7075863357e-01 -3.6572117740e-02 )	
344	( -1.1774194069e+00 3.7073537333e-01 -3.6558311135e-02 )	
345	( -1.1774112131e+00 3.7072288309e-01 -3.6555335522e-02 )	
346	( -1.1774228341e+00 3.7072194203e-01 -3.6553839907e-02 )	
347	( -1.1774684521e+00 3.7073959445e-01 -3.6566554185e-02 )	
348	( -1.1775335366e+00 3.7076732721e-01 -3.6579227409e-02 )	
349	( -1.1775921837e+00 3.7079155196e-01 -3.6594144095e-02 )	
350	( -1.1776569766e+00 3.7081663206e-01 -3.6602817710e-02 )	
351	( -1.1777175448e+00 3.7083655254e-01 -3.6611067170e-02 )	
352	( -1.1777954225e+00 3.7086452889e-01 -3.6617888659e-02 )	
353	( -1.1778958551e+00 3.7090380111e-01 -3.6634107380e-02 )	
354	( -1.1780118156e+00 3.7095060869e-01 -3.6648000880e-02 )	
355	( -1.1781499964e+00 3.7100891549e-01 -3.6672370325e-02 )	
356	( -1.1783156233e+00 3.7108039044e-01 -3.6697950183e-02 )	
357	( -1.1784975879e+00 3.7115943631e-01 -3.6731120164e-02 )	
358	( -1.1787021225e+00 3.7124938779e-01 -3.6764582253e-02 )	
359	( -1.1789338609e+00 3.7135206418e-01 -3.6807525918e-02 )	
360	( -1.1791756294e+00 3.7145983761e-01 -3.6848035040e-02 )	
361	( -1.1793603816e+00 3.7153511741e-01 -3.6873709082e-02 )	
362	( -1.1795696402e+00 3.7162142396e-01 -3.6899040477e-02 )	
363	( -1.1798194188e+00 3.7172453135e-01 -3.6934184332e-02 )	
364	( -1.1800209676e+00 3.7180112435e-01 -3.6950102660e-02 )	
365	( -1.1802135552e+00 3.7187107402e-01 -3.6965646490e-02 )	
366	( -1.1805062281e+00 3.7199770701e-01 -3.7009173588e-02 )	
367	( -1.1808073029e+00 3.7212657214e-01 -3.7056934483e-02 )	
368	( -1.1810331235e+00 3.7221145522e-01 -3.7074719234e-02 )	
369	( -1.1812362668e+00 3.7227963813e-01 -3.7084794173e-02 )	
370	( -1.1814575988e+00 3.7235538663e-01 -3.7094591444e-02 )	
371	( -1.1816908106e+00 3.7243985827e-01 -3.7114179657e-02 )	
372	( -1.1819345389e+00 3.7253516632e-01 -3.7137708359e-02 )	
373	( -1.1821905026e+00 3.7263808480e-01 -3.7169638068e-02 )	
374	( -1.1824194992e+00 3.7272122020e-01 -3.7182144458e-02 )	
375	( -1.1826553209e+00 3.7280702119e-01 -3.7199074747e-02 )	
376	( -1.1828984097e+00 3.7289618879e-01 -3.7212719708e-02 )	
377	( -1.1831480188e+00 3.7298878074e-01 -3.7231668637e-02 )	
378	( -1.1834022042e+00 3.7308325299e-01 -3.7246261864e-02 )	
379	( -1.1836845526e+00 3.7319438865e-01 -3.7274057438e-02 )	
380	( -1.1839979234e+00 3.7332281719e-01 -3.7306388087e-02 )	
381	( -1.1843223973e+00 3.7345696443e-01 -3.7345034155e-02 )	
382	( -1.1846579682e+00 3.7359618351e-01 -3.7380887360e-02 )	
383	( -1.1849958327e+00 3.7373598115e-01 -3.7420238712e-02 )	
384	( -1.1853440656e+00 3.7388071288e-01 -3.7456813253e-02 )	
385	( -1.1857165021e+00 3.7403821668e-01 -3.7503407218e-02 )	
386	( -1.1861004827e+00 3.7420041964e-01 -3.7546627572e-02 )	
387	( -1.1864875146e+00 3.7436316720e-01 -3.7593242564e-02 )	
388	( -1.1868757678e+00 3.7452468668e-01 -3.7633133426e-02 )	
389	( -1.1872683427e+00 3.7468669043e-01 -3.7675877941e-02 )	
390	( -1.1876596893e+00 3.7484707736e-01 -3.7712690286e-02 )	
391	( -1.1880466550e+00 3.7500350439e-01 -3.7750245160e-02 )	
392	( -1.1884295949e+00 3.7515577483e-01 -3.7780039655e-02 )	
393	( -1.1888062244e+00 3.7530319770e-01 -3.7810303975e-02 )	
394	( -1.1891865037e+00 3.7545047074e-01 -3.7835028073e-02 )	
395	( -1.1895663092e+00 3.7559580338e-01 -3.7861693350e-02 )	
396	( -1.1899436742e+00 3.7573771310e-01 -3.7881215123e-02 )	
397	( -1.1902990784e+00 3.7586638421e-01 -3.7897026082e-02 )	
398	( -1.1906303466e+00 3.7598035944e-01 -3.7899969228e-02 )	
399	( -1.1909551738e+00 3.7608958562e-01 -3.7903862467e-02 )	
400	( -1.1912753463e+00 3.7619379822e-01 -3.7899265397e-02 )	
401	( -1.1915812487e+00 3.7629035889e-01 -3.7895580080e-02 )	
402	( -1.1918804845e+00 3.7638169957e-01 -3.7883984412e-02 )	
403	( -1.1921701894e+00 3.7646680495e-01 -3.7872523134e-02 )	
404	( -1.1924530734e+00 3.7654701744e-01 -3.7853816905e-02 )	
405	( -1.1927274232e+00 3.7662187565e-01 -3.7836016243e-02 )	
406	( -1.1929953407e+00 3.7669230039e-01 -3.7811394997e-02 )	
407	( -1.1932549118e+00 3.7675776954e-01 -3.7788078334e-02 )	
408	( -1.1935092738e+00 3.7681976291e-01 -3.7758599265e-02 )	
409	( -1.1937566186e+00 3.7687765097e-01 -3.7730807291e-02 )	
410	( -1.1939990819e+00 3.7693239202e-01 -3.7697029396e-02 )	
411	( -1.1942347046e+00 3.7698338059e-01 -3.7665247720e-02 )	
412	( -1.1944660088e+00 3.7703171182e-01 -3.7627822388e-02 )	
413	( -1.1946913043e+00 3.7707683970e-01 -3.7592713451e-02 )	
414	( -1.1949125037e+00 3.7711972472e-01 -3.7552264896e-02 )	
415	( -1.1951282396e+00 3.7715990645e-01 -3.7514376476e-02 )	
416	( -1.1953407718e+00 3.7719836793e-01 -3.7471423782e-02 )	
417	( -1.1955479691e+00 3.7723441130e-01 -3.7431248421e-02 )	
418	( -1.1957524610e+00 3.7726911968e-01 -3.7386290775e-02 )	
419	( -1.1959527283e+00 3.7730208609e-01 -3.7344492376e-02 )	
420	( -1.1961506590e+00 3.7733408271e-01 -3.7298226520e-02 )	
421	( -1.1963445395e+00 3.7736453463e-01 -3.7255287724e-02 )	
422	( -1.1965365932e+00 3.7739431330e-01 -3.7208042043e-02 )	
423	( -1.1967246966e+00 3.7742266914e-01 -3.7164270088e-02 )	
424	( -1.1969111473e+00 3.7745064099e-01 -3.7116627415e-02 )	
425	( -1.1970937269e+00 3.7747743219e-01 -3.7072819565e-02 )	
426	( -1.1972753239e+00 3.7750400858e-01 -3.7024902742e-02 )	
427	( -1.1974537019e+00 3.7752962318e-01 -3.6980638274e-02 )	
428	( -1.1976309638e+00 3.7755518315e-01 -3.6931732076e-02 )	
429	( -1.1978044148e+00 3.7757988092e-01 -3.6886633502e-02 )	
430	( -1.1979762811e+00 3.7760452691e-01 -3.6838292539e-02 )	
431	( -1.1981449776e+00 3.7762823475e-01 -3.6793888376e-02 )	
432	( -1.1983118633e+00 3.7765175097e-01 -3.6746062301e-02 )	
433	( -1.1984748597e+00 3.7767430736e-01 -3.6702366004e-02 )	
434	( -1.1986365615e+00 3.7769659945e-01 -3.6654830801e-02 )	
435	( -1.1987955899e+00 3.7771825864e-01 -3.6611276182e-02 )	
436	( -1.1989539193e+00 3.7773999933e-01 -3.6564252056e-02 )	
437	( -1.1991094309e+00 3.7776103219e-01 -3.6521246408e-02 )	
438	( -1.1992642271e+00 3.7778213053e-01 -3.6474771584e-02 )	
439	( -1.1994162562e+00 3.7780254843e-01 -3.6432335123e-02 )	
440	( -1.1995673746e+00 3.7782293646e-01 -3.6386439429e-02 )	
441	( -1.1997158005e+00 3.7784266898e-01 -3.6344615995e-02 )	
442	( -1.1998634086e+00 3.7786241474e-01 -3.6299425493e-02 )	
443	( -1.2000082596e+00 3.7788148218e-01 -3.6258322799e-02 )	
444	( -1.2001522792e+00 3.7790053490e-01 -3.6213846399e-02 )	
445	( -1.2002935490e+00 3.7791893878e-01 -3.6173514348e-02 )	
446	( -1.2004340976e+00 3.7793738412e-01 -3.6129900144e-02 )	
447	( -1.2005726466e+00 3.7795535617e-01 -3.6090350936e-02 )	
448	( -1.2007097373e+00 3.7797329553e-01 -3.6047808875e-02 )	
449	( -1.2008444484e+00 3.7799067578e-01 -3.6009288130e-02 )	
450	( -1.2009782907e+00 3.7800812331e-01 -3.5967561549e-02 )	
451	( -1.2011099772e+00 3.7802505160e-01 -3.5930057836e-02 )	
452	( -1.2012411332e+00 3.7804209528e-01 -3.5889295202e-02 )	
453	( -1.2013700387e+00 3.7805868692e-01 -3.5852641840e-02 )	
454	( -1.2014984205e+00 3.7807543308e-01 -3.5812795532e-02 )	
455	( -1.2016243268e+00 3.7809163961e-01 -3.5777072665e-02 )	
456	( -1.2017493064e+00 3.7810777405e-01 -3.5738051890e-02 )	
457	( -1.2018720017e+00 3.7812348107e-01 -3.5703226295e-02 )	
458	( -1.2019943547e+00 3.7813945561e-01 -3.5665324419e-02 )	
459	( -1.2021147065e+00 3.7815510280e-01 -3.5631610918e-02 )	
460	( -1.2022346051e+00 3.7817097737e-01 -3.5594849273e-02 )	
461	( -1.2023518695e+00 3.7818642046e-01 -3.5562363445e-02 )	
462	( -1.2024696678e+00 3.7820231351e-01 -3.5526665417e-02 )	
463	( -1.2025855476e+00 3.7821794134e-01 -3.5495093304e-02 )	
464	( -1.2027011143e+00 3.7823389584e-01 -3.5460595761e-02 )	
465	( -1.2028146125e+00 3.7824956279e-01 -3.5430342425e-02 )	
466	( -1.2029279834e+00 3.7826561628e-01 -3.5397119134e-02 )	
467	( -1.2030394517e+00 3.7828144583e-01 -3.5368099767e-02 )	
468	( -1.2031507765e+00 3.7829768271e-01 -3.5336172318e-02 )	
469	( -1.2032604189e+00 3.7831381286e-01 -3.5308495545e-02 )	
470	( -1.2033696584e+00 3.7833019445e-01 -3.5277829421e-02 )	
471	( -1.2034769503e+00 3.7834625443e-01 -3.5251214812e-02 )	
472	( -1.2035837777e+00 3.7836253445e-01 -3.5221607261e-02 )	
473	( -1.2036886608e+00 3.7837853883e-01 -3.5196112339e-02 )	
474	( -1.2037932610e+00 3.7839485242e-01 -3.5167665302e-02 )	
475	( -1.2038959254e+00 3.7841089383e-01 -3.5143316667e-02 )	
476	( -1.2039983355e+00 3.7842723980e-01 -3.5116021574e-02 )	
477	( -1.2040988950e+00 3.7844335634e-01 -3.5092829957e-02 )	
478	( -1.2041993383e+00 3.7845987217e-01 -3.5066801449e-02 )	
479	( -1.2042979697e+00 3.7847615549e-01 -3.5044846335e-02 )	
480	( -1.2043966876e+00 3.7849288749e-01 -3.5019943256e-02 )	
481	( -1.2044934675e+00 3.7850930678e-01 -3.4999098601e-02 )	
482	( -1.2045899125e+00 3.7852602933e-01 -3.4975377931e-02 )	
483	( -1.2046845382e+00 3.7854252690e-01 -3.4955740740e-02 )	
484	( -1.2047790483e+00 3.7855938079e-01 -3.4933218068e-02 )	
485	( -1.2048717655e+00 3.7857599354e-01 -3.4914716033e-02 )	
486	( -1.2049642230e+00 3.7859291523e-01 -3.4893329626e-02 )	
487	( -1.2050551546e+00 3.7860973080e-01 -3.4876012944e-02 )	
488	( -1.2051460450e+00 3.7862697589e-01 -3.4855826904e-02 )	
489	( -1.2052354414e+00 3.7864408067e-01 -3.4839703939e-02 )	
490	( -1.2053247573e+00 3.7866154614e-01 -3.4820713040e-02 )	
491	( -1.2054127585e+00 3.7867897192e-01 -3.4805764225e-02 )	
492	( -1.2054981084e+00 3.7869545045e-01 -3.4787300445e-02 )	
493	( -1.2055810871e+00 3.7871135182e-01 -3.4772586130e-02 )	
494	( -1.2056633351e+00 3.7872726544e-01 -3.4754845314e-02 )	
495	( -1.2057434517e+00 3.7874269114e-01 -3.4740852650e-02 )	
496	( -1.2058229401e+00 3.7875817771e-01 -3.4723884119e-02 )	
497	( -1.2059001529e+00 3.7877311705e-01 -3.4710677711e-02 )	
498	( -1.2059769455e+00 3.7878824977e-01 -3.4694562061e-02 )	
499	( -1.2060516113e+00 3.7880288781e-01 -3.4682181669e-02 )	
500	( -1.2061256662e+00 3.7881760921e-01 -3.4666861492e-02 )	
501	( -1.2061970806e+00 3.7883155252e-01 -3.4655087581e-02 )	
502	( -1.2062679456e+00 3.7884553807e-01 -3.4640349461e-02 )	
503	( -1.2063368824e+00 3.7885915220e-01 -3.4629340804e-02 )	
504	( -1.2064051900e+00 3.7887281957e-01 -3.4615379265e-02 )	
505	( -1.2064715902e+00 3.7888607335e-01 -3.4605128382e-02 )	
506	( -1.2065371733e+00 3.7889923992e-01 -3.4591841475e-02 )	
507	( -1.2066006177e+00 3.7891187267e-01 -3.4582201397e-02 )	
508	( -1.2066635254e+00 3.7892453034e-01 -3.4569556490e-02 )	
509	( -1.2067244388e+00 3.7893671122e-01 -3.4560557714e-02 )	
510	( -1.2067849566e+00 3.7894899503e-01 -3.4548594518e-02 )	
511	( -1.2068435439e+00 3.7896082478e-01 -3.4540255777e-02 )	
512	( -1.2069018186e+00 3.7897278440e-01 -3.4528961251e-02 )	
513	( -1.2069585736e+00 3.7898449126e-01 -3.4521356569e-02 )	
514	( -1.2070152133e+00 3.7899640756e-01 -3.4510822633e-02 )	
515	( -1.2070702673e+00 3.7900802181e-01 -3.4503924414e-02 )	
516	( -1.2071252608e+00 3.7901984870e-01 -3.4494084625e-02 )	
517	( -1.2071787629e+00 3.7903139004e-01 -3.4487850237e-02 )	
518	( -1.2072322330e+00 3.7904314103e-01 -3.4478664986e-02 )	
519	( -1.2072842586e+00 3.7905461770e-01 -3.4473061115e-02 )	
520	( -1.2073362955e+00 3.7906631523e-01 -3.4464514349e-02 )	
521	( -1.2073870597e+00 3.7907782575e-01 -3.4459584148e-02 )	
522	( -1.2074378429e+00 3.7908950473e-01 -3.4451637390e-02 )	
523	( -1.2074871135e+00 3.7910083314e-01 -3.4447173707e-02 )	
524	( -1.2075362662e+00 3.7911226355e-01 -3.4439689284e-02 )	
525	( -1.2075838986e+00 3.7912331301e-01 -3.4435637446e-02 )	
526	( -1.2076313713e+00 3.7913442138e-01 -3.4428536986e-02 )	
527	( -1.2076772889e+00 3.7914511148e-01 -3.4424829431e-02 )	
528	( -1.2077229932e+00 3.7915581774e-01 -3.4418048333e-02 )	
529	( -1.2077671061e+00 3.7916606670e-01 -3.4414610661e-02 )	
530	( -1.2078109749e+00 3.7917630755e-01 -3.4408092107e-02 )	
531	( -1.2078532191e+00 3.7918606908e-01 -3.4404890904e-02 )	
532	( -1.2078952111e+00 3.7919579881e-01 -3.4398591465e-02 )	
533	( -1.2079355987e+00 3.7920503920e-01 -3.4395575812e-02 )	
534	( -1.2079757330e+00 3.7921423543e-01 -3.4389456414e-02 )	
535	( -1.2080142499e+00 3.7922292803e-01 -3.4386592827e-02 )	
536	( -1.2080525541e+00 3.7923157945e-01 -3.4380622673e-02 )	
537	( -1.2080892649e+00 3.7923973108e-01 -3.4377894376e-02 )	
538	( -1.2081257793e+00 3.7924784732e-01 -3.4372071056e-02 )	
539	( -1.2081607143e+00 3.7925544822e-01 -3.4369436695e-02 )	
540	( -1.2081951381e+00 3.7926285404e-01 -3.4363625963e-02 )	
541	( -1.2082282230e+00 3.7926986000e-01 -3.4361043253e-02 )	
542	( -1.2082612725e+00 3.7927688277e-01 -3.4355372733e-02 )	
543	( -1.2082928978e+00 3.7928346970e-01 -3.4352912423e-02 )	
544	( -1.2083245358e+00 3.7929009156e-01 -3.4347376446e-02 )	
545	( -1.2083548598e+00 3.7929631275e-01 -3.4345028011e-02 )	
546	( -1.2083852871e+00 3.7930260927e-01 -3.4339623942e-02 )	
547	( -1.2084145046e+00 3.7930855153e-01 -3.4337408628e-02 )	
548	( -1.2084439263e+00 3.7931461374e-01 -3.4332158743e-02 )	
549	( -1.2084722512e+00 3.7932037194e-01 -3.4330098942e-02 )	
550	( -1.2085009153e+00 3.7932631114e-01 -3.4325032499e-02 )	
551	( -1.2085285566e+00 3.7933198773e-01 -3.4323161633e-02 )	
552	( -1.2085567199e+00 3.7933792321e-01 -3.4318314482e-02 )	
553	( -1.2085839789e+00 3.7934364997e-01 -3.4316666617e-02 )	
554	( -1.2086117949e+00 3.7934965830e-01 -3.4312061103e-02 )	
555	( -1.2086388841e+00 3.7935553537e-01 -3.4310665283e-02 )	
556	( -1.2086666539e+00 3.7936175068e-01 -3.4306341535e-02 )	
557	( -1.2086937398e+00 3.7936785539e-01 -3.4305218397e-02 )	
558	( -1.2087216168e+00 3.7937434679e-01 -3.4301191147e-02 )	
559	( -1.2087488858e+00 3.7938076338e-01 -3.4300365294e-02 )	
560	( -1.2087770391e+00 3.7938760801e-01 -3.4296656712e-02 )	
561	( -1.2088047216e+00 3.7939443989e-01 -3.4296161904e-02 )	
562	( -1.2088332982e+00 3.7940170003e-01 -3.4292787952e-02 )	
563	( -1.2088614190e+00 3.7940894494e-01 -3.4292606346e-02 )	
564	( -1.2088904582e+00 3.7941662331e-01 -3.4289555899e-02 )	
565	( -1.2089190260e+00 3.7942427248e-01 -3.4289674408e-02 )	
566	( -1.2089484668e+00 3.7943232681e-01 -3.4286912975e-02 )	
567	( -1.2089775406e+00 3.7944038279e-01 -3.4287306528e-02 )	
568	( -1.2090074646e+00 3.7944882267e-01 -3.4284814225e-02 )	
569	( -1.2090367964e+00 3.7945715047e-01 -3.4285412084e-02 )	
570	( -1.2090666598e+00 3.7946570351e-01 -3.4283060973e-02 )	
571	( -1.2090960351e+00 3.7947418902e-01 -3.4283813686e-02 )	
572	( -1.2091261621e+00 3.7948298826e-01 -3.4281658824e-02 )	
573	( -1.2091556593e+00 3.7949163417e-01 -3.4282545715e-02 )	
574	( -1.2091857772e+00 3.7950051955e-01 -3.4280496011e-02 )	
575	( -1.2092152796e+00 3.7950923922e-01 -3.4281462210e-02 )	
576	( -1.2092452349e+00 3.7951811534e-01 -3.4279465297e-02 )	
577	( -1.2092745374e+00 3.7952679278e-01 -3.4280451514e-02 )	
578	( -1.2093043423e+00 3.7953565369e-01 -3.4278501179e-02 )	
579	( -1.2093334131e+00 3.7954426857e-01 -3.4279495781e-02 )	
580	( -1.2093629113e+00 3.7955300087e-01 -3.4277514423e-02 )	
581	( -1.2093915529e+00 3.7956143138e-01 -3.4278446571e-02 )	
582	( -1.2094205897e+00 3.7956995866e-01 -3.4276400112e-02 )	
583	( -1.2094488222e+00 3.7957819778e-01 -3.4277255994e-02 )	
584	( -1.2094773661e+00 3.7958649726e-01 -3.4275129758e-02 )	
585	( -1.2095050947e+00 3.7959450082e-01 -3.4275889281e-02 )	
586	( -1.2095331800e+00 3.7960258086e-01 -3.4273679478e-02 )	
587	( -1.2095604602e+00 3.7961036950e-01 -3.4274344720e-02 )	
588	( -1.2095880837e+00 3.7961822970e-01 -3.4272049142e-02 )	
589	( -1.2096148905e+00 3.7962579314e-01 -3.4272615324e-02 )	
590	( -1.2096420831e+00 3.7963344996e-01 -3.4270237804e-02 )	
591	( -1.2096684988e+00 3.7964082903e-01 -3.4270717906e-02 )	
592	( -1.2096953149e+00 3.7964830863e-01 -3.4268267029e-02 )	
593	( -1.2097213642e+00 3.7965551446e-01 -3.4268663784e-02 )	
594	( -1.2097478618e+00 3.7966283703e-01 -3.4266137099e-02 )	
595	( -1.2097735443e+00 3.7966987172e-01 -3.4266448538e-02 )	
596	( -1.2097996978e+00 3.7967703283e-01 -3.4263848002e-02 )	
597	( -1.2098250907e+00 3.7968392698e-01 -3.4264079397e-02 )	
598	( -1.2098511217e+00 3.7969104164e-01 -3.4261462371e-02 )	
599	( -1.2098763486e+00 3.7969786888e-01 -3.4261655037e-02 )	
600	( -1.2099020090e+00 3.7970480234e-01 -3.4258940181e-02 )	
601	( -1.2099268796e+00 3.7971144996e-01 -3.4259020404e-02 )	
602	( -1.2099521863e+00 3.7971820443e-01 -3.4256201787e-02 )	
603	( -1.2099766956e+00 3.7972467289e-01 -3.4256171544e-02 )	
604	( -1.2100016760e+00 3.7973126449e-01 -3.4253256535e-02 )	
605	( -1.2100258795e+00 3.7973758179e-01 -3.4253126318e-02 )	
606	( -1.2100505721e+00 3.7974402794e-01 -3.4250121037e-02 )	
607	( -1.2100744877e+00 3.7975019955e-01 -3.4249890064e-02 )	
608	( -1.2100988988e+00 3.7975650020e-01 -3.4246790703e-02 )	
609	( -1.2101225089e+00 3.7976251778e-01 -3.4246455182e-02 )	
610	( -1.2101466114e+00 3.7976866067e-01 -3.4243256021e-02 )	
611	( -1.2101699279e+00 3.7977452222e-01 -3.4242807762e-02 )	
612	( -1.2101937806e+00 3.7978053441e-01 -3.4239522021e-02 )	
613	( -1.2102168768e+00 3.7978628735e-01 -3.4238995807e-02 )	
614	( -1.2102404372e+00 3.7979215038e-01 -3.4235616828e-02 )	
615	( -1.2102632119e+00 3.7979773418e-01 -3.4234972085e-02 )	
616	( -1.2102864353e+00 3.7980342003e-01 -3.4231480308e-02 )	
617	( -1.2103088396e+00 3.7980880436e-01 -3.4230700391e-02 )	
618	( -1.2103316648e+00 3.7981427734e-01 -3.4227077254e-02 )	
619	( -1.2103536605e+00 3.7981944299e-01 -3.4226154665e-02 )	
620	( -1.2103760578e+00 3.7982468748e-01 -3.4222394262e-02 )	
621	( -1.2103976268e+00 3.7982962009e-01 -3.4221318873e-02 )	
622	( -1.2104195364e+00 3.7983460837e-01 -3.4217412521e-02 )	
623	( -1.2104405948e+00 3.7983927468e-01 -3.4216179686e-02 )	
624	( -1.2104620265e+00 3.7984400393e-01 -3.4212119363e-02 )	
625	( -1.2104825561e+00 3.7984839646e-01 -3.4210727220e-02 )	
626	( -1.2105034395e+00 3.7985283808e-01 -3.4206506910e-02 )	
627	( -1.2105234001e+00 3.7985693603e-01 -3.4204946362e-02 )	
628	( -1.2105437085e+00 3.7986108050e-01 -3.4200567219e-02 )	
629	( -1.2105630775e+00 3.7986487341e-01 -3.4198836266e-02 )	
630	( -1.2105827566e+00 3.7986870399e-01 -3.4194299883e-02 )	
631	( -1.2106015295e+00 3.7987219565e-01 -3.4192405778e-02 )	
632	( -1.2106206130e+00 3.7987573209e-01 -3.4187724736e-02 )	
633	( -1.2106388466e+00 3.7987896471e-01 -3.4185701527e-02 )	
634	( -1.2106574569e+00 3.7988227951e-01 -3.4180920761e-02 )	
635	( -1.2106751172e+00 3.7988523527e-01 -3.4178758620e-02 )	
636	( -1.2106930173e+00 3.7988819938e-01 -3.4173808727e-02 )	
637	( -1.2107095445e+00 3.7989061570e-01 -3.4171394631e-02 )	
638	( -1.2107263270e+00 3.7989307478e-01 -3.4166239582e-02 )	
639	( -1.2107421735e+00 3.7989521366e-01 -3.4163730143e-02 )	
640	( -1.2107583124e+00 3.7989739428e-01 -3.4158473402e-02 )	
641	( -1.2107734590e+00 3.7989922294e-01 -3.4155837429e-02 )	
642	( -1.2107888841e+00 3.7990109122e-01 -3.4150465902e-02 )	
643	( -1.2108033437e+00 3.7990262131e-01 -3.4147712265e-02 )	
644	( -1.2108181062e+00 3.7990421186e-01 -3.4142248502e-02 )	
645	( -1.2108318128e+00 3.7990541573e-01 -3.4139371108e-02 )	
646	( -1.2108457561e+00 3.7990667401e-01 -3.4133808435e-02 )	
647	( -1.2108587278e+00 3.7990761638e-01 -3.4130878319e-02 )	
648	( -1.2108719978e+00 3.7990863236e-01 -3.4125272661e-02 )	
649	( -1.2108843511e+00 3.7990935269e-01 -3.4122294320e-02 )	
650	( -1.2108970272e+00 3.7991014991e-01 -3.4116642696e-02 )	
651	( -1.2109087858e+00 3.7991065771e-01 -3.4113619318e-02 )	
652	( -1.2109208728e+00 3.7991125066e-01 -3.4107938883e-02 )	
653	( -1.2109322976e+00 3.7991170643e-01 -3.4104966864e-02 )	
654	( -1.2109440123e+00 3.7991222107e-01 -3.4099332144e-02 )	
655	( -1.2109546825e+00 3.7991236886e-01 -3.4096266557e-02 )	
656	( -1.2109655518e+00 3.7991252204e-01 -3.4090516236e-02 )	
657	( -1.2109753159e+00 3.7991227638e-01 -3.4087313200e-02 )	
658	( -1.2109851258e+00 3.7991196729e-01 -3.4081412590e-02 )	
659	( -1.2109937225e+00 3.7991120055e-01 -3.4078022452e-02 )	
660	( -1.2110022592e+00 3.7991031387e-01 -3.4071917326e-02 )	
661	( -1.2110094803e+00 3.7990892054e-01 -3.4068296603e-02 )	
662	( -1.2110164729e+00 3.7990732430e-01 -3.4061935568e-02 )	
663	( -1.2110221154e+00 3.7990521447e-01 -3.4058059565e-02 )	
664	( -1.2110274361e+00 3.7990289152e-01 -3.4051474205e-02 )	
665	( -1.2110312123e+00 3.7989998583e-01 -3.4047359490e-02 )	
666	( -1.2110346471e+00 3.7989684644e-01 -3.4040530457e-02 )	
667	( -1.2110366804e+00 3.7989318907e-01 -3.4036191850e-02 )	
668	( -1.2110393773e+00 3.7988978705e-01 -3.4029379000e-02 )	
669	( -1.2110412373e+00 3.7988611114e-01 -3.4025133940e-02 )	
670	( -1.2110426300e+00 3.7988213770e-01 -3.4018149375e-02 )	
671	( -1.2110426913e+00 3.7987767852e-01 -3.4013641922e-02 )	
672	( -1.2110427886e+00 3.7987321331e-01 -3.4006582575e-02 )	
673	( -1.2110419359e+00 3.7986847690e-01 -3.4002115822e-02 )	
674	( -1.2110407607e+00 3.7986351394e-01 -3.3994967284e-02 )	
675	( -1.2110379204e+00 3.7985785873e-01 -3.3990153769e-02 )	
676	( -1.2110352624e+00 3.7985227598e-01 -3.3982832327e-02 )	
677	( -1.2110315557e+00 3.7984635457e-01 -3.3978031826e-02 )	
678	( -1.2110277970e+00 3.7984034437e-01 -3.3970622220e-02 )	
679	( -1.2110227489e+00 3.7983389333e-01 -3.3965688021e-02 )	
680	( -1.2110180525e+00 3.7982761379e-01 -3.3958317009e-02 )	
681	( -1.2110121817e+00 3.7982090349e-01 -3.3953385750e-02 )	
682	( -1.2110065824e+00 3.7981432291e-01 -3.3945960980e-02 )	
683	( -1.2109995163e+00 3.7980716592e-01 -3.3940884643e-02 )	
684	( -1.2109922647e+00 3.7979986194e-01 -3.3933190025e-02 )	
685	( -1.2109843902e+00 3.7979247218e-01 -3.3928118779e-02 )	
686	( -1.2109768808e+00 3.7978523826e-01 -3.3920599827e-02 )	
687	( -1.2109686283e+00 3.7977783393e-01 -3.3915643390e-02 )	
688	( -1.2109611464e+00 3.7977083186e-01 -3.3908399639e-02 )	
689	( -1.2109531425e+00 3.7976377696e-01 -3.3903774361e-02 )	
690	( -1.2109455672e+00 3.7975689338e-01 -3.3896724756e-02 )	
691	( -1.2109372238e+00 3.7974980116e-01 -3.3892192417e-02 )	
692	( -1.2109293728e+00 3.7974292402e-01 -3.3885268401e-02 )	
693	( -1.2109209943e+00 3.7973597238e-01 -3.3880924908e-02 )	
694	( -1.2109129648e+00 3.7972913837e-01 -3.3874149901e-02 )	
695	( -1.2109040489e+00 3.7972200282e-01 -3.3869875493e-02 )	
696	( -1.2108961829e+00 3.7971538784e-01 -3.3863362689e-02 )	
697	( -1.2108884701e+00 3.7970909210e-01 -3.3859579648e-02 )	
698	( -1.2108817617e+00 3.7970329745e-01 -3.3853556906e-02 )	
699	( -1.2108748293e+00 3.7969758637e-01 -3.3850153601e-02 )	
700	( -1.2108687026e+00 3.7969225049e-01 -3.3844457683e-02 )	
701	( -1.2108622909e+00 3.7968695470e-01 -3.3841350385e-02 )	
702	( -1.2108566714e+00 3.7968202052e-01 -3.3835949280e-02 )	
703	( -1.2108507771e+00 3.7967712701e-01 -3.3833126559e-02 )	
704	( -1.2108456964e+00 3.7967260407e-01 -3.3828021114e-02 )	
705	( -1.2108403692e+00 3.7966813417e-01 -3.3825491206e-02 )	
706	( -1.2108358669e+00 3.7966403887e-01 -3.3820687156e-02 )	
707	( -1.2108311411e+00 3.7966000577e-01 -3.3818453405e-02 )	
708	( -1.2108272452e+00 3.7965634806e-01 -3.3813953176e-02 )	
709	( -1.2108231295e+00 3.7965275106e-01 -3.3812011931e-02 )	
710	( -1.2108198410e+00 3.7964952548e-01 -3.3807808234e-02 )	
711	( -1.2108163417e+00 3.7964636247e-01 -3.3806155679e-02 )	
712	( -1.2108136689e+00 3.7964356752e-01 -3.3802245164e-02 )	
713	( -1.2108107838e+00 3.7964082974e-01 -3.3800872407e-02 )	
714	( -1.2108087183e+00 3.7963845338e-01 -3.3797244794e-02 )	
715	( -1.2108064359e+00 3.7963612676e-01 -3.3796140619e-02 )	
716	( -1.2108049734e+00 3.7963415880e-01 -3.3792786089e-02 )	
717	( -1.2108033213e+00 3.7963225048e-01 -3.3791950411e-02 )	
718	( -1.2108024215e+00 3.7963065729e-01 -3.3788845647e-02 )	
719	( -1.2108012927e+00 3.7962910054e-01 -3.3788239225e-02 )	
720	( -1.2108009663e+00 3.7962788531e-01 -3.3785384747e-02 )	
721	( -1.2108004229e+00 3.7962670738e-01 -3.3785018286e-02 )	
722	( -1.2108007969e+00 3.7962593801e-01 -3.3782450206e-02 )	
723	( -1.2108009405e+00 3.7962519064e-01 -3.3782350479e-02 )	
724	( -1.2108018256e+00 3.7962474030e-01 -3.3779988156e-02 )	
725	( -1.2108024561e+00 3.7962429549e-01 -3.3780076310e-02 )	
726	( -1.2108038232e+00 3.7962414276e-01 -3.3777905726e-02 )	
727	( -1.2108049277e+00 3.7962398620e-01 -3.3778169135e-02 )	
728	( -1.2108067456e+00 3.7962410618e-01 -3.3776170601e-02 )	
729	( -1.2108082850e+00 3.7962421118e-01 -3.3776592327e-02 )	
730	( -1.2108105193e+00 3.7962457981e-01 -3.3774750808e-02 )	
731	( -1.2108124561e+00 3.7962492004e-01 -3.3775313083e-02 )	
732	( -1.2108150696e+00 3.7962551163e-01 -3.3773611690e-02 )	
733	( -1.2108173684e+00 3.7962606298e-01 -3.3774299309e-02 )	
734	( -1.2108203242e+00 3.7962685274e-01 -3.3772722244e-02 )	
735	( -1.2108229470e+00 3.7962759026e-01 -3.3773519874e-02 )	
736	( -1.2108262036e+00 3.7962855157e-01 -3.3772051151e-02 )	
737	( -1.2108291130e+00 3.7962945059e-01 -3.3772943430e-02 )	
738	( -1.2108326263e+00 3.7963055635e-01 -3.3771567354e-02 )	
739	( -1.2108357719e+00 3.7963158709e-01 -3.3772537701e-02 )	
740	( -1.2108394963e+00 3.7963281016e-01 -3.3771239067e-02 )	
741	( -1.2108428310e+00 3.7963394511e-01 -3.3772272394e-02 )	
742	( -1.2108467179e+00 3.7963525783e-01 -3.3771036380e-02 )	
743	( -1.2108501932e+00 3.7963646977e-01 -3.3772118378e-02 )	
744	( -1.2108541941e+00 3.7963784545e-01 -3.3770931210e-02 )	
745	( -1.2108577630e+00 3.7963910862e-01 -3.3772048579e-02 )	
746	( -1.2108618321e+00 3.7964052298e-01 -3.3770898345e-02 )	
747	( -1.2108654479e+00 3.7964181314e-01 -3.3772039378e-02 )	
748	( -1.2108695423e+00 3.7964324360e-01 -3.3770914793e-02 )	
749	( -1.2108731645e+00 3.7964454010e-01 -3.3772069736e-02 )	
750	( -1.2108772449e+00 3.7964596700e-01 -3.3770961672e-02 )	
751	( -1.2108808364e+00 3.7964725168e-01 -3.3772122366e-02 )	
752	( -1.2108848687e+00 3.7964865865e-01 -3.3771023607e-02 )	
753	( -1.2108883973e+00 3.7964991641e-01 -3.3772183664e-02 )	
754	( -1.2108923499e+00 3.7965128897e-01 -3.3771088222e-02 )	
755	( -1.2108957939e+00 3.7965251009e-01 -3.3772243792e-02 )	
756	( -1.2108996456e+00 3.7965383924e-01 -3.3771148376e-02 )	
757	( -1.2109029786e+00 3.7965501259e-01 -3.3772295294e-02 )	
758	( -1.2109067127e+00 3.7965629161e-01 -3.3771197681e-02 )	
759	( -1.2109099206e+00 3.7965741208e-01 -3.3772334671e-02 )	
760	( -1.2109135247e+00 3.7965863676e-01 -3.3771233719e-02 )	
761	( -1.2109165967e+00 3.7965970111e-01 -3.3772360435e-02 )	
762	( -1.2109200621e+00 3.7966086920e-01 -3.3771256265e-02 )	
763	( -1.2109229921e+00 3.7966187619e-01 -3.3772372955e-02 )	
764	( -1.2109263147e+00 3.7966298771e-01 -3.3771266553e-02 )	
765	( -1.2109290990e+00 3.7966393747e-01 -3.3772374315e-02 )	
766	( -1.2109322764e+00 3.7966499290e-01 -3.3771266687e-02 )	
767	( -1.2109349149e+00 3.7966588707e-01 -3.3772367149e-02 )	
768	( -1.2109379473e+00 3.7966688809e-01 -3.3771259865e-02 )	
769	( -1.2109404410e+00 3.7966772878e-01 -3.3772354850e-02 )	
770	( -1.2109433287e+00 3.7966867683e-01 -3.3771249235e-02 )	
771	( -1.2109456790e+00 3.7966946582e-01 -3.3772340161e-02 )	
772	( -1.2109484241e+00 3.7967036323e-01 -3.3771238033e-02 )	
773	( -1.2109506293e+00 3.7967110087e-01 -3.3772325804e-02 )	
774	( -1.2109532323e+00 3.7967194884e-01 -3.3771228297e-02 )	
775	( -1.2109552965e+00 3.7967263777e-01 -3.3772314545e-02 )	
776	( -1.2109577556e+00 3.7967343608e-01 -3.3771222051e-02 )	
777	( -1.2109596782e+00 3.7967407687e-01 -3.3772307695e-02 )	
778	( -1.2109619974e+00 3.7967482818e-01 -3.3771221916e-02 )	
779	( -1.2109637793e+00 3.7967542164e-01 -3.3772307728e-02 )	
780	( -1.2109659570e+00 3.7967612525e-01 -3.3771228591e-02 )	
781	( -1.2109675949e+00 3.7967666998e-01 -3.3772314200e-02 )	
782	( -1.2109696288e+00 3.7967732525e-01 -3.3771241887e-02 )	
783	( -1.2109711238e+00 3.7967782188e-01 -3.3772327899e-02 )	
784	( -1.2109730123e+00 3.7967842818e-01 -3.3771262392e-02 )	
785	( -1.2109743635e+00 3.7967887637e-01 -3.3772348866e-02 )	
786	( -1.2109761029e+00 3.7967943231e-01 -3.3771290057e-02 )	
787	( -1.2109773101e+00 3.7967983219e-01 -3.3772377435e-02 )	
788	( -1.2109789023e+00 3.7968033843e-01 -3.3771325539e-02 )	
789	( -1.2109799637e+00 3.7968068924e-01 -3.3772413685e-02 )	
790	( -1.2109814096e+00 3.7968114632e-01 -3.3771369086e-02 )	
791	( -1.2109823262e+00 3.7968144851e-01 -3.3772458320e-02 )	
792	( -1.2109836275e+00 3.7968185722e-01 -3.3771421413e-02 )	
793	( -1.2109844010e+00 3.7968211174e-01 -3.3772512191e-02 )	
794	( -1.2109855605e+00 3.7968247345e-01 -3.3771483500e-02 )	
795	( -1.2109861945e+00 3.7968268196e-01 -3.3772576470e-02 )	
796	( -1.2109872155e+00 3.7968299821e-01 -3.3771556594e-02 )	
797	( -1.2109877165e+00 3.7968316362e-01 -3.3772652745e-02 )	
798	( -1.2109886038e+00 3.7968343678e-01 -3.3771642506e-02 )	
799	( -1.2109889756e+00 3.7968356084e-01 -3.3772742386e-02 )	
800	( -1.2109897373e+00 3.7968379448e-01 -3.3771742833e-02 )	
801	( -1.2109899874e+00 3.7968388063e-01 -3.3772847512e-02 )	
802	( -1.2109906302e+00 3.7968407776e-01 -3.3771859507e-02 )	
803	( -1.2109907684e+00 3.7968413022e-01 -3.3772970173e-02 )	
804	( -1.2109912989e+00 3.7968429378e-01 -3.3771994472e-02 )	
805	( -1.2109913310e+00 3.7968431515e-01 -3.3773111712e-02 )	
806	( -1.2109917617e+00 3.7968445036e-01 -3.3772149590e-02 )	
807	( -1.2109916957e+00 3.7968444409e-01 -3.3773274182e-02 )	
808	( -1.2109920343e+00 3.7968455411e-01 -3.3772326200e-02 )	
809	( -1.2109918801e+00 3.7968452423e-01 -3.3773458992e-02 )	
810	( -1.2109921335e+00 3.7968461180e-01 -3.3772525459e-02 )	
811	( -1.2109918990e+00 3.7968456140e-01 -3.3773666785e-02 )	
812	( -1.2109920770e+00 3.7968463036e-01 -3.3772748288e-02 )	
813	( -1.2109917714e+00 3.7968456286e-01 -3.3773898548e-02 )	
814	( -1.2109918798e+00 3.7968461522e-01 -3.3772994879e-02 )	
815	( -1.2109915086e+00 3.7968453255e-01 -3.3774153881e-02 )	
816	( -1.2109915554e+00 3.7968457115e-01 -3.3773265121e-02 )	
817	( -1.2109911264e+00 3.7968447586e-01 -3.3774432696e-02 )	
818	( -1.2109911171e+00 3.7968450231e-01 -3.3773558338e-02 )	
819	( -1.2109906355e+00 3.7968439596e-01 -3.3774734108e-02 )	
820	( -1.2109905766e+00 3.7968441228e-01 -3.3773873761e-02 )	
821	( -1.2109900483e+00 3.7968429646e-01 -3.3775057075e-02 )	
822	( -1.2109899429e+00 3.7968430314e-01 -3.3774209803e-02 )	
823	( -1.2109893723e+00 3.7968417893e-01 -3.3775399926e-02 )	
824	( -1.2109892251e+00 3.7968417708e-01 -3.3774564955e-02 )	
825	( -1.2109886150e+00 3.7968404484e-01 -3.3775761018e-02 )	
826	( -1.2109884306e+00 3.7968403555e-01 -3.3774937594e-02 )	
827	( -1.2109877854e+00 3.7968389621e-01 -3.3776138692e-02 )	
828	( -1.2109875656e+00 3.7968387940e-01 -3.3775325689e-02 )	
829	( -1.2109868890e+00 3.7968373372e-01 -3.3776531010e-02 )	
830	( -1.2109866372e+00 3.7968370995e-01 -3.3775727462e-02 )	
831	( -1.2109859307e+00 3.7968355782e-01 -3.3776936002e-02 )	
832	( -1.2109856511e+00 3.7968352831e-01 -3.3776141479e-02 )	
833	( -1.2109849189e+00 3.7968337062e-01 -3.3777352367e-02 )	
834	( -1.2109846132e+00 3.7968333511e-01 -3.3776565447e-02 )	
835	( -1.2109838580e+00 3.7968317258e-01 -3.3777778165e-02 )	
836	( -1.2109835284e+00 3.7968313130e-01 -3.3776998039e-02 )	
837	( -1.2109827524e+00 3.7968296405e-01 -3.3778211564e-02 )	
838	( -1.2109824057e+00 3.7968291991e-01 -3.3777438705e-02 )	
839	( -1.2109816154e+00 3.7968275032e-01 -3.3778653144e-02 )	
840	( -1.2109812525e+00 3.7968270275e-01 -3.3777886175e-02 )	
841	( -1.2109804499e+00 3.7968253098e-01 -3.3779100571e-02 )	
842	( -1.2109800742e+00 3.7968248082e-01 -3.3778338916e-02 )	
843	( -1.2109792628e+00 3.7968230786e-01 -3.3779552790e-02 )	
844	( -1.2109788778e+00 3.7968225619e-01 -3.3778796004e-02 )	
845	( -1.2109780612e+00 3.7968208310e-01 -3.3780008947e-02 )	
846	( -1.2109776704e+00 3.7968203099e-01 -3.3779256615e-02 )	
847	( -1.2109768521e+00 3.7968185881e-01 -3.3780468240e-02 )	
848	( -1.2109764592e+00 3.7968180736e-01 -3.3779719982e-02 )	
849	( -1.2109756426e+00 3.7968163716e-01 -3.3780929945e-02 )	
850	( -1.2109752514e+00 3.7968158750e-01 -3.3780185341e-02 )	
851	( -1.2109744391e+00 3.7968142010e-01 -3.3781393335e-02 )	
852	( -1.2109740526e+00 3.7968137309e-01 -3.3780651967e-02 )	
853	( -1.2109732483e+00 3.7968120944e-01 -3.3781857475e-02 )	
854	( -1.2109728691e+00 3.7968116584e-01 -3.3781118938e-02 )	
855	( -1.2109720754e+00 3.7968100663e-01 -3.3782321527e-02 )	
856	( -1.2109717061e+00 3.7968096707e-01 -3.3781585353e-02 )	
857	( -1.2109709254e+00 3.7968081285e-01 -3.3782784546e-02 )	
858	( -1.2109705679e+00 3.7968077771e-01 -3.3782050228e-02 )	
859	( -1.2109698026e+00 3.7968062901e-01 -3.3783245505e-02 )	
860	( -1.2109694589e+00 3.7968059868e-01 -3.3782512507e-02 )	
861	( -1.2109687101e+00 3.7968045554e-01 -3.3783703327e-02 )	
862	( -1.2109683818e+00 3.7968043026e-01 -3.3782971130e-02 )	
863	( -1.2109676509e+00 3.7968029279e-01 -3.3784156874e-02 )	
864	( -1.2109673390e+00 3.7968027240e-01 -3.3783424723e-02 )	
865	( -1.2109666269e+00 3.7968014052e-01 -3.3784604830e-02 )	
866	( -1.2109663324e+00 3.7968012504e-01 -3.3783872166e-02 )	
867	( -1.2109656398e+00 3.7967999860e-01 -3.3785046029e-02 )	
868	( -1.2109653633e+00 3.7967998783e-01 -3.3784312232e-02 )	
869	( -1.2109646916e+00 3.7967986691e-01 -3.3785479218e-02 )	
870	( -1.2109644320e+00 3.7967986004e-01 -3.3784743686e-02 )	
871	( -1.2109637812e+00 3.7967974431e-01 -3.3785903302e-02 )	
872	( -1.2109635407e+00 3.7967974169e-01 -3.3785165409e-02 )	
873	( -1.2109629107e+00 3.7967963067e-01 -3.3786317059e-02 )	
874	( -1.2109626894e+00 3.7967963200e-01 -3.3785576139e-02 )	
875	( -1.2109620802e+00 3.7967952547e-01 -3.3786719565e-02 )	
876	( -1.2109618784e+00 3.7967953056e-01 -3.3785975245e-02 )	
877	( -1.2109612905e+00 3.7967942823e-01 -3.3787109705e-02 )	
878	( -1.2109611084e+00 3.7967943687e-01 -3.3786361559e-02 )	
879	( -1.2109605421e+00 3.7967933864e-01 -3.3787486695e-02 )	
880	( -1.2109603801e+00 3.7967935069e-01 -3.3786734331e-02 )	
881	( -1.2109598350e+00 3.7967925609e-01 -3.3787849664e-02 )	
882	( -1.2109596947e+00 3.7967927206e-01 -3.3787092974e-02 )	
883	( -1.2109591714e+00 3.7967918111e-01 -3.3788198220e-02 )	
884	( -1.2109590516e+00 3.7967920024e-01 -3.3787436622e-02 )	
885	( -1.2109585510e+00 3.7967911308e-01 -3.3788531594e-02 )	
886	( -1.2109584523e+00 3.7967913538e-01 -3.3787764835e-02 )	
887	( -1.2109579746e+00 3.7967905198e-01 -3.3788849296e-02 )	
888	( -1.2109578973e+00 3.7967907743e-01 -3.3788077132e-02 )	
889	( -1.2109574429e+00 3.7967899776e-01 -3.3789150874e-02 )	
890	( -1.2109573874e+00 3.7967902634e-01 -3.3788373093e-02 )	
891	( -1.2109569566e+00 3.7967895036e-01 -3.3789435926e-02 )	
892	( -1.2109569231e+00 3.7967898203e-01 -3.3788652329e-02 )	
893	( -1.2109565159e+00 3.7967890965e-01 -3.3789704072e-02 )	
894	( -1.2109565046e+00 3.7967894435e-01 -3.3788914476e-02 )	
895	( -1.2109561212e+00 3.7967887546e-01 -3.3789954961e-02 )	
896	( -1.2109561325e+00 3.7967891322e-01 -3.3789159203e-02 )	
897	( -1.2109557718e+00 3.7967884740e-01 -3.3790188270e-02 )	
898	( -1.2109558056e+00 3.7967888801e-01 -3.3789386172e-02 )	
899	( -1.2109554683e+00 3.7967882536e-01 -3.3790403686e-02 )	
900	( -1.2109555239e+00 3.7967886856e-01 -3.3789595108e-02 )	
901	( -1.2109552091e+00 3.7967880855e-01 -3.3790600826e-02 )	
902	( -1.2109552873e+00 3.7967885464e-01 -3.3789785921e-02 )	
903	( -1.2109549946e+00 3.7967879702e-01 -3.3790779599e-02 )	
904	( -1.2109550940e+00 3.7967884526e-01 -3.3789957951e-02 )	
905	( -1.2109548224e+00 3.7967878975e-01 -3.3790939735e-02 )	
906	( -1.2109549425e+00 3.7967883987e-01 -3.3790111221e-02 )	
907	( -1.2109546923e+00 3.7967878642e-01 -3.3791081025e-02 )	
908	( -1.2109548322e+00 3.7967883808e-01 -3.3790245582e-02 )	
909	( -1.2109546027e+00 3.7967878639e-01 -3.3791203351e-02 )	
910	( -1.2109547617e+00 3.7967883926e-01 -3.3790360898e-02 )	
911	( -1.2109545520e+00 3.7967878903e-01 -3.3791306603e-02 )	
912	( -1.2109547294e+00 3.7967884282e-01 -3.3790457049e-02 )	
913	( -1.2109545383e+00 3.7967879351e-01 -3.3791390675e-02 )	
914	( -1.2109547343e+00 3.7967884847e-01 -3.3790534341e-02 )	
915	( -1.2109545613e+00 3.7967879988e-01 -3.3791455744e-02 )	
916	( -1.2109547746e+00 3.7967885536e-01 -3.3790592409e-02 )	
917	( -1.2109546185e+00 3.7967880725e-01 -3.3791501843e-02 )	
918	( -1.2109548482e+00 3.7967886301e-01 -3.3790631561e-02 )	
919	( -1.2109547089e+00 3.7967881529e-01 -3.3791529098e-02 )	
920	( -1.2109549549e+00 3.7967887144e-01 -3.3790652058e-02 )	
921	( -1.2109548318e+00 3.7967882402e-01 -3.3791537831e-02 )	
922	( -1.2109550928e+00 3.7967888011e-01 -3.3790654086e-02 )	
923	( -1.2109549856e+00 3.7967883295e-01 -3.3791528258e-02 )	
924	( -1.2109552610e+00 3.7967888893e-01 -3.3790637972e-02 )	
925	( -1.2109551693e+00 3.7967884201e-01 -3.3791500744e-02 )	
926	( -1.2109554590e+00 3.7967889792e-01 -3.3790604087e-02 )	
927	( -1.2109553812e+00 3.7967885078e-01 -3.3791455552e-02 )	
928	( -1.2109556854e+00 3.7967890689e-01 -3.3790552845e-02 )	
929	( -1.2109556220e+00 3.7967885985e-01 -3.3791393278e-02 )	
930	( -1.2109559393e+00 3.7967891571e-01 -3.3790484574e-02 )	
931	( -1.2109558897e+00 3.7967886871e-01 -3.3791314196e-02 )	
932	( -1.2109562210e+00 3.7967892493e-01 -3.3790399888e-02 )	
933	( -1.2109561836e+00 3.7967887750e-01 -3.3791218845e-02 )	
934	( -1.2109565275e+00 3.7967893359e-01 -3.3790299004e-02 )	
935	( -1.2109565042e+00 3.7967888668e-01 -3.3791107751e-02 )	
936	( -1.2109568599e+00 3.7967894255e-01 -3.3790182594e-02 )	
937	( -1.2109568498e+00 3.7967889598e-01 -3.3790981350e-02 )	
938	( -1.2109572171e+00 3.7967895170e-01 -3.3790051106e-02 )	
939	( -1.2109572198e+00 3.7967890547e-01 -3.3790840110e-02 )	
940	( -1.2109575984e+00 3.7967896109e-01 -3.3789905032e-02 )	
941	( -1.2109576136e+00 3.7967891523e-01 -3.3790684540e-02 )	
942	( -1.2109580031e+00 3.7967897079e-01 -3.3789744868e-02 )	
943	( -1.2109580303e+00 3.7967892533e-01 -3.3790515136e-02 )	
944	( -1.2109584304e+00 3.7967898084e-01 -3.3789571112e-02 )	
945	( -1.2109584693e+00 3.7967893578e-01 -3.3790332397e-02 )	
946	( -1.2109588795e+00 3.7967899127e-01 -3.3789384264e-02 )	
947	( -1.2109589295e+00 3.7967894661e-01 -3.3790136828e-02 )	
948	( -1.2109593497e+00 3.7967900221e-01 -3.3789184861e-02 )	
949	( -1.2109594096e+00 3.7967895755e-01 -3.3789928855e-02 )	
950	( -1.2109598400e+00 3.7967901356e-01 -3.3788973409e-02 )	
951	( -1.2109599099e+00 3.7967896921e-01 -3.3789709171e-02 )	
952	( -1.2109603490e+00 3.7967902518e-01 -3.3788750358e-02 )	
953	( -1.2109604288e+00 3.7967898125e-01 -3.3789478205e-02 )	
954	( -1.2109608762e+00 3.7967903721e-01 -3.3788516298e-02 )	
955	( -1.2109609654e+00 3.7967899370e-01 -3.3789236518e-02 )	
956	( -1.2109614205e+00 3.7967904966e-01 -3.3788271790e-02 )	
957	( -1.2109615186e+00 3.7967900658e-01 -3.3788984673e-02 )	
958	( -1.2109619811e+00 3.7967906256e-01 -3.3788017407e-02 )	
959	( -1.2109620875e+00 3.7967901992e-01 -3.3788723256e-02 )	
960	( -1.2109625570e+00 3.7967907602e-01 -3.3787753770e-02 )	
961	( -1.2109626705e+00 3.7967903350e-01 -3.3788452804e-02 )	
962	( -1.2109631471e+00 3.7967908996e-01 -3.3787481478e-02 )	
963	( -1.2109632677e+00 3.7967904782e-01 -3.3788174079e-02 )	
964	( -1.2109637500e+00 3.7967910431e-01 -3.3787201115e-02 )	
965	( -1.2109638773e+00 3.7967906265e-01 -3.3787887647e-02 )	
966	( -1.2109643647e+00 3.7967911918e-01 -3.3786913365e-02 )	
967	( -1.2109644982e+00 3.7967907800e-01 -3.3787594168e-02 )	
968	( -1.2109649903e+00 3.7967913458e-01 -3.3786618897e-02 )	
969	( -1.2109651293e+00 3.7967909388e-01 -3.3787294317e-02 )	
970	( -1.2109656252e+00 3.7967915051e-01 -3.3786318390e-02 )	
971	( -1.2109657692e+00 3.7967911027e-01 -3.3786988781e-02 )	
972	( -1.2109662686e+00 3.7967916704e-01 -3.3786012570e-02 )	
973	( -1.2109664161e+00 3.7967912694e-01 -3.3786678202e-02 )	
974	( -1.2109669188e+00 3.7967918401e-01 -3.3785702115e-02 )	
975	( -1.2109670695e+00 3.7967914425e-01 -3.3786363411e-02 )	
976	( -1.2109675739e+00 3.7967920128e-01 -3.3785387703e-02 )	
977	( -1.2109677274e+00 3.7967916188e-01 -3.3786045059e-02 )	
978	( -1.2109682328e+00 3.7967921882e-01 -3.3785070086e-02 )	
979	( -1.2109683881e+00 3.7967917972e-01 -3.3785723868e-02 )	
980	( -1.2109688939e+00 3.7967923659e-01 -3.3784750014e-02 )	
981	( -1.2109690495e+00 3.7967919741e-01 -3.3785400512e-02 )	
982	( -1.2109695552e+00 3.7967925435e-01 -3.3784428193e-02 )	
983	( -1.2109697108e+00 3.7967921522e-01 -3.3785075841e-02 )	
984	( -1.2109702148e+00 3.7967927181e-01 -3.3784105327e-02 )	
985	( -1.2109703695e+00 3.7967923270e-01 -3.3784750524e-02 )	
986	( -1.2109708710e+00 3.7967928885e-01 -3.3783782182e-02 )	
987	( -1.2109710238e+00 3.7967924964e-01 -3.3784425291e-02 )	
988	( -1.2109715219e+00 3.7967930531e-01 -3.3783459503e-02 )	
989	( -1.2109716713e+00 3.7967926561e-01 -3.3784100830e-02 )	
990	( -1.2109721651e+00 3.7967932079e-01 -3.3783138067e-02 )	
991	( -1.2109723112e+00 3.7967928090e-01 -3.3783778049e-02 )	
992	( -1.2109727990e+00 3.7967933500e-01 -3.3782818355e-02 )	
993	( -1.2109729400e+00 3.7967929458e-01 -3.3783457399e-02 )	
994	( -1.2109734220e+00 3.7967934809e-01 -3.3782501454e-02 )	
995	( -1.2109735620e+00 3.7967931006e-01 -3.3783141799e-02 )	
996	( -1.2109740409e+00 3.7967936512e-01 -3.3782191369e-02 )	
997	( -1.2109741718e+00 3.7967932480e-01 -3.3782830586e-02 )	
998	( -1.2109746401e+00 3.7967937737e-01 -3.3781883740e-02 )	
999	( -1.2109747609e+00 3.7967933482e-01 -3.3782522406e-02 )	
1000	( -1.2109752181e+00 3.7967938503e-01 -3.3781579591e-02 )	
1001	( -1.2109753279e+00 3.7967934011e-01 -3.3782218013e-02 )	
1002	( -1.2109757723e+00 3.7967938745e-01 -3.3781279425e-02 )	
1003	( -1.2109758697e+00 3.7967933993e-01 -3.3781917922e-02 )	
1004	( -1.2109763009e+00 3.7967938451e-01 -3.3780983971e-02 )	
1005	( -1.2109763850e+00 3.7967933420e-01 -3.3781622877e-02 )	
1006	( -1.2109768018e+00 3.7967937585e-01 -3.3780693900e-02 )	
1007	( -1.2109768722e+00 3.7967932294e-01 -3.3781333671e-02 )	
1008	( -1.2109772745e+00 3.7967936193e-01 -3.3780410114e-02 )	
1009	( -1.2109773306e+00 3.7967930641e-01 -3.3781051121e-02 )	
1010	( -1.2109777178e+00 3.7967934272e-01 -3.3780133340e-02 )	
1011	( -1.2109777596e+00 3.7967928486e-01 -3.3780776019e-02 )	
1012	( -1.2109781319e+00 3.7967931881e-01 -3.3779864432e-02 )	
1013	( -1.2109781590e+00 3.7967925872e-01 -3.3780509141e-02 )	
1014	( -1.2109785158e+00 3.7967929035e-01 -3.3779604064e-02 )	
1015	( -1.2109785288e+00 3.7967922842e-01 -3.3780251226e-02 )	
1016	( -1.2109788701e+00 3.7967925791e-01 -3.3779352981e-02 )	
1017	( -1.2109788688e+00 3.7967919431e-01 -3.3780002920e-02 )	
1018	( -1.2109791952e+00 3.7967922208e-01 -3.3779111875e-02 )	
1019	( -1.2109791794e+00 3.7967915690e-01 -3.3779764855e-02 )	
1020	( -1.2109794907e+00 3.7967918304e-01 -3.3778881241e-02 )	
1021	( -1.2109794611e+00 3.7967911669e-01 -3.3779537592e-02 )	
1022	( -1.2109797574e+00 3.7967914135e-01 -3.3778661639e-02 )	
1023	( -1.2109797139e+00 3.7967907393e-01 -3.3779321570e-02 )	
1024	( -1.2109799959e+00 3.7967909747e-01 -3.3778453531e-02 )	
1025	( -1.2109799386e+00 3.7967902908e-01 -3.3779117212e-02 )	
1026	( -1.2109802061e+00 3.7967905154e-01 -3.3778257211e-02 )	
1027	( -1.2109801356e+00 3.7967898251e-01 -3.3778924858e-02 )	
1028	( -1.2109803887e+00 3.7967900399e-01 -3.3778073015e-02 )	
1029	( -1.2109803051e+00 3.7967893439e-01 -3.3778744736e-02 )	
1030	( -1.2109805446e+00 3.7967895520e-01 -3.3777901198e-02 )	
1031	( -1.2109804480e+00 3.7967888509e-01 -3.3778577057e-02 )	
1032	( -1.2109806738e+00 3.7967890523e-01 -3.3777741854e-02 )	
1033	( -1.2109805650e+00 3.7967883489e-01 -3.3778421974e-02 )	
1034	( -1.2109807774e+00 3.7967885448e-01 -3.3777595139e-02 )	
1035	( -1.2109806566e+00 3.7967878404e-01 -3.3778279553e-02 )	
1036	( -1.2109808561e+00 3.7967880319e-01 -3.3777461098e-02 )	
1037	( -1.2109807237e+00 3.7967873274e-01 -3.3778149821e-02 )	
1038	( -1.2109809110e+00 3.7967875175e-01 -3.3777339787e-02 )	
1039	( -1.2109807672e+00 3.7967868130e-01 -3.3778032745e-02 )	
1040	( -1.2109809428e+00 3.7967870031e-01 -3.3777231137e-02 )	
1041	( -1.2109807884e+00 3.7967863016e-01 -3.3777928371e-02 )	
1042	( -1.2109809527e+00 3.7967864919e-01 -3.3777135035e-02 )	
1043	( -1.2109807883e+00 3.7967857949e-01 -3.3777836539e-02 )	
1044	( -1.2109809419e+00 3.7967859873e-01 -3.3777051437e-02 )	
1045	( -1.2109807683e+00 3.7967852968e-01 -3.3777757114e-02 )	
1046	( -1.2109809119e+00 3.7967854932e-01 -3.3776980176e-02 )	
1047	( -1.2109807295e+00 3.7967848098e-01 -3.3777689917e-02 )	
1048	( -1.2109808640e+00 3.7967850128e-01 -3.3776921068e-02 )	
1049	( -1.2109806737e+00 3.7967843390e-01 -3.3777634798e-02 )	
1050	( -1.2109807996e+00 3.7967845490e-01 -3.3776873875e-02 )	
1051	( -1.2109806023e+00 3.7967838871e-01 -3.3777591496e-02 )	
1052	( -1.2109807205e+00 3.7967841065e-01 -3.3776838384e-02 )	
1053	( -1.2109805180e+00 3.7967834649e-01 -3.3777560205e-02 )	
1054	( -1.2109806341e+00 3.7967837248e-01 -3.3776816501e-02 )	
1055	( -1.2109804286e+00 3.7967831130e-01 -3.3777542828e-02 )	
1056	( -1.2109805364e+00 3.7967833721e-01 -3.3776805860e-02 )	
1057	( -1.2109803246e+00 3.7967827666e-01 -3.3777535081e-02 )	
1058	( -1.2109804252e+00 3.7967830291e-01 -3.3776804859e-02 )	
1059	( -1.2109802076e+00 3.7967824304e-01 -3.3777536748e-02 )	
1060	( -1.2109803014e+00 3.7967826956e-01 -3.3776812970e-02 )	
1061	( -1.2109800778e+00 3.7967821015e-01 -3.3777547209e-02 )	
1062	( -1.2109801654e+00 3.7967823701e-01 -3.3776829648e-02 )	
1063	( -1.2109799367e+00 3.7967817816e-01 -3.3777566044e-02 )	
1064	( -1.2109800183e+00 3.7967820530e-01 -3.3776854449e-02 )	
1065	( -1.2109797851e+00 3.7967814717e-01 -3.3777592833e-02 )	
1066	( -1.2109798613e+00 3.7967817471e-01 -3.3776887014e-02 )	
1067	( -1.2109796244e+00 3.7967811743e-01 -3.3777627220e-02 )	
1068	( -1.2109796961e+00 3.7967814553e-01 -3.3776926999e-02 )	
1069	( -1.2109794561e+00 3.7967808928e-01 -3.3777668864e-02 )	
1070	( -1.2109795241e+00 3.7967811814e-01 -3.3776974079e-02 )	
1071	( -1.2109792817e+00 3.7967806298e-01 -3.3777717404e-02 )	
1072	( -1.2109793469e+00 3.7967809287e-01 -3.3777027900e-02 )	
1073	( -1.2109791030e+00 3.7967803904e-01 -3.3777772540e-02 )	
1074	( -1.2109791661e+00 3.7967807002e-01 -3.3777088109e-02 )	
1075	( -1.2109789215e+00 3.7967801770e-01 -3.3777833900e-02 )	
1076	( -1.2109789831e+00 3.7967804993e-01 -3.3777154359e-02 )	
1077	( -1.2109787384e+00 3.7967799922e-01 -3.3777901101e-02 )	
1078	( -1.2109787994e+00 3.7967803287e-01 -3.3777226247e-02 )	
1079	( -1.2109785553e+00 3.7967798391e-01 -3.3777973766e-02 )	
1080	( -1.2109786162e+00 3.7967801900e-01 -3.3777303382e-02 )	
1081	( -1.2109783734e+00 3.7967797188e-01 -3.3778051482e-02 )	
1082	( -1.2109784346e+00 3.7967800846e-01 -3.3777385347e-02 )	
1083	( -1.2109781934e+00 3.7967796320e-01 -3.3778133812e-02 )	
1084	( -1.2109782555e+00 3.7967800135e-01 -3.3777471714e-02 )	
1085	( -1.2109780164e+00 3.7967795791e-01 -3.3778220314e-02 )	
1086	( -1.2109780797e+00 3.7967799759e-01 -3.3777562019e-02 )	
1087	( -1.2109778430e+00 3.7967795599e-01 -3.3778310545e-02 )	
1088	( -1.2109779079e+00 3.7967799720e-01 -3.3777655834e-02 )	
1089	( -1.2109776739e+00 3.7967795740e-01 -3.3778404072e-02 )	
1090	( -1.2109777406e+00 3.7967800004e-01 -3.3777752696e-02 )	
1091	( -1.2109775095e+00 3.7967796199e-01 -3.3778500439e-02 )	
1092	( -1.2109775781e+00 3.7967800600e-01 -3.3777852175e-02 )	
1093	( -1.2109773502e+00 3.7967796965e-01 -3.3778599221e-02 )	
1094	( -1.2109774208e+00 3.7967801497e-01 -3.3777953858e-02 )	
1095	( -1.2109771962e+00 3.7967798024e-01 -3.3778700001e-02 )	
1096	( -1.2109772693e+00 3.7967802683e-01 -3.3778057346e-02 )	
1097	( -1.2109770480e+00 3.7967799360e-01 -3.3778802384e-02 )	
1098	( -1.2109771235e+00 3.7967804139e-01 -3.3778162240e-02 )	
1099	( -1.2109769058e+00 3.7967800967e-01 -3.3778906015e-02 )	
1100	( -1.2109769838e+00 3.7967805857e-01 -3.3778268188e-02 )	
1101	( -1.2109767698e+00 3.7967802827e-01 -3.3779010528e-02 )	
1102	( -1.2109768506e+00 3.7967807828e-01 -3.3778374864e-02 )	
1103	( -1.2109766404e+00 3.7967804933e-01 -3.3779115610e-02 )	
1104	( -1.2109767239e+00 3.7967810035e-01 -3.3778481927e-02 )	
1105	( -1.2109765177e+00 3.7967807274e-01 -3.3779220941e-02 )	
1106	( -1.2109766041e+00 3.7967812470e-01 -3.3778589084e-02 )	
1107	( -1.2109764019e+00 3.7967809837e-01 -3.3779326227e-02 )	
1108	( -1.2109764913e+00 3.7967815124e-01 -3.3778696049e-02 )	
1109	( -1.2109762932e+00 3.7967812612e-01 -3.3779431186e-02 )	
1110	( -1.2109763857e+00 3.7967817984e-01 -3.3778802544e-02 )	
1111	( -1.2109761918e+00 3.7967815588e-01 -3.3779535546e-02 )	
1112	( -1.2109762874e+00 3.7967821042e-01 -3.3778908317e-02 )	
1113	( -1.2109760976e+00 3.7967818750e-01 -3.3779639046e-02 )	
1114	( -1.2109761964e+00 3.7967824278e-01 -3.3779013092e-02 )	
1115	( -1.2109760107e+00 3.7967822086e-01 -3.3779741439e-02 )	
1116	( -1.2109761128e+00 3.7967827683e-01 -3.3779116640e-02 )	
1117	( -1.2109759313e+00 3.7967825584e-01 -3.3779842483e-02 )	
1118	( -1.2109760364e+00 3.7967831233e-01 -3.3779218694e-02 )	
1119	( -1.2109758591e+00 3.7967829220e-01 -3.3779941946e-02 )	
1120	( -1.2109759672e+00 3.7967834915e-01 -3.3779319044e-02 )	
1121	( -1.2109757939e+00 3.7967832974e-01 -3.3780039573e-02 )	
1122	( -1.2109759050e+00 3.7967838709e-01 -3.3779417455e-02 )	
1123	( -1.2109757356e+00 3.7967836829e-01 -3.3780135156e-02 )	
1124	( -1.2109758495e+00 3.7967842588e-01 -3.3779513693e-02 )	
1125	( -1.2109756839e+00 3.7967840759e-01 -3.3780228471e-02 )	
1126	( -1.2109758005e+00 3.7967846532e-01 -3.3779607560e-02 )	
1127	( -1.2109756384e+00 3.7967844736e-01 -3.3780319300e-02 )	
1128	( -1.2109757576e+00 3.7967850512e-01 -3.3779698838e-02 )	
1129	( -1.2109755989e+00 3.7967848744e-01 -3.3780407471e-02 )	
1130	( -1.2109757204e+00 3.7967854507e-01 -3.3779787352e-02 )	
1131	( -1.2109755649e+00 3.7967852750e-01 -3.3780492786e-02 )	
1132	( -1.2109756886e+00 3.7967858494e-01 -3.3779872935e-02 )	
1133	( -1.2109755361e+00 3.7967856738e-01 -3.3780575098e-02 )	
1134	( -1.2109756617e+00 3.7967862445e-01 -3.3779955419e-02 )	
1135	( -1.2109755121e+00 3.7967860680e-01 -3.3780654248e-02 )	
1136	( -1.2109756395e+00 3.7967866343e-01 -3.3780034676e-02 )	
1137	( -1.2109754924e+00 3.7967864554e-01 -3.3780730106e-02 )	
1138	( -1.2109756214e+00 3.7967870163e-01 -3.3780110580e-02 )	
1139	( -1.2109754768e+00 3.7967868343e-01 -3.3780802571e-02 )	
1140	( -1.2109756072e+00 3.7967873891e-01 -3.3780183043e-02 )	
1141	( -1.2109754649e+00 3.7967872033e-01 -3.3780871562e-02 )	
1142	( -1.2109755964e+00 3.7967877507e-01 -3.3780251979e-02 )	
1143	( -1.2109754563e+00 3.7967875606e-01 -3.3780937007e-02 )	
1144	( -1.2109755888e+00 3.7967880996e-01 -3.3780317319e-02 )	
1145	( -1.2109754507e+00 3.7967879044e-01 -3.3780998834e-02 )	
1146	( -1.2109755842e+00 3.7967884353e-01 -3.3780379045e-02 )	
1147	( -1.2109754480e+00 3.7967882345e-01 -3.3781057038e-02 )	
1148	( -1.2109755821e+00 3.7967887558e-01 -3.3780437101e-02 )	
1149	( -1.2109754478e+00 3.7967885496e-01 -3.3781111587e-02 )	
1150	( -1.2109755826e+00 3.7967890612e-01 -3.3780491503e-02 )	
1151	( -1.2109754498e+00 3.7967888486e-01 -3.3781162470e-02 )	
1152	( -1.2109755851e+00 3.7967893504e-01 -3.3780542241e-02 )	
1153	( -1.2109754539e+00 3.7967891311e-01 -3.3781209698e-02 )	
1154	( -1.2109755897e+00 3.7967896231e-01 -3.3780589330e-02 )	
1155	( -1.2109754599e+00 3.7967893968e-01 -3.3781253296e-02 )	
1156	( -1.2109755961e+00 3.7967898786e-01 -3.3780632800e-02 )	
1157	( -1.2109754676e+00 3.7967896452e-01 -3.3781293293e-02 )	
1158	( -1.2109756040e+00 3.7967901167e-01 -3.3780672677e-02 )	
1159	( -1.2109754768e+00 3.7967898761e-01 -3.3781329724e-02 )	
1160	( -1.2109756135e+00 3.7967903373e-01 -3.3780709011e-02 )	
1161	( -1.2109754874e+00 3.7967900892e-01 -3.3781362638e-02 )	
1162	( -1.2109756241e+00 3.7967905398e-01 -3.3780741841e-02 )	
1163	( -1.2109754992e+00 3.7967902844e-01 -3.3781392087e-02 )	
1164	( -1.2109756359e+00 3.7967907245e-01 -3.3780771234e-02 )	
1165	( -1.2109755120e+00 3.7967904617e-01 -3.3781418130e-02 )	
1166	( -1.2109756487e+00 3.7967908912e-01 -3.3780797247e-02 )	
1167	( -1.2109755257e+00 3.7967906209e-01 -3.3781440836e-02 )	
1168	( -1.2109756623e+00 3.7967910398e-01 -3.3780819953e-02 )	
1169	( -1.2109755401e+00 3.7967907621e-01 -3.3781460276e-02 )	
1170	( -1.2109756766e+00 3.7967911706e-01 -3.3780839429e-02 )	
1171	( -1.2109755552e+00 3.7967908854e-01 -3.3781476529e-02 )	
1172	( -1.2109756915e+00 3.7967912837e-01 -3.3780855756e-02 )	
1173	( -1.2109755708e+00 3.7967909912e-01 -3.3781489684e-02 )	
1174	( -1.2109757068e+00 3.7967913791e-01 -3.3780869021e-02 )	
1175	( -1.2109755868e+00 3.7967910796e-01 -3.3781499829e-02 )	
1176	( -1.2109757224e+00 3.7967914575e-01 -3.3780879321e-02 )	
1177	( -1.2109756031e+00 3.7967911510e-01 -3.3781507064e-02 )	
1178	( -1.2109757384e+00 3.7967915191e-01 -3.3780886756e-02 )	
1179	( -1.2109756197e+00 3.7967912061e-01 -3.3781511498e-02 )	
1180	( -1.2109757546e+00 3.7967915644e-01 -3.3780891427e-02 )	
1181	( -1.2109756364e+00 3.7967912450e-01 -3.3781513221e-02 )	
1182	( -1.2109757709e+00 3.7967915944e-01 -3.3780893463e-02 )	
1183	( -1.2109756534e+00 3.7967912690e-01 -3.3781512371e-02 )	
1184	( -1.2109757874e+00 3.7967916093e-01 -3.3780892952e-02 )	
1185	( -1.2109756704e+00 3.7967912783e-01 -3.3781509043e-02 )	
1186	( -1.2109758041e+00 3.7967916102e-01 -3.3780890032e-02 )	
1187	( -1.2109756876e+00 3.7967912739e-01 -3.3781503364e-02 )	
1188	( -1.2109758209e+00 3.7967915978e-01 -3.3780884817e-02 )	
1189	( -1.2109757050e+00 3.7967912565e-01 -3.3781495452e-02 )	
1190	( -1.2109758379e+00 3.7967915730e-01 -3.3780877429e-02 )	
1191	( -1.2109757225e+00 3.7967912273e-01 -3.3781485436e-02 )	
1192	( -1.2109758550e+00 3.7967915367e-01 -3.3780867987e-02 )	
1193	( -1.2109757402e+00 3.7967911870e-01 -3.3781473435e-02 )	
1194	( -1.2109758723e+00 3.7967914898e-01 -3.3780856618e-02 )	
1195	( -1.2109757580e+00 3.7967911365e-01 -3.3781459571e-02 )	
1196	( -1.2109758899e+00 3.7967914332e-01 -3.3780843440e-02 )	
1197	( -1.2109757762e+00 3.7967910769e-01 -3.3781443966e-02 )	
1198	( -1.2109759077e+00 3.7967913678e-01 -3.3780828578e-02 )	
1199	( -1.2109757947e+00 3.7967910091e-01 -3.3781426745e-02 )	
1200	( -1.2109759257e+00 3.7967912943e-01 -3.3780812134e-02 )	
1201	( -1.2109758134e+00 3.7967909340e-01 -3.3781408018e-02 )	
1202	( -1.2109759441e+00 3.7967912142e-01 -3.3780794250e-02 )	
1203	( -1.2109758325e+00 3.7967908521e-01 -3.3781387895e-02 )	
1204	( -1.2109759629e+00 3.7967911278e-01 -3.3780775022e-02 )	
1205	( -1.2109758519e+00 3.7967907646e-01 -3.3781366495e-02 )	
1206	( -1.2109759821e+00 3.7967910364e-01 -3.3780754575e-02 )	
1207	( -1.2109758718e+00 3.7967906720e-01 -3.3781343920e-02 )	
1208	( -1.2109760016e+00 3.7967909402e-01 -3.3780732996e-02 )	
1209	( -1.2109758920e+00 3.7967905754e-01 -3.3781320286e-02 )	
1210	( -1.2109760217e+00 3.7967908404e-01 -3.3780710411e-02 )	
1211	( -1.2109759127e+00 3.7967904752e-01 -3.3781295684e-02 )	
1212	( -1.2109760421e+00 3.7967907375e-01 -3.3780686902e-02 )	
1213	( -1.2109759338e+00 3.7967903724e-01 -3.3781270224e-02 )	
1214	( -1.2109760630e+00 3.7967906318e-01 -3.3780662567e-02 )	
1215	( -1.2109759554e+00 3.7967902674e-01 -3.3781244000e-02 )	
1216	( -1.2109760843e+00 3.7967905247e-01 -3.3780637518e-02 )	
1217	( -1.2109759775e+00 3.7967901610e-01 -3.3781217101e-02 )	
1218	( -1.2109761062e+00 3.7967904165e-01 -3.3780611843e-02 )	
1219	( -1.2109760000e+00 3.7967900536e-01 -3.3781189616e-02 )	
1220	( -1.2109761285e+00 3.7967903075e-01 -3.3780585619e-02 )	
1221	( -1.2109760230e+00 3.7967899458e-01 -3.3781161641e-02 )	
1222	( -1.2109761513e+00 3.7967901984e-01 -3.3780558935e-02 )	
1223	( -1.2109760464e+00 3.7967898384e-01 -3.3781133260e-02 )	
1224	( -1.2109761746e+00 3.7967900899e-01 -3.3780531884e-02 )	
1225	( -1.2109760704e+00 3.7967897317e-01 -3.3781104548e-02 )	
1226	( -1.2109761983e+00 3.7967899824e-01 -3.3780504541e-02 )	
1227	( -1.2109760949e+00 3.7967896262e-01 -3.3781075589e-02 )	
1228	( -1.2109762226e+00 3.7967898763e-01 -3.3780476984e-02 )	
1229	( -1.2109761198e+00 3.7967895223e-01 -3.3781046457e-02 )	
1230	( -1.2109762473e+00 3.7967897721e-01 -3.3780449285e-02 )	
1231	( -1.2109761451e+00 3.7967894204e-01 -3.3781017222e-02 )	
1232	( -1.2109762725e+00 3.7967896702e-01 -3.3780421518e-02 )	
1233	( -1.2109761710e+00 3.7967893210e-01 -3.3780987957e-02 )	
1234	( -1.2109762981e+00 3.7967895710e-01 -3.3780393749e-02 )	
1235	( -1.2109761973e+00 3.7967892244e-01 -3.3780958725e-02 )	
1236	( -1.2109763242e+00 3.7967894747e-01 -3.3780366042e-02 )	
1237	( -1.2109762240e+00 3.7967891309e-01 -3.3780929591e-02 )	
1238	( -1.2109763507e+00 3.7967893816e-01 -3.3780338454e-02 )	
1239	( -1.2109762511e+00 3.7967890409e-01 -3.3780900614e-02 )	
1240	( -1.2109763776e+00 3.7967892919e-01 -3.3780311042e-02 )	
1241	( -1.2109762787e+00 3.7967889546e-01 -3.3780871854e-02 )	
1242	( -1.2109764048e+00 3.7967892057e-01 -3.3780283854e-02 )	
1243	( -1.2109763066e+00 3.7967888720e-01 -3.3780843354e-02 )	
1244	( -1.2109764324e+00 3.7967891238e-01 -3.3780256966e-02 )	
1245	( -1.2109763347e+00 3.7967887931e-01 -3.3780815154e-02 )	
1246	( -1.2109764603e+00 3.7967890458e-01 -3.3780230402e-02 )	
1247	( -1.2109763631e+00 3.7967887184e-01 -3.3780787315e-02 )	
1248	( -1.2109764884e+00 3.7967889719e-01 -3.3780204213e-02 )	
1249	( -1.2109763917e+00 3.7967886475e-01 -3.3780759869e-02 )	
1250	( -1.2109765168e+00 3.7967889022e-01 -3.3780178435e-02 )	
1251	( -1.2109764206e+00 3.7967885811e-01 -3.3780732866e-02 )	
1252	( -1.2109765452e+00 3.7967888364e-01 -3.3780153105e-02 )	
1253	( -1.2109764495e+00 3.7967885186e-01 -3.3780706332e-02 )	
1254	( -1.2109765738e+00 3.7967887749e-01 -3.3780128263e-02 )	
1255	( -1.2109764785e+00 3.7967884604e-01 -3.3780680306e-02 )	
1256	( -1.2109766024e+00 3.7967887175e-01 -3.3780103937e-02 )	
1257	( -1.2109765075e+00 3.7967884061e-01 -3.3780654814e-02 )	
1258	( -1.2109766310e+00 3.7967886643e-01 -3.3780080162e-02 )	
1259	( -1.2109765365e+00 3.7967883559e-01 -3.3780629887e-02 )	
1260	( -1.2109766595e+00 3.7967886150e-01 -3.3780056958e-02 )	
1261	( -1.2109765653e+00 3.7967883098e-01 -3.3780605556e-02 )	
1262	( -1.2109766879e+00 3.7967885695e-01 -3.3780034354e-02 )	
1263	( -1.2109765940e+00 3.7967882675e-01 -3.3780581840e-02 )	
1264	( -1.2109767160e+00 3.7967885278e-01 -3.3780012366e-02 )	
1265	( -1.2109766225e+00 3.7967882290e-01 -3.3780558765e-02 )	
1266	( -1.2109767440e+00 3.7967884902e-01 -3.3779991039e-02 )	
1267	( -1.2109766506e+00 3.7967881939e-01 -3.3780536336e-02 )	
1268	( -1.2109767716e+00 3.7967884559e-01 -3.3779970364e-02 )	
1269	( -1.2109766785e+00 3.7967881626e-01 -3.3780514593e-02 )	
1270	( -1.2109767989e+00 3.7967884251e-01 -3.3779950370e-02 )	
1271	( -1.2109767059e+00 3.7967881347e-01 -3.3780493541e-02 )	
1272	( -1.2109768257e+00 3.7967883977e-01 -3.3779931070e-02 )	
1273	( -1.2109767329e+00 3.7967881101e-01 -3.3780473198e-02 )	
1274	( -1.2109768521e+00 3.7967883735e-01 -3.3779912483e-02 )	
1275	( -1.2109767594e+00 3.7967880883e-01 -3.3780453566e-02 )	
1276	( -1.2109768779e+00 3.7967883524e-01 -3.3779894617e-02 )	
1277	( -1.2109767854e+00 3.7967880699e-01 -3.3780434675e-02 )	
1278	( -1.2109769032e+00 3.7967883341e-01 -3.3779877476e-02 )	
1279	( -1.2109768107e+00 3.7967880542e-01 -3.3780416516e-02 )	
1280	( -1.2109769278e+00 3.7967883187e-01 -3.3779861080e-02 )	
1281	( -1.2109768354e+00 3.7967880412e-01 -3.3780399109e-02 )	
1282	( -1.2109769518e+00 3.7967883059e-01 -3.3779845427e-02 )	
1283	( -1.2109768594e+00 3.7967880307e-01 -3.3780382451e-02 )	
1284	( -1.2109769750e+00 3.7967882956e-01 -3.3779830529e-02 )	
1285	( -1.2109768826e+00 3.7967880226e-01 -3.3780366552e-02 )	
1286	( -1.2109769976e+00 3.7967882876e-01 -3.3779816385e-02 )	
1287	( -1.2109769051e+00 3.7967880167e-01 -3.3780351409e-02 )	
1288	( -1.2109770192e+00 3.7967882817e-01 -3.3779802993e-02 )	
1289	( -1.2109769267e+00 3.7967880129e-01 -3.3780337029e-02 )	
1290	( -1.2109770400e+00 3.7967882776e-01 -3.3779790349e-02 )	
1291	( -1.2109769475e+00 3.7967880110e-01 -3.3780323412e-02 )	
1292	( -1.2109770600e+00 3.7967882755e-01 -3.3779778472e-02 )	
1293	( -1.2109769674e+00 3.7967880107e-01 -3.3780310544e-02 )	
1294	( -1.2109770790e+00 3.7967882750e-01 -3.3779767341e-02 )	
1295	( -1.2109769863e+00 3.7967880121e-01 -3.3780298437e-02 )	
1296	( -1.2109770971e+00 3.7967882760e-01 -3.3779756961e-02 )	
1297	( -1.2109770043e+00 3.7967880149e-01 -3.3780287081e-02 )	
1298	( -1.2109771142e+00 3.7967882783e-01 -3.3779747325e-02 )	
1299	( -1.2109770214e+00 3.7967880190e-01 -3.3780276473e-02 )	
1300	( -1.2109771304e+00 3.7967882819e-01 -3.3779738429e-02 )	
1301	( -1.2109770373e+00 3.7967880241e-01 -3.3780266599e-02 )	
1302	( -1.2109771455e+00 3.7967882866e-01 -3.3779730266e-02 )	
1303	( -1.2109770524e+00 3.7967880305e-01 -3.3780257466e-02 )	
1304	( -1.2109771596e+00 3.7967882922e-01 -3.3779722829e-02 )	
1305	( -1.2109770663e+00 3.7967880375e-01 -3.3780249048e-02 )	
1306	( -1.2109771727e+00 3.7967882987e-01 -3.3779716104e-02 )	
1307	( -1.2109770792e+00 3.7967880454e-01 -3.3780241350e-02 )	
1308	( -1.2109771847e+00 3.7967883057e-01 -3.3779710081e-02 )	
1309	( -1.2109770911e+00 3.7967880542e-01 -3.3780234361e-02 )	
1310	( -1.2109771956e+00 3.7967883136e-01 -3.3779704758e-02 )	
1311	( -1.2109771019e+00 3.7967880633e-01 -3.3780228061e-02 )	
1312	( -1.2109772056e+00 3.7967883220e-01 -3.3779700124e-02 )	
1313	( -1.2109771116e+00 3.7967880729e-01 -3.3780222438e-02 )	
1314	( -1.2109772144e+00 3.7967883307e-01 -3.3779696153e-02 )	
1315	( -1.2109771204e+00 3.7967880832e-01 -3.3780217496e-02 )	
1316	( -1.2109772222e+00 3.7967883397e-01 -3.3779692837e-02 )	
1317	( -1.2109771281e+00 3.7967880937e-01 -3.3780213207e-02 )	
1318	( -1.2109772289e+00 3.7967883492e-01 -3.3779690172e-02 )	
1319	( -1.2109771347e+00 3.7967881044e-01 -3.3780209554e-02 )	
1320	( -1.2109772347e+00 3.7967883590e-01 -3.3779688138e-02 )	
1321	( -1.2109771403e+00 3.7967881151e-01 -3.3780206522e-02 )	
1322	( -1.2109772395e+00 3.7967883693e-01 -3.3779686732e-02 )	
1323	( -1.2109771448e+00 3.7967881260e-01 -3.3780204099e-02 )	
1324	( -1.2109772433e+00 3.7967883793e-01 -3.3779685907e-02 )	
1325	( -1.2109771485e+00 3.7967881373e-01 -3.3780202280e-02 )	
1326	( -1.2109772461e+00 3.7967883896e-01 -3.3779685670e-02 )	
1327	( -1.2109771512e+00 3.7967881485e-01 -3.3780201035e-02 )	
1328	( -1.2109772479e+00 3.7967883996e-01 -3.3779685984e-02 )	
1329	( -1.2109771529e+00 3.7967881600e-01 -3.3780200354e-02 )	
1330	( -1.2109772488e+00 3.7967884099e-01 -3.3779686854e-02 )	
1331	( -1.2109771538e+00 3.7967881713e-01 -3.3780200209e-02 )	
1332	( -1.2109772488e+00 3.7967884203e-01 -3.3779688255e-02 )	
1333	( -1.2109771537e+00 3.7967881826e-01 -3.3780200584e-02 )	
1334	( -1.2109772480e+00 3.7967884304e-01 -3.3779690157e-02 )	
1335	( -1.2109771528e+00 3.7967881938e-01 -3.3780201459e-02 )	
1336	( -1.2109772463e+00 3.7967884407e-01 -3.3779692552e-02 )	
1337	( -1.2109771511e+00 3.7967882052e-01 -3.3780202828e-02 )	
1338	( -1.2109772438e+00 3.7967884508e-01 -3.3779695415e-02 )	
1339	( -1.2109771486e+00 3.7967882163e-01 -3.3780204647e-02 )	
1340	( -1.2109772406e+00 3.7967884610e-01 -3.3779698726e-02 )	
1341	( -1.2109771454e+00 3.7967882274e-01 -3.3780206913e-02 )	
1342	( -1.2109772366e+00 3.7967884709e-01 -3.3779702462e-02 )	
1343	( -1.2109771414e+00 3.7967882385e-01 -3.3780209603e-02 )	
1344	( -1.2109772320e+00 3.7967884809e-01 -3.3779706608e-02 )	
1345	( -1.2109771368e+00 3.7967882494e-01 -3.3780212690e-02 )	
1346	( -1.2109772267e+00 3.7967884909e-01 -3.3779711143e-02 )	
1347	( -1.2109771315e+00 3.7967882601e-01 -3.3780216148e-02 )	
1348	( -1.2109772208e+00 3.7967885008e-01 -3.3779716046e-02 )	
1349	( -1.2109771256e+00 3.7967882708e-01 -3.3780219970e-02 )	
1350	( -1.2109772143e+00 3.7967885105e-01 -3.3779721285e-02 )	
1351	( -1.2109771192e+00 3.7967882815e-01 -3.3780224131e-02 )	
1352	( -1.2109772073e+00 3.7967885203e-01 -3.3779726849e-02 )	
1353	( -1.2109771123e+00 3.7967882922e-01 -3.3780228604e-02 )	
1354	( -1.2109771998e+00 3.7967885299e-01 -3.3779732708e-02 )	
1355	( -1.2109771049e+00 3.7967883028e-01 -3.3780233372e-02 )	
1356	( -1.2109771919e+00 3.7967885397e-01 -3.3779738856e-02 )	
1357	( -1.2109770971e+00 3.7967883133e-01 -3.3780238407e-02 )	
1358	( -1.2109771835e+00 3.7967885492e-01 -3.3779745254e-02 )	
1359	( -1.2109770889e+00 3.7967883239e-01 -3.3780243700e-02 )	
1360	( -1.2109771748e+00 3.7967885587e-01 -3.3779751884e-02 )	
1361	( -1.2109770803e+00 3.7967883344e-01 -3.3780249219e-02 )	
1362	( -1.2109771657e+00 3.7967885682e-01 -3.3779758730e-02 )	
1363	( -1.2109770715e+00 3.7967883450e-01 -3.3780254949e-02 )	
1364	( -1.2109771564e+00 3.7967885778e-01 -3.3779765776e-02 )	
1365	( -1.2109770623e+00 3.7967883555e-01 -3.3780260858e-02 )	
1366	( -1.2109771468e+00 3.7967885874e-01 -3.3779772991e-02 )	
1367	( -1.2109770530e+00 3.7967883661e-01 -3.3780266940e-02 )	
1368	( -1.2109771370e+00 3.7967885970e-01 -3.3779780354e-02 )	
1369	( -1.2109770434e+00 3.7967883766e-01 -3.3780273161e-02 )	
1370	( -1.2109771270e+00 3.7967886067e-01 -3.3779787856e-02 )	
1371	( -1.2109770337e+00 3.7967883873e-01 -3.3780279512e-02 )	
1372	( -1.2109771169e+00 3.7967886163e-01 -3.3779795462e-02 )	
1373	( -1.2109770239e+00 3.7967883979e-01 -3.3780285961e-02 )	
1374	( -1.2109771067e+00 3.7967886261e-01 -3.3779803165e-02 )	
1375	( -1.2109770140e+00 3.7967884085e-01 -3.3780292499e-02 )	
1376	( -1.2109770965e+00 3.7967886360e-01 -3.3779810939e-02 )	
1377	( -1.2109770040e+00 3.7967884190e-01 -3.3780299094e-02 )	
1378	( -1.2109770862e+00 3.7967886460e-01 -3.3779818771e-02 )	
1379	( -1.2109769940e+00 3.7967884298e-01 -3.3780305743e-02 )	
1380	( -1.2109770760e+00 3.7967886559e-01 -3.3779826629e-02 )	
1381	( -1.2109769841e+00 3.7967884406e-01 -3.3780312422e-02 )	
1382	( -1.2109770657e+00 3.7967886658e-01 -3.3779834504e-02 )	
1383	( -1.2109769742e+00 3.7967884514e-01 -3.3780319108e-02 )	
1384	( -1.2109770555e+00 3.7967886758e-01 -3.3779842378e-02 )	
1385	( -1.2109769644e+00 3.7967884625e-01 -3.3780325796e-02 )	
1386	( -1.2109770454e+00 3.7967886858e-01 -3.3779850230e-02 )	
1387	( -1.2109769547e+00 3.7967884734e-01 -3.3780332452e-02 )	
1388	( -1.2109770354e+00 3.7967886958e-01 -3.3779858046e-02 )	
