# Time           	e423_0           
1	1.3146179576e+01	
2	7.4592145246e-01	
3	1.3777186654e-01	
4	5.3552292781e-02	
5	4.2839426828e-02	
6	5.4113891387e-02	
7	5.9855355812e-02	
8	6.6867563109e-02	
9	6.9507550418e-02	
10	7.1565064843e-02	
11	7.4290546180e-02	
12	7.5409711717e-02	
13	7.6441442337e-02	
14	7.7163298005e-02	
15	7.8096631717e-02	
16	7.8645256827e-02	
17	7.9080374373e-02	
18	7.9360708328e-02	
19	7.9745781485e-02	
20	8.0183963452e-02	
21	8.0632989475e-02	
22	8.1205806962e-02	
23	8.1765113577e-02	
24	8.2032127986e-02	
25	8.2522719965e-02	
26	8.2914927310e-02	
27	8.3155980020e-02	
28	8.3320368841e-02	
29	8.3347839928e-02	
30	8.3231685456e-02	
31	8.3165607235e-02	
32	8.2950697297e-02	
33	8.2742050305e-02	
34	8.2422246329e-02	
35	8.2100076405e-02	
36	8.1703523140e-02	
37	8.1291942826e-02	
38	8.0893304374e-02	
39	8.0442475231e-02	
40	7.9957778713e-02	
41	7.9510722793e-02	
42	7.9022606857e-02	
43	7.8578404157e-02	
44	7.8094792149e-02	
45	7.7638096107e-02	
46	7.7164273507e-02	
47	7.6749487540e-02	
48	7.6278661563e-02	
49	7.5828256205e-02	
50	7.5402025330e-02	
51	7.4974558330e-02	
52	7.4533924528e-02	
53	7.4120233420e-02	
54	7.3662105224e-02	
55	7.3287325340e-02	
56	7.2879482839e-02	
57	7.2497727358e-02	
58	7.2118974102e-02	
59	7.1756261389e-02	
60	7.1418439249e-02	
61	7.1132907790e-02	
62	7.0810440570e-02	
63	7.0553813691e-02	
64	7.0252048590e-02	
65	6.9968166120e-02	
66	6.9670059876e-02	
67	6.9419585473e-02	
68	6.9133165041e-02	
69	6.8861020593e-02	
70	6.8566810915e-02	
71	6.8454622423e-02	
72	6.8148526646e-02	
73	6.8022399367e-02	
74	6.7645256148e-02	
75	6.7576582587e-02	
76	6.7176568935e-02	
77	6.7124042681e-02	
78	6.6726033080e-02	
79	6.6640155999e-02	
80	6.6276505892e-02	
81	6.6161802065e-02	
82	6.5831811415e-02	
83	6.5660903280e-02	
84	6.5368504111e-02	
85	6.5144295558e-02	
86	6.4792464728e-02	
87	6.4531321461e-02	
88	6.4209516567e-02	
89	6.3918809897e-02	
90	6.3594753717e-02	
91	6.3290867261e-02	
92	6.2955298497e-02	
93	6.2640645284e-02	
94	6.2290401213e-02	
95	6.1950306346e-02	
96	6.1604114983e-02	
97	6.1276872359e-02	
98	6.0946708744e-02	
99	6.0641279326e-02	
100	6.0341994096e-02	
101	6.0062034900e-02	
102	5.9790129523e-02	
103	5.9526239944e-02	
104	5.9253963444e-02	
105	5.8985045734e-02	
106	5.8695978566e-02	
107	5.8421276223e-02	
108	5.8133627089e-02	
109	5.7864625538e-02	
110	5.7591376491e-02	
111	5.7331306159e-02	
112	5.7070011513e-02	
113	5.6816297253e-02	
114	5.6551313079e-02	
115	5.6295110753e-02	
116	5.6028606652e-02	
117	5.5758137116e-02	
118	5.5486955589e-02	
119	5.5226686721e-02	
120	5.4957059722e-02	
121	5.4672542881e-02	
122	5.4345140729e-02	
123	5.4018957529e-02	
124	5.3692289829e-02	
125	5.3365740017e-02	
126	5.3035281982e-02	
127	5.2719458380e-02	
128	5.2395874514e-02	
129	5.2066688261e-02	
130	5.1732945932e-02	
131	5.1416179302e-02	
132	5.1103896481e-02	
133	5.0805201255e-02	
134	5.0509127409e-02	
135	5.0217505961e-02	
136	4.9912095982e-02	
137	4.9612018298e-02	
138	4.9302905410e-02	
139	4.9001576524e-02	
140	4.8684866526e-02	
141	4.8371931625e-02	
142	4.8031541977e-02	
143	4.7712113340e-02	
144	4.7407252742e-02	
145	4.7133208816e-02	
146	4.6865496375e-02	
147	4.6561357537e-02	
148	4.6251966604e-02	
149	4.5960281072e-02	
150	4.5700250467e-02	
151	4.5447436922e-02	
152	4.5188874270e-02	
153	4.4863283393e-02	
154	4.4550477268e-02	
155	4.4248895132e-02	
156	4.3949564514e-02	
157	4.3661664260e-02	
158	4.3374709131e-02	
159	4.3089388521e-02	
160	4.2803392681e-02	
161	4.2522070100e-02	
162	4.2229940184e-02	
163	4.1939976681e-02	
164	4.1654006756e-02	
165	4.1383158557e-02	
166	4.1111944947e-02	
167	4.0836040937e-02	
168	4.0560499224e-02	
169	4.0300250569e-02	
170	4.0043378877e-02	
171	3.9803138343e-02	
172	3.9572283814e-02	
173	3.9347853737e-02	
174	3.9126210368e-02	
175	3.8909530470e-02	
176	3.8705420443e-02	
177	3.8520241357e-02	
178	3.8334489580e-02	
179	3.8160540075e-02	
180	3.7989048970e-02	
181	3.7829803278e-02	
182	3.7673282561e-02	
183	3.7530813813e-02	
184	3.7388348118e-02	
185	3.7256596468e-02	
186	3.7126979186e-02	
187	3.7007505415e-02	
188	3.6886054823e-02	
189	3.6777074365e-02	
190	3.6660020646e-02	
191	3.6541891821e-02	
192	3.6440199147e-02	
193	3.6340336020e-02	
194	3.6232426056e-02	
195	3.6128098739e-02	
196	3.6015302045e-02	
197	3.5905977211e-02	
198	3.5793807687e-02	
199	3.5680696146e-02	
200	3.5565692361e-02	
201	3.5462993177e-02	
202	3.5356985216e-02	
203	3.5262070495e-02	
204	3.5167540973e-02	
205	3.5081561208e-02	
206	3.4994536529e-02	
207	3.4915632705e-02	
208	3.4836815459e-02	
209	3.4766106746e-02	
210	3.4695157551e-02	
211	3.4632523151e-02	
212	3.4570033912e-02	
213	3.4521167358e-02	
214	3.4475107127e-02	
215	3.4436749630e-02	
216	3.4394543861e-02	
217	3.4356206411e-02	
218	3.4320004482e-02	
219	3.4298547163e-02	
220	3.4276142630e-02	
221	3.4265407217e-02	
222	3.4252654311e-02	
223	3.4258189369e-02	
224	3.4273364081e-02	
225	3.4295623011e-02	
226	3.4313523537e-02	
227	3.4322375773e-02	
228	3.4325405523e-02	
229	3.4332174787e-02	
230	3.4331273554e-02	
231	3.4316649316e-02	
232	3.4281884088e-02	
233	3.4241845431e-02	
234	3.4203877969e-02	
235	3.4170262131e-02	
236	3.4109956803e-02	
237	3.4037920395e-02	
238	3.3992293632e-02	
239	3.3970686955e-02	
240	3.3951077571e-02	
241	3.3935912903e-02	
242	3.3909984171e-02	
243	3.3884478485e-02	
244	3.3849585029e-02	
245	3.3816476264e-02	
246	3.3781076656e-02	
247	3.3751309478e-02	
248	3.3713792467e-02	
249	3.3676663563e-02	
250	3.3634218018e-02	
251	3.3588506803e-02	
252	3.3532717214e-02	
253	3.3474878598e-02	
254	3.3408607982e-02	
255	3.3344485177e-02	
256	3.3273962227e-02	
257	3.3204771546e-02	
258	3.3132043530e-02	
259	3.3059324637e-02	
260	3.2977508478e-02	
261	3.2900004236e-02	
262	3.2806891047e-02	
263	3.2720471310e-02	
264	3.2628557709e-02	
265	3.2540765688e-02	
266	3.2449469540e-02	
267	3.2360904903e-02	
268	3.2264866258e-02	
269	3.2173259853e-02	
270	3.2080548571e-02	
271	3.1991689740e-02	
272	3.1900424834e-02	
273	3.1815266359e-02	
274	3.1726835660e-02	
275	3.1644443000e-02	
276	3.1560478663e-02	
277	3.1479764421e-02	
278	3.1399624872e-02	
279	3.1325328500e-02	
280	3.1249464661e-02	
281	3.1178797497e-02	
282	3.1107221221e-02	
283	3.1043943776e-02	
284	3.0976895906e-02	
285	3.0915260398e-02	
286	3.0849203114e-02	
287	3.0788302783e-02	
288	3.0724505125e-02	
289	3.0666874277e-02	
290	3.0606819033e-02	
291	3.0550924819e-02	
292	3.0492988988e-02	
293	3.0437102440e-02	
294	3.0378733677e-02	
295	3.0327111665e-02	
296	3.0273906049e-02	
297	3.0228793515e-02	
298	3.0176889996e-02	
299	3.0130627262e-02	
300	3.0074343222e-02	
301	3.0010132053e-02	
302	2.9938044012e-02	
303	2.9862348978e-02	
304	2.9782995991e-02	
305	2.9739498129e-02	
306	2.9709179632e-02	
307	2.9684974646e-02	
308	2.9652662415e-02	
309	2.9611187383e-02	
310	2.9558753666e-02	
311	2.9501860674e-02	
312	2.9434753486e-02	
313	2.9382155243e-02	
314	2.9315458567e-02	
315	2.9236940077e-02	
316	2.9154213142e-02	
317	2.9096403866e-02	
318	2.9046631171e-02	
319	2.9011739405e-02	
320	2.8977861610e-02	
321	2.8931997397e-02	
322	2.8886208222e-02	
323	2.8849767103e-02	
324	2.8794750536e-02	
325	2.8731322730e-02	
326	2.8655471446e-02	
327	2.8571157100e-02	
328	2.8517064610e-02	
329	2.8472962346e-02	
330	2.8438020872e-02	
331	2.8407237850e-02	
332	2.8377600330e-02	
333	2.8352948286e-02	
334	2.8326206223e-02	
335	2.8306086118e-02	
336	2.8285693457e-02	
337	2.8271700199e-02	
338	2.8256609679e-02	
339	2.8245792183e-02	
340	2.8231504142e-02	
341	2.8219956930e-02	
342	2.8205461804e-02	
343	2.8194712909e-02	
344	2.8184068918e-02	
345	2.8181774915e-02	
346	2.8180621894e-02	
347	2.8190423771e-02	
348	2.8200193999e-02	
349	2.8211693789e-02	
350	2.8218380579e-02	
351	2.8224740374e-02	
352	2.8229999296e-02	
353	2.8242502870e-02	
354	2.8253213851e-02	
355	2.8272001101e-02	
356	2.8291721499e-02	
357	2.8317293387e-02	
358	2.8343090471e-02	
359	2.8376197230e-02	
360	2.8407427116e-02	
361	2.8427220125e-02	
362	2.8446748975e-02	
363	2.8473842591e-02	
364	2.8486114582e-02	
365	2.8498097859e-02	
366	2.8531654407e-02	
367	2.8568474936e-02	
368	2.8582185817e-02	
369	2.8589952937e-02	
370	2.8597505992e-02	
371	2.8612607225e-02	
372	2.8630746317e-02	
373	2.8655362036e-02	
374	2.8665003645e-02	
375	2.8678055791e-02	
376	2.8688575165e-02	
377	2.8703183550e-02	
378	2.8714433975e-02	
379	2.8735862546e-02	
380	2.8760787364e-02	
381	2.8790580957e-02	
382	2.8818221435e-02	
383	2.8848558756e-02	
384	2.8876755337e-02	
385	2.8912676239e-02	
386	2.8945996308e-02	
387	2.8981933420e-02	
388	2.9012686668e-02	
389	2.9045639897e-02	
390	2.9074019809e-02	
391	2.9102972163e-02	
392	2.9125941771e-02	
393	2.9149273584e-02	
394	2.9168334248e-02	
395	2.9188891434e-02	
396	2.9203941445e-02	
397	2.9216130662e-02	
398	2.9218399635e-02	
399	2.9221401068e-02	
400	2.9217857028e-02	
401	2.9215015889e-02	
402	2.9206076386e-02	
403	2.9197240490e-02	
404	2.9182819210e-02	
405	2.9169096063e-02	
406	2.9150114691e-02	
407	2.9132139067e-02	
408	2.9109412632e-02	
409	2.9087986836e-02	
410	2.9061946286e-02	
411	2.9037444690e-02	
412	2.9008592205e-02	
413	2.8981525509e-02	
414	2.8950342316e-02	
415	2.8921132820e-02	
416	2.8888019100e-02	
417	2.8857046522e-02	
418	2.8822387115e-02	
419	2.8790163281e-02	
420	2.8754495329e-02	
421	2.8721392324e-02	
422	2.8684968990e-02	
423	2.8651223673e-02	
424	2.8614494286e-02	
425	2.8580721296e-02	
426	2.8543780557e-02	
427	2.8509655545e-02	
428	2.8471952062e-02	
429	2.8437184009e-02	
430	2.8399916285e-02	
431	2.8365683577e-02	
432	2.8328812799e-02	
433	2.8295125809e-02	
434	2.8258479274e-02	
435	2.8224901508e-02	
436	2.8188648980e-02	
437	2.8155494436e-02	
438	2.8119665383e-02	
439	2.8086949645e-02	
440	2.8051567064e-02	
441	2.8019323930e-02	
442	2.7984485006e-02	
443	2.7952797514e-02	
444	2.7918509117e-02	
445	2.7887415740e-02	
446	2.7853792039e-02	
447	2.7823302185e-02	
448	2.7790505036e-02	
449	2.7760808058e-02	
450	2.7728639591e-02	
451	2.7699726679e-02	
452	2.7668301352e-02	
453	2.7640044005e-02	
454	2.7609325106e-02	
455	2.7581785110e-02	
456	2.7551702642e-02	
457	2.7524854384e-02	
458	2.7495634514e-02	
459	2.7469643608e-02	
460	2.7441302782e-02	
461	2.7416258331e-02	
462	2.7388737485e-02	
463	2.7364397449e-02	
464	2.7337802097e-02	
465	2.7314478752e-02	
466	2.7288865766e-02	
467	2.7266493730e-02	
468	2.7241879754e-02	
469	2.7220542770e-02	
470	2.7196901192e-02	
471	2.7176383068e-02	
472	2.7153557581e-02	
473	2.7133902662e-02	
474	2.7111971855e-02	
475	2.7093200648e-02	
476	2.7072157915e-02	
477	2.7054278694e-02	
478	2.7034212415e-02	
479	2.7017286458e-02	
480	2.6998087811e-02	
481	2.6982017944e-02	
482	2.6963730857e-02	
483	2.6948591867e-02	
484	2.6931228358e-02	
485	2.6916964498e-02	
486	2.6900476976e-02	
487	2.6887126946e-02	
488	2.6871564828e-02	
489	2.6859135076e-02	
490	2.6844494334e-02	
491	2.6832969774e-02	
492	2.6818735406e-02	
493	2.6807391631e-02	
494	2.6793714621e-02	
495	2.6782927191e-02	
496	2.6769845563e-02	
497	2.6759664286e-02	
498	2.6747240172e-02	
499	2.6737695699e-02	
500	2.6725884844e-02	
501	2.6716807927e-02	
502	2.6705445800e-02	
503	2.6696958845e-02	
504	2.6686195410e-02	
505	2.6678292650e-02	
506	2.6668049313e-02	
507	2.6660617442e-02	
508	2.6650869046e-02	
509	2.6643931578e-02	
510	2.6634708735e-02	
511	2.6628280110e-02	
512	2.6619572769e-02	
513	2.6613710056e-02	
514	2.6605589080e-02	
515	2.6600271004e-02	
516	2.6592685169e-02	
517	2.6587878864e-02	
518	2.6580797635e-02	
519	2.6576477417e-02	
520	2.6569888419e-02	
521	2.6566087557e-02	
522	2.6559961125e-02	
523	2.6556519917e-02	
524	2.6550749916e-02	
525	2.6547626214e-02	
526	2.6542152223e-02	
527	2.6539293940e-02	
528	2.6534066157e-02	
529	2.6531415936e-02	
530	2.6526390557e-02	
531	2.6523922640e-02	
532	2.6519066183e-02	
533	2.6516741312e-02	
534	2.6512023656e-02	
535	2.6509816017e-02	
536	2.6505213419e-02	
537	2.6503110081e-02	
538	2.6498620681e-02	
539	2.6496589761e-02	
540	2.6492110066e-02	
541	2.6490118965e-02	
542	2.6485747365e-02	
543	2.6483850627e-02	
544	2.6479582751e-02	
545	2.6477772260e-02	
546	2.6473606077e-02	
547	2.6471898214e-02	
548	2.6467850896e-02	
549	2.6466262924e-02	
550	2.6462357027e-02	
551	2.6460914712e-02	
552	2.6457177876e-02	
553	2.6455907479e-02	
554	2.6452356929e-02	
555	2.6451280843e-02	
556	2.6447947516e-02	
557	2.6447081649e-02	
558	2.6443976903e-02	
559	2.6443340224e-02	
560	2.6440481150e-02	
561	2.6440099685e-02	
562	2.6437498589e-02	
563	2.6437358583e-02	
564	2.6435006887e-02	
565	2.6435098250e-02	
566	2.6432969365e-02	
567	2.6433272769e-02	
568	2.6431351366e-02	
569	2.6431812277e-02	
570	2.6429999723e-02	
571	2.6430580016e-02	
572	2.6428918759e-02	
573	2.6429602493e-02	
574	2.6428022306e-02	
575	2.6428767182e-02	
576	2.6427227692e-02	
577	2.6427988002e-02	
578	2.6426484420e-02	
579	2.6427251194e-02	
580	2.6425723696e-02	
581	2.6426442321e-02	
582	2.6424864635e-02	
583	2.6425524464e-02	
584	2.6423885275e-02	
585	2.6424470818e-02	
586	2.6422767204e-02	
587	2.6423280062e-02	
588	2.6421510322e-02	
589	2.6421946811e-02	
590	2.6420113898e-02	
591	2.6420484025e-02	
592	2.6418594560e-02	
593	2.6418900432e-02	
594	2.6416952522e-02	
595	2.6417192622e-02	
596	2.6415187778e-02	
597	2.6415366169e-02	
598	2.6413348613e-02	
599	2.6413497146e-02	
600	2.6411404169e-02	
601	2.6411466016e-02	
602	2.6409293046e-02	
603	2.6409269731e-02	
604	2.6407022450e-02	
605	2.6406922061e-02	
606	2.6404605185e-02	
607	2.6404427120e-02	
608	2.6402037715e-02	
609	2.6401779050e-02	
610	2.6399312707e-02	
611	2.6398967129e-02	
612	2.6396434037e-02	
613	2.6396028360e-02	
614	2.6393423388e-02	
615	2.6392926333e-02	
616	2.6390234401e-02	
617	2.6389633136e-02	
618	2.6386839935e-02	
619	2.6386128679e-02	
620	2.6383229653e-02	
621	2.6382400599e-02	
622	2.6379389057e-02	
623	2.6378438622e-02	
624	2.6375308378e-02	
625	2.6374235127e-02	
626	2.6370981543e-02	
627	2.6369778463e-02	
628	2.6366402430e-02	
629	2.6365067978e-02	
630	2.6361570723e-02	
631	2.6360110492e-02	
632	2.6356501715e-02	
633	2.6354941953e-02	
634	2.6351256295e-02	
635	2.6349589425e-02	
636	2.6345773381e-02	
637	2.6343912271e-02	
638	2.6339938065e-02	
639	2.6338003452e-02	
640	2.6333950847e-02	
641	2.6331918685e-02	
642	2.6327777588e-02	
643	2.6325654715e-02	
644	2.6321442510e-02	
645	2.6319224227e-02	
646	2.6314935770e-02	
647	2.6312676842e-02	
648	2.6308355246e-02	
649	2.6306059140e-02	
650	2.6301702107e-02	
651	2.6299371280e-02	
652	2.6294992036e-02	
653	2.6292700803e-02	
654	2.6288356803e-02	
655	2.6285993435e-02	
656	2.6281560314e-02	
657	2.6279090982e-02	
658	2.6274541997e-02	
659	2.6271928422e-02	
660	2.6267221770e-02	
661	2.6264430429e-02	
662	2.6259526487e-02	
663	2.6256538341e-02	
664	2.6251461459e-02	
665	2.6248289282e-02	
666	2.6243024544e-02	
667	2.6239679762e-02	
668	2.6234427499e-02	
669	2.6231154836e-02	
670	2.6225770193e-02	
671	2.6222295241e-02	
672	2.6216852946e-02	
673	2.6213409371e-02	
674	2.6207898315e-02	
675	2.6204187410e-02	
676	2.6198543057e-02	
677	2.6194842184e-02	
678	2.6189129862e-02	
679	2.6185325917e-02	
680	2.6179643348e-02	
681	2.6175841670e-02	
682	2.6170117657e-02	
683	2.6166204134e-02	
684	2.6160272086e-02	
685	2.6156362487e-02	
686	2.6150565866e-02	
687	2.6146744777e-02	
688	2.6141160318e-02	
689	2.6137594531e-02	
690	2.6132159746e-02	
691	2.6128665609e-02	
692	2.6123327645e-02	
693	2.6119979096e-02	
694	2.6114756008e-02	
695	2.6111460719e-02	
696	2.6106439772e-02	
697	2.6103523296e-02	
698	2.6098880155e-02	
699	2.6096256429e-02	
700	2.6091865248e-02	
701	2.6089469725e-02	
702	2.6085305826e-02	
703	2.6083129692e-02	
704	2.6079193728e-02	
705	2.6077243334e-02	
706	2.6073539726e-02	
707	2.6071817649e-02	
708	2.6068348267e-02	
709	2.6066851694e-02	
710	2.6063610918e-02	
711	2.6062336906e-02	
712	2.6059322155e-02	
713	2.6058263849e-02	
714	2.6055467196e-02	
715	2.6054615949e-02	
716	2.6052029826e-02	
717	2.6051385573e-02	
718	2.6048992003e-02	
719	2.6048524491e-02	
720	2.6046323875e-02	
721	2.6046041357e-02	
722	2.6044061535e-02	
723	2.6043984652e-02	
724	2.6042163456e-02	
725	2.6042231417e-02	
726	2.6040558038e-02	
727	2.6040761109e-02	
728	2.6039220370e-02	
729	2.6039545494e-02	
730	2.6038125803e-02	
731	2.6038559280e-02	
732	2.6037247617e-02	
733	2.6037777727e-02	
734	2.6036561912e-02	
735	2.6037176833e-02	
736	2.6036044544e-02	
737	2.6036732432e-02	
738	2.6035671568e-02	
739	2.6036419642e-02	
740	2.6035418480e-02	
741	2.6036215107e-02	
742	2.6035262222e-02	
743	2.6036096371e-02	
744	2.6035181142e-02	
745	2.6036042561e-02	
746	2.6035155806e-02	
747	2.6036035467e-02	
748	2.6035168486e-02	
749	2.6036058872e-02	
750	2.6035204626e-02	
751	2.6036099446e-02	
752	2.6035252375e-02	
753	2.6036146703e-02	
754	2.6035302188e-02	
755	2.6036193057e-02	
756	2.6035348563e-02	
757	2.6036232762e-02	
758	2.6035386574e-02	
759	2.6036263119e-02	
760	2.6035414357e-02	
761	2.6036282981e-02	
762	2.6035431738e-02	
763	2.6036292634e-02	
764	2.6035439670e-02	
765	2.6036293682e-02	
766	2.6035439773e-02	
767	2.6036288157e-02	
768	2.6035434514e-02	
769	2.6036278675e-02	
770	2.6035426318e-02	
771	2.6036267351e-02	
772	2.6035417683e-02	
773	2.6036256283e-02	
774	2.6035410177e-02	
775	2.6036247603e-02	
776	2.6035405362e-02	
777	2.6036242322e-02	
778	2.6035405257e-02	
779	2.6036242348e-02	
780	2.6035410404e-02	
781	2.6036247337e-02	
782	2.6035420654e-02	
783	2.6036257899e-02	
784	2.6035436462e-02	
785	2.6036274062e-02	
786	2.6035457790e-02	
787	2.6036296087e-02	
788	2.6035485144e-02	
789	2.6036324034e-02	
790	2.6035518716e-02	
791	2.6036358444e-02	
792	2.6035559057e-02	
793	2.6036399976e-02	
794	2.6035606922e-02	
795	2.6036449530e-02	
796	2.6035663272e-02	
797	2.6036508333e-02	
798	2.6035729505e-02	
799	2.6036577440e-02	
800	2.6035806851e-02	
801	2.6036658486e-02	
802	2.6035896799e-02	
803	2.6036753049e-02	
804	2.6036000848e-02	
805	2.6036862167e-02	
806	2.6036120433e-02	
807	2.6036987421e-02	
808	2.6036256588e-02	
809	2.6037129897e-02	
810	2.6036410204e-02	
811	2.6037290092e-02	
812	2.6036581991e-02	
813	2.6037468766e-02	
814	2.6036772096e-02	
815	2.6037665611e-02	
816	2.6036980435e-02	
817	2.6037880560e-02	
818	2.6037206486e-02	
819	2.6038112928e-02	
820	2.6037449657e-02	
821	2.6038361915e-02	
822	2.6037708723e-02	
823	2.6038626231e-02	
824	2.6037982522e-02	
825	2.6038904609e-02	
826	2.6038269802e-02	
827	2.6039195771e-02	
828	2.6038568999e-02	
829	2.6039498222e-02	
830	2.6038878739e-02	
831	2.6039810445e-02	
832	2.6039197919e-02	
833	2.6040131435e-02	
834	2.6039524771e-02	
835	2.6040459697e-02	
836	2.6039858271e-02	
837	2.6040793819e-02	
838	2.6040197996e-02	
839	2.6041134249e-02	
840	2.6040542966e-02	
841	2.6041479186e-02	
842	2.6040892000e-02	
843	2.6041827817e-02	
844	2.6041244384e-02	
845	2.6042179484e-02	
846	2.6041599486e-02	
847	2.6042533569e-02	
848	2.6041956711e-02	
849	2.6042889514e-02	
850	2.6042315472e-02	
851	2.6043246757e-02	
852	2.6042675211e-02	
853	2.6043604579e-02	
854	2.6043035215e-02	
855	2.6043962332e-02	
856	2.6043394790e-02	
857	2.6044319290e-02	
858	2.6043753179e-02	
859	2.6044674659e-02	
860	2.6044109566e-02	
861	2.6045027610e-02	
862	2.6044463134e-02	
863	2.6045377265e-02	
864	2.6044812824e-02	
865	2.6045722610e-02	
866	2.6045157774e-02	
867	2.6046062745e-02	
868	2.6045497036e-02	
869	2.6046396706e-02	
870	2.6045829659e-02	
871	2.6046723647e-02	
872	2.6046154780e-02	
873	2.6047042627e-02	
874	2.6046471426e-02	
875	2.6047352933e-02	
876	2.6046779110e-02	
877	2.6047653705e-02	
878	2.6047076933e-02	
879	2.6047944340e-02	
880	2.6047364316e-02	
881	2.6048224165e-02	
882	2.6047640806e-02	
883	2.6048492878e-02	
884	2.6047905736e-02	
885	2.6048749888e-02	
886	2.6048158767e-02	
887	2.6048994816e-02	
888	2.6048399528e-02	
889	2.6049227312e-02	
890	2.6048627695e-02	
891	2.6049447069e-02	
892	2.6048842967e-02	
893	2.6049653792e-02	
894	2.6049045065e-02	
895	2.6049847212e-02	
896	2.6049233734e-02	
897	2.6050027077e-02	
898	2.6049408712e-02	
899	2.6050193149e-02	
900	2.6049569788e-02	
901	2.6050345131e-02	
902	2.6049716893e-02	
903	2.6050482953e-02	
904	2.6049849517e-02	
905	2.6050606408e-02	
906	2.6049967677e-02	
907	2.6050715333e-02	
908	2.6050071261e-02	
909	2.6050809638e-02	
910	2.6050160162e-02	
911	2.6050889239e-02	
912	2.6050234288e-02	
913	2.6050954053e-02	
914	2.6050293875e-02	
915	2.6051004217e-02	
916	2.6050338642e-02	
917	2.6051039757e-02	
918	2.6050368826e-02	
919	2.6051060768e-02	
920	2.6050384627e-02	
921	2.6051067501e-02	
922	2.6050386191e-02	
923	2.6051060120e-02	
924	2.6050373768e-02	
925	2.6051038909e-02	
926	2.6050347645e-02	
927	2.6051004069e-02	
928	2.6050308141e-02	
929	2.6050956059e-02	
930	2.6050255508e-02	
931	2.6050895092e-02	
932	2.6050190221e-02	
933	2.6050821583e-02	
934	2.6050112446e-02	
935	2.6050735937e-02	
936	2.6050022701e-02	
937	2.6050638490e-02	
938	2.6049921333e-02	
939	2.6050529603e-02	
940	2.6049808719e-02	
941	2.6050409669e-02	
942	2.6049685243e-02	
943	2.6050279070e-02	
944	2.6049551289e-02	
945	2.6050138190e-02	
946	2.6049407241e-02	
947	2.6049987419e-02	
948	2.6049253514e-02	
949	2.6049827085e-02	
950	2.6049090499e-02	
951	2.6049657723e-02	
952	2.6048918541e-02	
953	2.6049479664e-02	
954	2.6048738096e-02	
955	2.6049293339e-02	
956	2.6048549596e-02	
957	2.6049099183e-02	
958	2.6048353483e-02	
959	2.6048897647e-02	
960	2.6048150237e-02	
961	2.6048689147e-02	
962	2.6047940318e-02	
963	2.6048474268e-02	
964	2.6047724176e-02	
965	2.6048253447e-02	
966	2.6047502340e-02	
967	2.6048027194e-02	
968	2.6047275324e-02	
969	2.6047796029e-02	
970	2.6047043652e-02	
971	2.6047560480e-02	
972	2.6046807885e-02	
973	2.6047321045e-02	
974	2.6046568545e-02	
975	2.6047078361e-02	
976	2.6046326154e-02	
977	2.6046832932e-02	
978	2.6046081292e-02	
979	2.6046585315e-02	
980	2.6045834537e-02	
981	2.6046336029e-02	
982	2.6045586434e-02	
983	2.6046085728e-02	
984	2.6045337525e-02	
985	2.6045834930e-02	
986	2.6045088402e-02	
987	2.6045584197e-02	
988	2.6044839638e-02	
989	2.6045334059e-02	
990	2.6044591832e-02	
991	2.6045085216e-02	
992	2.6044345354e-02	
993	2.6044838016e-02	
994	2.6044101044e-02	
995	2.6044594708e-02	
996	2.6043861989e-02	
997	2.6044354783e-02	
998	2.6043624828e-02	
999	2.6044117197e-02	
1000	2.6043390348e-02	
1001	2.6043882530e-02	
1002	2.6043158940e-02	
1003	2.6043651179e-02	
1004	2.6042931164e-02	
1005	2.6043423719e-02	
1006	2.6042707538e-02	
1007	2.6043200760e-02	
1008	2.6042488758e-02	
1009	2.6042982933e-02	
1010	2.6042275383e-02	
1011	2.6042770847e-02	
1012	2.6042068073e-02	
1013	2.6042565101e-02	
1014	2.6041867346e-02	
1015	2.6042366266e-02	
1016	2.6041673778e-02	
1017	2.6042174838e-02	
1018	2.6041487900e-02	
1019	2.6041991305e-02	
1020	2.6041310097e-02	
1021	2.6041816100e-02	
1022	2.6041140798e-02	
1023	2.6041649562e-02	
1024	2.6040980360e-02	
1025	2.6041492015e-02	
1026	2.6040829010e-02	
1027	2.6041343722e-02	
1028	2.6040687008e-02	
1029	2.6041204860e-02	
1030	2.6040554547e-02	
1031	2.6041075591e-02	
1032	2.6040431704e-02	
1033	2.6040956032e-02	
1034	2.6040318596e-02	
1035	2.6040846234e-02	
1036	2.6040215259e-02	
1037	2.6040746219e-02	
1038	2.6040121737e-02	
1039	2.6040655961e-02	
1040	2.6040037974e-02	
1041	2.6040575496e-02	
1042	2.6039963886e-02	
1043	2.6040504700e-02	
1044	2.6039899438e-02	
1045	2.6040443468e-02	
1046	2.6039844500e-02	
1047	2.6040391664e-02	
1048	2.6039798932e-02	
1049	2.6040349170e-02	
1050	2.6039762549e-02	
1051	2.6040315787e-02	
1052	2.6039735187e-02	
1053	2.6040291664e-02	
1054	2.6039718317e-02	
1055	2.6040278268e-02	
1056	2.6039710113e-02	
1057	2.6040272295e-02	
1058	2.6039709342e-02	
1059	2.6040273580e-02	
1060	2.6039715595e-02	
1061	2.6040281645e-02	
1062	2.6039728453e-02	
1063	2.6040296166e-02	
1064	2.6039747572e-02	
1065	2.6040316818e-02	
1066	2.6039772678e-02	
1067	2.6040343328e-02	
1068	2.6039803504e-02	
1069	2.6040375433e-02	
1070	2.6039839800e-02	
1071	2.6040412854e-02	
1072	2.6039881292e-02	
1073	2.6040455361e-02	
1074	2.6039927709e-02	
1075	2.6040502665e-02	
1076	2.6039978783e-02	
1077	2.6040554473e-02	
1078	2.6040034205e-02	
1079	2.6040610493e-02	
1080	2.6040093670e-02	
1081	2.6040670407e-02	
1082	2.6040156860e-02	
1083	2.6040733878e-02	
1084	2.6040223444e-02	
1085	2.6040800565e-02	
1086	2.6040293062e-02	
1087	2.6040870128e-02	
1088	2.6040365388e-02	
1089	2.6040942230e-02	
1090	2.6040440062e-02	
1091	2.6041016523e-02	
1092	2.6040516754e-02	
1093	2.6041092677e-02	
1094	2.6040595145e-02	
1095	2.6041170372e-02	
1096	2.6040674927e-02	
1097	2.6041249303e-02	
1098	2.6040755794e-02	
1099	2.6041329196e-02	
1100	2.6040837473e-02	
1101	2.6041409769e-02	
1102	2.6040919713e-02	
1103	2.6041490780e-02	
1104	2.6041002252e-02	
1105	2.6041571984e-02	
1106	2.6041084863e-02	
1107	2.6041653152e-02	
1108	2.6041167326e-02	
1109	2.6041734068e-02	
1110	2.6041249427e-02	
1111	2.6041814523e-02	
1112	2.6041330971e-02	
1113	2.6041894315e-02	
1114	2.6041411745e-02	
1115	2.6041973253e-02	
1116	2.6041491574e-02	
1117	2.6042051152e-02	
1118	2.6041570251e-02	
1119	2.6042127831e-02	
1120	2.6041647614e-02	
1121	2.6042203095e-02	
1122	2.6041723483e-02	
1123	2.6042276783e-02	
1124	2.6041797676e-02	
1125	2.6042348723e-02	
1126	2.6041870041e-02	
1127	2.6042418746e-02	
1128	2.6041940410e-02	
1129	2.6042486720e-02	
1130	2.6042008649e-02	
1131	2.6042552493e-02	
1132	2.6042074628e-02	
1133	2.6042615950e-02	
1134	2.6042138218e-02	
1135	2.6042676969e-02	
1136	2.6042199320e-02	
1137	2.6042735451e-02	
1138	2.6042257837e-02	
1139	2.6042791317e-02	
1140	2.6042313701e-02	
1141	2.6042844504e-02	
1142	2.6042366846e-02	
1143	2.6042894958e-02	
1144	2.6042417219e-02	
1145	2.6042942623e-02	
1146	2.6042464806e-02	
1147	2.6042987494e-02	
1148	2.6042509563e-02	
1149	2.6043029548e-02	
1150	2.6042551503e-02	
1151	2.6043068775e-02	
1152	2.6042590619e-02	
1153	2.6043105185e-02	
1154	2.6042626922e-02	
1155	2.6043138796e-02	
1156	2.6042660435e-02	
1157	2.6043169631e-02	
1158	2.6042691177e-02	
1159	2.6043197717e-02	
1160	2.6042719188e-02	
1161	2.6043223091e-02	
1162	2.6042744498e-02	
1163	2.6043245795e-02	
1164	2.6042767158e-02	
1165	2.6043265872e-02	
1166	2.6042787212e-02	
1167	2.6043283378e-02	
1168	2.6042804717e-02	
1169	2.6043298364e-02	
1170	2.6042819732e-02	
1171	2.6043310894e-02	
1172	2.6042832319e-02	
1173	2.6043321035e-02	
1174	2.6042842545e-02	
1175	2.6043328857e-02	
1176	2.6042850486e-02	
1177	2.6043334435e-02	
1178	2.6042856218e-02	
1179	2.6043337853e-02	
1180	2.6042859819e-02	
1181	2.6043339181e-02	
1182	2.6042861388e-02	
1183	2.6043338526e-02	
1184	2.6042860995e-02	
1185	2.6043335960e-02	
1186	2.6042858743e-02	
1187	2.6043331582e-02	
1188	2.6042854723e-02	
1189	2.6043325483e-02	
1190	2.6042849027e-02	
1191	2.6043317761e-02	
1192	2.6042841748e-02	
1193	2.6043308509e-02	
1194	2.6042832983e-02	
1195	2.6043297821e-02	
1196	2.6042822824e-02	
1197	2.6043285790e-02	
1198	2.6042811366e-02	
1199	2.6043272514e-02	
1200	2.6042798689e-02	
1201	2.6043258076e-02	
1202	2.6042784901e-02	
1203	2.6043242563e-02	
1204	2.6042770078e-02	
1205	2.6043226065e-02	
1206	2.6042754315e-02	
1207	2.6043208661e-02	
1208	2.6042737679e-02	
1209	2.6043190441e-02	
1210	2.6042720267e-02	
1211	2.6043171474e-02	
1212	2.6042702144e-02	
1213	2.6043151846e-02	
1214	2.6042683383e-02	
1215	2.6043131630e-02	
1216	2.6042664072e-02	
1217	2.6043110892e-02	
1218	2.6042644278e-02	
1219	2.6043089703e-02	
1220	2.6042624061e-02	
1221	2.6043068136e-02	
1222	2.6042603489e-02	
1223	2.6043046256e-02	
1224	2.6042582635e-02	
1225	2.6043024121e-02	
1226	2.6042561555e-02	
1227	2.6043001796e-02	
1228	2.6042540310e-02	
1229	2.6042979336e-02	
1230	2.6042518956e-02	
1231	2.6042956799e-02	
1232	2.6042497550e-02	
1233	2.6042934237e-02	
1234	2.6042476142e-02	
1235	2.6042911701e-02	
1236	2.6042454782e-02	
1237	2.6042889240e-02	
1238	2.6042433513e-02	
1239	2.6042866901e-02	
1240	2.6042412380e-02	
1241	2.6042844729e-02	
1242	2.6042391420e-02	
1243	2.6042822758e-02	
1244	2.6042370691e-02	
1245	2.6042801017e-02	
1246	2.6042350212e-02	
1247	2.6042779555e-02	
1248	2.6042330021e-02	
1249	2.6042758396e-02	
1250	2.6042310149e-02	
1251	2.6042737579e-02	
1252	2.6042290620e-02	
1253	2.6042717123e-02	
1254	2.6042271469e-02	
1255	2.6042697058e-02	
1256	2.6042252715e-02	
1257	2.6042677406e-02	
1258	2.6042234387e-02	
1259	2.6042658189e-02	
1260	2.6042216498e-02	
1261	2.6042639431e-02	
1262	2.6042199071e-02	
1263	2.6042621147e-02	
1264	2.6042182120e-02	
1265	2.6042603358e-02	
1266	2.6042165679e-02	
1267	2.6042586067e-02	
1268	2.6042149739e-02	
1269	2.6042569305e-02	
1270	2.6042134325e-02	
1271	2.6042553075e-02	
1272	2.6042119446e-02	
1273	2.6042537391e-02	
1274	2.6042105117e-02	
1275	2.6042522257e-02	
1276	2.6042091343e-02	
1277	2.6042507692e-02	
1278	2.6042078129e-02	
1279	2.6042493694e-02	
1280	2.6042065488e-02	
1281	2.6042480274e-02	
1282	2.6042053421e-02	
1283	2.6042467431e-02	
1284	2.6042041935e-02	
1285	2.6042455175e-02	
1286	2.6042031032e-02	
1287	2.6042443500e-02	
1288	2.6042020707e-02	
1289	2.6042432414e-02	
1290	2.6042010960e-02	
1291	2.6042421916e-02	
1292	2.6042001803e-02	
1293	2.6042411996e-02	
1294	2.6041993222e-02	
1295	2.6042402663e-02	
1296	2.6041985220e-02	
1297	2.6042393908e-02	
1298	2.6041977791e-02	
1299	2.6042385729e-02	
1300	2.6041970932e-02	
1301	2.6042378117e-02	
1302	2.6041964639e-02	
1303	2.6042371076e-02	
1304	2.6041958906e-02	
1305	2.6042364587e-02	
1306	2.6041953722e-02	
1307	2.6042358652e-02	
1308	2.6041949078e-02	
1309	2.6042353264e-02	
1310	2.6041944974e-02	
1311	2.6042348407e-02	
1312	2.6041941402e-02	
1313	2.6042344072e-02	
1314	2.6041938341e-02	
1315	2.6042340262e-02	
1316	2.6041935784e-02	
1317	2.6042336955e-02	
1318	2.6041933730e-02	
1319	2.6042334140e-02	
1320	2.6041932162e-02	
1321	2.6042331802e-02	
1322	2.6041931078e-02	
1323	2.6042329934e-02	
1324	2.6041930441e-02	
1325	2.6042328532e-02	
1326	2.6041930259e-02	
1327	2.6042327572e-02	
1328	2.6041930501e-02	
1329	2.6042327047e-02	
1330	2.6041931172e-02	
1331	2.6042326935e-02	
1332	2.6041932252e-02	
1333	2.6042327224e-02	
1334	2.6041933718e-02	
1335	2.6042327899e-02	
1336	2.6041935564e-02	
1337	2.6042328954e-02	
1338	2.6041937771e-02	
1339	2.6042330357e-02	
1340	2.6041940324e-02	
1341	2.6042332103e-02	
1342	2.6041943204e-02	
1343	2.6042334177e-02	
1344	2.6041946401e-02	
1345	2.6042336557e-02	
1346	2.6041949897e-02	
1347	2.6042339223e-02	
1348	2.6041953677e-02	
1349	2.6042342169e-02	
1350	2.6041957716e-02	
1351	2.6042345377e-02	
1352	2.6041962005e-02	
1353	2.6042348826e-02	
1354	2.6041966522e-02	
1355	2.6042352501e-02	
1356	2.6041971262e-02	
1357	2.6042356383e-02	
1358	2.6041976194e-02	
1359	2.6042360464e-02	
1360	2.6041981306e-02	
1361	2.6042364719e-02	
1362	2.6041986584e-02	
1363	2.6042369136e-02	
1364	2.6041992015e-02	
1365	2.6042373692e-02	
1366	2.6041997578e-02	
1367	2.6042378380e-02	
1368	2.6042003254e-02	
1369	2.6042383176e-02	
1370	2.6042009037e-02	
1371	2.6042388072e-02	
1372	2.6042014901e-02	
1373	2.6042393044e-02	
1374	2.6042020840e-02	
1375	2.6042398084e-02	
1376	2.6042026833e-02	
1377	2.6042403169e-02	
1378	2.6042032871e-02	
1379	2.6042408295e-02	
1380	2.6042038929e-02	
1381	2.6042413444e-02	
1382	2.6042045000e-02	
1383	2.6042418598e-02	
1384	2.6042051070e-02	
1385	2.6042423754e-02	
1386	2.6042057124e-02	
1387	2.6042428886e-02	
1388	2.6042063150e-02	
