# Force          
# CofR           : ( 0.0000000000e+00 0.0000000000e+00 0.0000000000e+00 )
#                
# Time           	(total_x total_y total_z)	(pressure_x pressure_y pressure_z)	(viscous_x viscous_y viscous_z)
1                	( 2.1394640724e+01 0.0000000000e+00 -4.3508371799e+01 )	( 2.1349963157e+01 0.0000000000e+00 -4.3521993124e+01 )	( 4.4677567179e-02 0.0000000000e+00 1.3621325110e-02 )
2                	( 5.9973479068e+00 0.0000000000e+00 -1.4162129643e+01 )	( 5.9538430205e+00 0.0000000000e+00 -1.4176202012e+01 )	( 4.3504886251e-02 0.0000000000e+00 1.4072368550e-02 )
3                	( 2.6642786033e+00 0.0000000000e+00 -7.6939696250e+00 )	( 2.6217589479e+00 0.0000000000e+00 -7.7070295825e+00 )	( 4.2519655341e-02 0.0000000000e+00 1.3059957483e-02 )
4                	( 2.2761980353e+00 0.0000000000e+00 -7.0635546099e+00 )	( 2.2342897617e+00 0.0000000000e+00 -7.0760267583e+00 )	( 4.1908273675e-02 0.0000000000e+00 1.2472148358e-02 )
5                	( 2.3329857760e+00 0.0000000000e+00 -7.4389331626e+00 )	( 2.2915426225e+00 0.0000000000e+00 -7.4508924047e+00 )	( 4.1443153450e-02 0.0000000000e+00 1.1959242124e-02 )
6                	( 2.4299643979e+00 0.0000000000e+00 -7.9412439943e+00 )	( 2.3889433642e+00 0.0000000000e+00 -7.9528235622e+00 )	( 4.1021033707e-02 0.0000000000e+00 1.1579567879e-02 )
7                	( 2.5116477119e+00 0.0000000000e+00 -8.4181542367e+00 )	( 2.4710023803e+00 0.0000000000e+00 -8.4293707718e+00 )	( 4.0645331596e-02 0.0000000000e+00 1.1216535161e-02 )
8                	( 2.5848963775e+00 0.0000000000e+00 -8.8758880788e+00 )	( 2.5446863837e+00 0.0000000000e+00 -8.8866654963e+00 )	( 4.0209993732e-02 0.0000000000e+00 1.0777417422e-02 )
9                	( 2.6515824304e+00 0.0000000000e+00 -9.3205863313e+00 )	( 2.6118248542e+00 0.0000000000e+00 -9.3309069630e+00 )	( 3.9757576231e-02 0.0000000000e+00 1.0320631670e-02 )
10               	( 2.6989586742e+00 0.0000000000e+00 -9.7165629418e+00 )	( 2.6596696519e+00 0.0000000000e+00 -9.7264036862e+00 )	( 3.9289022323e-02 0.0000000000e+00 9.8407443763e-03 )
11               	( 2.7334204719e+00 0.0000000000e+00 -1.0079025592e+01 )	( 2.6946226389e+00 0.0000000000e+00 -1.0088372724e+01 )	( 3.8797833010e-02 0.0000000000e+00 9.3471323502e-03 )
12               	( 2.7498712359e+00 0.0000000000e+00 -1.0393629127e+01 )	( 2.7115917487e+00 0.0000000000e+00 -1.0402508248e+01 )	( 3.8279487225e-02 0.0000000000e+00 8.8791211681e-03 )
13               	( 2.7617711320e+00 0.0000000000e+00 -1.0690461135e+01 )	( 2.7241022466e+00 0.0000000000e+00 -1.0698844901e+01 )	( 3.7668885381e-02 0.0000000000e+00 8.3837658362e-03 )
14               	( 2.7633415243e+00 0.0000000000e+00 -1.0956805382e+01 )	( 2.7263317235e+00 0.0000000000e+00 -1.0964673631e+01 )	( 3.7009800798e-02 0.0000000000e+00 7.8682492119e-03 )
15               	( 2.7523668214e+00 0.0000000000e+00 -1.1181290294e+01 )	( 2.7160581444e+00 0.0000000000e+00 -1.1188622629e+01 )	( 3.6308676977e-02 0.0000000000e+00 7.3323345305e-03 )
16               	( 2.7359821305e+00 0.0000000000e+00 -1.1375920201e+01 )	( 2.7003753277e+00 0.0000000000e+00 -1.1382716489e+01 )	( 3.5606802800e-02 0.0000000000e+00 6.7962880328e-03 )
17               	( 2.7136250506e+00 0.0000000000e+00 -1.1537795309e+01 )	( 2.6787367017e+00 0.0000000000e+00 -1.1544050147e+01 )	( 3.4888348902e-02 0.0000000000e+00 6.2548375322e-03 )
18               	( 2.6859230544e+00 0.0000000000e+00 -1.1670413164e+01 )	( 2.6517466107e+00 0.0000000000e+00 -1.1676136892e+01 )	( 3.4176443677e-02 0.0000000000e+00 5.7237276080e-03 )
19               	( 2.6520133169e+00 0.0000000000e+00 -1.1764524397e+01 )	( 2.6185425070e+00 0.0000000000e+00 -1.1769728582e+01 )	( 3.3470809832e-02 0.0000000000e+00 5.2041851694e-03 )
20               	( 2.6151312407e+00 0.0000000000e+00 -1.1831395115e+01 )	( 2.5823455185e+00 0.0000000000e+00 -1.1836101771e+01 )	( 3.2785722243e-02 0.0000000000e+00 4.7066565195e-03 )
21               	( 2.5731568151e+00 0.0000000000e+00 -1.1868909702e+01 )	( 2.5410302221e+00 0.0000000000e+00 -1.1873143795e+01 )	( 3.2126593041e-02 0.0000000000e+00 4.2340932857e-03 )
22               	( 2.5241401324e+00 0.0000000000e+00 -1.1872721151e+01 )	( 2.4926540566e+00 0.0000000000e+00 -1.1876511590e+01 )	( 3.1486075851e-02 0.0000000000e+00 3.7904394970e-03 )
23               	( 2.4663402175e+00 0.0000000000e+00 -1.1837505000e+01 )	( 2.4354605328e+00 0.0000000000e+00 -1.1840891286e+01 )	( 3.0879684711e-02 0.0000000000e+00 3.3862860757e-03 )
24               	( 2.3988832080e+00 0.0000000000e+00 -1.1759863535e+01 )	( 2.3685642455e+00 0.0000000000e+00 -1.1762903063e+01 )	( 3.0318962519e-02 0.0000000000e+00 3.0395278107e-03 )
25               	( 2.3295390695e+00 0.0000000000e+00 -1.1648109447e+01 )	( 2.2996964778e+00 0.0000000000e+00 -1.1650895547e+01 )	( 2.9842591733e-02 0.0000000000e+00 2.7861005463e-03 )
26               	( 2.2705146195e+00 0.0000000000e+00 -1.1525522088e+01 )	( 2.2411505824e+00 0.0000000000e+00 -1.1528063317e+01 )	( 2.9364037060e-02 0.0000000000e+00 2.5412285392e-03 )
27               	( 2.2375096783e+00 0.0000000000e+00 -1.1427322702e+01 )	( 2.2085559594e+00 0.0000000000e+00 -1.1429665095e+01 )	( 2.8953718912e-02 0.0000000000e+00 2.3423932061e-03 )
28               	( 2.1941072771e+00 0.0000000000e+00 -1.1311407114e+01 )	( 2.1655572177e+00 0.0000000000e+00 -1.1313552622e+01 )	( 2.8550059332e-02 0.0000000000e+00 2.1455077185e-03 )
29               	( 2.1441119610e+00 0.0000000000e+00 -1.1158920292e+01 )	( 2.1159676104e+00 0.0000000000e+00 -1.1160881829e+01 )	( 2.8144350594e-02 0.0000000000e+00 1.9615379115e-03 )
30               	( 2.0959530953e+00 0.0000000000e+00 -1.0991285471e+01 )	( 2.0684105119e+00 0.0000000000e+00 -1.0992983726e+01 )	( 2.7542583411e-02 0.0000000000e+00 1.6982551826e-03 )
31               	( 2.0435866735e+00 0.0000000000e+00 -1.0808277200e+01 )	( 2.0164676872e+00 0.0000000000e+00 -1.0809815903e+01 )	( 2.7118986310e-02 0.0000000000e+00 1.5387030579e-03 )
32               	( 1.9987848691e+00 0.0000000000e+00 -1.0624069582e+01 )	( 1.9720254718e+00 0.0000000000e+00 -1.0625489988e+01 )	( 2.6759397254e-02 0.0000000000e+00 1.4204057691e-03 )
33               	( 1.9623119825e+00 0.0000000000e+00 -1.0440915436e+01 )	( 1.9358770342e+00 0.0000000000e+00 -1.0442244844e+01 )	( 2.6434948261e-02 0.0000000000e+00 1.3294071258e-03 )
34               	( 1.9296901338e+00 0.0000000000e+00 -1.0256610993e+01 )	( 1.9035437133e+00 0.0000000000e+00 -1.0257889971e+01 )	( 2.6146420499e-02 0.0000000000e+00 1.2789778982e-03 )
35               	( 1.9001600118e+00 0.0000000000e+00 -1.0067399789e+01 )	( 1.8742756517e+00 0.0000000000e+00 -1.0068655304e+01 )	( 2.5884360023e-02 0.0000000000e+00 1.2555146618e-03 )
36               	( 1.8863614459e+00 0.0000000000e+00 -9.8991941652e+00 )	( 1.8606628878e+00 0.0000000000e+00 -9.9004703703e+00 )	( 2.5698558059e-02 0.0000000000e+00 1.2762051104e-03 )
37               	( 1.8641463611e+00 0.0000000000e+00 -9.7261180694e+00 )	( 1.8385909946e+00 0.0000000000e+00 -9.7274542487e+00 )	( 2.5555366492e-02 0.0000000000e+00 1.3361792206e-03 )
38               	( 1.8429691863e+00 0.0000000000e+00 -9.5552249121e+00 )	( 1.8175154100e+00 0.0000000000e+00 -9.5566360068e+00 )	( 2.5453776286e-02 0.0000000000e+00 1.4110947177e-03 )
39               	( 1.8249439760e+00 0.0000000000e+00 -9.3986509722e+00 )	( 1.7995441620e+00 0.0000000000e+00 -9.4001493511e+00 )	( 2.5399814052e-02 0.0000000000e+00 1.4983788722e-03 )
40               	( 1.8156094972e+00 0.0000000000e+00 -9.2587222368e+00 )	( 1.7902102411e+00 0.0000000000e+00 -9.2603274754e+00 )	( 2.5399256117e-02 0.0000000000e+00 1.6052385424e-03 )
41               	( 1.8087789564e+00 0.0000000000e+00 -9.1253275633e+00 )	( 1.7834070742e+00 0.0000000000e+00 -9.1270045973e+00 )	( 2.5371882147e-02 0.0000000000e+00 1.6770340132e-03 )
42               	( 1.8084777201e+00 0.0000000000e+00 -9.0050792055e+00 )	( 1.7831955087e+00 0.0000000000e+00 -9.0067954857e+00 )	( 2.5282211425e-02 0.0000000000e+00 1.7162801371e-03 )
43               	( 1.8059668602e+00 0.0000000000e+00 -8.8885319626e+00 )	( 1.7808126724e+00 0.0000000000e+00 -8.8902559510e+00 )	( 2.5154187817e-02 0.0000000000e+00 1.7239884677e-03 )
44               	( 1.8001696492e+00 0.0000000000e+00 -8.7786639307e+00 )	( 1.7751531041e+00 0.0000000000e+00 -8.7803822159e+00 )	( 2.5016545102e-02 0.0000000000e+00 1.7182851442e-03 )
45               	( 1.7916197732e+00 0.0000000000e+00 -8.6612350044e+00 )	( 1.7667717739e+00 0.0000000000e+00 -8.6629335432e+00 )	( 2.4847999264e-02 0.0000000000e+00 1.6985387659e-03 )
46               	( 1.7870731941e+00 0.0000000000e+00 -8.5610463166e+00 )	( 1.7623862635e+00 0.0000000000e+00 -8.5627271215e+00 )	( 2.4686930604e-02 0.0000000000e+00 1.6808049322e-03 )
47               	( 1.7819008323e+00 0.0000000000e+00 -8.4627333442e+00 )	( 1.7573675185e+00 0.0000000000e+00 -8.4644020478e+00 )	( 2.4533313811e-02 0.0000000000e+00 1.6687036107e-03 )
48               	( 1.7788449375e+00 0.0000000000e+00 -8.3746468607e+00 )	( 1.7544649369e+00 0.0000000000e+00 -8.3763060057e+00 )	( 2.4380000653e-02 0.0000000000e+00 1.6591449552e-03 )
49               	( 1.7770062301e+00 0.0000000000e+00 -8.2937214058e+00 )	( 1.7527632540e+00 0.0000000000e+00 -8.2953769983e+00 )	( 2.4242976072e-02 0.0000000000e+00 1.6555924278e-03 )
50               	( 1.7724477232e+00 0.0000000000e+00 -8.2101527509e+00 )	( 1.7483164713e+00 0.0000000000e+00 -8.2118127567e+00 )	( 2.4131251940e-02 0.0000000000e+00 1.6600058062e-03 )
51               	( 1.7658123201e+00 0.0000000000e+00 -8.1244879042e+00 )	( 1.7417870087e+00 0.0000000000e+00 -8.1261505439e+00 )	( 2.4025311415e-02 0.0000000000e+00 1.6626396454e-03 )
52               	( 1.7588620547e+00 0.0000000000e+00 -8.0398021275e+00 )	( 1.7349302921e+00 0.0000000000e+00 -8.0414699408e+00 )	( 2.3931762626e-02 0.0000000000e+00 1.6678133151e-03 )
53               	( 1.7526004190e+00 0.0000000000e+00 -7.9583246458e+00 )	( 1.7287493417e+00 0.0000000000e+00 -7.9600007831e+00 )	( 2.3851077358e-02 0.0000000000e+00 1.6761373613e-03 )
54               	( 1.7462775134e+00 0.0000000000e+00 -7.8789414003e+00 )	( 1.7224922488e+00 0.0000000000e+00 -7.8806324413e+00 )	( 2.3785264542e-02 0.0000000000e+00 1.6910409713e-03 )
55               	( 1.7373863971e+00 0.0000000000e+00 -7.7983418927e+00 )	( 1.7136532500e+00 0.0000000000e+00 -7.8000527655e+00 )	( 2.3733147033e-02 0.0000000000e+00 1.7108727752e-03 )
56               	( 1.7295126926e+00 0.0000000000e+00 -7.7233233074e+00 )	( 1.7058177036e+00 0.0000000000e+00 -7.7250593464e+00 )	( 2.3694988997e-02 0.0000000000e+00 1.7360389702e-03 )
57               	( 1.7197091951e+00 0.0000000000e+00 -7.6476092415e+00 )	( 1.6960382448e+00 0.0000000000e+00 -7.6493772802e+00 )	( 2.3670950246e-02 0.0000000000e+00 1.7680387471e-03 )
58               	( 1.7077430768e+00 0.0000000000e+00 -7.5714985765e+00 )	( 1.6840853742e+00 0.0000000000e+00 -7.5733036799e+00 )	( 2.3657702622e-02 0.0000000000e+00 1.8051033326e-03 )
59               	( 1.6954981620e+00 0.0000000000e+00 -7.4994475710e+00 )	( 1.6718392616e+00 0.0000000000e+00 -7.5012957888e+00 )	( 2.3658900459e-02 0.0000000000e+00 1.8482177539e-03 )
60               	( 1.6831953580e+00 0.0000000000e+00 -7.4300425753e+00 )	( 1.6595238446e+00 0.0000000000e+00 -7.4319379521e+00 )	( 2.3671513335e-02 0.0000000000e+00 1.8953768715e-03 )
61               	( 1.6723784724e+00 0.0000000000e+00 -7.3668754179e+00 )	( 1.6486807985e+00 0.0000000000e+00 -7.3688228367e+00 )	( 2.3697673888e-02 0.0000000000e+00 1.9474187854e-03 )
62               	( 1.6618884532e+00 0.0000000000e+00 -7.3076913748e+00 )	( 1.6381550826e+00 0.0000000000e+00 -7.3096927200e+00 )	( 2.3733370608e-02 0.0000000000e+00 2.0013451734e-03 )
63               	( 1.6519781796e+00 0.0000000000e+00 -7.2532114217e+00 )	( 1.6282001061e+00 0.0000000000e+00 -7.2552672698e+00 )	( 2.3778073487e-02 0.0000000000e+00 2.0558481290e-03 )
64               	( 1.6460754146e+00 0.0000000000e+00 -7.2096780665e+00 )	( 1.6222410217e+00 0.0000000000e+00 -7.2117888932e+00 )	( 2.3834392879e-02 0.0000000000e+00 2.1108266726e-03 )
65               	( 1.6426406157e+00 0.0000000000e+00 -7.1750310375e+00 )	( 1.6187433869e+00 0.0000000000e+00 -7.1771954262e+00 )	( 2.3897228861e-02 0.0000000000e+00 2.1643886904e-03 )
66               	( 1.6421720621e+00 0.0000000000e+00 -7.1498386193e+00 )	( 1.6181910481e+00 0.0000000000e+00 -7.1520601118e+00 )	( 2.3981013964e-02 0.0000000000e+00 2.2214924990e-03 )
67               	( 1.6458752475e+00 0.0000000000e+00 -7.1372188010e+00 )	( 1.6217923559e+00 0.0000000000e+00 -7.1395049838e+00 )	( 2.4082891602e-02 0.0000000000e+00 2.2861828089e-03 )
68               	( 1.6499240822e+00 0.0000000000e+00 -7.1300178878e+00 )	( 1.6257447457e+00 0.0000000000e+00 -7.1323583491e+00 )	( 2.4179336479e-02 0.0000000000e+00 2.3404612790e-03 )
69               	( 1.6535266430e+00 0.0000000000e+00 -7.1269326879e+00 )	( 1.6292347326e+00 0.0000000000e+00 -7.1293382315e+00 )	( 2.4291910389e-02 0.0000000000e+00 2.4055436038e-03 )
70               	( 1.6556642496e+00 0.0000000000e+00 -7.1248565891e+00 )	( 1.6312513902e+00 0.0000000000e+00 -7.1273277554e+00 )	( 2.4412859399e-02 0.0000000000e+00 2.4711663628e-03 )
71               	( 1.6551230542e+00 0.0000000000e+00 -7.1216318403e+00 )	( 1.6305857259e+00 0.0000000000e+00 -7.1241624141e+00 )	( 2.4537328305e-02 0.0000000000e+00 2.5305738000e-03 )
72               	( 1.6541525860e+00 0.0000000000e+00 -7.1210961423e+00 )	( 1.6294930002e+00 0.0000000000e+00 -7.1236797556e+00 )	( 2.4659585795e-02 0.0000000000e+00 2.5836132733e-03 )
73               	( 1.6541447551e+00 0.0000000000e+00 -7.1246165864e+00 )	( 1.6293661236e+00 0.0000000000e+00 -7.1272478022e+00 )	( 2.4778631589e-02 0.0000000000e+00 2.6312157993e-03 )
74               	( 1.6543631050e+00 0.0000000000e+00 -7.1312998996e+00 )	( 1.6294703237e+00 0.0000000000e+00 -7.1339722911e+00 )	( 2.4892781305e-02 0.0000000000e+00 2.6723915555e-03 )
75               	( 1.6560709464e+00 0.0000000000e+00 -7.1428787052e+00 )	( 1.6310687474e+00 0.0000000000e+00 -7.1455863656e+00 )	( 2.5002199028e-02 0.0000000000e+00 2.7076604534e-03 )
76               	( 1.6590845318e+00 0.0000000000e+00 -7.1590335426e+00 )	( 1.6339750774e+00 0.0000000000e+00 -7.1617709885e+00 )	( 2.5109454458e-02 0.0000000000e+00 2.7374458759e-03 )
77               	( 1.6633829410e+00 0.0000000000e+00 -7.1790731085e+00 )	( 1.6381689541e+00 0.0000000000e+00 -7.1818375195e+00 )	( 2.5213986925e-02 0.0000000000e+00 2.7644109567e-03 )
78               	( 1.6706717516e+00 0.0000000000e+00 -7.2064834323e+00 )	( 1.6453567877e+00 0.0000000000e+00 -7.2092708477e+00 )	( 2.5314963911e-02 0.0000000000e+00 2.7874153919e-03 )
79               	( 1.6797168687e+00 0.0000000000e+00 -7.2388152139e+00 )	( 1.6543040656e+00 0.0000000000e+00 -7.2416226843e+00 )	( 2.5412803121e-02 0.0000000000e+00 2.8074704331e-03 )
80               	( 1.6898963369e+00 0.0000000000e+00 -7.2750941546e+00 )	( 1.6643885701e+00 0.0000000000e+00 -7.2779194697e+00 )	( 2.5507766758e-02 0.0000000000e+00 2.8253151637e-03 )
81               	( 1.6992501521e+00 0.0000000000e+00 -7.3115550929e+00 )	( 1.6736496819e+00 0.0000000000e+00 -7.3143971711e+00 )	( 2.5600470202e-02 0.0000000000e+00 2.8420781821e-03 )
82               	( 1.7076389722e+00 0.0000000000e+00 -7.3474974670e+00 )	( 1.6819486249e+00 0.0000000000e+00 -7.3503554326e+00 )	( 2.5690347371e-02 0.0000000000e+00 2.8579655960e-03 )
83               	( 1.7157589465e+00 0.0000000000e+00 -7.3842676293e+00 )	( 1.6899821236e+00 0.0000000000e+00 -7.3871411641e+00 )	( 2.5776822888e-02 0.0000000000e+00 2.8735347940e-03 )
84               	( 1.7229158338e+00 0.0000000000e+00 -7.4204176166e+00 )	( 1.6970569799e+00 0.0000000000e+00 -7.4233046956e+00 )	( 2.5858853964e-02 0.0000000000e+00 2.8870789938e-03 )
85               	( 1.7292975115e+00 0.0000000000e+00 -7.4562303642e+00 )	( 1.7033534297e+00 0.0000000000e+00 -7.4591300637e+00 )	( 2.5944081819e-02 0.0000000000e+00 2.8996994998e-03 )
86               	( 1.7341035510e+00 0.0000000000e+00 -7.4921205649e+00 )	( 1.7080770420e+00 0.0000000000e+00 -7.4950316074e+00 )	( 2.6026508956e-02 0.0000000000e+00 2.9110425260e-03 )
87               	( 1.7398432052e+00 0.0000000000e+00 -7.5310618753e+00 )	( 1.7137376514e+00 0.0000000000e+00 -7.5339817560e+00 )	( 2.6105553885e-02 0.0000000000e+00 2.9198807222e-03 )
88               	( 1.7457924122e+00 0.0000000000e+00 -7.5715332390e+00 )	( 1.7196111858e+00 0.0000000000e+00 -7.5744595161e+00 )	( 2.6181226396e-02 0.0000000000e+00 2.9262771546e-03 )
89               	( 1.7523889675e+00 0.0000000000e+00 -7.6140457390e+00 )	( 1.7261357070e+00 0.0000000000e+00 -7.6169762141e+00 )	( 2.6253260519e-02 0.0000000000e+00 2.9304751483e-03 )
90               	( 1.7590803034e+00 0.0000000000e+00 -7.6573724240e+00 )	( 1.7327591591e+00 0.0000000000e+00 -7.6603051337e+00 )	( 2.6321144339e-02 0.0000000000e+00 2.9327097085e-03 )
91               	( 1.7653009894e+00 0.0000000000e+00 -7.7000696757e+00 )	( 1.7389154868e+00 0.0000000000e+00 -7.7030036725e+00 )	( 2.6385502575e-02 0.0000000000e+00 2.9339967070e-03 )
92               	( 1.7702151192e+00 0.0000000000e+00 -7.7401698910e+00 )	( 1.7437687980e+00 0.0000000000e+00 -7.7431048146e+00 )	( 2.6446321195e-02 0.0000000000e+00 2.9349236208e-03 )
93               	( 1.7745130463e+00 0.0000000000e+00 -7.7787264333e+00 )	( 1.7480105561e+00 0.0000000000e+00 -7.7816617939e+00 )	( 2.6502490137e-02 0.0000000000e+00 2.9353606476e-03 )
94               	( 1.7780107526e+00 0.0000000000e+00 -7.8152258189e+00 )	( 1.7514567217e+00 0.0000000000e+00 -7.8181611455e+00 )	( 2.6554030938e-02 0.0000000000e+00 2.9353266011e-03 )
95               	( 1.7808406734e+00 0.0000000000e+00 -7.8499057705e+00 )	( 1.7542407917e+00 0.0000000000e+00 -7.8528403323e+00 )	( 2.6599881650e-02 0.0000000000e+00 2.9345617329e-03 )
96               	( 1.7832949272e+00 0.0000000000e+00 -7.8830443482e+00 )	( 1.7566541101e+00 0.0000000000e+00 -7.8859775301e+00 )	( 2.6640817084e-02 0.0000000000e+00 2.9331819566e-03 )
97               	( 1.7852981977e+00 0.0000000000e+00 -7.9144938476e+00 )	( 1.7586217978e+00 0.0000000000e+00 -7.9174241323e+00 )	( 2.6676399914e-02 0.0000000000e+00 2.9302846409e-03 )
98               	( 1.7871329890e+00 0.0000000000e+00 -7.9447303872e+00 )	( 1.7604261717e+00 0.0000000000e+00 -7.9476567901e+00 )	( 2.6706817257e-02 0.0000000000e+00 2.9264029868e-03 )
99               	( 1.7886264556e+00 0.0000000000e+00 -7.9734400631e+00 )	( 1.7618947731e+00 0.0000000000e+00 -7.9763610449e+00 )	( 2.6731682443e-02 0.0000000000e+00 2.9209817495e-03 )
100              	( 1.7899906390e+00 0.0000000000e+00 -8.0010106331e+00 )	( 1.7632388429e+00 0.0000000000e+00 -8.0039250460e+00 )	( 2.6751796043e-02 0.0000000000e+00 2.9144128704e-03 )
101              	( 1.7911447611e+00 0.0000000000e+00 -8.0271729906e+00 )	( 1.7643770891e+00 0.0000000000e+00 -8.0300801357e+00 )	( 2.6767672066e-02 0.0000000000e+00 2.9071450824e-03 )
102              	( 1.7922151645e+00 0.0000000000e+00 -8.0522371556e+00 )	( 1.7654360813e+00 0.0000000000e+00 -8.0551360889e+00 )	( 2.6779083152e-02 0.0000000000e+00 2.8989333583e-03 )
103              	( 1.7931532374e+00 0.0000000000e+00 -8.0758847549e+00 )	( 1.7663674924e+00 0.0000000000e+00 -8.0787741342e+00 )	( 2.6785744985e-02 0.0000000000e+00 2.8893793920e-03 )
104              	( 1.7940596900e+00 0.0000000000e+00 -8.0985983455e+00 )	( 1.7672706177e+00 0.0000000000e+00 -8.1014775767e+00 )	( 2.6789072365e-02 0.0000000000e+00 2.8792312149e-03 )
105              	( 1.7948332632e+00 0.0000000000e+00 -8.1192247951e+00 )	( 1.7680443443e+00 0.0000000000e+00 -8.1220928801e+00 )	( 2.6788918816e-02 0.0000000000e+00 2.8680850099e-03 )
106              	( 1.7955418480e+00 0.0000000000e+00 -8.1381510580e+00 )	( 1.7687565428e+00 0.0000000000e+00 -8.1410070707e+00 )	( 2.6785305150e-02 0.0000000000e+00 2.8560127213e-03 )
107              	( 1.7962197323e+00 0.0000000000e+00 -8.1556389106e+00 )	( 1.7694417071e+00 0.0000000000e+00 -8.1584814403e+00 )	( 2.6778025177e-02 0.0000000000e+00 2.8425297520e-03 )
108              	( 1.7967930276e+00 0.0000000000e+00 -8.1716922472e+00 )	( 1.7700258951e+00 0.0000000000e+00 -8.1745197898e+00 )	( 2.6767132434e-02 0.0000000000e+00 2.8275425376e-03 )
109              	( 1.7972565305e+00 0.0000000000e+00 -8.1863641003e+00 )	( 1.7705031474e+00 0.0000000000e+00 -8.1891759870e+00 )	( 2.6753383135e-02 0.0000000000e+00 2.8118866892e-03 )
110              	( 1.7975346526e+00 0.0000000000e+00 -8.1994432469e+00 )	( 1.7707979596e+00 0.0000000000e+00 -8.2022389496e+00 )	( 2.6736693037e-02 0.0000000000e+00 2.7957027286e-03 )
111              	( 1.7976150580e+00 0.0000000000e+00 -8.2108948053e+00 )	( 1.7708976693e+00 0.0000000000e+00 -8.2136741246e+00 )	( 2.6717388699e-02 0.0000000000e+00 2.7793192154e-03 )
112              	( 1.7975062277e+00 0.0000000000e+00 -8.2207795830e+00 )	( 1.7708106371e+00 0.0000000000e+00 -8.2235424459e+00 )	( 2.6695590526e-02 0.0000000000e+00 2.7628629141e-03 )
113              	( 1.7972695644e+00 0.0000000000e+00 -8.2291930625e+00 )	( 1.7705975023e+00 0.0000000000e+00 -8.2319400559e+00 )	( 2.6672062111e-02 0.0000000000e+00 2.7469933762e-03 )
114              	( 1.7967471110e+00 0.0000000000e+00 -8.2358536963e+00 )	( 1.7700987586e+00 0.0000000000e+00 -8.2385865231e+00 )	( 2.6648352491e-02 0.0000000000e+00 2.7328268252e-03 )
115              	( 1.7961346007e+00 0.0000000000e+00 -8.2411215034e+00 )	( 1.7695111697e+00 0.0000000000e+00 -8.2438404621e+00 )	( 2.6623431038e-02 0.0000000000e+00 2.7189586184e-03 )
116              	( 1.7954655235e+00 0.0000000000e+00 -8.2451043785e+00 )	( 1.7688679421e+00 0.0000000000e+00 -8.2478099639e+00 )	( 2.6597581383e-02 0.0000000000e+00 2.7055854745e-03 )
117              	( 1.7946398769e+00 0.0000000000e+00 -8.2476496357e+00 )	( 1.7680693847e+00 0.0000000000e+00 -8.2503421514e+00 )	( 2.6570492209e-02 0.0000000000e+00 2.6925157457e-03 )
118              	( 1.7935333147e+00 0.0000000000e+00 -8.2484910141e+00 )	( 1.7669911325e+00 0.0000000000e+00 -8.2511708022e+00 )	( 2.6542182277e-02 0.0000000000e+00 2.6797880639e-03 )
119              	( 1.7924093851e+00 0.0000000000e+00 -8.2482417734e+00 )	( 1.7658964614e+00 0.0000000000e+00 -8.2509091410e+00 )	( 2.6512923692e-02 0.0000000000e+00 2.6673676037e-03 )
120              	( 1.7912584763e+00 0.0000000000e+00 -8.2467757524e+00 )	( 1.7647754776e+00 0.0000000000e+00 -8.2494310277e+00 )	( 2.6482998770e-02 0.0000000000e+00 2.6552753390e-03 )
121              	( 1.7901140966e+00 0.0000000000e+00 -8.2443096840e+00 )	( 1.7636618493e+00 0.0000000000e+00 -8.2469531949e+00 )	( 2.6452247359e-02 0.0000000000e+00 2.6435108408e-03 )
122              	( 1.7888094867e+00 0.0000000000e+00 -8.2405724640e+00 )	( 1.7623884728e+00 0.0000000000e+00 -8.2432047136e+00 )	( 2.6421013943e-02 0.0000000000e+00 2.6322495816e-03 )
123              	( 1.7873654583e+00 0.0000000000e+00 -8.2356265585e+00 )	( 1.7609762200e+00 0.0000000000e+00 -8.2382478666e+00 )	( 2.6389238378e-02 0.0000000000e+00 2.6213081103e-03 )
124              	( 1.7858155640e+00 0.0000000000e+00 -8.2295592029e+00 )	( 1.7594584359e+00 0.0000000000e+00 -8.2321699480e+00 )	( 2.6357128155e-02 0.0000000000e+00 2.6107450495e-03 )
125              	( 1.7843162426e+00 0.0000000000e+00 -8.2226710488e+00 )	( 1.7579914717e+00 0.0000000000e+00 -8.2252716546e+00 )	( 2.6324770904e-02 0.0000000000e+00 2.6006057873e-03 )
126              	( 1.7828674895e+00 0.0000000000e+00 -8.2150776229e+00 )	( 1.7565751395e+00 0.0000000000e+00 -8.2176686126e+00 )	( 2.6292349951e-02 0.0000000000e+00 2.5909896846e-03 )
127              	( 1.7814905419e+00 0.0000000000e+00 -8.2069083721e+00 )	( 1.7552306328e+00 0.0000000000e+00 -8.2094901639e+00 )	( 2.6259909147e-02 0.0000000000e+00 2.5817918602e-03 )
128              	( 1.7800869355e+00 0.0000000000e+00 -8.1980233887e+00 )	( 1.7538594064e+00 0.0000000000e+00 -8.2005965030e+00 )	( 2.6227529111e-02 0.0000000000e+00 2.5731142786e-03 )
129              	( 1.7786784193e+00 0.0000000000e+00 -8.1885284546e+00 )	( 1.7524829921e+00 0.0000000000e+00 -8.1910935985e+00 )	( 2.6195427128e-02 0.0000000000e+00 2.5651439492e-03 )
130              	( 1.7772542540e+00 0.0000000000e+00 -8.1784533452e+00 )	( 1.7510906402e+00 0.0000000000e+00 -8.1810112991e+00 )	( 2.6163613815e-02 0.0000000000e+00 2.5579538608e-03 )
131              	( 1.7758194412e+00 0.0000000000e+00 -8.1678836625e+00 )	( 1.7496871429e+00 0.0000000000e+00 -8.1704349987e+00 )	( 2.6132298235e-02 0.0000000000e+00 2.5513361688e-03 )
132              	( 1.7742266928e+00 0.0000000000e+00 -8.1566342050e+00 )	( 1.7481205761e+00 0.0000000000e+00 -8.1591801323e+00 )	( 2.6106116673e-02 0.0000000000e+00 2.5459272731e-03 )
133              	( 1.7725550663e+00 0.0000000000e+00 -8.1458346386e+00 )	( 1.7464740510e+00 0.0000000000e+00 -8.1483758086e+00 )	( 2.6081015301e-02 0.0000000000e+00 2.5411699538e-03 )
134              	( 1.7709223850e+00 0.0000000000e+00 -8.1350215228e+00 )	( 1.7448645543e+00 0.0000000000e+00 -8.1375587456e+00 )	( 2.6057830701e-02 0.0000000000e+00 2.5372228212e-03 )
135              	( 1.7693810536e+00 0.0000000000e+00 -8.1243087071e+00 )	( 1.7433444484e+00 0.0000000000e+00 -8.1268427574e+00 )	( 2.6036605188e-02 0.0000000000e+00 2.5340503379e-03 )
136              	( 1.7679267752e+00 0.0000000000e+00 -8.1136605953e+00 )	( 1.7419095756e+00 0.0000000000e+00 -8.1161921935e+00 )	( 2.6017199613e-02 0.0000000000e+00 2.5315982009e-03 )
137              	( 1.7665150628e+00 0.0000000000e+00 -8.1030088274e+00 )	( 1.7405155363e+00 0.0000000000e+00 -8.1055387345e+00 )	( 2.5999526555e-02 0.0000000000e+00 2.5299070614e-03 )
138              	( 1.7651941756e+00 0.0000000000e+00 -8.0925083063e+00 )	( 1.7392106163e+00 0.0000000000e+00 -8.0950372589e+00 )	( 2.5983559312e-02 0.0000000000e+00 2.5289526640e-03 )
139              	( 1.7639322213e+00 0.0000000000e+00 -8.0820289892e+00 )	( 1.7379629665e+00 0.0000000000e+00 -8.0845576508e+00 )	( 2.5969254855e-02 0.0000000000e+00 2.5286616420e-03 )
140              	( 1.7626831656e+00 0.0000000000e+00 -8.0715464357e+00 )	( 1.7367267070e+00 0.0000000000e+00 -8.0740754246e+00 )	( 2.5956458572e-02 0.0000000000e+00 2.5289889137e-03 )
141              	( 1.7614541283e+00 0.0000000000e+00 -8.0611310779e+00 )	( 1.7355090084e+00 0.0000000000e+00 -8.0636609574e+00 )	( 2.5945119907e-02 0.0000000000e+00 2.5298794428e-03 )
142              	( 1.7602369115e+00 0.0000000000e+00 -8.0508598530e+00 )	( 1.7343018304e+00 0.0000000000e+00 -8.0533911500e+00 )	( 2.5935081107e-02 0.0000000000e+00 2.5312970335e-03 )
143              	( 1.7589637328e+00 0.0000000000e+00 -8.0406285981e+00 )	( 1.7330373680e+00 0.0000000000e+00 -8.0431617991e+00 )	( 2.5926364870e-02 0.0000000000e+00 2.5332009810e-03 )
144              	( 1.7576971657e+00 0.0000000000e+00 -8.0305481198e+00 )	( 1.7317782119e+00 0.0000000000e+00 -8.0330836953e+00 )	( 2.5918953772e-02 0.0000000000e+00 2.5355755026e-03 )
145              	( 1.7564430661e+00 0.0000000000e+00 -8.0206607190e+00 )	( 1.7305302980e+00 0.0000000000e+00 -8.0231990775e+00 )	( 2.5912768030e-02 0.0000000000e+00 2.5383585426e-03 )
146              	( 1.7552097813e+00 0.0000000000e+00 -8.0110276714e+00 )	( 1.7293019395e+00 0.0000000000e+00 -8.0135692842e+00 )	( 2.5907841766e-02 0.0000000000e+00 2.5416127905e-03 )
147              	( 1.7539817529e+00 0.0000000000e+00 -8.0016585815e+00 )	( 1.7280776544e+00 0.0000000000e+00 -8.0042038410e+00 )	( 2.5904098423e-02 0.0000000000e+00 2.5452595429e-03 )
148              	( 1.7527888047e+00 0.0000000000e+00 -7.9926330488e+00 )	( 1.7268873458e+00 0.0000000000e+00 -7.9951822627e+00 )	( 2.5901458841e-02 0.0000000000e+00 2.5492138902e-03 )
149              	( 1.7516508735e+00 0.0000000000e+00 -7.9840023486e+00 )	( 1.7257511467e+00 0.0000000000e+00 -7.9865557453e+00 )	( 2.5899726815e-02 0.0000000000e+00 2.5533967263e-03 )
150              	( 1.7505918220e+00 0.0000000000e+00 -7.9758219999e+00 )	( 1.7246930166e+00 0.0000000000e+00 -7.9783797281e+00 )	( 2.5898805393e-02 0.0000000000e+00 2.5577281969e-03 )
151              	( 1.7496051601e+00 0.0000000000e+00 -7.9680918104e+00 )	( 1.7237065508e+00 0.0000000000e+00 -7.9706539526e+00 )	( 2.5898609320e-02 0.0000000000e+00 2.5621422108e-03 )
152              	( 1.7487381057e+00 0.0000000000e+00 -7.9608946779e+00 )	( 1.7228389894e+00 0.0000000000e+00 -7.9634612865e+00 )	( 2.5899116233e-02 0.0000000000e+00 2.5666085517e-03 )
153              	( 1.7480292665e+00 0.0000000000e+00 -7.9543013880e+00 )	( 1.7221289047e+00 0.0000000000e+00 -7.9568725118e+00 )	( 2.5900361853e-02 0.0000000000e+00 2.5711237911e-03 )
154              	( 1.7475325143e+00 0.0000000000e+00 -7.9483951038e+00 )	( 1.7216299435e+00 0.0000000000e+00 -7.9509709719e+00 )	( 2.5902570759e-02 0.0000000000e+00 2.5758681182e-03 )
155              	( 1.7471543556e+00 0.0000000000e+00 -7.9430411354e+00 )	( 1.7212488098e+00 0.0000000000e+00 -7.9456218172e+00 )	( 2.5905545779e-02 0.0000000000e+00 2.5806817996e-03 )
156              	( 1.7468274595e+00 0.0000000000e+00 -7.9381378887e+00 )	( 1.7209182463e+00 0.0000000000e+00 -7.9407234411e+00 )	( 2.5909213258e-02 0.0000000000e+00 2.5855524155e-03 )
157              	( 1.7465914888e+00 0.0000000000e+00 -7.9337475501e+00 )	( 1.7206779669e+00 0.0000000000e+00 -7.9363379855e+00 )	( 2.5913521858e-02 0.0000000000e+00 2.5904354322e-03 )
158              	( 1.7464110494e+00 0.0000000000e+00 -7.9298211355e+00 )	( 1.7204926333e+00 0.0000000000e+00 -7.9324164468e+00 )	( 2.5918416092e-02 0.0000000000e+00 2.5953113759e-03 )
159              	( 1.7462806124e+00 0.0000000000e+00 -7.9263381612e+00 )	( 1.7203568155e+00 0.0000000000e+00 -7.9289383032e+00 )	( 2.5923796861e-02 0.0000000000e+00 2.6001419321e-03 )
160              	( 1.7462034496e+00 0.0000000000e+00 -7.9233001757e+00 )	( 1.7202738691e+00 0.0000000000e+00 -7.9259050676e+00 )	( 2.5929580576e-02 0.0000000000e+00 2.6048918585e-03 )
161              	( 1.7461810893e+00 0.0000000000e+00 -7.9207073451e+00 )	( 1.7202454221e+00 0.0000000000e+00 -7.9233168586e+00 )	( 2.5935667226e-02 0.0000000000e+00 2.6095135263e-03 )
162              	( 1.7462128320e+00 0.0000000000e+00 -7.9185549489e+00 )	( 1.7202708577e+00 0.0000000000e+00 -7.9211689195e+00 )	( 2.5941974206e-02 0.0000000000e+00 2.6139706494e-03 )
163              	( 1.7463015848e+00 0.0000000000e+00 -7.9168400347e+00 )	( 1.7203531751e+00 0.0000000000e+00 -7.9194582528e+00 )	( 2.5948409723e-02 0.0000000000e+00 2.6182181461e-03 )
164              	( 1.7464624530e+00 0.0000000000e+00 -7.9155872110e+00 )	( 1.7205075256e+00 0.0000000000e+00 -7.9182094416e+00 )	( 2.5954927468e-02 0.0000000000e+00 2.6222306091e-03 )
165              	( 1.7466944335e+00 0.0000000000e+00 -7.9147870146e+00 )	( 1.7207329881e+00 0.0000000000e+00 -7.9174129981e+00 )	( 2.5961445332e-02 0.0000000000e+00 2.6259835577e-03 )
166              	( 1.7469933334e+00 0.0000000000e+00 -7.9144219863e+00 )	( 1.7210255477e+00 0.0000000000e+00 -7.9170514359e+00 )	( 2.5967785665e-02 0.0000000000e+00 2.6294496152e-03 )
167              	( 1.7473617566e+00 0.0000000000e+00 -7.9144832113e+00 )	( 1.7213877243e+00 0.0000000000e+00 -7.9171158464e+00 )	( 2.5974032363e-02 0.0000000000e+00 2.6326351738e-03 )
168              	( 1.7477741345e+00 0.0000000000e+00 -7.9149148642e+00 )	( 1.7217940226e+00 0.0000000000e+00 -7.9175503945e+00 )	( 2.5980111961e-02 0.0000000000e+00 2.6355302298e-03 )
169              	( 1.7482229430e+00 0.0000000000e+00 -7.9156779470e+00 )	( 1.7222368487e+00 0.0000000000e+00 -7.9183161087e+00 )	( 2.5986094297e-02 0.0000000000e+00 2.6381617783e-03 )
170              	( 1.7487165391e+00 0.0000000000e+00 -7.9167760223e+00 )	( 1.7227245963e+00 0.0000000000e+00 -7.9194165624e+00 )	( 2.5991942771e-02 0.0000000000e+00 2.6405400479e-03 )
171              	( 1.7492741133e+00 0.0000000000e+00 -7.9182328038e+00 )	( 1.7232764814e+00 0.0000000000e+00 -7.9208754578e+00 )	( 2.5997631994e-02 0.0000000000e+00 2.6426539534e-03 )
172              	( 1.7498790629e+00 0.0000000000e+00 -7.9200002523e+00 )	( 1.7238758999e+00 0.0000000000e+00 -7.9226447766e+00 )	( 2.6003163004e-02 0.0000000000e+00 2.6445242716e-03 )
173              	( 1.7504850883e+00 0.0000000000e+00 -7.9219751544e+00 )	( 1.7244765685e+00 0.0000000000e+00 -7.9246213291e+00 )	( 2.6008519830e-02 0.0000000000e+00 2.6461746828e-03 )
174              	( 1.7510867049e+00 0.0000000000e+00 -7.9241369179e+00 )	( 1.7250730207e+00 0.0000000000e+00 -7.9267845363e+00 )	( 2.6013684190e-02 0.0000000000e+00 2.6476183670e-03 )
175              	( 1.7516721375e+00 0.0000000000e+00 -7.9264361870e+00 )	( 1.7256535047e+00 0.0000000000e+00 -7.9290850499e+00 )	( 2.6018632853e-02 0.0000000000e+00 2.6488628843e-03 )
176              	( 1.7522769609e+00 0.0000000000e+00 -7.9289207369e+00 )	( 1.7262536406e+00 0.0000000000e+00 -7.9315706359e+00 )	( 2.6023320297e-02 0.0000000000e+00 2.6498990793e-03 )
177              	( 1.7528854777e+00 0.0000000000e+00 -7.9315355291e+00 )	( 1.7268576941e+00 0.0000000000e+00 -7.9341862882e+00 )	( 2.6027783638e-02 0.0000000000e+00 2.6507591753e-03 )
178              	( 1.7534660158e+00 0.0000000000e+00 -7.9342153890e+00 )	( 1.7274340273e+00 0.0000000000e+00 -7.9368668307e+00 )	( 2.6031988540e-02 0.0000000000e+00 2.6514416971e-03 )
179              	( 1.7540310558e+00 0.0000000000e+00 -7.9369647746e+00 )	( 1.7279951120e+00 0.0000000000e+00 -7.9396167354e+00 )	( 2.6035943865e-02 0.0000000000e+00 2.6519608559e-03 )
180              	( 1.7545886719e+00 0.0000000000e+00 -7.9397774201e+00 )	( 1.7285490714e+00 0.0000000000e+00 -7.9424297225e+00 )	( 2.6039600566e-02 0.0000000000e+00 2.6523024715e-03 )
181              	( 1.7551290704e+00 0.0000000000e+00 -7.9426214534e+00 )	( 1.7290861130e+00 0.0000000000e+00 -7.9452739218e+00 )	( 2.6042957366e-02 0.0000000000e+00 2.6524684071e-03 )
182              	( 1.7556399604e+00 0.0000000000e+00 -7.9454578537e+00 )	( 1.7295939681e+00 0.0000000000e+00 -7.9481103154e+00 )	( 2.6045992392e-02 0.0000000000e+00 2.6524616520e-03 )
183              	( 1.7561505969e+00 0.0000000000e+00 -7.9483207004e+00 )	( 1.7301018864e+00 0.0000000000e+00 -7.9509729856e+00 )	( 2.6048710431e-02 0.0000000000e+00 2.6522852302e-03 )
184              	( 1.7566436220e+00 0.0000000000e+00 -7.9511666559e+00 )	( 1.7305925220e+00 0.0000000000e+00 -7.9538185999e+00 )	( 2.6051100028e-02 0.0000000000e+00 2.6519439132e-03 )
185              	( 1.7571191172e+00 0.0000000000e+00 -7.9539824186e+00 )	( 1.7310659477e+00 0.0000000000e+00 -7.9566338674e+00 )	( 2.6053169542e-02 0.0000000000e+00 2.6514487757e-03 )
186              	( 1.7575753894e+00 0.0000000000e+00 -7.9567547015e+00 )	( 1.7315204650e+00 0.0000000000e+00 -7.9594055100e+00 )	( 2.6054924396e-02 0.0000000000e+00 2.6508084988e-03 )
187              	( 1.7580064025e+00 0.0000000000e+00 -7.9594591866e+00 )	( 1.7319500974e+00 0.0000000000e+00 -7.9621092037e+00 )	( 2.6056305135e-02 0.0000000000e+00 2.6500171247e-03 )
188              	( 1.7584096261e+00 0.0000000000e+00 -7.9620752711e+00 )	( 1.7323522195e+00 0.0000000000e+00 -7.9647243663e+00 )	( 2.6057406594e-02 0.0000000000e+00 2.6490951621e-03 )
189              	( 1.7587954047e+00 0.0000000000e+00 -7.9646082272e+00 )	( 1.7327372061e+00 0.0000000000e+00 -7.9672562818e+00 )	( 2.6058198594e-02 0.0000000000e+00 2.6480545329e-03 )
190              	( 1.7591622060e+00 0.0000000000e+00 -7.9670482449e+00 )	( 1.7331034971e+00 0.0000000000e+00 -7.9696951483e+00 )	( 2.6058708871e-02 0.0000000000e+00 2.6469033526e-03 )
191              	( 1.7595053049e+00 0.0000000000e+00 -7.9693840206e+00 )	( 1.7334463332e+00 0.0000000000e+00 -7.9720297016e+00 )	( 2.6058971629e-02 0.0000000000e+00 2.6456810439e-03 )
192              	( 1.7598178636e+00 0.0000000000e+00 -7.9715963954e+00 )	( 1.7337588524e+00 0.0000000000e+00 -7.9742408008e+00 )	( 2.6059011157e-02 0.0000000000e+00 2.6444053993e-03 )
193              	( 1.7601035413e+00 0.0000000000e+00 -7.9736836207e+00 )	( 1.7340446982e+00 0.0000000000e+00 -7.9763267119e+00 )	( 2.6058843033e-02 0.0000000000e+00 2.6430911848e-03 )
194              	( 1.7603533780e+00 0.0000000000e+00 -7.9756266175e+00 )	( 1.7342949371e+00 0.0000000000e+00 -7.9782683644e+00 )	( 2.6058440915e-02 0.0000000000e+00 2.6417468639e-03 )
195              	( 1.7605716642e+00 0.0000000000e+00 -7.9774280575e+00 )	( 1.7345138174e+00 0.0000000000e+00 -7.9800684487e+00 )	( 2.6057846793e-02 0.0000000000e+00 2.6403911862e-03 )
196              	( 1.7607574812e+00 0.0000000000e+00 -7.9790821504e+00 )	( 1.7347003794e+00 0.0000000000e+00 -7.9817211850e+00 )	( 2.6057101849e-02 0.0000000000e+00 2.6390346821e-03 )
197              	( 1.7609142412e+00 0.0000000000e+00 -7.9805925784e+00 )	( 1.7348580110e+00 0.0000000000e+00 -7.9832302746e+00 )	( 2.6056230190e-02 0.0000000000e+00 2.6376962229e-03 )
198              	( 1.7610338939e+00 0.0000000000e+00 -7.9819410335e+00 )	( 1.7349786437e+00 0.0000000000e+00 -7.9845774212e+00 )	( 2.6055250196e-02 0.0000000000e+00 2.6363877150e-03 )
199              	( 1.7611139554e+00 0.0000000000e+00 -7.9831224334e+00 )	( 1.7350597813e+00 0.0000000000e+00 -7.9857575497e+00 )	( 2.6054174071e-02 0.0000000000e+00 2.6351163442e-03 )
200              	( 1.7611552812e+00 0.0000000000e+00 -7.9841378392e+00 )	( 1.7351022678e+00 0.0000000000e+00 -7.9867717281e+00 )	( 2.6053013329e-02 0.0000000000e+00 2.6338888436e-03 )
201              	( 1.7611633627e+00 0.0000000000e+00 -7.9849963396e+00 )	( 1.7351115872e+00 0.0000000000e+00 -7.9876290468e+00 )	( 2.6051775550e-02 0.0000000000e+00 2.6327072087e-03 )
202              	( 1.7611430266e+00 0.0000000000e+00 -7.9857060476e+00 )	( 1.7350925556e+00 0.0000000000e+00 -7.9883376234e+00 )	( 2.6050470942e-02 0.0000000000e+00 2.6315758010e-03 )
203              	( 1.7610949995e+00 0.0000000000e+00 -7.9862656243e+00 )	( 1.7350458803e+00 0.0000000000e+00 -7.9888961284e+00 )	( 2.6049119280e-02 0.0000000000e+00 2.6305040564e-03 )
204              	( 1.7610271861e+00 0.0000000000e+00 -7.9866916079e+00 )	( 1.7349794540e+00 0.0000000000e+00 -7.9893211014e+00 )	( 2.6047732137e-02 0.0000000000e+00 2.6294934437e-03 )
205              	( 1.7609428375e+00 0.0000000000e+00 -7.9869939012e+00 )	( 1.7348965133e+00 0.0000000000e+00 -7.9896224474e+00 )	( 2.6046324182e-02 0.0000000000e+00 2.6285461108e-03 )
206              	( 1.7608449521e+00 0.0000000000e+00 -7.9871805172e+00 )	( 1.7348000486e+00 0.0000000000e+00 -7.9898081803e+00 )	( 2.6044903553e-02 0.0000000000e+00 2.6276631066e-03 )
207              	( 1.7607356893e+00 0.0000000000e+00 -7.9872602607e+00 )	( 1.7346922129e+00 0.0000000000e+00 -7.9898871053e+00 )	( 2.6043476440e-02 0.0000000000e+00 2.6268445301e-03 )
208              	( 1.7606174821e+00 0.0000000000e+00 -7.9872428676e+00 )	( 1.7345754326e+00 0.0000000000e+00 -7.9898689561e+00 )	( 2.6042049506e-02 0.0000000000e+00 2.6260884744e-03 )
209              	( 1.7604931896e+00 0.0000000000e+00 -7.9871395689e+00 )	( 1.7344525558e+00 0.0000000000e+00 -7.9897649657e+00 )	( 2.6040633795e-02 0.0000000000e+00 2.6253968377e-03 )
210              	( 1.7603607745e+00 0.0000000000e+00 -7.9869529520e+00 )	( 1.7343215361e+00 0.0000000000e+00 -7.9895777218e+00 )	( 2.6039238421e-02 0.0000000000e+00 2.6247698339e-03 )
211              	( 1.7602201580e+00 0.0000000000e+00 -7.9866876352e+00 )	( 1.7341822915e+00 0.0000000000e+00 -7.9893118409e+00 )	( 2.6037866490e-02 0.0000000000e+00 2.6242057211e-03 )
212              	( 1.7600687824e+00 0.0000000000e+00 -7.9863435184e+00 )	( 1.7340322598e+00 0.0000000000e+00 -7.9889672223e+00 )	( 2.6036522585e-02 0.0000000000e+00 2.6237038680e-03 )
213              	( 1.7599157511e+00 0.0000000000e+00 -7.9859422540e+00 )	( 1.7338805438e+00 0.0000000000e+00 -7.9885655117e+00 )	( 2.6035207307e-02 0.0000000000e+00 2.6232576967e-03 )
214              	( 1.7597618970e+00 0.0000000000e+00 -7.9854898310e+00 )	( 1.7337279681e+00 0.0000000000e+00 -7.9881126986e+00 )	( 2.6033928926e-02 0.0000000000e+00 2.6228676980e-03 )
215              	( 1.7596064449e+00 0.0000000000e+00 -7.9849905271e+00 )	( 1.7335737483e+00 0.0000000000e+00 -7.9876130622e+00 )	( 2.6032696584e-02 0.0000000000e+00 2.6225350728e-03 )
216              	( 1.7594514409e+00 0.0000000000e+00 -7.9844522631e+00 )	( 1.7334199315e+00 0.0000000000e+00 -7.9870745172e+00 )	( 2.6031509339e-02 0.0000000000e+00 2.6222541295e-03 )
217              	( 1.7593008927e+00 0.0000000000e+00 -7.9838897715e+00 )	( 1.7332705278e+00 0.0000000000e+00 -7.9865117899e+00 )	( 2.6030364946e-02 0.0000000000e+00 2.6220184711e-03 )
218              	( 1.7591508922e+00 0.0000000000e+00 -7.9833001271e+00 )	( 1.7331216191e+00 0.0000000000e+00 -7.9859219577e+00 )	( 2.6029273059e-02 0.0000000000e+00 2.6218305526e-03 )
219              	( 1.7590029604e+00 0.0000000000e+00 -7.9826891654e+00 )	( 1.7329747277e+00 0.0000000000e+00 -7.9853108520e+00 )	( 2.6028232619e-02 0.0000000000e+00 2.6216866263e-03 )
220              	( 1.7588588020e+00 0.0000000000e+00 -7.9820638804e+00 )	( 1.7328315497e+00 0.0000000000e+00 -7.9846854682e+00 )	( 2.6027252251e-02 0.0000000000e+00 2.6215878105e-03 )
221              	( 1.7587210651e+00 0.0000000000e+00 -7.9814348865e+00 )	( 1.7326947390e+00 0.0000000000e+00 -7.9840564129e+00 )	( 2.6026326116e-02 0.0000000000e+00 2.6215264167e-03 )
222              	( 1.7585891998e+00 0.0000000000e+00 -7.9808062211e+00 )	( 1.7325637475e+00 0.0000000000e+00 -7.9834277188e+00 )	( 2.6025452245e-02 0.0000000000e+00 2.6214977085e-03 )
223              	( 1.7584605765e+00 0.0000000000e+00 -7.9801774070e+00 )	( 1.7324359382e+00 0.0000000000e+00 -7.9827989119e+00 )	( 2.6024638301e-02 0.0000000000e+00 2.6215048659e-03 )
224              	( 1.7583347428e+00 0.0000000000e+00 -7.9795487621e+00 )	( 1.7323108522e+00 0.0000000000e+00 -7.9821703096e+00 )	( 2.6023890615e-02 0.0000000000e+00 2.6215475552e-03 )
225              	( 1.7582132605e+00 0.0000000000e+00 -7.9789253669e+00 )	( 1.7321900596e+00 0.0000000000e+00 -7.9815469866e+00 )	( 2.6023200818e-02 0.0000000000e+00 2.6216196474e-03 )
226              	( 1.7580975279e+00 0.0000000000e+00 -7.9783126090e+00 )	( 1.7320749615e+00 0.0000000000e+00 -7.9809343249e+00 )	( 2.6022566463e-02 0.0000000000e+00 2.6217158399e-03 )
227              	( 1.7579870517e+00 0.0000000000e+00 -7.9777116748e+00 )	( 1.7319650674e+00 0.0000000000e+00 -7.9803335089e+00 )	( 2.6021984371e-02 0.0000000000e+00 2.6218340953e-03 )
228              	( 1.7578820650e+00 0.0000000000e+00 -7.9771243770e+00 )	( 1.7318606118e+00 0.0000000000e+00 -7.9797463476e+00 )	( 2.6021453188e-02 0.0000000000e+00 2.6219705409e-03 )
229              	( 1.7577828614e+00 0.0000000000e+00 -7.9765525346e+00 )	( 1.7317618898e+00 0.0000000000e+00 -7.9791746571e+00 )	( 2.6020971591e-02 0.0000000000e+00 2.6221224770e-03 )
230              	( 1.7576895171e+00 0.0000000000e+00 -7.9759977129e+00 )	( 1.7316689806e+00 0.0000000000e+00 -7.9786200009e+00 )	( 2.6020536500e-02 0.0000000000e+00 2.6222880019e-03 )
231              	( 1.7576025102e+00 0.0000000000e+00 -7.9754619623e+00 )	( 1.7315823634e+00 0.0000000000e+00 -7.9780844265e+00 )	( 2.6020146724e-02 0.0000000000e+00 2.6224642598e-03 )
232              	( 1.7575225125e+00 0.0000000000e+00 -7.9749473016e+00 )	( 1.7315027135e+00 0.0000000000e+00 -7.9775699478e+00 )	( 2.6019798960e-02 0.0000000000e+00 2.6226462065e-03 )
233              	( 1.7574491716e+00 0.0000000000e+00 -7.9744539565e+00 )	( 1.7314296819e+00 0.0000000000e+00 -7.9770767901e+00 )	( 2.6019489663e-02 0.0000000000e+00 2.6228336212e-03 )
234              	( 1.7573826201e+00 0.0000000000e+00 -7.9739831620e+00 )	( 1.7313633992e+00 0.0000000000e+00 -7.9766061865e+00 )	( 2.6019220883e-02 0.0000000000e+00 2.6230244998e-03 )
235              	( 1.7573231335e+00 0.0000000000e+00 -7.9735363341e+00 )	( 1.7313041429e+00 0.0000000000e+00 -7.9761595528e+00 )	( 2.6018990634e-02 0.0000000000e+00 2.6232186844e-03 )
236              	( 1.7572705685e+00 0.0000000000e+00 -7.9731139814e+00 )	( 1.7312517687e+00 0.0000000000e+00 -7.9757373961e+00 )	( 2.6018799817e-02 0.0000000000e+00 2.6234147338e-03 )
237              	( 1.7572245528e+00 0.0000000000e+00 -7.9727161029e+00 )	( 1.7312059057e+00 0.0000000000e+00 -7.9753397155e+00 )	( 2.6018647147e-02 0.0000000000e+00 2.6236126068e-03 )
238              	( 1.7571846321e+00 0.0000000000e+00 -7.9723424302e+00 )	( 1.7311660985e+00 0.0000000000e+00 -7.9749662414e+00 )	( 2.6018533593e-02 0.0000000000e+00 2.6238112474e-03 )
239              	( 1.7571503264e+00 0.0000000000e+00 -7.9719925618e+00 )	( 1.7311318691e+00 0.0000000000e+00 -7.9746165729e+00 )	( 2.6018457288e-02 0.0000000000e+00 2.6240110964e-03 )
240              	( 1.7571212066e+00 0.0000000000e+00 -7.9716661060e+00 )	( 1.7311027882e+00 0.0000000000e+00 -7.9742903175e+00 )	( 2.6018418387e-02 0.0000000000e+00 2.6242114758e-03 )
241              	( 1.7570969485e+00 0.0000000000e+00 -7.9713627695e+00 )	( 1.7310785333e+00 0.0000000000e+00 -7.9739871818e+00 )	( 2.6018415160e-02 0.0000000000e+00 2.6244122921e-03 )
242              	( 1.7570760412e+00 0.0000000000e+00 -7.9710799939e+00 )	( 1.7310575940e+00 0.0000000000e+00 -7.9737046076e+00 )	( 2.6018447157e-02 0.0000000000e+00 2.6246137259e-03 )
243              	( 1.7570591637e+00 0.0000000000e+00 -7.9708190752e+00 )	( 1.7310406514e+00 0.0000000000e+00 -7.9734438900e+00 )	( 2.6018512342e-02 0.0000000000e+00 2.6248148688e-03 )
244              	( 1.7570464571e+00 0.0000000000e+00 -7.9705804068e+00 )	( 1.7310278476e+00 0.0000000000e+00 -7.9732054220e+00 )	( 2.6018609525e-02 0.0000000000e+00 2.6250151964e-03 )
245              	( 1.7570378101e+00 0.0000000000e+00 -7.9703638841e+00 )	( 1.7310190731e+00 0.0000000000e+00 -7.9729890983e+00 )	( 2.6018737043e-02 0.0000000000e+00 2.6252141763e-03 )
246              	( 1.7570329290e+00 0.0000000000e+00 -7.9701692037e+00 )	( 1.7310140359e+00 0.0000000000e+00 -7.9727946149e+00 )	( 2.6018893099e-02 0.0000000000e+00 2.6254111273e-03 )
247              	( 1.7570314591e+00 0.0000000000e+00 -7.9699957553e+00 )	( 1.7310123835e+00 0.0000000000e+00 -7.9726213607e+00 )	( 2.6019075540e-02 0.0000000000e+00 2.6256054672e-03 )
248              	( 1.7570332732e+00 0.0000000000e+00 -7.9698432212e+00 )	( 1.7310139909e+00 0.0000000000e+00 -7.9724690178e+00 )	( 2.6019282301e-02 0.0000000000e+00 2.6257965600e-03 )
249              	( 1.7570383091e+00 0.0000000000e+00 -7.9697114208e+00 )	( 1.7310187978e+00 0.0000000000e+00 -7.9723374046e+00 )	( 2.6019511232e-02 0.0000000000e+00 2.6259837578e-03 )
250              	( 1.7570464102e+00 0.0000000000e+00 -7.9695999696e+00 )	( 1.7310266500e+00 0.0000000000e+00 -7.9722261360e+00 )	( 2.6019760209e-02 0.0000000000e+00 2.6261664153e-03 )
251              	( 1.7570574192e+00 0.0000000000e+00 -7.9695084243e+00 )	( 1.7310373921e+00 0.0000000000e+00 -7.9721347682e+00 )	( 2.6020027093e-02 0.0000000000e+00 2.6263439637e-03 )
252              	( 1.7570713493e+00 0.0000000000e+00 -7.9694366786e+00 )	( 1.7310510395e+00 0.0000000000e+00 -7.9720631944e+00 )	( 2.6020309800e-02 0.0000000000e+00 2.6265158573e-03 )
253              	( 1.7570879603e+00 0.0000000000e+00 -7.9693840216e+00 )	( 1.7310673540e+00 0.0000000000e+00 -7.9720107033e+00 )	( 2.6020606349e-02 0.0000000000e+00 2.6266816922e-03 )
254              	( 1.7571068887e+00 0.0000000000e+00 -7.9693494307e+00 )	( 1.7310859739e+00 0.0000000000e+00 -7.9719762718e+00 )	( 2.6020914797e-02 0.0000000000e+00 2.6268411190e-03 )
255              	( 1.7571280294e+00 0.0000000000e+00 -7.9693324221e+00 )	( 1.7311067962e+00 0.0000000000e+00 -7.9719594159e+00 )	( 2.6021233218e-02 0.0000000000e+00 2.6269937753e-03 )
256              	( 1.7571512282e+00 0.0000000000e+00 -7.9693323613e+00 )	( 1.7311296685e+00 0.0000000000e+00 -7.9719595007e+00 )	( 2.6021559708e-02 0.0000000000e+00 2.6271394136e-03 )
257              	( 1.7571762990e+00 0.0000000000e+00 -7.9693485060e+00 )	( 1.7311544065e+00 0.0000000000e+00 -7.9719757838e+00 )	( 2.6021892497e-02 0.0000000000e+00 2.6272778198e-03 )
258              	( 1.7572030556e+00 0.0000000000e+00 -7.9693800875e+00 )	( 1.7311808258e+00 0.0000000000e+00 -7.9720074963e+00 )	( 2.6022229862e-02 0.0000000000e+00 2.6274088340e-03 )
259              	( 1.7572312824e+00 0.0000000000e+00 -7.9694262586e+00 )	( 1.7312087123e+00 0.0000000000e+00 -7.9720537909e+00 )	( 2.6022570100e-02 0.0000000000e+00 2.6275323140e-03 )
260              	( 1.7572607871e+00 0.0000000000e+00 -7.9694861676e+00 )	( 1.7312378756e+00 0.0000000000e+00 -7.9721138157e+00 )	( 2.6022911521e-02 0.0000000000e+00 2.6276481298e-03 )
261              	( 1.7572913984e+00 0.0000000000e+00 -7.9695588445e+00 )	( 1.7312681458e+00 0.0000000000e+00 -7.9721866007e+00 )	( 2.6023252549e-02 0.0000000000e+00 2.6277562180e-03 )
262              	( 1.7573227913e+00 0.0000000000e+00 -7.9696433251e+00 )	( 1.7312991999e+00 0.0000000000e+00 -7.9722711815e+00 )	( 2.6023591413e-02 0.0000000000e+00 2.6278563997e-03 )
263              	( 1.7573549023e+00 0.0000000000e+00 -7.9697388882e+00 )	( 1.7313309757e+00 0.0000000000e+00 -7.9723668367e+00 )	( 2.6023926527e-02 0.0000000000e+00 2.6279485383e-03 )
264              	( 1.7573876234e+00 0.0000000000e+00 -7.9698447149e+00 )	( 1.7313633671e+00 0.0000000000e+00 -7.9724727474e+00 )	( 2.6024256296e-02 0.0000000000e+00 2.6280324685e-03 )
265              	( 1.7574210387e+00 0.0000000000e+00 -7.9699604377e+00 )	( 1.7313964604e+00 0.0000000000e+00 -7.9725885451e+00 )	( 2.6024578275e-02 0.0000000000e+00 2.6281074260e-03 )
266              	( 1.7574547245e+00 0.0000000000e+00 -7.9700846215e+00 )	( 1.7314298337e+00 0.0000000000e+00 -7.9727127947e+00 )	( 2.6024890808e-02 0.0000000000e+00 2.6281732472e-03 )
267              	( 1.7574883253e+00 0.0000000000e+00 -7.9702158771e+00 )	( 1.7314631329e+00 0.0000000000e+00 -7.9728441069e+00 )	( 2.6025192458e-02 0.0000000000e+00 2.6282298436e-03 )
268              	( 1.7575218048e+00 0.0000000000e+00 -7.9703534556e+00 )	( 1.7314963228e+00 0.0000000000e+00 -7.9729817328e+00 )	( 2.6025481956e-02 0.0000000000e+00 2.6282771906e-03 )
269              	( 1.7575551201e+00 0.0000000000e+00 -7.9704965754e+00 )	( 1.7315293619e+00 0.0000000000e+00 -7.9731248907e+00 )	( 2.6025758214e-02 0.0000000000e+00 2.6283153223e-03 )
270              	( 1.7575882529e+00 0.0000000000e+00 -7.9706445673e+00 )	( 1.7315622327e+00 0.0000000000e+00 -7.9732729116e+00 )	( 2.6026020193e-02 0.0000000000e+00 2.6283443270e-03 )
271              	( 1.7576209860e+00 0.0000000000e+00 -7.9707963306e+00 )	( 1.7315947186e+00 0.0000000000e+00 -7.9734246952e+00 )	( 2.6026267395e-02 0.0000000000e+00 2.6283645333e-03 )
272              	( 1.7576532980e+00 0.0000000000e+00 -7.9709511337e+00 )	( 1.7316267986e+00 0.0000000000e+00 -7.9735795098e+00 )	( 2.6026499356e-02 0.0000000000e+00 2.6283761496e-03 )
273              	( 1.7576851616e+00 0.0000000000e+00 -7.9711083715e+00 )	( 1.7316584460e+00 0.0000000000e+00 -7.9737367510e+00 )	( 2.6026715552e-02 0.0000000000e+00 2.6283794474e-03 )
274              	( 1.7577164009e+00 0.0000000000e+00 -7.9712671604e+00 )	( 1.7316894853e+00 0.0000000000e+00 -7.9738955351e+00 )	( 2.6026915564e-02 0.0000000000e+00 2.6283747592e-03 )
275              	( 1.7577467893e+00 0.0000000000e+00 -7.9714265057e+00 )	( 1.7317196895e+00 0.0000000000e+00 -7.9740548680e+00 )	( 2.6027099834e-02 0.0000000000e+00 2.6283622872e-03 )
276              	( 1.7577761507e+00 0.0000000000e+00 -7.9715855087e+00 )	( 1.7317488834e+00 0.0000000000e+00 -7.9742138517e+00 )	( 2.6027267320e-02 0.0000000000e+00 2.6283429745e-03 )
277              	( 1.7578043305e+00 0.0000000000e+00 -7.9717433084e+00 )	( 1.7317769118e+00 0.0000000000e+00 -7.9743716254e+00 )	( 2.6027418675e-02 0.0000000000e+00 2.6283169444e-03 )
278              	( 1.7578312074e+00 0.0000000000e+00 -7.9718991172e+00 )	( 1.7318036540e+00 0.0000000000e+00 -7.9745274021e+00 )	( 2.6027553394e-02 0.0000000000e+00 2.6282849510e-03 )
279              	( 1.7578566635e+00 0.0000000000e+00 -7.9720521731e+00 )	( 1.7318289915e+00 0.0000000000e+00 -7.9746804204e+00 )	( 2.6027671990e-02 0.0000000000e+00 2.6282472621e-03 )
280              	( 1.7578806178e+00 0.0000000000e+00 -7.9722018045e+00 )	( 1.7318528435e+00 0.0000000000e+00 -7.9748300090e+00 )	( 2.6027774335e-02 0.0000000000e+00 2.6282045098e-03 )
281              	( 1.7579030222e+00 0.0000000000e+00 -7.9723474300e+00 )	( 1.7318751614e+00 0.0000000000e+00 -7.9749755871e+00 )	( 2.6027860887e-02 0.0000000000e+00 2.6281570611e-03 )
282              	( 1.7579238347e+00 0.0000000000e+00 -7.9724885085e+00 )	( 1.7318959029e+00 0.0000000000e+00 -7.9751166140e+00 )	( 2.6027931766e-02 0.0000000000e+00 2.6281054765e-03 )
283              	( 1.7579430290e+00 0.0000000000e+00 -7.9726245587e+00 )	( 1.7319150416e+00 0.0000000000e+00 -7.9752526088e+00 )	( 2.6027987472e-02 0.0000000000e+00 2.6280501319e-03 )
284              	( 1.7579605882e+00 0.0000000000e+00 -7.9727551463e+00 )	( 1.7319325599e+00 0.0000000000e+00 -7.9753831379e+00 )	( 2.6028028290e-02 0.0000000000e+00 2.6279915233e-03 )
285              	( 1.7579765067e+00 0.0000000000e+00 -7.9728798881e+00 )	( 1.7319484519e+00 0.0000000000e+00 -7.9755078181e+00 )	( 2.6028054754e-02 0.0000000000e+00 2.6279300258e-03 )
286              	( 1.7579907857e+00 0.0000000000e+00 -7.9729984423e+00 )	( 1.7319627184e+00 0.0000000000e+00 -7.9756263084e+00 )	( 2.6028067283e-02 0.0000000000e+00 2.6278660844e-03 )
287              	( 1.7580034339e+00 0.0000000000e+00 -7.9731105110e+00 )	( 1.7319753674e+00 0.0000000000e+00 -7.9757383111e+00 )	( 2.6028066460e-02 0.0000000000e+00 2.6278000697e-03 )
288              	( 1.7580144658e+00 0.0000000000e+00 -7.9732158336e+00 )	( 1.7319864130e+00 0.0000000000e+00 -7.9758435660e+00 )	( 2.6028052820e-02 0.0000000000e+00 2.6277323948e-03 )
289              	( 1.7580239024e+00 0.0000000000e+00 -7.9733141876e+00 )	( 1.7319958754e+00 0.0000000000e+00 -7.9759418510e+00 )	( 2.6028027018e-02 0.0000000000e+00 2.6276634294e-03 )
290              	( 1.7580317971e+00 0.0000000000e+00 -7.9734054727e+00 )	( 1.7320038075e+00 0.0000000000e+00 -7.9760330662e+00 )	( 2.6027989551e-02 0.0000000000e+00 2.6275935349e-03 )
291              	( 1.7580380603e+00 0.0000000000e+00 -7.9734892721e+00 )	( 1.7320101189e+00 0.0000000000e+00 -7.9761167953e+00 )	( 2.6027941402e-02 0.0000000000e+00 2.6275231949e-03 )
292              	( 1.7580428281e+00 0.0000000000e+00 -7.9735656276e+00 )	( 1.7320149450e+00 0.0000000000e+00 -7.9761930803e+00 )	( 2.6027883142e-02 0.0000000000e+00 2.6274526982e-03 )
293              	( 1.7580461672e+00 0.0000000000e+00 -7.9736345206e+00 )	( 1.7320183516e+00 0.0000000000e+00 -7.9762619030e+00 )	( 2.6027815608e-02 0.0000000000e+00 2.6273824034e-03 )
294              	( 1.7580481166e+00 0.0000000000e+00 -7.9736959097e+00 )	( 1.7320203770e+00 0.0000000000e+00 -7.9763232224e+00 )	( 2.6027739596e-02 0.0000000000e+00 2.6273126935e-03 )
295              	( 1.7580487126e+00 0.0000000000e+00 -7.9737497712e+00 )	( 1.7320210566e+00 0.0000000000e+00 -7.9763770151e+00 )	( 2.6027655985e-02 0.0000000000e+00 2.6272439278e-03 )
296              	( 1.7580480007e+00 0.0000000000e+00 -7.9737961215e+00 )	( 1.7320204351e+00 0.0000000000e+00 -7.9764232979e+00 )	( 2.6027565622e-02 0.0000000000e+00 2.6271764634e-03 )
297              	( 1.7580460548e+00 0.0000000000e+00 -7.9738350276e+00 )	( 1.7320185854e+00 0.0000000000e+00 -7.9764621382e+00 )	( 2.6027469431e-02 0.0000000000e+00 2.6271106205e-03 )
298              	( 1.7580428970e+00 0.0000000000e+00 -7.9738665767e+00 )	( 1.7320155287e+00 0.0000000000e+00 -7.9764936234e+00 )	( 2.6027368229e-02 0.0000000000e+00 2.6270467163e-03 )
299              	( 1.7580386060e+00 0.0000000000e+00 -7.9738908863e+00 )	( 1.7320113431e+00 0.0000000000e+00 -7.9765178714e+00 )	( 2.6027262846e-02 0.0000000000e+00 2.6269850313e-03 )
300              	( 1.7580332592e+00 0.0000000000e+00 -7.9739081330e+00 )	( 1.7320061051e+00 0.0000000000e+00 -7.9765350589e+00 )	( 2.6027154105e-02 0.0000000000e+00 2.6269258278e-03 )
301              	( 1.7580269374e+00 0.0000000000e+00 -7.9739185291e+00 )	( 1.7319998946e+00 0.0000000000e+00 -7.9765453984e+00 )	( 2.6027042834e-02 0.0000000000e+00 2.6268693389e-03 )
302              	( 1.7580197241e+00 0.0000000000e+00 -7.9739223214e+00 )	( 1.7319927943e+00 0.0000000000e+00 -7.9765491371e+00 )	( 2.6026929835e-02 0.0000000000e+00 2.6268157772e-03 )
303              	( 1.7580117044e+00 0.0000000000e+00 -7.9739197844e+00 )	( 1.7319848885e+00 0.0000000000e+00 -7.9765465498e+00 )	( 2.6026815889e-02 0.0000000000e+00 2.6267653268e-03 )
304              	( 1.7580029636e+00 0.0000000000e+00 -7.9739112189e+00 )	( 1.7319762618e+00 0.0000000000e+00 -7.9765379371e+00 )	( 2.6026701740e-02 0.0000000000e+00 2.6267181480e-03 )
305              	( 1.7579935888e+00 0.0000000000e+00 -7.9738969522e+00 )	( 1.7319670007e+00 0.0000000000e+00 -7.9765236266e+00 )	( 2.6026588106e-02 0.0000000000e+00 2.6266743728e-03 )
306              	( 1.7579836662e+00 0.0000000000e+00 -7.9738773322e+00 )	( 1.7319571906e+00 0.0000000000e+00 -7.9765039663e+00 )	( 2.6026475661e-02 0.0000000000e+00 2.6266341083e-03 )
307              	( 1.7579732814e+00 0.0000000000e+00 -7.9738527266e+00 )	( 1.7319469164e+00 0.0000000000e+00 -7.9764793240e+00 )	( 2.6026365043e-02 0.0000000000e+00 2.6265974350e-03 )
308              	( 1.7579625180e+00 0.0000000000e+00 -7.9738235160e+00 )	( 1.7319362611e+00 0.0000000000e+00 -7.9764500804e+00 )	( 2.6026256848e-02 0.0000000000e+00 2.6265644099e-03 )
309              	( 1.7579514575e+00 0.0000000000e+00 -7.9737900941e+00 )	( 1.7319253059e+00 0.0000000000e+00 -7.9764166292e+00 )	( 2.6026151627e-02 0.0000000000e+00 2.6265350651e-03 )
310              	( 1.7579401797e+00 0.0000000000e+00 -7.9737528643e+00 )	( 1.7319141298e+00 0.0000000000e+00 -7.9763793737e+00 )	( 2.6026049885e-02 0.0000000000e+00 2.6265094100e-03 )
311              	( 1.7579287612e+00 0.0000000000e+00 -7.9737122351e+00 )	( 1.7319028091e+00 0.0000000000e+00 -7.9763387226e+00 )	( 2.6025952080e-02 0.0000000000e+00 2.6264874310e-03 )
312              	( 1.7579172737e+00 0.0000000000e+00 -7.9736686218e+00 )	( 1.7318914150e+00 0.0000000000e+00 -7.9762950909e+00 )	( 2.6025858626e-02 0.0000000000e+00 2.6264690916e-03 )
313              	( 1.7579057861e+00 0.0000000000e+00 -7.9736224329e+00 )	( 1.7318800163e+00 0.0000000000e+00 -7.9762488873e+00 )	( 2.6025769829e-02 0.0000000000e+00 2.6264543133e-03 )
314              	( 1.7578943580e+00 0.0000000000e+00 -7.9735740578e+00 )	( 1.7318686720e+00 0.0000000000e+00 -7.9762005008e+00 )	( 2.6025685991e-02 0.0000000000e+00 2.6264430146e-03 )
315              	( 1.7578830531e+00 0.0000000000e+00 -7.9735238947e+00 )	( 1.7318574458e+00 0.0000000000e+00 -7.9761503298e+00 )	( 2.6025607376e-02 0.0000000000e+00 2.6264351061e-03 )
316              	( 1.7578719384e+00 0.0000000000e+00 -7.9734723490e+00 )	( 1.7318464042e+00 0.0000000000e+00 -7.9760987794e+00 )	( 2.6025534199e-02 0.0000000000e+00 2.6264304761e-03 )
317              	( 1.7578610757e+00 0.0000000000e+00 -7.9734198167e+00 )	( 1.7318356091e+00 0.0000000000e+00 -7.9760462457e+00 )	( 2.6025466623e-02 0.0000000000e+00 2.6264289967e-03 )
318              	( 1.7578505208e+00 0.0000000000e+00 -7.9733666797e+00 )	( 1.7318251160e+00 0.0000000000e+00 -7.9759931102e+00 )	( 2.6025404769e-02 0.0000000000e+00 2.6264305243e-03 )
319              	( 1.7578403238e+00 0.0000000000e+00 -7.9733133037e+00 )	( 1.7318149750e+00 0.0000000000e+00 -7.9759397386e+00 )	( 2.6025348709e-02 0.0000000000e+00 2.6264349025e-03 )
320              	( 1.7578305287e+00 0.0000000000e+00 -7.9732600360e+00 )	( 1.7318052302e+00 0.0000000000e+00 -7.9758864780e+00 )	( 2.6025298475e-02 0.0000000000e+00 2.6264419626e-03 )
321              	( 1.7578211738e+00 0.0000000000e+00 -7.9732072037e+00 )	( 1.7317959198e+00 0.0000000000e+00 -7.9758336552e+00 )	( 2.6025254054e-02 0.0000000000e+00 2.6264515251e-03 )
322              	( 1.7578122925e+00 0.0000000000e+00 -7.9731551138e+00 )	( 1.7317870771e+00 0.0000000000e+00 -7.9757815772e+00 )	( 2.6025215396e-02 0.0000000000e+00 2.6264634011e-03 )
323              	( 1.7578039129e+00 0.0000000000e+00 -7.9731040513e+00 )	( 1.7317787305e+00 0.0000000000e+00 -7.9757305287e+00 )	( 2.6025182410e-02 0.0000000000e+00 2.6264773949e-03 )
324              	( 1.7577960591e+00 0.0000000000e+00 -7.9730542803e+00 )	( 1.7317709041e+00 0.0000000000e+00 -7.9756807736e+00 )	( 2.6025154975e-02 0.0000000000e+00 2.6264933048e-03 )
325              	( 1.7577887503e+00 0.0000000000e+00 -7.9730060422e+00 )	( 1.7317636173e+00 0.0000000000e+00 -7.9756325532e+00 )	( 2.6025132934e-02 0.0000000000e+00 2.6265109255e-03 )
326              	( 1.7577820019e+00 0.0000000000e+00 -7.9729595559e+00 )	( 1.7317568858e+00 0.0000000000e+00 -7.9755860860e+00 )	( 2.6025116105e-02 0.0000000000e+00 2.6265300492e-03 )
327              	( 1.7577758252e+00 0.0000000000e+00 -7.9729150179e+00 )	( 1.7317507209e+00 0.0000000000e+00 -7.9755415683e+00 )	( 2.6025104279e-02 0.0000000000e+00 2.6265504682e-03 )
328              	( 1.7577702295e+00 0.0000000000e+00 -7.9728726013e+00 )	( 1.7317451323e+00 0.0000000000e+00 -7.9754991733e+00 )	( 2.6025097231e-02 0.0000000000e+00 2.6265719750e-03 )
329              	( 1.7577652146e+00 0.0000000000e+00 -7.9728324476e+00 )	( 1.7317401199e+00 0.0000000000e+00 -7.9754590420e+00 )	( 2.6025094720e-02 0.0000000000e+00 2.6265943641e-03 )
330              	( 1.7577607723e+00 0.0000000000e+00 -7.9727946863e+00 )	( 1.7317356758e+00 0.0000000000e+00 -7.9754213038e+00 )	( 2.6025096466e-02 0.0000000000e+00 2.6266174375e-03 )
331              	( 1.7577569076e+00 0.0000000000e+00 -7.9727594229e+00 )	( 1.7317318054e+00 0.0000000000e+00 -7.9753860639e+00 )	( 2.6025102184e-02 0.0000000000e+00 2.6266410028e-03 )
332              	( 1.7577536164e+00 0.0000000000e+00 -7.9727267482e+00 )	( 1.7317285048e+00 0.0000000000e+00 -7.9753534130e+00 )	( 2.6025111585e-02 0.0000000000e+00 2.6266648732e-03 )
333              	( 1.7577508878e+00 0.0000000000e+00 -7.9726967227e+00 )	( 1.7317257634e+00 0.0000000000e+00 -7.9753234116e+00 )	( 2.6025124380e-02 0.0000000000e+00 2.6266888715e-03 )
334              	( 1.7577487079e+00 0.0000000000e+00 -7.9726693866e+00 )	( 1.7317235676e+00 0.0000000000e+00 -7.9752960994e+00 )	( 2.6025140276e-02 0.0000000000e+00 2.6267128308e-03 )
335              	( 1.7577470594e+00 0.0000000000e+00 -7.9726447583e+00 )	( 1.7317219004e+00 0.0000000000e+00 -7.9752714949e+00 )	( 2.6025158975e-02 0.0000000000e+00 2.6267365950e-03 )
336              	( 1.7577459225e+00 0.0000000000e+00 -7.9726228365e+00 )	( 1.7317207423e+00 0.0000000000e+00 -7.9752495965e+00 )	( 2.6025180185e-02 0.0000000000e+00 2.6267600191e-03 )
337              	( 1.7577452748e+00 0.0000000000e+00 -7.9726036009e+00 )	( 1.7317200712e+00 0.0000000000e+00 -7.9752303839e+00 )	( 2.6025203614e-02 0.0000000000e+00 2.6267829697e-03 )
338              	( 1.7577450908e+00 0.0000000000e+00 -7.9725870113e+00 )	( 1.7317198618e+00 0.0000000000e+00 -7.9752138166e+00 )	( 2.6025228976e-02 0.0000000000e+00 2.6268053256e-03 )
339              	( 1.7577453445e+00 0.0000000000e+00 -7.9725730154e+00 )	( 1.7317200886e+00 0.0000000000e+00 -7.9751998423e+00 )	( 2.6025255991e-02 0.0000000000e+00 2.6268269769e-03 )
340              	( 1.7577460091e+00 0.0000000000e+00 -7.9725615465e+00 )	( 1.7317207247e+00 0.0000000000e+00 -7.9751883943e+00 )	( 2.6025284389e-02 0.0000000000e+00 2.6268478260e-03 )
341              	( 1.7577470558e+00 0.0000000000e+00 -7.9725525244e+00 )	( 1.7317217419e+00 0.0000000000e+00 -7.9751793922e+00 )	( 2.6025313908e-02 0.0000000000e+00 2.6268677868e-03 )
342              	( 1.7577484555e+00 0.0000000000e+00 -7.9725458570e+00 )	( 1.7317231112e+00 0.0000000000e+00 -7.9751727438e+00 )	( 2.6025344298e-02 0.0000000000e+00 2.6268867852e-03 )
343              	( 1.7577501781e+00 0.0000000000e+00 -7.9725414421e+00 )	( 1.7317248028e+00 0.0000000000e+00 -7.9751683469e+00 )	( 2.6025375320e-02 0.0000000000e+00 2.6269047584e-03 )
344              	( 1.7577521938e+00 0.0000000000e+00 -7.9725391693e+00 )	( 1.7317267871e+00 0.0000000000e+00 -7.9751660909e+00 )	( 2.6025406746e-02 0.0000000000e+00 2.6269216544e-03 )
345              	( 1.7577544727e+00 0.0000000000e+00 -7.9725389209e+00 )	( 1.7317290343e+00 0.0000000000e+00 -7.9751658583e+00 )	( 2.6025438362e-02 0.0000000000e+00 2.6269374322e-03 )
346              	( 1.7577569850e+00 0.0000000000e+00 -7.9725405737e+00 )	( 1.7317315151e+00 0.0000000000e+00 -7.9751675258e+00 )	( 2.6025469970e-02 0.0000000000e+00 2.6269520607e-03 )
347              	( 1.7577597014e+00 0.0000000000e+00 -7.9725439997e+00 )	( 1.7317342000e+00 0.0000000000e+00 -7.9751709652e+00 )	( 2.6025501380e-02 0.0000000000e+00 2.6269655187e-03 )
348              	( 1.7577625931e+00 0.0000000000e+00 -7.9725490677e+00 )	( 1.7317370607e+00 0.0000000000e+00 -7.9751760454e+00 )	( 2.6025532421e-02 0.0000000000e+00 2.6269777944e-03 )
349              	( 1.7577656319e+00 0.0000000000e+00 -7.9725556440e+00 )	( 1.7317400689e+00 0.0000000000e+00 -7.9751826329e+00 )	( 2.6025562935e-02 0.0000000000e+00 2.6269888847e-03 )
350              	( 1.7577687905e+00 0.0000000000e+00 -7.9725635944e+00 )	( 1.7317431977e+00 0.0000000000e+00 -7.9751905932e+00 )	( 2.6025592778e-02 0.0000000000e+00 2.6269987949e-03 )
351              	( 1.7577720426e+00 0.0000000000e+00 -7.9725727841e+00 )	( 1.7317464207e+00 0.0000000000e+00 -7.9751997917e+00 )	( 2.6025621819e-02 0.0000000000e+00 2.6270075382e-03 )
352              	( 1.7577753627e+00 0.0000000000e+00 -7.9725830794e+00 )	( 1.7317497127e+00 0.0000000000e+00 -7.9752100945e+00 )	( 2.6025649943e-02 0.0000000000e+00 2.6270151347e-03 )
353              	( 1.7577787266e+00 0.0000000000e+00 -7.9725943483e+00 )	( 1.7317530496e+00 0.0000000000e+00 -7.9752213699e+00 )	( 2.6025677049e-02 0.0000000000e+00 2.6270216112e-03 )
354              	( 1.7577821114e+00 0.0000000000e+00 -7.9726064617e+00 )	( 1.7317564084e+00 0.0000000000e+00 -7.9752334887e+00 )	( 2.6025703048e-02 0.0000000000e+00 2.6270270005e-03 )
355              	( 1.7577854953e+00 0.0000000000e+00 -7.9726192933e+00 )	( 1.7317597674e+00 0.0000000000e+00 -7.9752463246e+00 )	( 2.6025727865e-02 0.0000000000e+00 2.6270313403e-03 )
356              	( 1.7577888579e+00 0.0000000000e+00 -7.9726327211e+00 )	( 1.7317631064e+00 0.0000000000e+00 -7.9752597558e+00 )	( 2.6025751435e-02 0.0000000000e+00 2.6270346733e-03 )
357              	( 1.7577921802e+00 0.0000000000e+00 -7.9726466273e+00 )	( 1.7317664065e+00 0.0000000000e+00 -7.9752736644e+00 )	( 2.6025773707e-02 0.0000000000e+00 2.6270370457e-03 )
358              	( 1.7577954446e+00 0.0000000000e+00 -7.9726608993e+00 )	( 1.7317696500e+00 0.0000000000e+00 -7.9752879378e+00 )	( 2.6025794641e-02 0.0000000000e+00 2.6270385070e-03 )
359              	( 1.7577986352e+00 0.0000000000e+00 -7.9726754297e+00 )	( 1.7317728210e+00 0.0000000000e+00 -7.9753024688e+00 )	( 2.6025814206e-02 0.0000000000e+00 2.6270391091e-03 )
360              	( 1.7578017372e+00 0.0000000000e+00 -7.9726901164e+00 )	( 1.7317759048e+00 0.0000000000e+00 -7.9753171553e+00 )	( 2.6025832381e-02 0.0000000000e+00 2.6270389061e-03 )
361              	( 1.7578047377e+00 0.0000000000e+00 -7.9727048641e+00 )	( 1.7317788885e+00 0.0000000000e+00 -7.9753319021e+00 )	( 2.6025849154e-02 0.0000000000e+00 2.6270379529e-03 )
362              	( 1.7578076248e+00 0.0000000000e+00 -7.9727195825e+00 )	( 1.7317817603e+00 0.0000000000e+00 -7.9753466189e+00 )	( 2.6025864522e-02 0.0000000000e+00 2.6270363056e-03 )
363              	( 1.7578103850e+00 0.0000000000e+00 -7.9727341812e+00 )	( 1.7317845066e+00 0.0000000000e+00 -7.9753612152e+00 )	( 2.6025878484e-02 0.0000000000e+00 2.6270340197e-03 )
364              	( 1.7578130115e+00 0.0000000000e+00 -7.9727485857e+00 )	( 1.7317871205e+00 0.0000000000e+00 -7.9753756169e+00 )	( 2.6025891051e-02 0.0000000000e+00 2.6270311506e-03 )
365              	( 1.7578154977e+00 0.0000000000e+00 -7.9727627260e+00 )	( 1.7317895954e+00 0.0000000000e+00 -7.9753897538e+00 )	( 2.6025902240e-02 0.0000000000e+00 2.6270277536e-03 )
366              	( 1.7578178379e+00 0.0000000000e+00 -7.9727765379e+00 )	( 1.7317919259e+00 0.0000000000e+00 -7.9754035618e+00 )	( 2.6025912073e-02 0.0000000000e+00 2.6270238833e-03 )
367              	( 1.7578200280e+00 0.0000000000e+00 -7.9727899633e+00 )	( 1.7317941074e+00 0.0000000000e+00 -7.9754169829e+00 )	( 2.6025920581e-02 0.0000000000e+00 2.6270195930e-03 )
368              	( 1.7578220647e+00 0.0000000000e+00 -7.9728029501e+00 )	( 1.7317961369e+00 0.0000000000e+00 -7.9754299651e+00 )	( 2.6025927798e-02 0.0000000000e+00 2.6270149351e-03 )
369              	( 1.7578239460e+00 0.0000000000e+00 -7.9728154521e+00 )	( 1.7317980122e+00 0.0000000000e+00 -7.9754424621e+00 )	( 2.6025933762e-02 0.0000000000e+00 2.6270099600e-03 )
370              	( 1.7578256707e+00 0.0000000000e+00 -7.9728274286e+00 )	( 1.7317997322e+00 0.0000000000e+00 -7.9754544333e+00 )	( 2.6025938517e-02 0.0000000000e+00 2.6270047168e-03 )
371              	( 1.7578272390e+00 0.0000000000e+00 -7.9728388447e+00 )	( 1.7318012969e+00 0.0000000000e+00 -7.9754658439e+00 )	( 2.6025942109e-02 0.0000000000e+00 2.6269992522e-03 )
372              	( 1.7578286516e+00 0.0000000000e+00 -7.9728496707e+00 )	( 1.7318027070e+00 0.0000000000e+00 -7.9754766643e+00 )	( 2.6025944588e-02 0.0000000000e+00 2.6269936111e-03 )
373              	( 1.7578299103e+00 0.0000000000e+00 -7.9728598826e+00 )	( 1.7318039643e+00 0.0000000000e+00 -7.9754868704e+00 )	( 2.6025946006e-02 0.0000000000e+00 2.6269878363e-03 )
374              	( 1.7578310177e+00 0.0000000000e+00 -7.9728694613e+00 )	( 1.7318050713e+00 0.0000000000e+00 -7.9754964433e+00 )	( 2.6025946419e-02 0.0000000000e+00 2.6269819683e-03 )
375              	( 1.7578319771e+00 0.0000000000e+00 -7.9728783924e+00 )	( 1.7318060312e+00 0.0000000000e+00 -7.9755053684e+00 )	( 2.6025945883e-02 0.0000000000e+00 2.6269760453e-03 )
376              	( 1.7578327924e+00 0.0000000000e+00 -7.9728866666e+00 )	( 1.7318068480e+00 0.0000000000e+00 -7.9755136367e+00 )	( 2.6025944456e-02 0.0000000000e+00 2.6269701033e-03 )
377              	( 1.7578334683e+00 0.0000000000e+00 -7.9728942785e+00 )	( 1.7318075261e+00 0.0000000000e+00 -7.9755212427e+00 )	( 2.6025942199e-02 0.0000000000e+00 2.6269641762e-03 )
378              	( 1.7578340096e+00 0.0000000000e+00 -7.9729012270e+00 )	( 1.7318080704e+00 0.0000000000e+00 -7.9755281853e+00 )	( 2.6025939171e-02 0.0000000000e+00 2.6269582952e-03 )
379              	( 1.7578344219e+00 0.0000000000e+00 -7.9729075147e+00 )	( 1.7318084864e+00 0.0000000000e+00 -7.9755344672e+00 )	( 2.6025935434e-02 0.0000000000e+00 2.6269524897e-03 )
380              	( 1.7578347108e+00 0.0000000000e+00 -7.9729131479e+00 )	( 1.7318087798e+00 0.0000000000e+00 -7.9755400947e+00 )	( 2.6025931049e-02 0.0000000000e+00 2.6269467864e-03 )
381              	( 1.7578348826e+00 0.0000000000e+00 -7.9729181361e+00 )	( 1.7318089566e+00 0.0000000000e+00 -7.9755450773e+00 )	( 2.6025926076e-02 0.0000000000e+00 2.6269412098e-03 )
382              	( 1.7578349434e+00 0.0000000000e+00 -7.9729224913e+00 )	( 1.7318090228e+00 0.0000000000e+00 -7.9755494271e+00 )	( 2.6025920575e-02 0.0000000000e+00 2.6269357823e-03 )
383              	( 1.7578348997e+00 0.0000000000e+00 -7.9729262287e+00 )	( 1.7318089851e+00 0.0000000000e+00 -7.9755531592e+00 )	( 2.6025914607e-02 0.0000000000e+00 2.6269305238e-03 )
384              	( 1.7578347581e+00 0.0000000000e+00 -7.9729293659e+00 )	( 1.7318088498e+00 0.0000000000e+00 -7.9755562914e+00 )	( 2.6025908227e-02 0.0000000000e+00 2.6269254520e-03 )
385              	( 1.7578345253e+00 0.0000000000e+00 -7.9729319225e+00 )	( 1.7318086238e+00 0.0000000000e+00 -7.9755588430e+00 )	( 2.6025901494e-02 0.0000000000e+00 2.6269205826e-03 )
386              	( 1.7578342080e+00 0.0000000000e+00 -7.9729339198e+00 )	( 1.7318083135e+00 0.0000000000e+00 -7.9755608357e+00 )	( 2.6025894462e-02 0.0000000000e+00 2.6269159289e-03 )
387              	( 1.7578338130e+00 0.0000000000e+00 -7.9729353811e+00 )	( 1.7318079258e+00 0.0000000000e+00 -7.9755622926e+00 )	( 2.6025887184e-02 0.0000000000e+00 2.6269115022e-03 )
388              	( 1.7578333471e+00 0.0000000000e+00 -7.9729363311e+00 )	( 1.7318074674e+00 0.0000000000e+00 -7.9755632384e+00 )	( 2.6025879711e-02 0.0000000000e+00 2.6269073120e-03 )
389              	( 1.7578328171e+00 0.0000000000e+00 -7.9729367955e+00 )	( 1.7318069450e+00 0.0000000000e+00 -7.9755636988e+00 )	( 2.6025872093e-02 0.0000000000e+00 2.6269033657e-03 )
390              	( 1.7578322295e+00 0.0000000000e+00 -7.9729368009e+00 )	( 1.7318063651e+00 0.0000000000e+00 -7.9755637005e+00 )	( 2.6025864376e-02 0.0000000000e+00 2.6268996689e-03 )
391              	( 1.7578315909e+00 0.0000000000e+00 -7.9729363749e+00 )	( 1.7318057343e+00 0.0000000000e+00 -7.9755632711e+00 )	( 2.6025856604e-02 0.0000000000e+00 2.6268962255e-03 )
392              	( 1.7578309077e+00 0.0000000000e+00 -7.9729355455e+00 )	( 1.7318050589e+00 0.0000000000e+00 -7.9755624385e+00 )	( 2.6025848820e-02 0.0000000000e+00 2.6268930378e-03 )
393              	( 1.7578301862e+00 0.0000000000e+00 -7.9729343410e+00 )	( 1.7318043452e+00 0.0000000000e+00 -7.9755612311e+00 )	( 2.6025841064e-02 0.0000000000e+00 2.6268901066e-03 )
394              	( 1.7578294325e+00 0.0000000000e+00 -7.9729327899e+00 )	( 1.7318035991e+00 0.0000000000e+00 -7.9755596774e+00 )	( 2.6025833373e-02 0.0000000000e+00 2.6268874313e-03 )
395              	( 1.7578286524e+00 0.0000000000e+00 -7.9729309208e+00 )	( 1.7318028266e+00 0.0000000000e+00 -7.9755578058e+00 )	( 2.6025825781e-02 0.0000000000e+00 2.6268850100e-03 )
396              	( 1.7578278516e+00 0.0000000000e+00 -7.9729287618e+00 )	( 1.7318020332e+00 0.0000000000e+00 -7.9755556447e+00 )	( 2.6025818323e-02 0.0000000000e+00 2.6268828399e-03 )
397              	( 1.7578270354e+00 0.0000000000e+00 -7.9729263412e+00 )	( 1.7318012244e+00 0.0000000000e+00 -7.9755532221e+00 )	( 2.6025811026e-02 0.0000000000e+00 2.6268809167e-03 )
398              	( 1.7578262092e+00 0.0000000000e+00 -7.9729236864e+00 )	( 1.7318004052e+00 0.0000000000e+00 -7.9755505656e+00 )	( 2.6025803921e-02 0.0000000000e+00 2.6268792356e-03 )
399              	( 1.7578253777e+00 0.0000000000e+00 -7.9729208245e+00 )	( 1.7317995806e+00 0.0000000000e+00 -7.9755477023e+00 )	( 2.6025797031e-02 0.0000000000e+00 2.6268777906e-03 )
400              	( 1.7578245455e+00 0.0000000000e+00 -7.9729177821e+00 )	( 1.7317987551e+00 0.0000000000e+00 -7.9755446587e+00 )	( 2.6025790381e-02 0.0000000000e+00 2.6268765753e-03 )
401              	( 1.7578237171e+00 0.0000000000e+00 -7.9729145847e+00 )	( 1.7317979331e+00 0.0000000000e+00 -7.9755414603e+00 )	( 2.6025783990e-02 0.0000000000e+00 2.6268755824e-03 )
402              	( 1.7578228965e+00 0.0000000000e+00 -7.9729112574e+00 )	( 1.7317971186e+00 0.0000000000e+00 -7.9755381322e+00 )	( 2.6025777878e-02 0.0000000000e+00 2.6268748042e-03 )
403              	( 1.7578220875e+00 0.0000000000e+00 -7.9729078243e+00 )	( 1.7317963154e+00 0.0000000000e+00 -7.9755346986e+00 )	( 2.6025772062e-02 0.0000000000e+00 2.6268742322e-03 )
404              	( 1.7578212936e+00 0.0000000000e+00 -7.9729043087e+00 )	( 1.7317955270e+00 0.0000000000e+00 -7.9755311825e+00 )	( 2.6025766554e-02 0.0000000000e+00 2.6268738578e-03 )
405              	( 1.7578205180e+00 0.0000000000e+00 -7.9729007327e+00 )	( 1.7317947566e+00 0.0000000000e+00 -7.9755276063e+00 )	( 2.6025761369e-02 0.0000000000e+00 2.6268736719e-03 )
406              	( 1.7578197637e+00 0.0000000000e+00 -7.9728971176e+00 )	( 1.7317940072e+00 0.0000000000e+00 -7.9755239913e+00 )	( 2.6025756514e-02 0.0000000000e+00 2.6268736650e-03 )
407              	( 1.7578190333e+00 0.0000000000e+00 -7.9728934840e+00 )	( 1.7317932813e+00 0.0000000000e+00 -7.9755203579e+00 )	( 2.6025752000e-02 0.0000000000e+00 2.6268738276e-03 )
408              	( 1.7578183293e+00 0.0000000000e+00 -7.9728898509e+00 )	( 1.7317925815e+00 0.0000000000e+00 -7.9755167251e+00 )	( 2.6025747830e-02 0.0000000000e+00 2.6268741498e-03 )
409              	( 1.7578176538e+00 0.0000000000e+00 -7.9728862368e+00 )	( 1.7317919098e+00 0.0000000000e+00 -7.9755131114e+00 )	( 2.6025744011e-02 0.0000000000e+00 2.6268746215e-03 )
410              	( 1.7578170087e+00 0.0000000000e+00 -7.9728826587e+00 )	( 1.7317912682e+00 0.0000000000e+00 -7.9755095339e+00 )	( 2.6025740543e-02 0.0000000000e+00 2.6268752325e-03 )
411              	( 1.7578163956e+00 0.0000000000e+00 -7.9728791327e+00 )	( 1.7317906581e+00 0.0000000000e+00 -7.9755060087e+00 )	( 2.6025737427e-02 0.0000000000e+00 2.6268759727e-03 )
412              	( 1.7578158158e+00 0.0000000000e+00 -7.9728756739e+00 )	( 1.7317900812e+00 0.0000000000e+00 -7.9755025507e+00 )	( 2.6025734662e-02 0.0000000000e+00 2.6268768317e-03 )
413              	( 1.7578152706e+00 0.0000000000e+00 -7.9728722962e+00 )	( 1.7317895383e+00 0.0000000000e+00 -7.9754991740e+00 )	( 2.6025732245e-02 0.0000000000e+00 2.6268777993e-03 )
414              	( 1.7578147608e+00 0.0000000000e+00 -7.9728690124e+00 )	( 1.7317890306e+00 0.0000000000e+00 -7.9754958913e+00 )	( 2.6025730171e-02 0.0000000000e+00 2.6268788652e-03 )
415              	( 1.7578142871e+00 0.0000000000e+00 -7.9728658343e+00 )	( 1.7317885587e+00 0.0000000000e+00 -7.9754927143e+00 )	( 2.6025728433e-02 0.0000000000e+00 2.6268800191e-03 )
416              	( 1.7578138500e+00 0.0000000000e+00 -7.9728627725e+00 )	( 1.7317881230e+00 0.0000000000e+00 -7.9754896538e+00 )	( 2.6025727024e-02 0.0000000000e+00 2.6268812510e-03 )
417              	( 1.7578134498e+00 0.0000000000e+00 -7.9728598366e+00 )	( 1.7317877239e+00 0.0000000000e+00 -7.9754867192e+00 )	( 2.6025725935e-02 0.0000000000e+00 2.6268825508e-03 )
418              	( 1.7578130866e+00 0.0000000000e+00 -7.9728570351e+00 )	( 1.7317873614e+00 0.0000000000e+00 -7.9754839190e+00 )	( 2.6025725156e-02 0.0000000000e+00 2.6268839088e-03 )
419              	( 1.7578127602e+00 0.0000000000e+00 -7.9728543754e+00 )	( 1.7317870356e+00 0.0000000000e+00 -7.9754812607e+00 )	( 2.6025724675e-02 0.0000000000e+00 2.6268853153e-03 )
420              	( 1.7578124705e+00 0.0000000000e+00 -7.9728518639e+00 )	( 1.7317867460e+00 0.0000000000e+00 -7.9754787506e+00 )	( 2.6025724480e-02 0.0000000000e+00 2.6268867609e-03 )
421              	( 1.7578122169e+00 0.0000000000e+00 -7.9728495059e+00 )	( 1.7317864923e+00 0.0000000000e+00 -7.9754763941e+00 )	( 2.6025724557e-02 0.0000000000e+00 2.6268882363e-03 )
422              	( 1.7578119989e+00 0.0000000000e+00 -7.9728473058e+00 )	( 1.7317862740e+00 0.0000000000e+00 -7.9754741955e+00 )	( 2.6025724893e-02 0.0000000000e+00 2.6268897327e-03 )
423              	( 1.7578118157e+00 0.0000000000e+00 -7.9728452668e+00 )	( 1.7317860902e+00 0.0000000000e+00 -7.9754721581e+00 )	( 2.6025725472e-02 0.0000000000e+00 2.6268912415e-03 )
424              	( 1.7578116665e+00 0.0000000000e+00 -7.9728433914e+00 )	( 1.7317859402e+00 0.0000000000e+00 -7.9754702842e+00 )	( 2.6025726279e-02 0.0000000000e+00 2.6268927544e-03 )
425              	( 1.7578115503e+00 0.0000000000e+00 -7.9728416811e+00 )	( 1.7317858230e+00 0.0000000000e+00 -7.9754685754e+00 )	( 2.6025727298e-02 0.0000000000e+00 2.6268942635e-03 )
426              	( 1.7578114660e+00 0.0000000000e+00 -7.9728401363e+00 )	( 1.7317857375e+00 0.0000000000e+00 -7.9754670320e+00 )	( 2.6025728512e-02 0.0000000000e+00 2.6268957611e-03 )
427              	( 1.7578114123e+00 0.0000000000e+00 -7.9728387567e+00 )	( 1.7317856824e+00 0.0000000000e+00 -7.9754656539e+00 )	( 2.6025729905e-02 0.0000000000e+00 2.6268972402e-03 )
428              	( 1.7578113880e+00 0.0000000000e+00 -7.9728375411e+00 )	( 1.7317856565e+00 0.0000000000e+00 -7.9754644398e+00 )	( 2.6025731460e-02 0.0000000000e+00 2.6268986940e-03 )
429              	( 1.7578113917e+00 0.0000000000e+00 -7.9728364877e+00 )	( 1.7317856585e+00 0.0000000000e+00 -7.9754633878e+00 )	( 2.6025733160e-02 0.0000000000e+00 2.6269001161e-03 )
430              	( 1.7578114219e+00 0.0000000000e+00 -7.9728355937e+00 )	( 1.7317856869e+00 0.0000000000e+00 -7.9754624952e+00 )	( 2.6025734988e-02 0.0000000000e+00 2.6269015007e-03 )
431              	( 1.7578114771e+00 0.0000000000e+00 -7.9728348558e+00 )	( 1.7317857402e+00 0.0000000000e+00 -7.9754617586e+00 )	( 2.6025736928e-02 0.0000000000e+00 2.6269028423e-03 )
432              	( 1.7578115558e+00 0.0000000000e+00 -7.9728342699e+00 )	( 1.7317858168e+00 0.0000000000e+00 -7.9754611740e+00 )	( 2.6025738962e-02 0.0000000000e+00 2.6269041359e-03 )
433              	( 1.7578116562e+00 0.0000000000e+00 -7.9728338314e+00 )	( 1.7317859152e+00 0.0000000000e+00 -7.9754607368e+00 )	( 2.6025741075e-02 0.0000000000e+00 2.6269053771e-03 )
434              	( 1.7578117769e+00 0.0000000000e+00 -7.9728335352e+00 )	( 1.7317860336e+00 0.0000000000e+00 -7.9754604418e+00 )	( 2.6025743251e-02 0.0000000000e+00 2.6269065618e-03 )
435              	( 1.7578119161e+00 0.0000000000e+00 -7.9728333755e+00 )	( 1.7317861706e+00 0.0000000000e+00 -7.9754602832e+00 )	( 2.6025745474e-02 0.0000000000e+00 2.6269076864e-03 )
436              	( 1.7578120720e+00 0.0000000000e+00 -7.9728333463e+00 )	( 1.7317863243e+00 0.0000000000e+00 -7.9754602551e+00 )	( 2.6025747729e-02 0.0000000000e+00 2.6269087479e-03 )
437              	( 1.7578122431e+00 0.0000000000e+00 -7.9728334411e+00 )	( 1.7317864931e+00 0.0000000000e+00 -7.9754603508e+00 )	( 2.6025750002e-02 0.0000000000e+00 2.6269097437e-03 )
438              	( 1.7578124277e+00 0.0000000000e+00 -7.9728336529e+00 )	( 1.7317866754e+00 0.0000000000e+00 -7.9754605635e+00 )	( 2.6025752279e-02 0.0000000000e+00 2.6269106716e-03 )
439              	( 1.7578126240e+00 0.0000000000e+00 -7.9728339746e+00 )	( 1.7317868695e+00 0.0000000000e+00 -7.9754608862e+00 )	( 2.6025754548e-02 0.0000000000e+00 2.6269115300e-03 )
440              	( 1.7578128304e+00 0.0000000000e+00 -7.9728343990e+00 )	( 1.7317870736e+00 0.0000000000e+00 -7.9754613113e+00 )	( 2.6025756795e-02 0.0000000000e+00 2.6269123176e-03 )
441              	( 1.7578130453e+00 0.0000000000e+00 -7.9728349183e+00 )	( 1.7317872863e+00 0.0000000000e+00 -7.9754618313e+00 )	( 2.6025759009e-02 0.0000000000e+00 2.6269130337e-03 )
442              	( 1.7578132671e+00 0.0000000000e+00 -7.9728355248e+00 )	( 1.7317875059e+00 0.0000000000e+00 -7.9754624385e+00 )	( 2.6025761180e-02 0.0000000000e+00 2.6269136779e-03 )
443              	( 1.7578134941e+00 0.0000000000e+00 -7.9728362108e+00 )	( 1.7317877308e+00 0.0000000000e+00 -7.9754631251e+00 )	( 2.6025763298e-02 0.0000000000e+00 2.6269142503e-03 )
444              	( 1.7578137250e+00 0.0000000000e+00 -7.9728369684e+00 )	( 1.7317879597e+00 0.0000000000e+00 -7.9754638832e+00 )	( 2.6025765353e-02 0.0000000000e+00 2.6269147514e-03 )
445              	( 1.7578139583e+00 0.0000000000e+00 -7.9728377897e+00 )	( 1.7317881909e+00 0.0000000000e+00 -7.9754647049e+00 )	( 2.6025767336e-02 0.0000000000e+00 2.6269151818e-03 )
446              	( 1.7578141924e+00 0.0000000000e+00 -7.9728386669e+00 )	( 1.7317884232e+00 0.0000000000e+00 -7.9754655825e+00 )	( 2.6025769241e-02 0.0000000000e+00 2.6269155429e-03 )
447              	( 1.7578144262e+00 0.0000000000e+00 -7.9728395923e+00 )	( 1.7317886552e+00 0.0000000000e+00 -7.9754665082e+00 )	( 2.6025771061e-02 0.0000000000e+00 2.6269158361e-03 )
448              	( 1.7578146584e+00 0.0000000000e+00 -7.9728405583e+00 )	( 1.7317888856e+00 0.0000000000e+00 -7.9754674743e+00 )	( 2.6025772790e-02 0.0000000000e+00 2.6269160632e-03 )
449              	( 1.7578148877e+00 0.0000000000e+00 -7.9728415573e+00 )	( 1.7317891132e+00 0.0000000000e+00 -7.9754684735e+00 )	( 2.6025774423e-02 0.0000000000e+00 2.6269162264e-03 )
450              	( 1.7578151130e+00 0.0000000000e+00 -7.9728425821e+00 )	( 1.7317893370e+00 0.0000000000e+00 -7.9754694984e+00 )	( 2.6025775956e-02 0.0000000000e+00 2.6269163279e-03 )
451              	( 1.7578153333e+00 0.0000000000e+00 -7.9728436257e+00 )	( 1.7317895559e+00 0.0000000000e+00 -7.9754705421e+00 )	( 2.6025777385e-02 0.0000000000e+00 2.6269163703e-03 )
452              	( 1.7578155476e+00 0.0000000000e+00 -7.9728446812e+00 )	( 1.7317897689e+00 0.0000000000e+00 -7.9754715976e+00 )	( 2.6025778708e-02 0.0000000000e+00 2.6269163565e-03 )
453              	( 1.7578157551e+00 0.0000000000e+00 -7.9728457421e+00 )	( 1.7317899752e+00 0.0000000000e+00 -7.9754726584e+00 )	( 2.6025779923e-02 0.0000000000e+00 2.6269162894e-03 )
454              	( 1.7578159549e+00 0.0000000000e+00 -7.9728468022e+00 )	( 1.7317901739e+00 0.0000000000e+00 -7.9754737184e+00 )	( 2.6025781029e-02 0.0000000000e+00 2.6269161721e-03 )
455              	( 1.7578161463e+00 0.0000000000e+00 -7.9728478551e+00 )	( 1.7317903643e+00 0.0000000000e+00 -7.9754747711e+00 )	( 2.6025782025e-02 0.0000000000e+00 2.6269160078e-03 )
456              	( 1.7578163289e+00 0.0000000000e+00 -7.9728488968e+00 )	( 1.7317905460e+00 0.0000000000e+00 -7.9754758126e+00 )	( 2.6025782912e-02 0.0000000000e+00 2.6269158001e-03 )
457              	( 1.7578165018e+00 0.0000000000e+00 -7.9728499204e+00 )	( 1.7317907181e+00 0.0000000000e+00 -7.9754768359e+00 )	( 2.6025783691e-02 0.0000000000e+00 2.6269155522e-03 )
458              	( 1.7578166647e+00 0.0000000000e+00 -7.9728509216e+00 )	( 1.7317908803e+00 0.0000000000e+00 -7.9754778368e+00 )	( 2.6025784363e-02 0.0000000000e+00 2.6269152677e-03 )
459              	( 1.7578168171e+00 0.0000000000e+00 -7.9728518959e+00 )	( 1.7317910322e+00 0.0000000000e+00 -7.9754788109e+00 )	( 2.6025784930e-02 0.0000000000e+00 2.6269149501e-03 )
460              	( 1.7578169589e+00 0.0000000000e+00 -7.9728528394e+00 )	( 1.7317911735e+00 0.0000000000e+00 -7.9754797540e+00 )	( 2.6025785394e-02 0.0000000000e+00 2.6269146030e-03 )
461              	( 1.7578170897e+00 0.0000000000e+00 -7.9728537482e+00 )	( 1.7317913039e+00 0.0000000000e+00 -7.9754806624e+00 )	( 2.6025785759e-02 0.0000000000e+00 2.6269142298e-03 )
462              	( 1.7578172094e+00 0.0000000000e+00 -7.9728546190e+00 )	( 1.7317914233e+00 0.0000000000e+00 -7.9754815329e+00 )	( 2.6025786027e-02 0.0000000000e+00 2.6269138342e-03 )
463              	( 1.7578173179e+00 0.0000000000e+00 -7.9728554490e+00 )	( 1.7317915317e+00 0.0000000000e+00 -7.9754823624e+00 )	( 2.6025786204e-02 0.0000000000e+00 2.6269134195e-03 )
464              	( 1.7578174152e+00 0.0000000000e+00 -7.9728562356e+00 )	( 1.7317916289e+00 0.0000000000e+00 -7.9754831485e+00 )	( 2.6025786292e-02 0.0000000000e+00 2.6269129892e-03 )
465              	( 1.7578175013e+00 0.0000000000e+00 -7.9728569765e+00 )	( 1.7317917150e+00 0.0000000000e+00 -7.9754838891e+00 )	( 2.6025786296e-02 0.0000000000e+00 2.6269125466e-03 )
466              	( 1.7578175763e+00 0.0000000000e+00 -7.9728576702e+00 )	( 1.7317917901e+00 0.0000000000e+00 -7.9754845822e+00 )	( 2.6025786221e-02 0.0000000000e+00 2.6269120949e-03 )
467              	( 1.7578176405e+00 0.0000000000e+00 -7.9728583150e+00 )	( 1.7317918544e+00 0.0000000000e+00 -7.9754852266e+00 )	( 2.6025786071e-02 0.0000000000e+00 2.6269116371e-03 )
468              	( 1.7578176940e+00 0.0000000000e+00 -7.9728589100e+00 )	( 1.7317919081e+00 0.0000000000e+00 -7.9754858212e+00 )	( 2.6025785853e-02 0.0000000000e+00 2.6269111764e-03 )
469              	( 1.7578177371e+00 0.0000000000e+00 -7.9728594545e+00 )	( 1.7317919515e+00 0.0000000000e+00 -7.9754863652e+00 )	( 2.6025785570e-02 0.0000000000e+00 2.6269107154e-03 )
470              	( 1.7578177701e+00 0.0000000000e+00 -7.9728599480e+00 )	( 1.7317919848e+00 0.0000000000e+00 -7.9754868583e+00 )	( 2.6025785228e-02 0.0000000000e+00 2.6269102569e-03 )
471              	( 1.7578177933e+00 0.0000000000e+00 -7.9728603905e+00 )	( 1.7317920085e+00 0.0000000000e+00 -7.9754873003e+00 )	( 2.6025784832e-02 0.0000000000e+00 2.6269098035e-03 )
472              	( 1.7578178073e+00 0.0000000000e+00 -7.9728607823e+00 )	( 1.7317920229e+00 0.0000000000e+00 -7.9754876916e+00 )	( 2.6025784388e-02 0.0000000000e+00 2.6269093574e-03 )
473              	( 1.7578178123e+00 0.0000000000e+00 -7.9728611238e+00 )	( 1.7317920284e+00 0.0000000000e+00 -7.9754880327e+00 )	( 2.6025783901e-02 0.0000000000e+00 2.6269089209e-03 )
474              	( 1.7578178088e+00 0.0000000000e+00 -7.9728614159e+00 )	( 1.7317920254e+00 0.0000000000e+00 -7.9754883244e+00 )	( 2.6025783376e-02 0.0000000000e+00 2.6269084960e-03 )
475              	( 1.7578177974e+00 0.0000000000e+00 -7.9728616595e+00 )	( 1.7317920146e+00 0.0000000000e+00 -7.9754885676e+00 )	( 2.6025782819e-02 0.0000000000e+00 2.6269080845e-03 )
476              	( 1.7578177785e+00 0.0000000000e+00 -7.9728618559e+00 )	( 1.7317919962e+00 0.0000000000e+00 -7.9754887636e+00 )	( 2.6025782234e-02 0.0000000000e+00 2.6269076882e-03 )
477              	( 1.7578177526e+00 0.0000000000e+00 -7.9728620066e+00 )	( 1.7317919710e+00 0.0000000000e+00 -7.9754889140e+00 )	( 2.6025781627e-02 0.0000000000e+00 2.6269073084e-03 )
478              	( 1.7578177203e+00 0.0000000000e+00 -7.9728621133e+00 )	( 1.7317919393e+00 0.0000000000e+00 -7.9754890203e+00 )	( 2.6025781001e-02 0.0000000000e+00 2.6269069465e-03 )
479              	( 1.7578176822e+00 0.0000000000e+00 -7.9728621778e+00 )	( 1.7317919018e+00 0.0000000000e+00 -7.9754890844e+00 )	( 2.6025780363e-02 0.0000000000e+00 2.6269066037e-03 )
480              	( 1.7578176387e+00 0.0000000000e+00 -7.9728622019e+00 )	( 1.7317918589e+00 0.0000000000e+00 -7.9754891082e+00 )	( 2.6025779716e-02 0.0000000000e+00 2.6269062807e-03 )
481              	( 1.7578175903e+00 0.0000000000e+00 -7.9728621879e+00 )	( 1.7317918113e+00 0.0000000000e+00 -7.9754890939e+00 )	( 2.6025779064e-02 0.0000000000e+00 2.6269059786e-03 )
482              	( 1.7578175378e+00 0.0000000000e+00 -7.9728621379e+00 )	( 1.7317917594e+00 0.0000000000e+00 -7.9754890436e+00 )	( 2.6025778412e-02 0.0000000000e+00 2.6269056978e-03 )
483              	( 1.7578174815e+00 0.0000000000e+00 -7.9728620543e+00 )	( 1.7317917037e+00 0.0000000000e+00 -7.9754889598e+00 )	( 2.6025777763e-02 0.0000000000e+00 2.6269054388e-03 )
484              	( 1.7578174220e+00 0.0000000000e+00 -7.9728619394e+00 )	( 1.7317916449e+00 0.0000000000e+00 -7.9754888446e+00 )	( 2.6025777121e-02 0.0000000000e+00 2.6269052019e-03 )
485              	( 1.7578173599e+00 0.0000000000e+00 -7.9728617956e+00 )	( 1.7317915834e+00 0.0000000000e+00 -7.9754887005e+00 )	( 2.6025776490e-02 0.0000000000e+00 2.6269049872e-03 )
486              	( 1.7578172956e+00 0.0000000000e+00 -7.9728616253e+00 )	( 1.7317915197e+00 0.0000000000e+00 -7.9754885301e+00 )	( 2.6025775871e-02 0.0000000000e+00 2.6269047948e-03 )
487              	( 1.7578172297e+00 0.0000000000e+00 -7.9728614311e+00 )	( 1.7317914544e+00 0.0000000000e+00 -7.9754883357e+00 )	( 2.6025775269e-02 0.0000000000e+00 2.6269046245e-03 )
488              	( 1.7578171625e+00 0.0000000000e+00 -7.9728612154e+00 )	( 1.7317913878e+00 0.0000000000e+00 -7.9754881199e+00 )	( 2.6025774685e-02 0.0000000000e+00 2.6269044760e-03 )
489              	( 1.7578170946e+00 0.0000000000e+00 -7.9728609807e+00 )	( 1.7317913205e+00 0.0000000000e+00 -7.9754878850e+00 )	( 2.6025774122e-02 0.0000000000e+00 2.6269043490e-03 )
490              	( 1.7578170264e+00 0.0000000000e+00 -7.9728607294e+00 )	( 1.7317912529e+00 0.0000000000e+00 -7.9754876336e+00 )	( 2.6025773582e-02 0.0000000000e+00 2.6269042431e-03 )
491              	( 1.7578169584e+00 0.0000000000e+00 -7.9728604639e+00 )	( 1.7317911853e+00 0.0000000000e+00 -7.9754873681e+00 )	( 2.6025773066e-02 0.0000000000e+00 2.6269041576e-03 )
492              	( 1.7578168908e+00 0.0000000000e+00 -7.9728601866e+00 )	( 1.7317911182e+00 0.0000000000e+00 -7.9754870907e+00 )	( 2.6025772577e-02 0.0000000000e+00 2.6269040918e-03 )
493              	( 1.7578168241e+00 0.0000000000e+00 -7.9728598996e+00 )	( 1.7317910519e+00 0.0000000000e+00 -7.9754868037e+00 )	( 2.6025772115e-02 0.0000000000e+00 2.6269040450e-03 )
494              	( 1.7578167585e+00 0.0000000000e+00 -7.9728596054e+00 )	( 1.7317909868e+00 0.0000000000e+00 -7.9754865094e+00 )	( 2.6025771682e-02 0.0000000000e+00 2.6269040164e-03 )
495              	( 1.7578166945e+00 0.0000000000e+00 -7.9728593058e+00 )	( 1.7317909232e+00 0.0000000000e+00 -7.9754862098e+00 )	( 2.6025771278e-02 0.0000000000e+00 2.6269040052e-03 )
496              	( 1.7578166322e+00 0.0000000000e+00 -7.9728590031e+00 )	( 1.7317908613e+00 0.0000000000e+00 -7.9754859071e+00 )	( 2.6025770904e-02 0.0000000000e+00 2.6269040103e-03 )
497              	( 1.7578165720e+00 0.0000000000e+00 -7.9728586991e+00 )	( 1.7317908015e+00 0.0000000000e+00 -7.9754856031e+00 )	( 2.6025770560e-02 0.0000000000e+00 2.6269040308e-03 )
498              	( 1.7578165141e+00 0.0000000000e+00 -7.9728583956e+00 )	( 1.7317907439e+00 0.0000000000e+00 -7.9754852996e+00 )	( 2.6025770246e-02 0.0000000000e+00 2.6269040657e-03 )
499              	( 1.7578164587e+00 0.0000000000e+00 -7.9728580949e+00 )	( 1.7317906888e+00 0.0000000000e+00 -7.9754849990e+00 )	( 2.6025769963e-02 0.0000000000e+00 2.6269041139e-03 )
500              	( 1.7578164058e+00 0.0000000000e+00 -7.9728577970e+00 )	( 1.7317906361e+00 0.0000000000e+00 -7.9754847011e+00 )	( 2.6025769710e-02 0.0000000000e+00 2.6269041744e-03 )
501              	( 1.7578163558e+00 0.0000000000e+00 -7.9728575049e+00 )	( 1.7317905863e+00 0.0000000000e+00 -7.9754844092e+00 )	( 2.6025769488e-02 0.0000000000e+00 2.6269042460e-03 )
502              	( 1.7578163088e+00 0.0000000000e+00 -7.9728572197e+00 )	( 1.7317905395e+00 0.0000000000e+00 -7.9754841240e+00 )	( 2.6025769294e-02 0.0000000000e+00 2.6269043278e-03 )
503              	( 1.7578162648e+00 0.0000000000e+00 -7.9728569424e+00 )	( 1.7317904956e+00 0.0000000000e+00 -7.9754838468e+00 )	( 2.6025769130e-02 0.0000000000e+00 2.6269044187e-03 )
504              	( 1.7578162239e+00 0.0000000000e+00 -7.9728566742e+00 )	( 1.7317904549e+00 0.0000000000e+00 -7.9754835787e+00 )	( 2.6025768994e-02 0.0000000000e+00 2.6269045177e-03 )
