# Moment         
# CofR           : ( 0.0000000000e+00 0.0000000000e+00 0.0000000000e+00 )
#                
# Time           	(total_x total_y total_z)	(pressure_x pressure_y pressure_z)	(viscous_x viscous_y viscous_z)
1                	( -2.1107897386e+01 1.1031100061e+01 -1.0379516915e+01 )	( -2.1114505713e+01 1.1033200507e+01 -1.0357841787e+01 )	( 6.6083266460e-03 -2.1004464507e-03 -2.1675127441e-02 )
2                	( -6.8706956137e+00 3.0751575213e+00 -2.9095872581e+00 )	( -6.8775227621e+00 3.0776285749e+00 -2.8884810517e+00 )	( 6.8271484098e-03 -2.4710536324e-03 -2.1106206388e-02 )
3                	( -3.7326959071e+00 1.4136746282e+00 -1.2925631790e+00 )	( -3.7390318886e+00 1.4159916710e+00 -1.2719349531e+00 )	( 6.3359815829e-03 -2.3170427147e-03 -2.0628225896e-02 )
4                	( -3.4268528038e+00 1.2360894235e+00 -1.1042875790e+00 )	( -3.4329036123e+00 1.2383535891e+00 -1.0839559623e+00 )	( 6.0508085417e-03 -2.2641655748e-03 -2.0331616739e-02 )
5                	( -3.6089660763e+00 1.2909029129e+00 -1.1318379045e+00 )	( -3.6147680507e+00 1.2931297424e+00 -1.1117319388e+00 )	( 5.8019743130e-03 -2.2268294310e-03 -2.0105965684e-02 )
6                	( -3.8526599921e+00 1.3639918640e+00 -1.1788866612e+00 )	( -3.8582777691e+00 1.3661879022e+00 -1.1589854850e+00 )	( 5.6177770036e-03 -2.1960381836e-03 -1.9901176127e-02 )
7                	( -4.0840309224e+00 1.4284034509e+00 -1.2185149658e+00 )	( -4.0894725756e+00 1.4305726603e+00 -1.1987960599e+00 )	( 5.4416532593e-03 -2.1692094143e-03 -1.9718905881e-02 )
8                	( -4.3060985055e+00 1.4903412831e+00 -1.2540512373e+00 )	( -4.3113271227e+00 1.4924661867e+00 -1.2345435337e+00 )	( 5.2286171975e-03 -2.1249035759e-03 -1.9507703609e-02 )
9                	( -4.5218419290e+00 1.5499043540e+00 -1.2864036860e+00 )	( -4.5268489385e+00 1.5519795131e+00 -1.2671154707e+00 )	( 5.0070095763e-03 -2.0751590635e-03 -1.9288215227e-02 )
10               	( -4.7139482596e+00 1.5996366425e+00 -1.3093880646e+00 )	( -4.7187224540e+00 1.6016565615e+00 -1.2903271663e+00 )	( 4.7741943426e-03 -2.0199189701e-03 -1.9060898336e-02 )
11               	( -4.8897954382e+00 1.6425804352e+00 -1.3261070559e+00 )	( -4.8943301588e+00 1.6445413501e+00 -1.3072844559e+00 )	( 4.5347206146e-03 -1.9609149143e-03 -1.8822599976e-02 )
12               	( -5.0424239751e+00 1.6759478556e+00 -1.3340880726e+00 )	( -5.0467316421e+00 1.6778517146e+00 -1.3155169458e+00 )	( 4.3076670247e-03 -1.9038590363e-03 -1.8571126773e-02 )
13               	( -5.1864307331e+00 1.7064121307e+00 -1.3398612554e+00 )	( -5.1904980807e+00 1.7082500577e+00 -1.3215863594e+00 )	( 4.0673475394e-03 -1.8379270264e-03 -1.8274895943e-02 )
14               	( -5.3156464862e+00 1.7312608230e+00 -1.3406231244e+00 )	( -5.3194637331e+00 1.7330275755e+00 -1.3226679805e+00 )	( 3.8172468908e-03 -1.7667525947e-03 -1.7955143923e-02 )
15               	( -5.4245543655e+00 1.7494255254e+00 -1.3352987950e+00 )	( -5.4281116157e+00 1.7511157137e+00 -1.3176837982e+00 )	( 3.5572502135e-03 -1.6901882908e-03 -1.7614996750e-02 )
16               	( -5.5189782185e+00 1.7633203256e+00 -1.3273498334e+00 )	( -5.5222754080e+00 1.7649327617e+00 -1.3100753479e+00 )	( 3.2971895861e-03 -1.6124360626e-03 -1.7274485546e-02 )
17               	( -5.5975112233e+00 1.7728517800e+00 -1.3165033934e+00 )	( -5.6005457305e+00 1.7743843415e+00 -1.2995774626e+00 )	( 3.0345072302e-03 -1.5325614722e-03 -1.6925930761e-02 )
18               	( -5.6618501988e+00 1.7788233166e+00 -1.3030638904e+00 )	( -5.6646270404e+00 1.7802745632e+00 -1.2864833373e+00 )	( 2.7768415599e-03 -1.4512465332e-03 -1.6580553037e-02 )
19               	( -5.7075078543e+00 1.7800996806e+00 -1.2866127286e+00 )	( -5.7100326421e+00 1.7814688990e+00 -1.2703745108e+00 )	( 2.5247878050e-03 -1.3692184228e-03 -1.6238217845e-02 )
20               	( -5.7399498923e+00 1.7782320296e+00 -1.2687195498e+00 )	( -5.7422333062e+00 1.7795205118e+00 -1.2528136992e+00 )	( 2.2834139440e-03 -1.2884821889e-03 -1.5905850580e-02 )
21               	( -5.7581499310e+00 1.7718902394e+00 -1.2483558397e+00 )	( -5.7602040829e+00 1.7731004021e+00 -1.2327697628e+00 )	( 2.0541519460e-03 -1.2101627069e-03 -1.5586076915e-02 )
22               	( -5.7599990389e+00 1.7602128327e+00 -1.2245756093e+00 )	( -5.7618379541e+00 1.7613480393e+00 -1.2093002765e+00 )	( 1.8389152396e-03 -1.1352066024e-03 -1.5275332785e-02 )
23               	( -5.7429140766e+00 1.7420953538e+00 -1.1965342319e+00 )	( -5.7445569186e+00 1.7431605073e+00 -1.1815530871e+00 )	( 1.6428419647e-03 -1.0651534824e-03 -1.4981144760e-02 )
24               	( -5.7052466575e+00 1.7169816141e+00 -1.1638077571e+00 )	( -5.7067212712e+00 1.7179858465e+00 -1.1490986442e+00 )	( 1.4746137003e-03 -1.0042324253e-03 -1.4709112827e-02 )
25               	( -5.6510296474e+00 1.6883939480e+00 -1.1301657498e+00 )	( -5.6523813120e+00 1.6893546775e+00 -1.1156877462e+00 )	( 1.3516645649e-03 -9.6072958027e-04 -1.4478003611e-02 )
26               	( -5.5915569234e+00 1.6628727124e+00 -1.1015302945e+00 )	( -5.5927897894e+00 1.6637874299e+00 -1.0872844596e+00 )	( 1.2328659755e-03 -9.1471749477e-04 -1.4245834893e-02 )
27               	( -5.5439159182e+00 1.6488992455e+00 -1.0855180908e+00 )	( -5.5450523201e+00 1.6497720710e+00 -1.0714713200e+00 )	( 1.1364018782e-03 -8.7282541272e-04 -1.4046770828e-02 )
28               	( -5.4876799748e+00 1.6285278918e+00 -1.0644616046e+00 )	( -5.4887208585e+00 1.6293534261e+00 -1.0506106675e+00 )	( 1.0408837401e-03 -8.2553435751e-04 -1.3850937138e-02 )
29               	( -5.4137016559e+00 1.6021943523e+00 -1.0402065944e+00 )	( -5.4146532875e+00 1.6029765599e+00 -1.0265524851e+00 )	( 9.5163158822e-04 -7.8220757133e-04 -1.3654109308e-02 )
30               	( -5.3323743516e+00 1.5746420729e+00 -1.0168425301e+00 )	( -5.3331982527e+00 1.5753848550e+00 -1.0034803656e+00 )	( 8.2390111712e-04 -7.4278202798e-04 -1.3362164575e-02 )
31               	( -5.2435886850e+00 1.5436759825e+00 -9.9143718829e-01 )	( -5.2443351801e+00 1.5443840113e+00 -9.7828053000e-01 )	( 7.4649509763e-04 -7.0802874708e-04 -1.3156658284e-02 )
32               	( -5.1542211600e+00 1.5151471377e+00 -9.6970178769e-01 )	( -5.1549102637e+00 1.5158239022e+00 -9.5671958247e-01 )	( 6.8910368240e-04 -6.7676449092e-04 -1.2982205217e-02 )
33               	( -5.0653647226e+00 1.4889991944e+00 -9.5200712538e-01 )	( -5.0660096787e+00 1.4896497391e+00 -9.3918232518e-01 )	( 6.4495608628e-04 -6.5054464750e-04 -1.2824800199e-02 )
34               	( -4.9759502235e+00 1.4639236416e+00 -9.3618077734e-01 )	( -4.9765707140e+00 1.4645568105e+00 -9.2349595513e-01 )	( 6.2049056580e-04 -6.3316888609e-04 -1.2684822210e-02 )
35               	( -4.8841552307e+00 1.4392617549e+00 -9.2185436704e-01 )	( -4.8847643382e+00 1.4398829278e+00 -9.0929668233e-01 )	( 6.0910747866e-04 -6.2117287726e-04 -1.2557684709e-02 )
36               	( -4.8025510035e+00 1.4214785691e+00 -9.1516005281e-01 )	( -4.8031701489e+00 1.4220979612e+00 -9.0269250911e-01 )	( 6.1914535987e-04 -6.1939210711e-04 -1.2467543695e-02 )
37               	( -4.7185838883e+00 1.3997329806e+00 -9.0438250101e-01 )	( -4.7192321298e+00 1.4003594137e+00 -8.9198442608e-01 )	( 6.4824153862e-04 -6.2643309324e-04 -1.2398074928e-02 )
38               	( -4.6356758161e+00 1.3783288806e+00 -8.9410848675e-01 )	( -4.6363604026e+00 1.3789627766e+00 -8.8175969787e-01 )	( 6.8458646630e-04 -6.3389599385e-04 -1.2348788882e-02 )
39               	( -4.5597146500e+00 1.3586188772e+00 -8.8536363437e-01 )	( -4.5604415820e+00 1.3592589938e+00 -8.7304102503e-01 )	( 7.2693199428e-04 -6.4011658623e-04 -1.2322609338e-02 )
40               	( -4.4918288325e+00 1.3430616010e+00 -8.8083505257e-01 )	( -4.4926076070e+00 1.3437074763e+00 -8.6851271392e-01 )	( 7.7877449859e-04 -6.4587531366e-04 -1.2322338659e-02 )
41               	( -4.4271129867e+00 1.3285327958e+00 -8.7752124537e-01 )	( -4.4279265925e+00 1.3291815389e+00 -8.6521218707e-01 )	( 8.1360575907e-04 -6.4874304836e-04 -1.2309058296e-02 )
42               	( -4.3687750188e+00 1.3170144945e+00 -8.7737510192e-01 )	( -4.3696076647e+00 1.3176660619e+00 -8.6510954698e-01 )	( 8.3264584541e-04 -6.5156733044e-04 -1.2265554935e-02 )
43               	( -4.3122326307e+00 1.3044949844e+00 -8.7615696915e-01 )	( -4.3130690162e+00 1.3051457251e+00 -8.6395352431e-01 )	( 8.3638550851e-04 -6.5074064112e-04 -1.2203444839e-02 )
44               	( -4.2589306328e+00 1.2905774891e+00 -8.7334447746e-01 )	( -4.2597642514e+00 1.2912231484e+00 -8.6120780938e-01 )	( 8.3361856589e-04 -6.4565928835e-04 -1.2136668074e-02 )
45               	( -4.2019604998e+00 1.2757162346e+00 -8.6919654227e-01 )	( -4.2027845385e+00 1.2763554050e+00 -8.5714164348e-01 )	( 8.2403869632e-04 -6.3917036543e-04 -1.2054898794e-02 )
46               	( -4.1533543936e+00 1.2643219948e+00 -8.6699078919e-01 )	( -4.1541698288e+00 1.2649536902e+00 -8.5501403215e-01 )	( 8.1543520401e-04 -6.3169539730e-04 -1.1976757034e-02 )
47               	( -4.1056582825e+00 1.2532949729e+00 -8.6448144035e-01 )	( -4.1064678468e+00 1.2539201160e+00 -8.5257920983e-01 )	( 8.0956430051e-04 -6.2514317162e-04 -1.1902230515e-02 )
48               	( -4.0629235081e+00 1.2441801635e+00 -8.6299888630e-01 )	( -4.0637284351e+00 1.2447991802e+00 -8.5117103500e-01 )	( 8.0492696038e-04 -6.1901669972e-04 -1.1827851303e-02 )
49               	( -4.0236628756e+00 1.2362614321e+00 -8.6210684538e-01 )	( -4.0244660790e+00 1.2368743171e+00 -8.5034547096e-01 )	( 8.0320346717e-04 -6.1288499797e-04 -1.1761374423e-02 )
50               	( -3.9831199060e+00 1.2271217186e+00 -8.5989530561e-01 )	( -3.9839252506e+00 1.2277290973e+00 -8.4818813366e-01 )	( 8.0534459850e-04 -6.0737878369e-04 -1.1707171946e-02 )
51               	( -3.9415599782e+00 1.2170491513e+00 -8.5667616864e-01 )	( -3.9423666006e+00 1.2176506082e+00 -8.4502039328e-01 )	( 8.0662239411e-04 -6.0145687792e-04 -1.1655775361e-02 )
52               	( -3.9004750418e+00 1.2067889791e+00 -8.5330427759e-01 )	( -3.9012841742e+00 1.2073849996e+00 -8.4169388701e-01 )	( 8.0913237750e-04 -5.9602052860e-04 -1.1610390573e-02 )
53               	( -3.8609465959e+00 1.1967935945e+00 -8.5026647227e-01 )	( -3.8617597666e+00 1.1973848005e+00 -8.3869522581e-01 )	( 8.1317075231e-04 -5.9120590649e-04 -1.1571246466e-02 )
54               	( -3.8224341595e+00 1.1870329411e+00 -8.4719894210e-01 )	( -3.8232545607e+00 1.1876210290e+00 -8.3565962443e-01 )	( 8.2040117391e-04 -5.8808790768e-04 -1.1539317665e-02 )
55               	( -3.7833316589e+00 1.1763529825e+00 -8.4288545567e-01 )	( -3.7841616814e+00 1.1769391298e+00 -8.3137142259e-01 )	( 8.3002248730e-04 -5.8614734157e-04 -1.1514033082e-02 )
56               	( -3.7469367184e+00 1.1664604785e+00 -8.3906556218e-01 )	( -3.7477789502e+00 1.1670457770e+00 -8.2757004131e-01 )	( 8.4223175737e-04 -5.8529853474e-04 -1.1495520876e-02 )
57               	( -3.7102043686e+00 1.1556224216e+00 -8.3430943800e-01 )	( -3.7110621249e+00 1.1562085292e+00 -8.2282557942e-01 )	( 8.5775631003e-04 -5.8610754905e-04 -1.1483858581e-02 )
58               	( -3.6732796104e+00 1.1439912608e+00 -8.2850412775e-01 )	( -3.6741553485e+00 1.1445794836e+00 -8.1702669620e-01 )	( 8.7573803251e-04 -5.8822280049e-04 -1.1477431554e-02 )
59               	( -3.6383243784e+00 1.1326748219e+00 -8.2256356058e-01 )	( -3.6392210332e+00 1.1332664444e+00 -8.1108554791e-01 )	( 8.9665480649e-04 -5.9162257217e-04 -1.1478012679e-02 )
60               	( -3.6046528465e+00 1.1216054999e+00 -8.1659490870e-01 )	( -3.6055723804e+00 1.1222015213e+00 -8.0511077694e-01 )	( 9.1953384733e-04 -5.9602138831e-04 -1.1484131761e-02 )
61               	( -3.5740075748e+00 1.1116221726e+00 -8.1134714368e-01 )	( -3.5749523566e+00 1.1122237992e+00 -7.9985032024e-01 )	( 9.4478175555e-04 -6.0162657423e-04 -1.1496823440e-02 )
62               	( -3.5452946937e+00 1.1021967511e+00 -8.0625795651e-01 )	( -3.5462656376e+00 1.1028045792e+00 -7.9474381496e-01 )	( 9.7094390819e-04 -6.0782813845e-04 -1.1514141548e-02 )
63               	( -3.5188639813e+00 1.0934338922e+00 -8.0145003035e-01 )	( -3.5198613671e+00 1.0940482621e+00 -7.8991420139e-01 )	( 9.9738578010e-04 -6.1436989885e-04 -1.1535828955e-02 )
64               	( -3.4977439634e+00 1.0870487854e+00 -7.9858632958e-01 )	( -3.4987680217e+00 1.0876699073e+00 -7.8702317752e-01 )	( 1.0240583815e-03 -6.2112190444e-04 -1.1563152063e-02 )
65               	( -3.4809351079e+00 1.0822829125e+00 -7.9691995186e-01 )	( -3.4819851517e+00 1.0829109190e+00 -7.8532631519e-01 )	( 1.0500437615e-03 -6.2800656843e-04 -1.1593636667e-02 )
66               	( -3.4687131158e+00 1.0791719121e+00 -7.9669263509e-01 )	( -3.4697908632e+00 1.0798070617e+00 -7.8505835045e-01 )	( 1.0777474259e-03 -6.3514957780e-04 -1.1634284645e-02 )
67               	( -3.4625906658e+00 1.0784208999e+00 -7.9848921941e-01 )	( -3.4636997974e+00 1.0790654377e+00 -7.8680550927e-01 )	( 1.1091316485e-03 -6.4453772839e-04 -1.1683710138e-02 )
68               	( -3.4590971740e+00 1.0782509130e+00 -8.0045349394e-01 )	( -3.4602326387e+00 1.0789032645e+00 -7.8872299399e-01 )	( 1.1354646122e-03 -6.5235156029e-04 -1.1730499951e-02 )
69               	( -3.4576004027e+00 1.0782825968e+00 -8.0220126062e-01 )	( -3.4587674417e+00 1.0789460548e+00 -7.9041614593e-01 )	( 1.1670390191e-03 -6.6345798187e-04 -1.1785114694e-02 )
70               	( -3.4565931924e+00 1.0779258037e+00 -8.0323831118e-01 )	( -3.4577920680e+00 1.0786008593e+00 -7.9139451860e-01 )	( 1.1988756153e-03 -6.7505560153e-04 -1.1843792581e-02 )
71               	( -3.4550287195e+00 1.0766378501e+00 -8.0297575258e-01 )	( -3.4562564164e+00 1.0773230546e+00 -7.9107157445e-01 )	( 1.2276968751e-03 -6.8520444051e-04 -1.1904178129e-02 )
72               	( -3.4547688280e+00 1.0755061634e+00 -8.0250493415e-01 )	( -3.4560222568e+00 1.0762005290e+00 -7.9054144333e-01 )	( 1.2534287449e-03 -6.9436559055e-04 -1.1963490818e-02 )
73               	( -3.4564767562e+00 1.0750928854e+00 -8.0250113506e-01 )	( -3.4577532791e+00 1.0757957229e+00 -7.9047988970e-01 )	( 1.2765229034e-03 -7.0283747355e-04 -1.2021245368e-02 )
74               	( -3.4597191365e+00 1.0751038721e+00 -8.0260706653e-01 )	( -3.4610156356e+00 1.0758141597e+00 -7.9053044192e-01 )	( 1.2964991425e-03 -7.1028755912e-04 -1.2076624606e-02 )
75               	( -3.4653365437e+00 1.0760775900e+00 -8.0343561838e-01 )	( -3.4666501534e+00 1.0767944014e+00 -7.9130591024e-01 )	( 1.3136096950e-03 -7.1681142226e-04 -1.2129708139e-02 )
76               	( -3.4731739928e+00 1.0778962048e+00 -8.0489764624e-01 )	( -3.4745020528e+00 1.0786184430e+00 -7.9271590360e-01 )	( 1.3280599631e-03 -7.2223819438e-04 -1.2181742644e-02 )
77               	( -3.4828961011e+00 1.0804970072e+00 -8.0698300075e-01 )	( -3.4842372430e+00 1.0812243472e+00 -7.9475054463e-01 )	( 1.3411419549e-03 -7.2734003363e-04 -1.2232456116e-02 )
78               	( -3.4961941005e+00 1.0848548058e+00 -8.1051913555e-01 )	( -3.4975464029e+00 1.0855866385e+00 -7.9823769089e-01 )	( 1.3523024566e-03 -7.3183272609e-04 -1.2281444662e-02 )
79               	( -3.5118797237e+00 1.0902659478e+00 -8.1490733478e-01 )	( -3.5132417558e+00 1.0910019058e+00 -8.0257842385e-01 )	( 1.3620320726e-03 -7.3595799535e-04 -1.2328910929e-02 )
80               	( -3.5294802940e+00 1.0963716456e+00 -8.1984585948e-01 )	( -3.5308509834e+00 1.0971115544e+00 -8.0747087736e-01 )	( 1.3706893660e-03 -7.3990875643e-04 -1.2374982124e-02 )
81               	( -3.5471691597e+00 1.1021961201e+00 -8.2438382227e-01 )	( -3.5485479816e+00 1.1029400059e+00 -8.1196386547e-01 )	( 1.3788218715e-03 -7.4388586685e-04 -1.2419956797e-02 )
82               	( -3.5646064462e+00 1.1076384913e+00 -8.2845362188e-01 )	( -3.5659929758e+00 1.1083864048e+00 -8.1599006156e-01 )	( 1.3865295813e-03 -7.4791349869e-04 -1.2463560315e-02 )
83               	( -3.5824453306e+00 1.1130581847e+00 -8.3239299206e-01 )	( -3.5838394135e+00 1.1138102013e+00 -8.1988747852e-01 )	( 1.3940829100e-03 -7.5201656715e-04 -1.2505513536e-02 )
84               	( -3.5999833397e+00 1.1181527548e+00 -8.3586512485e-01 )	( -3.6013839935e+00 1.1189086309e+00 -8.2331981429e-01 )	( 1.4006538197e-03 -7.5587607260e-04 -1.2545310556e-02 )
85               	( -3.6173577385e+00 1.1230123695e+00 -8.3896116800e-01 )	( -3.6187645151e+00 1.1237721754e+00 -8.2637450952e-01 )	( 1.4067766033e-03 -7.5980595859e-04 -1.2586658479e-02 )
86               	( -3.6347697133e+00 1.1272970769e+00 -8.4129279716e-01 )	( -3.6361819929e+00 1.1280607593e+00 -8.2866614951e-01 )	( 1.4122796231e-03 -7.6368239619e-04 -1.2626647646e-02 )
87               	( -3.6536619207e+00 1.1322117318e+00 -8.4407736548e-01 )	( -3.6550784881e+00 1.1329789319e+00 -8.3141236953e-01 )	( 1.4165674356e-03 -7.6720005363e-04 -1.2664995950e-02 )
88               	( -3.6732964268e+00 1.1373326477e+00 -8.4696359738e-01 )	( -3.6747160974e+00 1.1381029835e+00 -8.3426188924e-01 )	( 1.4196706369e-03 -7.7033574404e-04 -1.2701708140e-02 )
89               	( -3.6939211813e+00 1.1428710786e+00 -8.5016388749e-01 )	( -3.6953428886e+00 1.1436442020e+00 -8.3742723231e-01 )	( 1.4217072753e-03 -7.7312331322e-04 -1.2736655181e-02 )
90               	( -3.7149409341e+00 1.1485242975e+00 -8.5341016001e-01 )	( -3.7163637255e+00 1.1492999166e+00 -8.4064057129e-01 )	( 1.4227913625e-03 -7.7561912429e-04 -1.2769588721e-02 )
91               	( -3.7356553202e+00 1.1539644979e+00 -8.5642809874e-01 )	( -3.7370787359e+00 1.1547425513e+00 -8.4362728690e-01 )	( 1.4234157442e-03 -7.7805336012e-04 -1.2800811839e-02 )
92               	( -3.7551097652e+00 1.1588089438e+00 -8.5881216747e-01 )	( -3.7565336306e+00 1.1595895182e+00 -8.4598184974e-01 )	( 1.4238654324e-03 -7.8057442539e-04 -1.2830317728e-02 )
93               	( -3.7738153040e+00 1.1633681065e+00 -8.6089728810e-01 )	( -3.7752393815e+00 1.1641512216e+00 -8.4803972025e-01 )	( 1.4240774540e-03 -7.8311512745e-04 -1.2857567846e-02 )
94               	( -3.7915228222e+00 1.1675215727e+00 -8.6259418512e-01 )	( -3.7929468832e+00 1.1683071735e+00 -8.4971161248e-01 )	( 1.4240609365e-03 -7.8560076414e-04 -1.2882572642e-02 )
95               	( -3.8083476500e+00 1.1713266991e+00 -8.6396710888e-01 )	( -3.8097713399e+00 1.1721146983e+00 -8.5106229196e-01 )	( 1.4236898640e-03 -7.8799913122e-04 -1.2904816915e-02 )
96               	( -3.8244246868e+00 1.1749052888e+00 -8.6515777943e-01 )	( -3.8258477073e+00 1.1756955730e+00 -8.5223310287e-01 )	( 1.4230204716e-03 -7.9028420132e-04 -1.2924676563e-02 )
97               	( -3.8396822747e+00 1.1781829360e+00 -8.6612965743e-01 )	( -3.8411038896e+00 1.1789751151e+00 -8.5318771802e-01 )	( 1.4216148514e-03 -7.9217907143e-04 -1.2941939418e-02 )
98               	( -3.8543514004e+00 1.1813498443e+00 -8.6701979843e-01 )	( -3.8557711321e+00 1.1821436947e+00 -8.5406310217e-01 )	( 1.4197316839e-03 -7.9385035532e-04 -1.2956696260e-02 )
99               	( -3.8682797749e+00 1.1843294464e+00 -8.6774434725e-01 )	( -3.8696968765e+00 1.1851245922e+00 -8.5477558775e-01 )	( 1.4171015941e-03 -7.9514576026e-04 -1.2968759497e-02 )
100              	( -3.8816555170e+00 1.1871969446e+00 -8.6840617488e-01 )	( -3.8830694318e+00 1.1879931093e+00 -8.5542765736e-01 )	( 1.4139147310e-03 -7.9616472229e-04 -1.2978517523e-02 )
101              	( -3.8943480710e+00 1.1898957921e+00 -8.6896609223e-01 )	( -3.8957584598e+00 1.1906928024e+00 -8.5597987252e-01 )	( 1.4103887953e-03 -7.9701026243e-04 -1.2986219706e-02 )
102              	( -3.9065078416e+00 1.1925175848e+00 -8.6948539377e-01 )	( -3.9079142465e+00 1.1933152239e+00 -8.5649363802e-01 )	( 1.4064049130e-03 -7.9763902403e-04 -1.2991755745e-02 )
103              	( -3.9179803716e+00 1.1950275180e+00 -8.6994049578e-01 )	( -3.9193821414e+00 1.1958255407e+00 -8.5694550807e-01 )	( 1.4017698478e-03 -7.9802271238e-04 -1.2994987704e-02 )
104              	( -3.9289997713e+00 1.1975004154e+00 -8.7038025732e-01 )	( -3.9303966178e+00 1.1982985663e+00 -8.5738365535e-01 )	( 1.3968465038e-03 -7.9815095685e-04 -1.2996601968e-02 )
105              	( -3.9390066036e+00 1.1997752222e+00 -8.7075555295e-01 )	( -3.9403980426e+00 1.2005732395e+00 -8.5775902548e-01 )	( 1.3914389710e-03 -7.9801729004e-04 -1.2996527474e-02 )
106              	( -3.9481885978e+00 1.2019011337e+00 -8.7109931980e-01 )	( -3.9495741799e+00 1.2026987755e+00 -8.5810454548e-01 )	( 1.3855821526e-03 -7.9764188650e-04 -1.2994774320e-02 )
107              	( -3.9566727534e+00 1.2039155300e+00 -8.7142819242e-01 )	( -3.9580517944e+00 1.2047124170e+00 -8.5843694995e-01 )	( 1.3790409487e-03 -7.9688699072e-04 -1.2991242473e-02 )
108              	( -3.9644609599e+00 1.2057893799e+00 -8.7170632414e-01 )	( -3.9658327299e+00 1.2065850741e+00 -8.5872036624e-01 )	( 1.3717699668e-03 -7.9569418629e-04 -1.2985957906e-02 )
109              	( -3.9715789456e+00 1.2075246461e+00 -8.7193119058e-01 )	( -3.9729431202e+00 1.2083189106e+00 -8.5895190309e-01 )	( 1.3641746001e-03 -7.9426447535e-04 -1.2979287493e-02 )
110              	( -3.9779242367e+00 1.2090702336e+00 -8.7206612032e-01 )	( -3.9792805597e+00 1.2098628576e+00 -8.5909492995e-01 )	( 1.3563230219e-03 -7.9262401423e-04 -1.2971190365e-02 )
111              	( -3.9834799105e+00 1.2104112385e+00 -8.7210512864e-01 )	( -3.9848282851e+00 1.2112020914e+00 -8.5914330369e-01 )	( 1.3483746317e-03 -7.9085287126e-04 -1.2961824949e-02 )
112              	( -3.9882754674e+00 1.2115547338e+00 -8.7205233007e-01 )	( -3.9896158583e+00 1.2123437085e+00 -8.5910108041e-01 )	( 1.3403909287e-03 -7.8897476509e-04 -1.2951249661e-02 )
113              	( -3.9923572304e+00 1.2125212966e+00 -8.7193751391e-01 )	( -3.9936899223e+00 1.2133084394e+00 -8.5899767896e-01 )	( 1.3326918914e-03 -7.8714273132e-04 -1.2939834952e-02 )
114              	( -3.9955886079e+00 1.2132342682e+00 -8.7168404794e-01 )	( -3.9969144270e+00 1.2140198859e+00 -8.5875571560e-01 )	( 1.3258190508e-03 -7.8561768029e-04 -1.2928332333e-02 )
115              	( -3.9981442616e+00 1.2137941937e+00 -8.7138689123e-01 )	( -3.9994633526e+00 1.2145782227e+00 -8.5847064943e-01 )	( 1.3190909506e-03 -7.8402902169e-04 -1.2916241798e-02 )
116              	( -4.0000765361e+00 1.2142434373e+00 -8.7106229131e-01 )	( -4.0013891392e+00 1.2150258823e+00 -8.5815859036e-01 )	( 1.3126030280e-03 -7.8244498972e-04 -1.2903700951e-02 )
117              	( -4.0013113566e+00 1.2145132438e+00 -8.7066173245e-01 )	( -4.0026176189e+00 1.2152940715e+00 -8.5777117369e-01 )	( 1.3062623059e-03 -7.8082769430e-04 -1.2890558756e-02 )
118              	( -4.0017195477e+00 1.2145398705e+00 -8.7012488863e-01 )	( -4.0030196352e+00 1.2153190506e+00 -8.5724806432e-01 )	( 1.3000875264e-03 -7.7918011100e-04 -1.2876824315e-02 )
119              	( -4.0015986296e+00 1.2144588162e+00 -8.6957961905e-01 )	( -4.0028926914e+00 1.2152362969e+00 -8.5671698941e-01 )	( 1.2940617942e-03 -7.7748071063e-04 -1.2862629640e-02 )
120              	( -4.0008873959e+00 1.2142518687e+00 -8.6902126068e-01 )	( -4.0021755912e+00 1.2150276069e+00 -8.5617314898e-01 )	( 1.2881952845e-03 -7.7573821063e-04 -1.2848111694e-02 )
121              	( -3.9996909936e+00 1.2139512367e+00 -8.6846606984e-01 )	( -4.0009734814e+00 1.2147251972e+00 -8.5563287706e-01 )	( 1.2824877894e-03 -7.7396050003e-04 -1.2833192781e-02 )
122              	( -3.9978778975e+00 1.2134822999e+00 -8.6783314402e-01 )	( -3.9991549220e+00 1.2142544922e+00 -8.5501510399e-01 )	( 1.2770244384e-03 -7.7219230175e-04 -1.2818040025e-02 )
123              	( -3.9954784130e+00 1.2128582181e+00 -8.6713257992e-01 )	( -3.9967501292e+00 1.2136286031e+00 -8.5432995567e-01 )	( 1.2717162312e-03 -7.7038499699e-04 -1.2802624248e-02 )
124              	( -3.9925348618e+00 1.2120949642e+00 -8.6638065544e-01 )	( -3.9938014534e+00 1.2128635100e+00 -8.5359360933e-01 )	( 1.2665916082e-03 -7.6854582226e-04 -1.2787046113e-02 )
125              	( -3.9891931038e+00 1.2112665191e+00 -8.6565326619e-01 )	( -3.9904547764e+00 1.2120332079e+00 -8.5288191805e-01 )	( 1.2616725892e-03 -7.6668888139e-04 -1.2771348133e-02 )
126              	( -3.9855091863e+00 1.2103790744e+00 -8.6495040989e-01 )	( -3.9867661936e+00 1.2111439150e+00 -8.5219479064e-01 )	( 1.2570073788e-03 -7.6484057390e-04 -1.2755619249e-02 )
127              	( -3.9815459097e+00 1.2094484652e+00 -8.6428238978e-01 )	( -3.9827984548e+00 1.2102114489e+00 -8.5154250904e-01 )	( 1.2525450943e-03 -7.6298361999e-04 -1.2739880734e-02 )
128              	( -3.9772353987e+00 1.2084316979e+00 -8.6360143622e-01 )	( -3.9784837339e+00 1.2091928499e+00 -8.5087726452e-01 )	( 1.2483352033e-03 -7.6115197854e-04 -1.2724171700e-02 )
129              	( -3.9726289727e+00 1.2073434134e+00 -8.6291810069e-01 )	( -3.9738734411e+00 1.2081027886e+00 -8.5020950313e-01 )	( 1.2444684327e-03 -7.5937519437e-04 -1.2708597563e-02 )
130              	( -3.9677410772e+00 1.2061837594e+00 -8.6222717313e-01 )	( -3.9689820574e+00 1.2069414326e+00 -8.4953400966e-01 )	( 1.2409801926e-03 -7.5767319245e-04 -1.2693163472e-02 )
131              	( -3.9626132416e+00 1.2049600058e+00 -8.6153107990e-01 )	( -3.9638510112e+00 1.2057160261e+00 -8.4885310904e-01 )	( 1.2377696480e-03 -7.5602034946e-04 -1.2677970855e-02 )
132              	( -3.9571556162e+00 1.2036098320e+00 -8.6075836496e-01 )	( -3.9583907617e+00 1.2043644310e+00 -8.4809309597e-01 )	( 1.2351455458e-03 -7.5459900573e-04 -1.2665268984e-02 )
133              	( -3.9519162535e+00 1.2022479579e+00 -8.5994738262e-01 )	( -3.9531490911e+00 1.2030012282e+00 -8.4729429146e-01 )	( 1.2328375530e-03 -7.5327036285e-04 -1.2653091162e-02 )
134              	( -3.9466703174e+00 1.2008726131e+00 -8.5915529441e-01 )	( -3.9479012400e+00 1.2016246820e+00 -8.4651345116e-01 )	( 1.2309226188e-03 -7.5206886381e-04 -1.2641843255e-02 )
135              	( -3.9414730414e+00 1.1995100140e+00 -8.5840752416e-01 )	( -3.9427024249e+00 1.2002610037e+00 -8.4577597837e-01 )	( 1.2293835024e-03 -7.5098966991e-04 -1.2631545789e-02 )
136              	( -3.9363071563e+00 1.1981609187e+00 -8.5770198733e-01 )	( -3.9375353502e+00 1.1989109401e+00 -8.4507985607e-01 )	( 1.2281938587e-03 -7.5002134190e-04 -1.2622131259e-02 )
137              	( -3.9311394974e+00 1.1968089347e+00 -8.5701710121e-01 )	( -3.9323668709e+00 1.1975581073e+00 -8.4440354396e-01 )	( 1.2273734098e-03 -7.4917260404e-04 -1.2613557251e-02 )
138              	( -3.9260452153e+00 1.1954843291e+00 -8.5637627850e-01 )	( -3.9272721257e+00 1.1962327668e+00 -8.4377046769e-01 )	( 1.2269103880e-03 -7.4843771648e-04 -1.2605810813e-02 )
139              	( -3.9209612201e+00 1.1941669002e+00 -8.5576404687e-01 )	( -3.9221879893e+00 1.1949147055e+00 -8.4316517580e-01 )	( 1.2267692000e-03 -7.4780524215e-04 -1.2598871068e-02 )
140              	( -3.9158756549e+00 1.1928423578e+00 -8.5515807291e-01 )	( -3.9171025829e+00 1.1935896273e+00 -8.4256540990e-01 )	( 1.2269279744e-03 -7.4726950732e-04 -1.2592663007e-02 )
141              	( -3.9108226894e+00 1.1915213043e+00 -8.5456181082e-01 )	( -3.9120500494e+00 1.1922681249e+00 -8.4197464872e-01 )	( 1.2273600107e-03 -7.4682058132e-04 -1.2587162103e-02 )
142              	( -3.9058396492e+00 1.1902083124e+00 -8.5397128340e-01 )	( -3.9070676970e+00 1.1909547728e+00 -8.4138899157e-01 )	( 1.2280477487e-03 -7.4646043948e-04 -1.2582291823e-02 )
143              	( -3.9008760004e+00 1.1888732924e+00 -8.5335360629e-01 )	( -3.9021049719e+00 1.1896194743e+00 -8.4077554311e-01 )	( 1.2289714406e-03 -7.4618192378e-04 -1.2578063178e-02 )
144              	( -3.8959855002e+00 1.1875454638e+00 -8.5273913674e-01 )	( -3.8972156236e+00 1.1882914488e+00 -8.4016466902e-01 )	( 1.2301234294e-03 -7.4598500120e-04 -1.2574467716e-02 )
145              	( -3.8911886707e+00 1.1862310010e+00 -8.5213071578e-01 )	( -3.8924201443e+00 1.1869768602e+00 -8.3955924905e-01 )	( 1.2314736091e-03 -7.4585922727e-04 -1.2571466730e-02 )
146              	( -3.8865152396e+00 1.1849377471e+00 -8.5153239301e-01 )	( -3.8877482920e+00 1.1856835736e+00 -8.3896331624e-01 )	( 1.2330523934e-03 -7.4582650554e-04 -1.2569076775e-02 )
147              	( -3.8819698663e+00 1.1836637851e+00 -8.5093662037e-01 )	( -3.8832046879e+00 1.1844096570e+00 -8.3836935966e-01 )	( 1.2348215994e-03 -7.4587185878e-04 -1.2567260708e-02 )
148              	( -3.8775911684e+00 1.1824258859e+00 -8.5035786675e-01 )	( -3.8788279084e+00 1.1831718683e+00 -8.3779188662e-01 )	( 1.2367400338e-03 -7.4598234847e-04 -1.2565980127e-02 )
149              	( -3.8734040217e+00 1.1812352420e+00 -8.4980580441e-01 )	( -3.8746427910e+00 1.1819813911e+00 -8.3724066457e-01 )	( 1.2387693186e-03 -7.4614904203e-04 -1.2565139842e-02 )
150              	( -3.8694353612e+00 1.1801052474e+00 -8.4929201015e-01 )	( -3.8706762319e+00 1.1808516051e+00 -8.3672731734e-01 )	( 1.2408707127e-03 -7.4635775170e-04 -1.2564692818e-02 )
151              	( -3.8656850933e+00 1.1790344774e+00 -8.4881333544e-01 )	( -3.8669281055e+00 1.1797810747e+00 -8.3624873775e-01 )	( 1.2430121523e-03 -7.4659728393e-04 -1.2564597694e-02 )
152              	( -3.8621934358e+00 1.1780471777e+00 -8.4839268774e-01 )	( -3.8634386148e+00 1.1787940405e+00 -8.3582784411e-01 )	( 1.2451789782e-03 -7.4686287087e-04 -1.2564843621e-02 )
153              	( -3.8589947299e+00 1.1771619988e+00 -8.4804879751e-01 )	( -3.8602420994e+00 1.1779091530e+00 -8.3548334958e-01 )	( 1.2473695269e-03 -7.4715424553e-04 -1.2565447928e-02 )
154              	( -3.8561293217e+00 1.1763992668e+00 -8.4780780031e-01 )	( -3.8573789930e+00 1.1771467816e+00 -8.3524128074e-01 )	( 1.2496712166e-03 -7.4751480601e-04 -1.2566519569e-02 )
155              	( -3.8535318673e+00 1.1757197669e+00 -8.4762433829e-01 )	( -3.8547838738e+00 1.1764676755e+00 -8.3505637540e-01 )	( 1.2520065532e-03 -7.4790863684e-04 -1.2567962887e-02 )
156              	( -3.8511530785e+00 1.1750945837e+00 -8.4746574607e-01 )	( -3.8524074480e+00 1.1758429211e+00 -8.3489600392e-01 )	( 1.2543695113e-03 -7.4833731907e-04 -1.2569742148e-02 )
157              	( -3.8490231248e+00 1.1745414841e+00 -8.4735126590e-01 )	( -3.8502798633e+00 1.1752902757e+00 -8.3477943345e-01 )	( 1.2567384856e-03 -7.4879151635e-04 -1.2571832447e-02 )
158              	( -3.8471182418e+00 1.1740475174e+00 -8.4726372651e-01 )	( -3.8483773458e+00 1.1747967859e+00 -8.3468951965e-01 )	( 1.2591040285e-03 -7.4926841201e-04 -1.2574206863e-02 )
159              	( -3.8454284920e+00 1.1736080841e+00 -8.4720044555e-01 )	( -3.8466899395e+00 1.1743578468e+00 -8.3462362823e-01 )	( 1.2614475519e-03 -7.4976262546e-04 -1.2576817320e-02 )
160              	( -3.8439546265e+00 1.1732264823e+00 -8.4716301038e-01 )	( -3.8452183785e+00 1.1739767503e+00 -8.3458338712e-01 )	( 1.2637519580e-03 -7.5026800691e-04 -1.2579623264e-02 )
161              	( -3.8426967260e+00 1.1729041298e+00 -8.4715216237e-01 )	( -3.8439627202e+00 1.1736549061e+00 -8.3456958620e-01 )	( 1.2659941401e-03 -7.5077631173e-04 -1.2582576176e-02 )
162              	( -3.8416525004e+00 1.1726408966e+00 -8.4716756218e-01 )	( -3.8429206569e+00 1.1733921772e+00 -8.3458192620e-01 )	( 1.2681564940e-03 -7.5128063586e-04 -1.2585635980e-02 )
163              	( -3.8408205172e+00 1.1724381788e+00 -8.4721062025e-01 )	( -3.8420907343e+00 1.1731899507e+00 -8.3462186210e-01 )	( 1.2702171485e-03 -7.5177192677e-04 -1.2588758143e-02 )
164              	( -3.8402127152e+00 1.1723031927e+00 -8.4728866475e-01 )	( -3.8414848790e+00 1.1730554376e+00 -8.3469674456e-01 )	( 1.2721637775e-03 -7.5224487149e-04 -1.2591920198e-02 )
165              	( -3.8398245034e+00 1.1722351316e+00 -8.4740120906e-01 )	( -3.8410984879e+00 1.1729878278e+00 -8.3480612675e-01 )	( 1.2739845042e-03 -7.5269615935e-04 -1.2595082312e-02 )
166              	( -3.8396474115e+00 1.1722313463e+00 -8.4754621906e-01 )	( -3.8409230776e+00 1.1729844701e+00 -8.3494806076e-01 )	( 1.2756660469e-03 -7.5312379364e-04 -1.2598158297e-02 )
167              	( -3.8396771146e+00 1.1722919332e+00 -8.4772495799e-01 )	( -3.8409543261e+00 1.1730454597e+00 -8.3512376914e-01 )	( 1.2772115068e-03 -7.5352646592e-04 -1.2601188855e-02 )
168              	( -3.8398865291e+00 1.1724036036e+00 -8.4792502133e-01 )	( -3.8411651452e+00 1.1731575077e+00 -8.3532088299e-01 )	( 1.2786160306e-03 -7.5390415020e-04 -1.2604138346e-02 )
169              	( -3.8402567354e+00 1.1725609829e+00 -8.4814275880e-01 )	( -3.8415366281e+00 1.1733152405e+00 -8.3553571815e-01 )	( 1.2798927150e-03 -7.5425757082e-04 -1.2607040650e-02 )
170              	( -3.8407894619e+00 1.1727663670e+00 -8.4838222482e-01 )	( -3.8420705084e+00 1.1735209562e+00 -8.3577234681e-01 )	( 1.2810465221e-03 -7.5458917454e-04 -1.2609878012e-02 )
171              	( -3.8414962131e+00 1.1730276818e+00 -8.4865272953e-01 )	( -3.8427782852e+00 1.1737825779e+00 -8.3604009142e-01 )	( 1.2820720741e-03 -7.5489607308e-04 -1.2612638114e-02 )
172              	( -3.8423536830e+00 1.1733348205e+00 -8.4894621820e-01 )	( -3.8436366625e+00 1.1740900023e+00 -8.3633089674e-01 )	( 1.2829794509e-03 -7.5518176176e-04 -1.2615321459e-02 )
173              	( -3.8433117982e+00 1.1736643474e+00 -8.4924022879e-01 )	( -3.8445955784e+00 1.1744197976e+00 -8.3662230849e-01 )	( 1.2837801407e-03 -7.5545023852e-04 -1.2617920300e-02 )
174              	( -3.8443605684e+00 1.1740121416e+00 -8.4953210045e-01 )	( -3.8456450489e+00 1.1747678448e+00 -8.3691167468e-01 )	( 1.2844805379e-03 -7.5570321760e-04 -1.2620425767e-02 )
175              	( -3.8454760488e+00 1.1743702499e+00 -8.4981612054e-01 )	( -3.8467611331e+00 1.1751261907e+00 -8.3719329395e-01 )	( 1.2850843100e-03 -7.5594078595e-04 -1.2622826589e-02 )
176              	( -3.8466814173e+00 1.1747533739e+00 -8.5010954795e-01 )	( -3.8479670043e+00 1.1755095344e+00 -8.3748444726e-01 )	( 1.2855870155e-03 -7.5616052340e-04 -1.2625100682e-02 )
177              	( -3.8479499724e+00 1.1751523052e+00 -8.5040476727e-01 )	( -3.8492359767e+00 1.1759086714e+00 -8.3777750122e-01 )	( 1.2860042873e-03 -7.5636615169e-04 -1.2627266052e-02 )
178              	( -3.8492500948e+00 1.1755515207e+00 -8.5068641279e-01 )	( -3.8505364302e+00 1.1763080770e+00 -8.3805710675e-01 )	( 1.2863354098e-03 -7.5655630227e-04 -1.2629306042e-02 )
179              	( -3.8505839472e+00 1.1759552387e+00 -8.5096053950e-01 )	( -3.8518705345e+00 1.1767119706e+00 -8.3832931455e-01 )	( 1.2865872775e-03 -7.5673191407e-04 -1.2631224951e-02 )
180              	( -3.8519484900e+00 1.1763658514e+00 -8.5123106452e-01 )	( -3.8532352430e+00 1.1771227406e+00 -8.3859806554e-01 )	( 1.2867530107e-03 -7.5688916683e-04 -1.2632998984e-02 )
181              	( -3.8533282604e+00 1.1767775387e+00 -8.5149323649e-01 )	( -3.8546150939e+00 1.1775345649e+00 -8.3885860897e-01 )	( 1.2868335137e-03 -7.5702615773e-04 -1.2634627521e-02 )
182              	( -3.8547043277e+00 1.1771827486e+00 -8.5174109257e-01 )	( -3.8559911579e+00 1.1779398908e+00 -8.3910499262e-01 )	( 1.2868302365e-03 -7.5714223338e-04 -1.2636099950e-02 )
183              	( -3.8560932253e+00 1.1775940282e+00 -8.5198882561e-01 )	( -3.8573799699e+00 1.1783512639e+00 -8.3935140701e-01 )	( 1.2867446462e-03 -7.5723568560e-04 -1.2637418595e-02 )
184              	( -3.8574739282e+00 1.1780020225e+00 -8.5222801462e-01 )	( -3.8587605073e+00 1.1787593287e+00 -8.3958943672e-01 )	( 1.2865790578e-03 -7.5730621729e-04 -1.2638577898e-02 )
185              	( -3.8588399832e+00 1.1784051458e+00 -8.5245869905e-01 )	( -3.8601263221e+00 1.1791625002e+00 -8.3981911714e-01 )	( 1.2863388439e-03 -7.5735434302e-04 -1.2639581914e-02 )
186              	( -3.8601849442e+00 1.1788015011e+00 -8.5268005753e-01 )	( -3.8614709725e+00 1.1795588813e+00 -8.4003962426e-01 )	( 1.2860282164e-03 -7.5738017168e-04 -1.2640433273e-02 )
187              	( -3.8614970134e+00 1.1791867531e+00 -8.5288916165e-01 )	( -3.8627826577e+00 1.1799441366e+00 -8.4024805852e-01 )	( 1.2856442847e-03 -7.5738357754e-04 -1.2641103133e-02 )
188              	( -3.8627661954e+00 1.1795586830e+00 -8.5308478382e-01 )	( -3.8640513924e+00 1.1803160457e+00 -8.4044314632e-01 )	( 1.2851969985e-03 -7.5736274026e-04 -1.2641637501e-02 )
189              	( -3.8639950481e+00 1.1799203134e+00 -8.5327194265e-01 )	( -3.8652797402e+00 1.1806776342e+00 -8.4062992091e-01 )	( 1.2846921418e-03 -7.5732083648e-04 -1.2642021736e-02 )
190              	( -3.8651788121e+00 1.1802697824e+00 -8.5344989470e-01 )	( -3.8664629457e+00 1.1810270395e+00 -8.4080762540e-01 )	( 1.2841336517e-03 -7.5725707786e-04 -1.2642269295e-02 )
191              	( -3.8663120035e+00 1.1806039352e+00 -8.5361634761e-01 )	( -3.8675955441e+00 1.1813611145e+00 -8.4097395084e-01 )	( 1.2835406540e-03 -7.5717933913e-04 -1.2642396771e-02 )
192              	( -3.8673853275e+00 1.1809186806e+00 -8.5376798412e-01 )	( -3.8686682492e+00 1.1816757709e+00 -8.4112556817e-01 )	( 1.2829217805e-03 -7.5709022912e-04 -1.2642415948e-02 )
193              	( -3.8683979358e+00 1.1812147154e+00 -8.5390657940e-01 )	( -3.8696802200e+00 1.1819717069e+00 -8.4126424502e-01 )	( 1.2822841951e-03 -7.5699156270e-04 -1.2642334383e-02 )
194              	( -3.8693405722e+00 1.1814870524e+00 -8.5402778663e-01 )	( -3.8706222042e+00 1.1822439374e+00 -8.4138564733e-01 )	( 1.2816320037e-03 -7.5688504974e-04 -1.2642139297e-02 )
195              	( -3.8702145330e+00 1.1817370319e+00 -8.5413368719e-01 )	( -3.8714955073e+00 1.1824938054e+00 -8.4149183613e-01 )	( 1.2809743025e-03 -7.5677344664e-04 -1.2641851061e-02 )
196              	( -3.8710170090e+00 1.1819637757e+00 -8.5422383553e-01 )	( -3.8722973252e+00 1.1827204328e+00 -8.4158234588e-01 )	( 1.2803162004e-03 -7.5665715336e-04 -1.2641489655e-02 )
197              	( -3.8717497865e+00 1.1821687198e+00 -8.5429988693e-01 )	( -3.8730294534e+00 1.1829252594e+00 -8.4165882016e-01 )	( 1.2796668527e-03 -7.5653962615e-04 -1.2641066774e-02 )
198              	( -3.8724039837e+00 1.1823470907e+00 -8.5435793595e-01 )	( -3.8736830157e+00 1.1831035133e+00 -8.4171734461e-01 )	( 1.2790320358e-03 -7.5642253155e-04 -1.2640591334e-02 )
199              	( -3.8729771347e+00 1.1824976348e+00 -8.5439677743e-01 )	( -3.8742555499e+00 1.1832539415e+00 -8.4175670818e-01 )	( 1.2784152358e-03 -7.5630667668e-04 -1.2640069256e-02 )
200              	( -3.8734697544e+00 1.1826208331e+00 -8.5441682643e-01 )	( -3.8747475741e+00 1.1833770260e+00 -8.4177732031e-01 )	( 1.2778197193e-03 -7.5619291502e-04 -1.2639506128e-02 )
201              	( -3.8738862522e+00 1.1827190707e+00 -8.5442074717e-01 )	( -3.8751634986e+00 1.1834751519e+00 -8.4178184155e-01 )	( 1.2772464542e-03 -7.5608122596e-04 -1.2638905624e-02 )
202              	( -3.8742305639e+00 1.1827945494e+00 -8.5441088118e-01 )	( -3.8755072615e+00 1.1835505216e+00 -8.4177260848e-01 )	( 1.2766975567e-03 -7.5597218771e-04 -1.2638272700e-02 )
203              	( -3.8745020401e+00 1.1828475169e+00 -8.5438758107e-01 )	( -3.8757782177e+00 1.1836033841e+00 -8.4174996412e-01 )	( 1.2761776044e-03 -7.5586715480e-04 -1.2637616947e-02 )
204              	( -3.8747087042e+00 1.1828818111e+00 -8.5435468168e-01 )	( -3.8759843915e+00 1.1836375771e+00 -8.4171773770e-01 )	( 1.2756873101e-03 -7.5576606304e-04 -1.2636943980e-02 )
205              	( -3.8748553605e+00 1.1828993165e+00 -8.5431376032e-01 )	( -3.8761305882e+00 1.1836549859e+00 -8.4167749941e-01 )	( 1.2752277157e-03 -7.5566940169e-04 -1.2636260917e-02 )
206              	( -3.8749458964e+00 1.1829016496e+00 -8.5426627165e-01 )	( -3.8762206957e+00 1.1836572265e+00 -8.4163069995e-01 )	( 1.2747993300e-03 -7.5557694728e-04 -1.2635571705e-02 )
207              	( -3.8749845836e+00 1.1828903135e+00 -8.5421326327e-01 )	( -3.8762589858e+00 1.1836458021e+00 -8.4157838393e-01 )	( 1.2744022012e-03 -7.5548865454e-04 -1.2634879347e-02 )
208              	( -3.8749761455e+00 1.1828668640e+00 -8.5415591554e-01 )	( -3.8762501809e+00 1.1836222681e+00 -8.4152172847e-01 )	( 1.2740354041e-03 -7.5540410908e-04 -1.2634187076e-02 )
209              	( -3.8749260305e+00 1.1828330863e+00 -8.5409561560e-01 )	( -3.8761997304e+00 1.1835884101e+00 -8.4146211535e-01 )	( 1.2736998595e-03 -7.5532387067e-04 -1.2633500251e-02 )
210              	( -3.8748354941e+00 1.1827885546e+00 -8.5403137498e-01 )	( -3.8761088898e+00 1.1835438028e+00 -8.4139855168e-01 )	( 1.2733956714e-03 -7.5524817354e-04 -1.2632823291e-02 )
211              	( -3.8747067768e+00 1.1827336678e+00 -8.5396315552e-01 )	( -3.8759798988e+00 1.1834888449e+00 -8.4133099781e-01 )	( 1.2731219945e-03 -7.5517709743e-04 -1.2632157704e-02 )
212              	( -3.8745398301e+00 1.1826676840e+00 -8.5388971628e-01 )	( -3.8758127086e+00 1.1834227949e+00 -8.4125821057e-01 )	( 1.2728785226e-03 -7.5511089601e-04 -1.2631505715e-02 )
213              	( -3.8743451584e+00 1.1825952800e+00 -8.5381547383e-01 )	( -3.8756178205e+00 1.1833503286e+00 -8.4118460621e-01 )	( 1.2726620646e-03 -7.5504852615e-04 -1.2630867613e-02 )
214              	( -3.8741256673e+00 1.1825171785e+00 -8.5374083217e-01 )	( -3.8753981402e+00 1.1832721690e+00 -8.4111058476e-01 )	( 1.2724728584e-03 -7.5499045858e-04 -1.2630247412e-02 )
215              	( -3.8738834322e+00 1.1824335915e+00 -8.5366541525e-01 )	( -3.8751557437e+00 1.1831885288e+00 -8.4103576571e-01 )	( 1.2723114867e-03 -7.5493734487e-04 -1.2629649547e-02 )
216              	( -3.8736222958e+00 1.1823459669e+00 -8.5359021572e-01 )	( -3.8748944710e+00 1.1831008553e+00 -8.4096114216e-01 )	( 1.2721751883e-03 -7.5488842866e-04 -1.2629073560e-02 )
217              	( -3.8733494054e+00 1.1822566791e+00 -8.5351717794e-01 )	( -3.8746214663e+00 1.1830115221e+00 -8.4088865958e-01 )	( 1.2720608597e-03 -7.5484302928e-04 -1.2628518363e-02 )
218              	( -3.8730633420e+00 1.1821643654e+00 -8.5344440584e-01 )	( -3.8743353117e+00 1.1829191674e+00 -8.4081641720e-01 )	( 1.2719696918e-03 -7.5480205781e-04 -1.2627988639e-02 )
219              	( -3.8727669366e+00 1.1820701594e+00 -8.5337263735e-01 )	( -3.8740388365e+00 1.1828249246e+00 -8.4074515348e-01 )	( 1.2718998666e-03 -7.5476524156e-04 -1.2627483874e-02 )
220              	( -3.8724635823e+00 1.1819752130e+00 -8.5330269955e-01 )	( -3.8737354343e+00 1.1827299461e+00 -8.4067569130e-01 )	( 1.2718519265e-03 -7.5473309221e-04 -1.2627008253e-02 )
221              	( -3.8721584287e+00 1.1818811818e+00 -8.5323587709e-01 )	( -3.8734302508e+00 1.1826358865e+00 -8.4060931814e-01 )	( 1.2718221416e-03 -7.5470461443e-04 -1.2626558942e-02 )
222              	( -3.8718534344e+00 1.1817881939e+00 -8.5317190320e-01 )	( -3.8731252426e+00 1.1825428733e+00 -8.4054576821e-01 )	( 1.2718082139e-03 -7.5467943233e-04 -1.2626134987e-02 )
223              	( -3.8715483680e+00 1.1816953816e+00 -8.5310950221e-01 )	( -3.8728201796e+00 1.1824500403e+00 -8.4048376210e-01 )	( 1.2718116863e-03 -7.5465870118e-04 -1.2625740106e-02 )
224              	( -3.8712433836e+00 1.1816028245e+00 -8.5304845452e-01 )	( -3.8725152160e+00 1.1823574670e+00 -8.4042307715e-01 )	( 1.2718323969e-03 -7.5464252360e-04 -1.2625377369e-02 )
225              	( -3.8709409461e+00 1.1815114966e+00 -8.5298951789e-01 )	( -3.8722128135e+00 1.1822661268e+00 -8.4036447517e-01 )	( 1.2718673720e-03 -7.5463019017e-04 -1.2625042717e-02 )
226              	( -3.8706436693e+00 1.1814222941e+00 -8.5293337076e-01 )	( -3.8719155834e+00 1.1821769150e+00 -8.4030863579e-01 )	( 1.2719140395e-03 -7.5462091524e-04 -1.2624734963e-02 )
227              	( -3.8703521287e+00 1.1813352387e+00 -8.5287977371e-01 )	( -3.8716241001e+00 1.1820898535e+00 -8.4025532114e-01 )	( 1.2719714105e-03 -7.5461478860e-04 -1.2624452563e-02 )
228              	( -3.8700672037e+00 1.1812506432e+00 -8.5282883984e-01 )	( -3.8713392413e+00 1.1820052544e+00 -8.4020464498e-01 )	( 1.2720376065e-03 -7.5461122225e-04 -1.2624194862e-02 )
229              	( -3.8697897769e+00 1.1811688019e+00 -8.5278071164e-01 )	( -3.8710618882e+00 1.1819234118e+00 -8.4015675042e-01 )	( 1.2721113176e-03 -7.5460989905e-04 -1.2623961218e-02 )
230              	( -3.8695206075e+00 1.1810899386e+00 -8.5273542605e-01 )	( -3.8707927991e+00 1.1818445494e+00 -8.4011167592e-01 )	( 1.2721916213e-03 -7.5461078470e-04 -1.2623750135e-02 )
231              	( -3.8692606904e+00 1.1810144307e+00 -8.5269321504e-01 )	( -3.8705329676e+00 1.1817690442e+00 -8.4006965400e-01 )	( 1.2722771321e-03 -7.5461344797e-04 -1.2623561037e-02 )
232              	( -3.8690110050e+00 1.1809427160e+00 -8.5265440452e-01 )	( -3.8702833705e+00 1.1816973329e+00 -8.4003101220e-01 )	( 1.2723654028e-03 -7.5461694264e-04 -1.2623392321e-02 )
233              	( -3.8687716608e+00 1.1808747439e+00 -8.5261882348e-01 )	( -3.8700441171e+00 1.1816293655e+00 -8.3999558121e-01 )	( 1.2724563262e-03 -7.5462163301e-04 -1.2623242266e-02 )
234              	( -3.8685432569e+00 1.1808106704e+00 -8.5258653633e-01 )	( -3.8698158059e+00 1.1815652975e+00 -8.3996342446e-01 )	( 1.2725489301e-03 -7.5462704821e-04 -1.2623111869e-02 )
235              	( -3.8683264803e+00 1.1807506995e+00 -8.5255767667e-01 )	( -3.8695991234e+00 1.1815053329e+00 -8.3993467650e-01 )	( 1.2726431379e-03 -7.5463344245e-04 -1.2623000165e-02 )
236              	( -3.8681215777e+00 1.1806948272e+00 -8.5253217497e-01 )	( -3.8693943160e+00 1.1814494678e+00 -8.3990926738e-01 )	( 1.2727382504e-03 -7.5464053172e-04 -1.2622907591e-02 )
237              	( -3.8679285487e+00 1.1806429381e+00 -8.5250985068e-01 )	( -3.8692013829e+00 1.1813975866e+00 -8.3988701716e-01 )	( 1.2728342476e-03 -7.5464851736e-04 -1.2622833524e-02 )
238              	( -3.8677472630e+00 1.1805948661e+00 -8.5249048329e-01 )	( -3.8690201936e+00 1.1813495232e+00 -8.3986770486e-01 )	( 1.2729306173e-03 -7.5465716729e-04 -1.2622778433e-02 )
239              	( -3.8675775259e+00 1.1805504291e+00 -8.5247384005e-01 )	( -3.8688505535e+00 1.1813050959e+00 -8.3985109864e-01 )	( 1.2730275731e-03 -7.5466679850e-04 -1.2622741414e-02 )
240              	( -3.8674191473e+00 1.1805094638e+00 -8.5245971271e-01 )	( -3.8686922721e+00 1.1812641411e+00 -8.3983699017e-01 )	( 1.2731247864e-03 -7.5467728267e-04 -1.2622722542e-02 )
241              	( -3.8672719849e+00 1.1804718538e+00 -8.5244794398e-01 )	( -3.8685452071e+00 1.1812265426e+00 -8.3982522300e-01 )	( 1.2732222115e-03 -7.5468873960e-04 -1.2622720976e-02 )
242              	( -3.8671347975e+00 1.1804369276e+00 -8.5243780090e-01 )	( -3.8684081175e+00 1.1811916289e+00 -8.3981506441e-01 )	( 1.2733199362e-03 -7.5470126175e-04 -1.2622736500e-02 )
243              	( -3.8670082140e+00 1.1804050311e+00 -8.5242961286e-01 )	( -3.8682816315e+00 1.1811597458e+00 -8.3980684474e-01 )	( 1.2734175198e-03 -7.5471471136e-04 -1.2622768124e-02 )
244              	( -3.8668924250e+00 1.1803762555e+00 -8.5242344831e-01 )	( -3.8681659397e+00 1.1811309845e+00 -8.3980063304e-01 )	( 1.2735147079e-03 -7.5472901087e-04 -1.2622815272e-02 )
245              	( -3.8667873800e+00 1.1803505668e+00 -8.5241925326e-01 )	( -3.8680609912e+00 1.1811053109e+00 -8.3979637613e-01 )	( 1.2736112421e-03 -7.5474410868e-04 -1.2622877136e-02 )
246              	( -3.8666929316e+00 1.1803278869e+00 -8.5241688521e-01 )	( -3.8679666384e+00 1.1810826468e+00 -8.3979393236e-01 )	( 1.2737067921e-03 -7.5475989563e-04 -1.2622952846e-02 )
247              	( -3.8666087839e+00 1.1803080789e+00 -8.5241617208e-01 )	( -3.8678825850e+00 1.1810628552e+00 -8.3979313072e-01 )	( 1.2738010752e-03 -7.5477629241e-04 -1.2623041357e-02 )
248              	( -3.8665347827e+00 1.1802910920e+00 -8.5241705219e-01 )	( -3.8678086764e+00 1.1810458852e+00 -8.3979391053e-01 )	( 1.2738937831e-03 -7.5479319597e-04 -1.2623141666e-02 )
249              	( -3.8664708403e+00 1.1802769150e+00 -8.5241949533e-01 )	( -3.8677448249e+00 1.1810317255e+00 -8.3979624260e-01 )	( 1.2739846012e-03 -7.5481050073e-04 -1.2623252731e-02 )
250              	( -3.8664167702e+00 1.1802654903e+00 -8.5242342555e-01 )	( -3.8676908434e+00 1.1810203184e+00 -8.3980005203e-01 )	( 1.2740732167e-03 -7.5482809293e-04 -1.2623373521e-02 )
251              	( -3.8663723574e+00 1.1802567516e+00 -8.5242876650e-01 )	( -3.8676465167e+00 1.1810115975e+00 -8.3980526350e-01 )	( 1.2741593536e-03 -7.5484587331e-04 -1.2623502998e-02 )
252              	( -3.8663375502e+00 1.1802507224e+00 -8.5243552464e-01 )	( -3.8676117930e+00 1.1810055861e+00 -8.3981188449e-01 )	( 1.2742427470e-03 -7.5486374323e-04 -1.2623640153e-02 )
253              	( -3.8663120039e+00 1.1802472753e+00 -8.5244358342e-01 )	( -3.8675863271e+00 1.1810021570e+00 -8.3981979940e-01 )	( 1.2743232011e-03 -7.5488163014e-04 -1.2623784022e-02 )
254              	( -3.8662952223e+00 1.1802462141e+00 -8.5245276643e-01 )	( -3.8675696229e+00 1.1810011136e+00 -8.3982883276e-01 )	( 1.2744005463e-03 -7.5489946310e-04 -1.2623933664e-02 )
255              	( -3.8662869707e+00 1.1802474841e+00 -8.5246302274e-01 )	( -3.8675614453e+00 1.1810024013e+00 -8.3983893460e-01 )	( 1.2744746068e-03 -7.5491716570e-04 -1.2624088145e-02 )
256              	( -3.8662869412e+00 1.1802509951e+00 -8.5247427754e-01 )	( -3.8675614864e+00 1.1810059298e+00 -8.3985003100e-01 )	( 1.2745452626e-03 -7.5493468819e-04 -1.2624246540e-02 )
257              	( -3.8662947737e+00 1.1802566350e+00 -8.5248644053e-01 )	( -3.8675693861e+00 1.1810115870e+00 -8.3986203254e-01 )	( 1.2746124098e-03 -7.5495197928e-04 -1.2624407991e-02 )
258              	( -3.8663100953e+00 1.1802642886e+00 -8.5249942140e-01 )	( -3.8675847713e+00 1.1810192576e+00 -8.3987484974e-01 )	( 1.2746759708e-03 -7.5496899660e-04 -1.2624571662e-02 )
259              	( -3.8663324950e+00 1.1802738246e+00 -8.5251311551e-01 )	( -3.8676072309e+00 1.1810288103e+00 -8.3988837878e-01 )	( 1.2747358766e-03 -7.5498569816e-04 -1.2624736727e-02 )
260              	( -3.8663615596e+00 1.1802851184e+00 -8.5252742958e-01 )	( -3.8676363517e+00 1.1810401205e+00 -8.3990252721e-01 )	( 1.2747920641e-03 -7.5500204114e-04 -1.2624902366e-02 )
261              	( -3.8663968185e+00 1.1802980387e+00 -8.5254228051e-01 )	( -3.8676716630e+00 1.1810530567e+00 -8.3991721269e-01 )	( 1.2748445026e-03 -7.5501798610e-04 -1.2625067814e-02 )
262              	( -3.8664378039e+00 1.1803124121e+00 -8.5255751065e-01 )	( -3.8677126970e+00 1.1810674456e+00 -8.3993227844e-01 )	( 1.2748931053e-03 -7.5503347801e-04 -1.2625232213e-02 )
263              	( -3.8664841659e+00 1.1803281614e+00 -8.5257308915e-01 )	( -3.8677591037e+00 1.1810832099e+00 -8.3994769435e-01 )	( 1.2749378060e-03 -7.5504846189e-04 -1.2625394792e-02 )
264              	( -3.8665355073e+00 1.1803451868e+00 -8.5258896363e-01 )	( -3.8678104858e+00 1.1811002496e+00 -8.3996340886e-01 )	( 1.2749785243e-03 -7.5506287262e-04 -1.2625554778e-02 )
265              	( -3.8665916497e+00 1.1803634994e+00 -8.5260517493e-01 )	( -3.8678666646e+00 1.1811185759e+00 -8.3997946394e-01 )	( 1.2750148896e-03 -7.5507653376e-04 -1.2625710985e-02 )
266              	( -3.8666518969e+00 1.1803828442e+00 -8.5262151745e-01 )	( -3.8679269438e+00 1.1811379336e+00 -8.3999565484e-01 )	( 1.2750468225e-03 -7.5508938316e-04 -1.2625862609e-02 )
267              	( -3.8667155750e+00 1.1804029901e+00 -8.5263781876e-01 )	( -3.8679906493e+00 1.1811580914e+00 -8.4001180981e-01 )	( 1.2750742800e-03 -7.5510135777e-04 -1.2626008953e-02 )
268              	( -3.8667823207e+00 1.1804238724e+00 -8.5265406118e-01 )	( -3.8680574179e+00 1.1811789848e+00 -8.4002791178e-01 )	( 1.2750972502e-03 -7.5511240394e-04 -1.2626149402e-02 )
269              	( -3.8668517546e+00 1.1804454126e+00 -8.5267022396e-01 )	( -3.8681268704e+00 1.1812005351e+00 -8.4004394053e-01 )	( 1.2751157496e-03 -7.5512247596e-04 -1.2626283427e-02 )
270              	( -3.8669235522e+00 1.1804675425e+00 -8.5268629819e-01 )	( -3.8681986820e+00 1.1812226740e+00 -8.4005988767e-01 )	( 1.2751298212e-03 -7.5513154599e-04 -1.2626410525e-02 )
271              	( -3.8669971795e+00 1.1804901002e+00 -8.5270217851e-01 )	( -3.8682723192e+00 1.1812452398e+00 -8.4007564805e-01 )	( 1.2751396241e-03 -7.5513962003e-04 -1.2626530454e-02 )
272              	( -3.8670722816e+00 1.1805130118e+00 -8.5271785453e-01 )	( -3.8683474268e+00 1.1812681585e+00 -8.4009121154e-01 )	( 1.2751452597e-03 -7.5514666960e-04 -1.2626642989e-02 )
273              	( -3.8671485648e+00 1.1805362017e+00 -8.5273331302e-01 )	( -3.8684237117e+00 1.1812913544e+00 -8.4010656514e-01 )	( 1.2751468597e-03 -7.5515269750e-04 -1.2626747875e-02 )
274              	( -3.8672256005e+00 1.1805595263e+00 -8.5274846863e-01 )	( -3.8685007451e+00 1.1813146840e+00 -8.4012162372e-01 )	( 1.2751445852e-03 -7.5515772180e-04 -1.2626844910e-02 )
275              	( -3.8673029063e+00 1.1805828185e+00 -8.5276321143e-01 )	( -3.8685780448e+00 1.1813379801e+00 -8.4013627712e-01 )	( 1.2751385344e-03 -7.5516167822e-04 -1.2626934308e-02 )
276              	( -3.8673800458e+00 1.1806059359e+00 -8.5277745598e-01 )	( -3.8686551750e+00 1.1813611007e+00 -8.4015044042e-01 )	( 1.2751291650e-03 -7.5516479268e-04 -1.2627015563e-02 )
277              	( -3.8674566017e+00 1.1806287451e+00 -8.5279112727e-01 )	( -3.8687317182e+00 1.1813839121e+00 -8.4016403828e-01 )	( 1.2751165366e-03 -7.5516697134e-04 -1.2627088992e-02 )
278              	( -3.8675321916e+00 1.1806511287e+00 -8.5280416648e-01 )	( -3.8688072927e+00 1.1814062971e+00 -8.4017701213e-01 )	( 1.2751010151e-03 -7.5516836344e-04 -1.2627154351e-02 )
279              	( -3.8676064461e+00 1.1806729733e+00 -8.5281651643e-01 )	( -3.8688815288e+00 1.1814281422e+00 -8.4018930455e-01 )	( 1.2750827305e-03 -7.5516892974e-04 -1.2627211887e-02 )
280              	( -3.8676790391e+00 1.1806941844e+00 -8.5282813774e-01 )	( -3.8689541011e+00 1.1814493532e+00 -8.4020087620e-01 )	( 1.2750619894e-03 -7.5516877272e-04 -1.2627261539e-02 )
281              	( -3.8677496887e+00 1.1807146859e+00 -8.5283900716e-01 )	( -3.8690247276e+00 1.1814698538e+00 -8.4021170363e-01 )	( 1.2750389699e-03 -7.5516789271e-04 -1.2627303530e-02 )
282              	( -3.8678181323e+00 1.1807344075e+00 -8.5284910422e-01 )	( -3.8690931462e+00 1.1814895739e+00 -8.4022176630e-01 )	( 1.2750139438e-03 -7.5516636838e-04 -1.2627337916e-02 )
283              	( -3.8678841364e+00 1.1807532894e+00 -8.5285841628e-01 )	( -3.8691591235e+00 1.1815084536e+00 -8.4023105134e-01 )	( 1.2749870937e-03 -7.5516421073e-04 -1.2627364942e-02 )
284              	( -3.8679474905e+00 1.1807712789e+00 -8.5286693503e-01 )	( -3.8692224491e+00 1.1815264404e+00 -8.4023955029e-01 )	( 1.2749586600e-03 -7.5516148115e-04 -1.2627384744e-02 )
285              	( -3.8680080084e+00 1.1807883317e+00 -8.5287465782e-01 )	( -3.8692829372e+00 1.1815434899e+00 -8.4024726024e-01 )	( 1.2749288247e-03 -7.5515819892e-04 -1.2627397583e-02 )
286              	( -3.8680655245e+00 1.1808044090e+00 -8.5288158521e-01 )	( -3.8693404223e+00 1.1815595634e+00 -8.4025418155e-01 )	( 1.2748978038e-03 -7.5515441414e-04 -1.2627403662e-02 )
287              	( -3.8681198941e+00 1.1808194783e+00 -8.5288772142e-01 )	( -3.8693947599e+00 1.1815746284e+00 -8.4026031816e-01 )	( 1.2748657771e-03 -7.5515015232e-04 -1.2627403262e-02 )
288              	( -3.8681709909e+00 1.1808335118e+00 -8.5289307352e-01 )	( -3.8694458238e+00 1.1815886573e+00 -8.4026567688e-01 )	( 1.2748329449e-03 -7.5514545845e-04 -1.2627396645e-02 )
289              	( -3.8682187069e+00 1.1808464871e+00 -8.5289765166e-01 )	( -3.8694935064e+00 1.1816016274e+00 -8.4027026753e-01 )	( 1.2747994866e-03 -7.5514036409e-04 -1.2627384128e-02 )
290              	( -3.8682629935e+00 1.1808584000e+00 -8.5290148173e-01 )	( -3.8695377590e+00 1.1816135349e+00 -8.4027411578e-01 )	( 1.2747655776e-03 -7.5513491478e-04 -1.2627365950e-02 )
291              	( -3.8683036484e+00 1.1808691809e+00 -8.5290452030e-01 )	( -3.8695783798e+00 1.1816243100e+00 -8.4027717771e-01 )	( 1.2747314525e-03 -7.5512916229e-04 -1.2627342591e-02 )
292              	( -3.8683406919e+00 1.1808788665e+00 -8.5290683336e-01 )	( -3.8696153892e+00 1.1816339896e+00 -8.4027951904e-01 )	( 1.2746972513e-03 -7.5512313290e-04 -1.2627314326e-02 )
293              	( -3.8683741151e+00 1.1808874646e+00 -8.5290845333e-01 )	( -3.8696487782e+00 1.1816425815e+00 -8.4028117177e-01 )	( 1.2746631481e-03 -7.5511686443e-04 -1.2627281562e-02 )
294              	( -3.8684038977e+00 1.1808949732e+00 -8.5290939907e-01 )	( -3.8696785270e+00 1.1816500837e+00 -8.4028215439e-01 )	( 1.2746293286e-03 -7.5511040874e-04 -1.2627244686e-02 )
295              	( -3.8684300284e+00 1.1809013920e+00 -8.5290968821e-01 )	( -3.8697046244e+00 1.1816564958e+00 -8.4028248409e-01 )	( 1.2745959673e-03 -7.5510381102e-04 -1.2627204122e-02 )
296              	( -3.8684525150e+00 1.1809067274e+00 -8.5290934285e-01 )	( -3.8697270783e+00 1.1816618245e+00 -8.4028218257e-01 )	( 1.2745632372e-03 -7.5509712187e-04 -1.2627160283e-02 )
297              	( -3.8684713901e+00 1.1809109957e+00 -8.5290839879e-01 )	( -3.8697459214e+00 1.1816660861e+00 -8.4028128517e-01 )	( 1.2745312938e-03 -7.5509038544e-04 -1.2627113617e-02 )
298              	( -3.8684866961e+00 1.1809142123e+00 -8.5290686677e-01 )	( -3.8697611963e+00 1.1816692959e+00 -8.4027980225e-01 )	( 1.2745002909e-03 -7.5508364708e-04 -1.2627064519e-02 )
299              	( -3.8684984898e+00 1.1809164017e+00 -8.5290478503e-01 )	( -3.8697729601e+00 1.1816714786e+00 -8.4027777164e-01 )	( 1.2744703648e-03 -7.5507694634e-04 -1.2627013393e-02 )
300              	( -3.8685068569e+00 1.1809175948e+00 -8.5290219107e-01 )	( -3.8697812986e+00 1.1816726651e+00 -8.4027523044e-01 )	( 1.2744416424e-03 -7.5507032345e-04 -1.2626960637e-02 )
301              	( -3.8685119005e+00 1.1809178293e+00 -8.5289912408e-01 )	( -3.8697863148e+00 1.1816728931e+00 -8.4027221742e-01 )	( 1.2744142371e-03 -7.5506381436e-04 -1.2626906655e-02 )
302              	( -3.8685137404e+00 1.1809171478e+00 -8.5289562457e-01 )	( -3.8697881286e+00 1.1816722052e+00 -8.4026877274e-01 )	( 1.2743882518e-03 -7.5505745404e-04 -1.2626851834e-02 )
303              	( -3.8685125096e+00 1.1809155963e+00 -8.5289173382e-01 )	( -3.8697868734e+00 1.1816706475e+00 -8.4026493727e-01 )	( 1.2743637760e-03 -7.5505127369e-04 -1.2626796553e-02 )
304              	( -3.8685083540e+00 1.1809132237e+00 -8.5288749327e-01 )	( -3.8697826949e+00 1.1816682690e+00 -8.4026075209e-01 )	( 1.2743408875e-03 -7.5504530271e-04 -1.2626741175e-02 )
305              	( -3.8685014326e+00 1.1809100823e+00 -8.5288294516e-01 )	( -3.8697757523e+00 1.1816651219e+00 -8.4025625911e-01 )	( 1.2743196501e-03 -7.5503956704e-04 -1.2626686045e-02 )
306              	( -3.8684919141e+00 1.1809062267e+00 -8.5287813124e-01 )	( -3.8697662142e+00 1.1816612608e+00 -8.4025149975e-01 )	( 1.2743001159e-03 -7.5503409048e-04 -1.2626631493e-02 )
307              	( -3.8684799767e+00 1.1809017135e+00 -8.5287309310e-01 )	( -3.8697542591e+00 1.1816567424e+00 -8.4024651528e-01 )	( 1.2742823241e-03 -7.5502889380e-04 -1.2626577827e-02 )
308              	( -3.8684658054e+00 1.1808966004e+00 -8.5286787126e-01 )	( -3.8697400717e+00 1.1816516244e+00 -8.4024134592e-01 )	( 1.2742663021e-03 -7.5502399557e-04 -1.2626525337e-02 )
309              	( -3.8684495909e+00 1.1808909464e+00 -8.5286250532e-01 )	( -3.8697238429e+00 1.1816459658e+00 -8.4023603103e-01 )	( 1.2742520656e-03 -7.5501941159e-04 -1.2626474290e-02 )
310              	( -3.8684315290e+00 1.1808848112e+00 -8.5285703394e-01 )	( -3.8697057686e+00 1.1816398263e+00 -8.4023060901e-01 )	( 1.2742396191e-03 -7.5501515537e-04 -1.2626424930e-02 )
311              	( -3.8684118179e+00 1.1808782546e+00 -8.5285149429e-01 )	( -3.8696860469e+00 1.1816332659e+00 -8.4022511681e-01 )	( 1.2742289561e-03 -7.5501123787e-04 -1.2626377480e-02 )
312              	( -3.8683906591e+00 1.1808713355e+00 -8.5284592117e-01 )	( -3.8696648792e+00 1.1816263432e+00 -8.4021958903e-01 )	( 1.2742200588e-03 -7.5500766736e-04 -1.2626332141e-02 )
313              	( -3.8683682508e+00 1.1808641125e+00 -8.5284034805e-01 )	( -3.8696424637e+00 1.1816191170e+00 -8.4021405899e-01 )	( 1.2742128892e-03 -7.5500444672e-04 -1.2626289062e-02 )
314              	( -3.8683447818e+00 1.1808566406e+00 -8.5283480373e-01 )	( -3.8696189892e+00 1.1816116422e+00 -8.4020855534e-01 )	( 1.2742074077e-03 -7.5500157840e-04 -1.2626248388e-02 )
315              	( -3.8683204454e+00 1.1808489771e+00 -8.5282931924e-01 )	( -3.8695946489e+00 1.1816039762e+00 -8.4020310899e-01 )	( 1.2742035709e-03 -7.5499906447e-04 -1.2626210249e-02 )
316              	( -3.8682954382e+00 1.1808411809e+00 -8.5282392697e-01 )	( -3.8695696395e+00 1.1815961779e+00 -8.4019775222e-01 )	( 1.2742013247e-03 -7.5499690339e-04 -1.2626174747e-02 )
317              	( -3.8682699524e+00 1.1808333089e+00 -8.5281865699e-01 )	( -3.8695441530e+00 1.1815883040e+00 -8.4019251502e-01 )	( 1.2742006070e-03 -7.5499509180e-04 -1.2626141963e-02 )
318              	( -3.8682441732e+00 1.1808254149e+00 -8.5281353631e-01 )	( -3.8695183746e+00 1.1815804086e+00 -8.4018742436e-01 )	( 1.2742013481e-03 -7.5499362388e-04 -1.2626111954e-02 )
319              	( -3.8682182781e+00 1.1808175500e+00 -8.5280858927e-01 )	( -3.8694924815e+00 1.1815725425e+00 -8.4018250451e-01 )	( 1.2742034722e-03 -7.5499249215e-04 -1.2626084757e-02 )
320              	( -3.8681924355e+00 1.1808097619e+00 -8.5280383722e-01 )	( -3.8694666424e+00 1.1815647535e+00 -8.4017777683e-01 )	( 1.2742068973e-03 -7.5499168699e-04 -1.2626060386e-02 )
321              	( -3.8681668041e+00 1.1808020948e+00 -8.5279929876e-01 )	( -3.8694410156e+00 1.1815570860e+00 -8.4017325992e-01 )	( 1.2742115365e-03 -7.5499119712e-04 -1.2626038836e-02 )
322              	( -3.8681415329e+00 1.1807945902e+00 -8.5279499003e-01 )	( -3.8694157502e+00 1.1815495812e+00 -8.4016896994e-01 )	( 1.2742172981e-03 -7.5499100933e-04 -1.2626020081e-02 )
323              	( -3.8681167602e+00 1.1807872857e+00 -8.5279092472e-01 )	( -3.8693909843e+00 1.1815422768e+00 -8.4016492064e-01 )	( 1.2742240872e-03 -7.5499110900e-04 -1.2626004078e-02 )
324              	( -3.8680926140e+00 1.1807802161e+00 -8.5278711444e-01 )	( -3.8693668458e+00 1.1815352076e+00 -8.4016112367e-01 )	( 1.2742318058e-03 -7.5499148000e-04 -1.2625990768e-02 )
325              	( -3.8680692115e+00 1.1807734129e+00 -8.5278356862e-01 )	( -3.8693434519e+00 1.1815284050e+00 -8.4015758854e-01 )	( 1.2742403543e-03 -7.5499210502e-04 -1.2625980075e-02 )
326              	( -3.8680466589e+00 1.1807669042e+00 -8.5278029465e-01 )	( -3.8693209085e+00 1.1815218972e+00 -8.4015432274e-01 )	( 1.2742496321e-03 -7.5499296564e-04 -1.2625971911e-02 )
327              	( -3.8680250514e+00 1.1807607151e+00 -8.5277729808e-01 )	( -3.8692993110e+00 1.1815157091e+00 -8.4015133190e-01 )	( 1.2742595383e-03 -7.5499404266e-04 -1.2625966173e-02 )
328              	( -3.8680044732e+00 1.1807548671e+00 -8.5277458334e-01 )	( -3.8692787432e+00 1.1815098624e+00 -8.4014862059e-01 )	( 1.2742699723e-03 -7.5499531623e-04 -1.2625962754e-02 )
329              	( -3.8679849929e+00 1.1807493764e+00 -8.5277215039e-01 )	( -3.8692592737e+00 1.1815043732e+00 -8.4014618885e-01 )	( 1.2742808342e-03 -7.5499676599e-04 -1.2625961536e-02 )
330              	( -3.8679666731e+00 1.1807442587e+00 -8.5276999523e-01 )	( -3.8692409651e+00 1.1814992570e+00 -8.4014403284e-01 )	( 1.2742920282e-03 -7.5499837109e-04 -1.2625962383e-02 )
331              	( -3.8679495652e+00 1.1807395268e+00 -8.5276812028e-01 )	( -3.8692238687e+00 1.1814945269e+00 -8.4014215512e-01 )	( 1.2743034608e-03 -7.5500011091e-04 -1.2625965157e-02 )
332              	( -3.8679337132e+00 1.1807351907e+00 -8.5276652357e-01 )	( -3.8692080283e+00 1.1814901926e+00 -8.4014055385e-01 )	( 1.2743150414e-03 -7.5500196507e-04 -1.2625969718e-02 )
333              	( -3.8679191465e+00 1.1807312558e+00 -8.5276519981e-01 )	( -3.8691934732e+00 1.1814862597e+00 -8.4013922388e-01 )	( 1.2743266841e-03 -7.5500391384e-04 -1.2625975925e-02 )
334              	( -3.8679058845e+00 1.1807277247e+00 -8.5276414221e-01 )	( -3.8691802228e+00 1.1814827306e+00 -8.4013815857e-01 )	( 1.2743383079e-03 -7.5500593814e-04 -1.2625983637e-02 )
335              	( -3.8678939362e+00 1.1807245969e+00 -8.5276334245e-01 )	( -3.8691682860e+00 1.1814796049e+00 -8.4013734974e-01 )	( 1.2743498369e-03 -7.5500801965e-04 -1.2625992709e-02 )
336              	( -3.8678833009e+00 1.1807218690e+00 -8.5276279091e-01 )	( -3.8691576621e+00 1.1814768792e+00 -8.4013678791e-01 )	( 1.2743612010e-03 -7.5501014091e-04 -1.2626002999e-02 )
337              	( -3.8678739688e+00 1.1807195349e+00 -8.5276247666e-01 )	( -3.8691483412e+00 1.1814745471e+00 -8.4013646230e-01 )	( 1.2743723354e-03 -7.5501228542e-04 -1.2626014365e-02 )
338              	( -3.8678659205e+00 1.1807175854e+00 -8.5276238739e-01 )	( -3.8691403037e+00 1.1814725998e+00 -8.4013636072e-01 )	( 1.2743831813e-03 -7.5501443764e-04 -1.2626026669e-02 )
339              	( -3.8678591304e+00 1.1807160101e+00 -8.5276251052e-01 )	( -3.8691335241e+00 1.1814710267e+00 -8.4013647074e-01 )	( 1.2743936853e-03 -7.5501658302e-04 -1.2626039776e-02 )
340              	( -3.8678535663e+00 1.1807147967e+00 -8.5276283290e-01 )	( -3.8691279701e+00 1.1814698154e+00 -8.4013677935e-01 )	( 1.2744038002e-03 -7.5501870803e-04 -1.2626053553e-02 )
341              	( -3.8678491893e+00 1.1807139310e+00 -8.5276334074e-01 )	( -3.8691236028e+00 1.1814689518e+00 -8.4013727286e-01 )	( 1.2744134841e-03 -7.5502080023e-04 -1.2626067874e-02 )
342              	( -3.8678459546e+00 1.1807133973e+00 -8.5276401976e-01 )	( -3.8691203773e+00 1.1814684202e+00 -8.4013793714e-01 )	( 1.2744227011e-03 -7.5502284822e-04 -1.2626082617e-02 )
343              	( -3.8678438128e+00 1.1807131787e+00 -8.5276485550e-01 )	( -3.8691182442e+00 1.1814682035e+00 -8.4013875784e-01 )	( 1.2744314207e-03 -7.5502484169e-04 -1.2626097667e-02 )
344              	( -3.8678427101e+00 1.1807132572e+00 -8.5276583342e-01 )	( -3.8691171498e+00 1.1814682839e+00 -8.4013972051e-01 )	( 1.2744396177e-03 -7.5502677132e-04 -1.2626112914e-02 )
345              	( -3.8678425896e+00 1.1807136141e+00 -8.5276693900e-01 )	( -3.8691170369e+00 1.1814686427e+00 -8.4014081075e-01 )	( 1.2744472722e-03 -7.5502862886e-04 -1.2626128252e-02 )
346              	( -3.8678433915e+00 1.1807142301e+00 -8.5276815784e-01 )	( -3.8691178459e+00 1.1814692605e+00 -8.4014201426e-01 )	( 1.2744543692e-03 -7.5503040704e-04 -1.2626143586e-02 )
347              	( -3.8678450536e+00 1.1807150855e+00 -8.5276947569e-01 )	( -3.8691195145e+00 1.1814701176e+00 -8.4014331686e-01 )	( 1.2744608983e-03 -7.5503209961e-04 -1.2626158825e-02 )
348              	( -3.8678475123e+00 1.1807161601e+00 -8.5277087857e-01 )	( -3.8691219791e+00 1.1814711938e+00 -8.4014470468e-01 )	( 1.2744668538e-03 -7.5503370130e-04 -1.2626173885e-02 )
349              	( -3.8678507028e+00 1.1807174336e+00 -8.5277235282e-01 )	( -3.8691251750e+00 1.1814724688e+00 -8.4014616413e-01 )	( 1.2744722342e-03 -7.5503520782e-04 -1.2626188688e-02 )
350              	( -3.8678545599e+00 1.1807188860e+00 -8.5277388522e-01 )	( -3.8691290369e+00 1.1814739226e+00 -8.4014768205e-01 )	( 1.2744770421e-03 -7.5503661582e-04 -1.2626203166e-02 )
351              	( -3.8678590182e+00 1.1807204970e+00 -8.5277546294e-01 )	( -3.8691334995e+00 1.1814755349e+00 -8.4014924568e-01 )	( 1.2744812839e-03 -7.5503792288e-04 -1.2626217255e-02 )
352              	( -3.8678640129e+00 1.1807222469e+00 -8.5277707368e-01 )	( -3.8691384979e+00 1.1814772861e+00 -8.4015084278e-01 )	( 1.2744849693e-03 -7.5503912746e-04 -1.2626230900e-02 )
353              	( -3.8678694800e+00 1.1807241164e+00 -8.5277870568e-01 )	( -3.8691439681e+00 1.1814791566e+00 -8.4015246163e-01 )	( 1.2744881113e-03 -7.5504022886e-04 -1.2626244050e-02 )
354              	( -3.8678753567e+00 1.1807260864e+00 -8.5278034780e-01 )	( -3.8691498475e+00 1.1814811276e+00 -8.4015409113e-01 )	( 1.2744907259e-03 -7.5504122717e-04 -1.2626256664e-02 )
355              	( -3.8678815820e+00 1.1807281387e+00 -8.5278198947e-01 )	( -3.8691560748e+00 1.1814831808e+00 -8.4015572077e-01 )	( 1.2744928314e-03 -7.5504212320e-04 -1.2626268703e-02 )
356              	( -3.8678880964e+00 1.1807302557e+00 -8.5278362081e-01 )	( -3.8691625908e+00 1.1814852986e+00 -8.4015734067e-01 )	( 1.2744944483e-03 -7.5504291845e-04 -1.2626280138e-02 )
357              	( -3.8678948429e+00 1.1807324204e+00 -8.5278523261e-01 )	( -3.8691693385e+00 1.1814874640e+00 -8.4015894167e-01 )	( 1.2744955993e-03 -7.5504361500e-04 -1.2626290943e-02 )
358              	( -3.8679017669e+00 1.1807346169e+00 -8.5278681634e-01 )	( -3.8691762632e+00 1.1814896611e+00 -8.4016051524e-01 )	( 1.2744963082e-03 -7.5504421545e-04 -1.2626301099e-02 )
359              	( -3.8679088163e+00 1.1807368300e+00 -8.5278836426e-01 )	( -3.8691833129e+00 1.1814918747e+00 -8.4016205367e-01 )	( 1.2744966004e-03 -7.5504472286e-04 -1.2626310591e-02 )
360              	( -3.8679159415e+00 1.1807390454e+00 -8.5278986918e-01 )	( -3.8691904380e+00 1.1814940905e+00 -8.4016354977e-01 )	( 1.2744965018e-03 -7.5504514068e-04 -1.2626319409e-02 )
361              	( -3.8679230963e+00 1.1807412499e+00 -8.5279132484e-01 )	( -3.8691975923e+00 1.1814962953e+00 -8.4016499729e-01 )	( 1.2744960394e-03 -7.5504547265e-04 -1.2626327546e-02 )
362              	( -3.8679302368e+00 1.1807434310e+00 -8.5279272553e-01 )	( -3.8692047321e+00 1.1814984767e+00 -8.4016639053e-01 )	( 1.2744952402e-03 -7.5504572277e-04 -1.2626335002e-02 )
363              	( -3.8679373193e+00 1.1807455758e+00 -8.5279406463e-01 )	( -3.8692118134e+00 1.1815006217e+00 -8.4016772286e-01 )	( 1.2744941312e-03 -7.5504589511e-04 -1.2626341775e-02 )
364              	( -3.8679443076e+00 1.1807476749e+00 -8.5279533886e-01 )	( -3.8692188003e+00 1.1815027208e+00 -8.4016899099e-01 )	( 1.2744927393e-03 -7.5504599387e-04 -1.2626347872e-02 )
365              	( -3.8679511677e+00 1.1807497189e+00 -8.5279654500e-01 )	( -3.8692256588e+00 1.1815047650e+00 -8.4017019170e-01 )	( 1.2744910913e-03 -7.5504602343e-04 -1.2626353300e-02 )
366              	( -3.8679578685e+00 1.1807516998e+00 -8.5279768037e-01 )	( -3.8692323577e+00 1.1815067458e+00 -8.4017132230e-01 )	( 1.2744892136e-03 -7.5504598824e-04 -1.2626358071e-02 )
367              	( -3.8679643818e+00 1.1807536102e+00 -8.5279874285e-01 )	( -3.8692388689e+00 1.1815086561e+00 -8.4017238065e-01 )	( 1.2744871322e-03 -7.5504589281e-04 -1.2626362199e-02 )
368              	( -3.8679706823e+00 1.1807554436e+00 -8.5279973095e-01 )	( -3.8692451671e+00 1.1815104894e+00 -8.4017336525e-01 )	( 1.2744848724e-03 -7.5504574169e-04 -1.2626365700e-02 )
369              	( -3.8679767476e+00 1.1807571945e+00 -8.5280064364e-01 )	( -3.8692512300e+00 1.1815122401e+00 -8.4017427505e-01 )	( 1.2744824588e-03 -7.5504553937e-04 -1.2626368593e-02 )
370              	( -3.8679825579e+00 1.1807588581e+00 -8.5280148042e-01 )	( -3.8692570378e+00 1.1815139034e+00 -8.4017510952e-01 )	( 1.2744799151e-03 -7.5504529033e-04 -1.2626370900e-02 )
371              	( -3.8679880963e+00 1.1807604305e+00 -8.5280224126e-01 )	( -3.8692625736e+00 1.1815154755e+00 -8.4017586861e-01 )	( 1.2744772639e-03 -7.5504499895e-04 -1.2626372643e-02 )
372              	( -3.8679933486e+00 1.1807619085e+00 -8.5280292657e-01 )	( -3.8692678231e+00 1.1815169531e+00 -8.4017655273e-01 )	( 1.2744745272e-03 -7.5504466952e-04 -1.2626373845e-02 )
373              	( -3.8679983028e+00 1.1807632897e+00 -8.5280353722e-01 )	( -3.8692727745e+00 1.1815183340e+00 -8.4017716269e-01 )	( 1.2744717256e-03 -7.5504430625e-04 -1.2626374533e-02 )
374              	( -3.8680029499e+00 1.1807645725e+00 -8.5280407447e-01 )	( -3.8692774187e+00 1.1815196164e+00 -8.4017769974e-01 )	( 1.2744688787e-03 -7.5504391320e-04 -1.2626374734e-02 )
375              	( -3.8680072828e+00 1.1807657559e+00 -8.5280453990e-01 )	( -3.8692817488e+00 1.1815207994e+00 -8.4017816543e-01 )	( 1.2744660052e-03 -7.5504349434e-04 -1.2626374474e-02 )
376              	( -3.8680112969e+00 1.1807668395e+00 -8.5280493547e-01 )	( -3.8692857601e+00 1.1815218826e+00 -8.4017856169e-01 )	( 1.2744631225e-03 -7.5504305350e-04 -1.2626373781e-02 )
377              	( -3.8680149898e+00 1.1807678237e+00 -8.5280526335e-01 )	( -3.8692894501e+00 1.1815228663e+00 -8.4017889066e-01 )	( 1.2744602470e-03 -7.5504259439e-04 -1.2626372686e-02 )
378              	( -3.8680183608e+00 1.1807687091e+00 -8.5280552597e-01 )	( -3.8692928182e+00 1.1815237513e+00 -8.4017915476e-01 )	( 1.2744573939e-03 -7.5504212056e-04 -1.2626371218e-02 )
379              	( -3.8680214113e+00 1.1807694972e+00 -8.5280572599e-01 )	( -3.8692958659e+00 1.1815245388e+00 -8.4017935658e-01 )	( 1.2744545773e-03 -7.5504163543e-04 -1.2626369405e-02 )
380              	( -3.8680241442e+00 1.1807701895e+00 -8.5280586618e-01 )	( -3.8692985961e+00 1.1815252306e+00 -8.4017949891e-01 )	( 1.2744518104e-03 -7.5504114226e-04 -1.2626367277e-02 )
381              	( -3.8680265642e+00 1.1807707883e+00 -8.5280594953e-01 )	( -3.8693010133e+00 1.1815258289e+00 -8.4017958466e-01 )	( 1.2744491049e-03 -7.5504064414e-04 -1.2626364864e-02 )
382              	( -3.8680286771e+00 1.1807712960e+00 -8.5280597901e-01 )	( -3.8693031236e+00 1.1815263361e+00 -8.4017961681e-01 )	( 1.2744464718e-03 -7.5504014400e-04 -1.2626362196e-02 )
383              	( -3.8680304903e+00 1.1807717155e+00 -8.5280595779e-01 )	( -3.8693049343e+00 1.1815267551e+00 -8.4017959849e-01 )	( 1.2744439207e-03 -7.5503964459e-04 -1.2626359300e-02 )
384              	( -3.8680320123e+00 1.1807720499e+00 -8.5280588910e-01 )	( -3.8693064538e+00 1.1815270891e+00 -8.4017953289e-01 )	( 1.2744414601e-03 -7.5503914848e-04 -1.2626356205e-02 )
385              	( -3.8680332526e+00 1.1807723027e+00 -8.5280577615e-01 )	( -3.8693076917e+00 1.1815273414e+00 -8.4017942321e-01 )	( 1.2744390977e-03 -7.5503865806e-04 -1.2626352939e-02 )
386              	( -3.8680342216e+00 1.1807724774e+00 -8.5280562222e-01 )	( -3.8693086585e+00 1.1815275156e+00 -8.4017927269e-01 )	( 1.2744368400e-03 -7.5503817551e-04 -1.2626349527e-02 )
387              	( -3.8680349306e+00 1.1807725778e+00 -8.5280543061e-01 )	( -3.8693093653e+00 1.1815276155e+00 -8.4017908461e-01 )	( 1.2744346924e-03 -7.5503770285e-04 -1.2626345996e-02 )
388              	( -3.8680353914e+00 1.1807726079e+00 -8.5280520459e-01 )	( -3.8693098241e+00 1.1815276452e+00 -8.4017886222e-01 )	( 1.2744326596e-03 -7.5503724190e-04 -1.2626342371e-02 )
389              	( -3.8680356167e+00 1.1807725718e+00 -8.5280494745e-01 )	( -3.8693100475e+00 1.1815276086e+00 -8.4017860877e-01 )	( 1.2744307450e-03 -7.5503679429e-04 -1.2626338675e-02 )
390              	( -3.8680356194e+00 1.1807724737e+00 -8.5280466237e-01 )	( -3.8693100483e+00 1.1815275100e+00 -8.4017832743e-01 )	( 1.2744289516e-03 -7.5503636147e-04 -1.2626334931e-02 )
391              	( -3.8680354127e+00 1.1807723177e+00 -8.5280435256e-01 )	( -3.8693098400e+00 1.1815273537e+00 -8.4017802140e-01 )	( 1.2744272810e-03 -7.5503594472e-04 -1.2626331161e-02 )
392              	( -3.8680350103e+00 1.1807721083e+00 -8.5280402112e-01 )	( -3.8693094361e+00 1.1815271438e+00 -8.4017769373e-01 )	( 1.2744257345e-03 -7.5503554516e-04 -1.2626327384e-02 )
393              	( -3.8680344260e+00 1.1807718497e+00 -8.5280367109e-01 )	( -3.8693088503e+00 1.1815268848e+00 -8.4017734747e-01 )	( 1.2744243124e-03 -7.5503516374e-04 -1.2626323621e-02 )
394              	( -3.8680336735e+00 1.1807715461e+00 -8.5280330541e-01 )	( -3.8693080965e+00 1.1815265809e+00 -8.4017698552e-01 )	( 1.2744230145e-03 -7.5503480125e-04 -1.2626319890e-02 )
395              	( -3.8680327667e+00 1.1807712018e+00 -8.5280292695e-01 )	( -3.8693071885e+00 1.1815262363e+00 -8.4017661074e-01 )	( 1.2744218399e-03 -7.5503445835e-04 -1.2626316207e-02 )
396              	( -3.8680317193e+00 1.1807708210e+00 -8.5280253843e-01 )	( -3.8693061401e+00 1.1815258552e+00 -8.4017622584e-01 )	( 1.2744207870e-03 -7.5503413556e-04 -1.2626312588e-02 )
397              	( -3.8680305449e+00 1.1807704079e+00 -8.5280214249e-01 )	( -3.8693049647e+00 1.1815254417e+00 -8.4017583344e-01 )	( 1.2744198540e-03 -7.5503383329e-04 -1.2626309049e-02 )
398              	( -3.8680292569e+00 1.1807699663e+00 -8.5280174163e-01 )	( -3.8693036760e+00 1.1815249999e+00 -8.4017543603e-01 )	( 1.2744190384e-03 -7.5503355181e-04 -1.2626305601e-02 )
399              	( -3.8680278685e+00 1.1807695003e+00 -8.5280133823e-01 )	( -3.8693022869e+00 1.1815245336e+00 -8.4017503597e-01 )	( 1.2744183374e-03 -7.5503329131e-04 -1.2626302259e-02 )
400              	( -3.8680263925e+00 1.1807690136e+00 -8.5280093452e-01 )	( -3.8693008102e+00 1.1815240466e+00 -8.4017463549e-01 )	( 1.2744177478e-03 -7.5503305184e-04 -1.2626299032e-02 )
401              	( -3.8680248413e+00 1.1807685098e+00 -8.5280053263e-01 )	( -3.8692992586e+00 1.1815235427e+00 -8.4017423669e-01 )	( 1.2744172661e-03 -7.5503283340e-04 -1.2626295932e-02 )
402              	( -3.8680232271e+00 1.1807679926e+00 -8.5280013452e-01 )	( -3.8692976440e+00 1.1815230252e+00 -8.4017384155e-01 )	( 1.2744168885e-03 -7.5503263588e-04 -1.2626292967e-02 )
403              	( -3.8680215615e+00 1.1807674652e+00 -8.5279974203e-01 )	( -3.8692959781e+00 1.1815224977e+00 -8.4017345189e-01 )	( 1.2744166110e-03 -7.5503245908e-04 -1.2626290145e-02 )
404              	( -3.8680198559e+00 1.1807669309e+00 -8.5279935687e-01 )	( -3.8692942723e+00 1.1815219632e+00 -8.4017306939e-01 )	( 1.2744164294e-03 -7.5503230275e-04 -1.2626287473e-02 )
405              	( -3.8680181210e+00 1.1807663928e+00 -8.5279898059e-01 )	( -3.8692925374e+00 1.1815214249e+00 -8.4017269563e-01 )	( 1.2744163392e-03 -7.5503216656e-04 -1.2626284957e-02 )
406              	( -3.8680163672e+00 1.1807658537e+00 -8.5279861464e-01 )	( -3.8692907836e+00 1.1815208857e+00 -8.4017233203e-01 )	( 1.2744163359e-03 -7.5503205011e-04 -1.2626282602e-02 )
407              	( -3.8680146044e+00 1.1807653164e+00 -8.5279826032e-01 )	( -3.8692890208e+00 1.1815203484e+00 -8.4017197990e-01 )	( 1.2744164148e-03 -7.5503195294e-04 -1.2626280412e-02 )
408              	( -3.8680128418e+00 1.1807647836e+00 -8.5279791876e-01 )	( -3.8692872584e+00 1.1815198155e+00 -8.4017164037e-01 )	( 1.2744165711e-03 -7.5503187453e-04 -1.2626278389e-02 )
409              	( -3.8680110884e+00 1.1807642576e+00 -8.5279759105e-01 )	( -3.8692855052e+00 1.1815192894e+00 -8.4017131451e-01 )	( 1.2744167999e-03 -7.5503181432e-04 -1.2626276536e-02 )
410              	( -3.8680093525e+00 1.1807637408e+00 -8.5279727806e-01 )	( -3.8692837696e+00 1.1815187725e+00 -8.4017100321e-01 )	( 1.2744170963e-03 -7.5503177168e-04 -1.2626274854e-02 )
411              	( -3.8680076419e+00 1.1807632351e+00 -8.5279698061e-01 )	( -3.8692820594e+00 1.1815182669e+00 -8.4017070727e-01 )	( 1.2744174554e-03 -7.5503174596e-04 -1.2626273342e-02 )
412              	( -3.8680059639e+00 1.1807627426e+00 -8.5279669935e-01 )	( -3.8692803818e+00 1.1815177744e+00 -8.4017042735e-01 )	( 1.2744178722e-03 -7.5503173644e-04 -1.2626272001e-02 )
413              	( -3.8680043252e+00 1.1807622651e+00 -8.5279643483e-01 )	( -3.8692787435e+00 1.1815172968e+00 -8.4017016400e-01 )	( 1.2744183416e-03 -7.5503174237e-04 -1.2626270828e-02 )
414              	( -3.8680027321e+00 1.1807618040e+00 -8.5279618750e-01 )	( -3.8692771510e+00 1.1815168358e+00 -8.4016991768e-01 )	( 1.2744188587e-03 -7.5503176298e-04 -1.2626269822e-02 )
415              	( -3.8680011902e+00 1.1807613610e+00 -8.5279595769e-01 )	( -3.8692756097e+00 1.1815163928e+00 -8.4016968871e-01 )	( 1.2744194185e-03 -7.5503179745e-04 -1.2626268979e-02 )
416              	( -3.8679997048e+00 1.1807609372e+00 -8.5279574565e-01 )	( -3.8692741249e+00 1.1815159691e+00 -8.4016947735e-01 )	( 1.2744200162e-03 -7.5503184494e-04 -1.2626268295e-02 )
417              	( -3.8679982805e+00 1.1807605339e+00 -8.5279555149e-01 )	( -3.8692727011e+00 1.1815155658e+00 -8.4016928372e-01 )	( 1.2744206468e-03 -7.5503190460e-04 -1.2626267767e-02 )
418              	( -3.8679969214e+00 1.1807601520e+00 -8.5279537527e-01 )	( -3.8692713427e+00 1.1815151840e+00 -8.4016910789e-01 )	( 1.2744213056e-03 -7.5503197553e-04 -1.2626267389e-02 )
419              	( -3.8679956310e+00 1.1807597924e+00 -8.5279521694e-01 )	( -3.8692700530e+00 1.1815148244e+00 -8.4016894979e-01 )	( 1.2744219880e-03 -7.5503205684e-04 -1.2626267156e-02 )
420              	( -3.8679944126e+00 1.1807594557e+00 -8.5279507637e-01 )	( -3.8692688353e+00 1.1815144878e+00 -8.4016880931e-01 )	( 1.2744226893e-03 -7.5503214764e-04 -1.2626267061e-02 )
421              	( -3.8679932686e+00 1.1807591425e+00 -8.5279495334e-01 )	( -3.8692676920e+00 1.1815141747e+00 -8.4016868625e-01 )	( 1.2744234051e-03 -7.5503224700e-04 -1.2626267099e-02 )
422              	( -3.8679922012e+00 1.1807588531e+00 -8.5279484758e-01 )	( -3.8692666253e+00 1.1815138855e+00 -8.4016858032e-01 )	( 1.2744241310e-03 -7.5503235400e-04 -1.2626267262e-02 )
423              	( -3.8679912120e+00 1.1807585880e+00 -8.5279475871e-01 )	( -3.8692656369e+00 1.1815136205e+00 -8.4016849117e-01 )	( 1.2744248630e-03 -7.5503246775e-04 -1.2626267542e-02 )
424              	( -3.8679903022e+00 1.1807583472e+00 -8.5279468633e-01 )	( -3.8692647278e+00 1.1815133797e+00 -8.4016841840e-01 )	( 1.2744255970e-03 -7.5503258732e-04 -1.2626267934e-02 )
425              	( -3.8679894724e+00 1.1807581306e+00 -8.5279462995e-01 )	( -3.8692638988e+00 1.1815131634e+00 -8.4016836152e-01 )	( 1.2744263291e-03 -7.5503271183e-04 -1.2626268428e-02 )
426              	( -3.8679887230e+00 1.1807579383e+00 -8.5279458904e-01 )	( -3.8692631500e+00 1.1815129712e+00 -8.4016832002e-01 )	( 1.2744270557e-03 -7.5503284038e-04 -1.2626269017e-02 )
427              	( -3.8679880537e+00 1.1807577700e+00 -8.5279456300e-01 )	( -3.8692624814e+00 1.1815128030e+00 -8.4016829331e-01 )	( 1.2744277733e-03 -7.5503297211e-04 -1.2626269693e-02 )
428              	( -3.8679874639e+00 1.1807576253e+00 -8.5279455121e-01 )	( -3.8692618924e+00 1.1815126584e+00 -8.4016828076e-01 )	( 1.2744284786e-03 -7.5503310617e-04 -1.2626270448e-02 )
429              	( -3.8679869529e+00 1.1807575039e+00 -8.5279455300e-01 )	( -3.8692613820e+00 1.1815125371e+00 -8.4016828172e-01 )	( 1.2744291685e-03 -7.5503324174e-04 -1.2626271272e-02 )
430              	( -3.8679865192e+00 1.1807574051e+00 -8.5279456765e-01 )	( -3.8692609490e+00 1.1815124385e+00 -8.4016829549e-01 )	( 1.2744298402e-03 -7.5503337803e-04 -1.2626272159e-02 )
431              	( -3.8679861612e+00 1.1807573284e+00 -8.5279459444e-01 )	( -3.8692605916e+00 1.1815123619e+00 -8.4016832134e-01 )	( 1.2744304911e-03 -7.5503351427e-04 -1.2626273100e-02 )
432              	( -3.8679858769e+00 1.1807572730e+00 -8.5279463260e-01 )	( -3.8692603080e+00 1.1815123066e+00 -8.4016835851e-01 )	( 1.2744311187e-03 -7.5503364973e-04 -1.2626274087e-02 )
433              	( -3.8679856642e+00 1.1807572381e+00 -8.5279468134e-01 )	( -3.8692600959e+00 1.1815122719e+00 -8.4016840623e-01 )	( 1.2744317209e-03 -7.5503378372e-04 -1.2626275112e-02 )
434              	( -3.8679855205e+00 1.1807572230e+00 -8.5279473988e-01 )	( -3.8692599528e+00 1.1815122569e+00 -8.4016846371e-01 )	( 1.2744322956e-03 -7.5503391558e-04 -1.2626276168e-02 )
435              	( -3.8679854430e+00 1.1807572267e+00 -8.5279480739e-01 )	( -3.8692598759e+00 1.1815122607e+00 -8.4016853015e-01 )	( 1.2744328412e-03 -7.5503404469e-04 -1.2626277246e-02 )
436              	( -3.8679854288e+00 1.1807572481e+00 -8.5279488306e-01 )	( -3.8692598622e+00 1.1815122823e+00 -8.4016860472e-01 )	( 1.2744333562e-03 -7.5503417048e-04 -1.2626278340e-02 )
437              	( -3.8679854748e+00 1.1807572864e+00 -8.5279496608e-01 )	( -3.8692599086e+00 1.1815123207e+00 -8.4016868663e-01 )	( 1.2744338393e-03 -7.5503429243e-04 -1.2626279443e-02 )
438              	( -3.8679855776e+00 1.1807573404e+00 -8.5279505561e-01 )	( -3.8692600119e+00 1.1815123748e+00 -8.4016877506e-01 )	( 1.2744342895e-03 -7.5503441004e-04 -1.2626280548e-02 )
439              	( -3.8679857337e+00 1.1807574090e+00 -8.5279515085e-01 )	( -3.8692601684e+00 1.1815124436e+00 -8.4016886920e-01 )	( 1.2744347059e-03 -7.5503452288e-04 -1.2626281648e-02 )
440              	( -3.8679859395e+00 1.1807574912e+00 -8.5279525099e-01 )	( -3.8692603746e+00 1.1815125259e+00 -8.4016896825e-01 )	( 1.2744350880e-03 -7.5503463056e-04 -1.2626282738e-02 )
441              	( -3.8679861915e+00 1.1807575858e+00 -8.5279535524e-01 )	( -3.8692606269e+00 1.1815126205e+00 -8.4016907143e-01 )	( 1.2744354354e-03 -7.5503473273e-04 -1.2626283813e-02 )
442              	( -3.8679864857e+00 1.1807576916e+00 -8.5279546283e-01 )	( -3.8692609215e+00 1.1815127265e+00 -8.4016917796e-01 )	( 1.2744357480e-03 -7.5503482911e-04 -1.2626284866e-02 )
443              	( -3.8679868185e+00 1.1807578075e+00 -8.5279557299e-01 )	( -3.8692612546e+00 1.1815128425e+00 -8.4016928710e-01 )	( 1.2744360257e-03 -7.5503491943e-04 -1.2626285893e-02 )
444              	( -3.8679871861e+00 1.1807579324e+00 -8.5279568501e-01 )	( -3.8692616224e+00 1.1815129674e+00 -8.4016939812e-01 )	( 1.2744362687e-03 -7.5503500350e-04 -1.2626286890e-02 )
445              	( -3.8679875845e+00 1.1807580651e+00 -8.5279579816e-01 )	( -3.8692620210e+00 1.1815131001e+00 -8.4016951030e-01 )	( 1.2744364776e-03 -7.5503508115e-04 -1.2626287853e-02 )
446              	( -3.8679880101e+00 1.1807582044e+00 -8.5279591176e-01 )	( -3.8692624468e+00 1.1815132395e+00 -8.4016962299e-01 )	( 1.2744366527e-03 -7.5503515227e-04 -1.2626288777e-02 )
447              	( -3.8679884591e+00 1.1807583492e+00 -8.5279602519e-01 )	( -3.8692628959e+00 1.1815133845e+00 -8.4016973553e-01 )	( 1.2744367950e-03 -7.5503521680e-04 -1.2626289660e-02 )
448              	( -3.8679889277e+00 1.1807584986e+00 -8.5279613781e-01 )	( -3.8692633646e+00 1.1815135338e+00 -8.4016984731e-01 )	( 1.2744369052e-03 -7.5503527470e-04 -1.2626290498e-02 )
449              	( -3.8679894124e+00 1.1807586513e+00 -8.5279624905e-01 )	( -3.8692638493e+00 1.1815136866e+00 -8.4016995776e-01 )	( 1.2744369843e-03 -7.5503532598e-04 -1.2626291291e-02 )
450              	( -3.8679899095e+00 1.1807588064e+00 -8.5279635837e-01 )	( -3.8692643466e+00 1.1815138418e+00 -8.4017006633e-01 )	( 1.2744370336e-03 -7.5503537069e-04 -1.2626292034e-02 )
451              	( -3.8679904158e+00 1.1807589630e+00 -8.5279646525e-01 )	( -3.8692648529e+00 1.1815139984e+00 -8.4017017252e-01 )	( 1.2744370542e-03 -7.5503540891e-04 -1.2626292728e-02 )
452              	( -3.8679909279e+00 1.1807591199e+00 -8.5279656924e-01 )	( -3.8692653650e+00 1.1815141554e+00 -8.4017027587e-01 )	( 1.2744370474e-03 -7.5503544076e-04 -1.2626293369e-02 )
453              	( -3.8679914426e+00 1.1807592764e+00 -8.5279666990e-01 )	( -3.8692658796e+00 1.1815143119e+00 -8.4017037594e-01 )	( 1.2744370149e-03 -7.5503546638e-04 -1.2626293959e-02 )
454              	( -3.8679919569e+00 1.1807594316e+00 -8.5279676684e-01 )	( -3.8692663939e+00 1.1815144671e+00 -8.4017047235e-01 )	( 1.2744369580e-03 -7.5503548596e-04 -1.2626294495e-02 )
455              	( -3.8679924677e+00 1.1807595846e+00 -8.5279685969e-01 )	( -3.8692669046e+00 1.1815146201e+00 -8.4017056471e-01 )	( 1.2744368783e-03 -7.5503549968e-04 -1.2626294979e-02 )
456              	( -3.8679929731e+00 1.1807597350e+00 -8.5279694828e-01 )	( -3.8692674099e+00 1.1815147705e+00 -8.4017065287e-01 )	( 1.2744367775e-03 -7.5503550781e-04 -1.2626295409e-02 )
457              	( -3.8679934697e+00 1.1807598816e+00 -8.5279703215e-01 )	( -3.8692679063e+00 1.1815149171e+00 -8.4017073637e-01 )	( 1.2744366572e-03 -7.5503551057e-04 -1.2626295787e-02 )
458              	( -3.8679939554e+00 1.1807600241e+00 -8.5279711116e-01 )	( -3.8692683919e+00 1.1815150596e+00 -8.4017081505e-01 )	( 1.2744365192e-03 -7.5503550822e-04 -1.2626296113e-02 )
459              	( -3.8679944281e+00 1.1807601618e+00 -8.5279718512e-01 )	( -3.8692688645e+00 1.1815151973e+00 -8.4017088874e-01 )	( 1.2744363651e-03 -7.5503550105e-04 -1.2626296388e-02 )
460              	( -3.8679948858e+00 1.1807602941e+00 -8.5279725389e-01 )	( -3.8692693220e+00 1.1815153296e+00 -8.4017095728e-01 )	( 1.2744361967e-03 -7.5503548936e-04 -1.2626296613e-02 )
461              	( -3.8679953267e+00 1.1807604207e+00 -8.5279731735e-01 )	( -3.8692697627e+00 1.1815154562e+00 -8.4017102056e-01 )	( 1.2744360157e-03 -7.5503547345e-04 -1.2626296790e-02 )
462              	( -3.8679957492e+00 1.1807605411e+00 -8.5279737542e-01 )	( -3.8692701850e+00 1.1815155766e+00 -8.4017107850e-01 )	( 1.2744358238e-03 -7.5503545365e-04 -1.2626296921e-02 )
463              	( -3.8679961519e+00 1.1807606550e+00 -8.5279742806e-01 )	( -3.8692705875e+00 1.1815156904e+00 -8.4017113105e-01 )	( 1.2744356226e-03 -7.5503543027e-04 -1.2626297006e-02 )
464              	( -3.8679965335e+00 1.1807607620e+00 -8.5279747526e-01 )	( -3.8692709689e+00 1.1815157974e+00 -8.4017117821e-01 )	( 1.2744354138e-03 -7.5503540365e-04 -1.2626297049e-02 )
465              	( -3.8679968929e+00 1.1807608619e+00 -8.5279751704e-01 )	( -3.8692713281e+00 1.1815158972e+00 -8.4017121999e-01 )	( 1.2744351991e-03 -7.5503537412e-04 -1.2626297051e-02 )
466              	( -3.8679972294e+00 1.1807609545e+00 -8.5279755345e-01 )	( -3.8692716644e+00 1.1815159898e+00 -8.4017125644e-01 )	( 1.2744349799e-03 -7.5503534200e-04 -1.2626297014e-02 )
467              	( -3.8679975423e+00 1.1807610397e+00 -8.5279758458e-01 )	( -3.8692719771e+00 1.1815160750e+00 -8.4017128764e-01 )	( 1.2744347579e-03 -7.5503530763e-04 -1.2626296942e-02 )
468              	( -3.8679978310e+00 1.1807611174e+00 -8.5279761053e-01 )	( -3.8692722655e+00 1.1815161526e+00 -8.4017131370e-01 )	( 1.2744345343e-03 -7.5503527134e-04 -1.2626296836e-02 )
469              	( -3.8679980951e+00 1.1807611875e+00 -8.5279763144e-01 )	( -3.8692725294e+00 1.1815162227e+00 -8.4017133474e-01 )	( 1.2744343107e-03 -7.5503523343e-04 -1.2626296698e-02 )
470              	( -3.8679983345e+00 1.1807612501e+00 -8.5279764745e-01 )	( -3.8692727686e+00 1.1815162853e+00 -8.4017135091e-01 )	( 1.2744340883e-03 -7.5503519422e-04 -1.2626296533e-02 )
471              	( -3.8679985492e+00 1.1807613052e+00 -8.5279765873e-01 )	( -3.8692729831e+00 1.1815163403e+00 -8.4017136239e-01 )	( 1.2744338683e-03 -7.5503515401e-04 -1.2626296341e-02 )
472              	( -3.8679987393e+00 1.1807613528e+00 -8.5279766548e-01 )	( -3.8692731729e+00 1.1815163879e+00 -8.4017136936e-01 )	( 1.2744336519e-03 -7.5503511310e-04 -1.2626296125e-02 )
473              	( -3.8679989050e+00 1.1807613932e+00 -8.5279766791e-01 )	( -3.8692733384e+00 1.1815164283e+00 -8.4017137202e-01 )	( 1.2744334401e-03 -7.5503507177e-04 -1.2626295889e-02 )
474              	( -3.8679990467e+00 1.1807614265e+00 -8.5279766624e-01 )	( -3.8692734799e+00 1.1815164615e+00 -8.4017137060e-01 )	( 1.2744332340e-03 -7.5503503027e-04 -1.2626295634e-02 )
475              	( -3.8679991648e+00 1.1807614529e+00 -8.5279766069e-01 )	( -3.8692735979e+00 1.1815164878e+00 -8.4017136533e-01 )	( 1.2744330343e-03 -7.5503498887e-04 -1.2626295364e-02 )
476              	( -3.8679992601e+00 1.1807614725e+00 -8.5279765152e-01 )	( -3.8692736930e+00 1.1815165075e+00 -8.4017135644e-01 )	( 1.2744328421e-03 -7.5503494779e-04 -1.2626295080e-02 )
477              	( -3.8679993333e+00 1.1807614858e+00 -8.5279763898e-01 )	( -3.8692737659e+00 1.1815165207e+00 -8.4017134419e-01 )	( 1.2744326578e-03 -7.5503490728e-04 -1.2626294786e-02 )
478              	( -3.8679993850e+00 1.1807614928e+00 -8.5279762332e-01 )	( -3.8692738175e+00 1.1815165277e+00 -8.4017132884e-01 )	( 1.2744324822e-03 -7.5503486752e-04 -1.2626294482e-02 )
479              	( -3.8679994163e+00 1.1807614940e+00 -8.5279760480e-01 )	( -3.8692738486e+00 1.1815165289e+00 -8.4017131063e-01 )	( 1.2744323159e-03 -7.5503482872e-04 -1.2626294172e-02 )
480              	( -3.8679994280e+00 1.1807614897e+00 -8.5279758369e-01 )	( -3.8692738602e+00 1.1815165245e+00 -8.4017128983e-01 )	( 1.2744321592e-03 -7.5503479105e-04 -1.2626293858e-02 )
481              	( -3.8679994212e+00 1.1807614802e+00 -8.5279756025e-01 )	( -3.8692738532e+00 1.1815165149e+00 -8.4017126671e-01 )	( 1.2744320127e-03 -7.5503475467e-04 -1.2626293542e-02 )
482              	( -3.8679993970e+00 1.1807614658e+00 -8.5279753475e-01 )	( -3.8692738289e+00 1.1815165005e+00 -8.4017124152e-01 )	( 1.2744318764e-03 -7.5503471972e-04 -1.2626293226e-02 )
483              	( -3.8679993564e+00 1.1807614469e+00 -8.5279750744e-01 )	( -3.8692737882e+00 1.1815164816e+00 -8.4017121453e-01 )	( 1.2744317508e-03 -7.5503468631e-04 -1.2626292911e-02 )
484              	( -3.8679993006e+00 1.1807614238e+00 -8.5279747859e-01 )	( -3.8692737323e+00 1.1815164585e+00 -8.4017118599e-01 )	( 1.2744316358e-03 -7.5503465457e-04 -1.2626292600e-02 )
485              	( -3.8679992309e+00 1.1807613970e+00 -8.5279744845e-01 )	( -3.8692736624e+00 1.1815164316e+00 -8.4017115616e-01 )	( 1.2744315317e-03 -7.5503462459e-04 -1.2626292293e-02 )
486              	( -3.8679991483e+00 1.1807613667e+00 -8.5279741726e-01 )	( -3.8692735797e+00 1.1815164013e+00 -8.4017112527e-01 )	( 1.2744314383e-03 -7.5503459643e-04 -1.2626291993e-02 )
487              	( -3.8679990540e+00 1.1807613334e+00 -8.5279738526e-01 )	( -3.8692734854e+00 1.1815163680e+00 -8.4017109356e-01 )	( 1.2744313557e-03 -7.5503457017e-04 -1.2626291701e-02 )
488              	( -3.8679989494e+00 1.1807612974e+00 -8.5279735269e-01 )	( -3.8692733807e+00 1.1815163320e+00 -8.4017106127e-01 )	( 1.2744312837e-03 -7.5503454584e-04 -1.2626291418e-02 )
489              	( -3.8679988355e+00 1.1807612591e+00 -8.5279731976e-01 )	( -3.8692732668e+00 1.1815162936e+00 -8.4017102861e-01 )	( 1.2744312221e-03 -7.5503452348e-04 -1.2626291145e-02 )
490              	( -3.8679987136e+00 1.1807612188e+00 -8.5279728668e-01 )	( -3.8692731448e+00 1.1815162533e+00 -8.4017099580e-01 )	( 1.2744311707e-03 -7.5503450310e-04 -1.2626290883e-02 )
491              	( -3.8679985848e+00 1.1807611769e+00 -8.5279725365e-01 )	( -3.8692730160e+00 1.1815162114e+00 -8.4017096302e-01 )	( 1.2744311292e-03 -7.5503448471e-04 -1.2626290633e-02 )
492              	( -3.8679984503e+00 1.1807611337e+00 -8.5279722086e-01 )	( -3.8692728814e+00 1.1815161682e+00 -8.4017093047e-01 )	( 1.2744310973e-03 -7.5503446831e-04 -1.2626290395e-02 )
493              	( -3.8679983111e+00 1.1807610896e+00 -8.5279718849e-01 )	( -3.8692727422e+00 1.1815161240e+00 -8.4017089832e-01 )	( 1.2744310746e-03 -7.5503445387e-04 -1.2626290171e-02 )
494              	( -3.8679981683e+00 1.1807610447e+00 -8.5279715669e-01 )	( -3.8692725994e+00 1.1815160792e+00 -8.4017086673e-01 )	( 1.2744310607e-03 -7.5503444136e-04 -1.2626289961e-02 )
495              	( -3.8679980230e+00 1.1807609996e+00 -8.5279712563e-01 )	( -3.8692724540e+00 1.1815160340e+00 -8.4017083586e-01 )	( 1.2744310553e-03 -7.5503443074e-04 -1.2626289765e-02 )
496              	( -3.8679978761e+00 1.1807609543e+00 -8.5279709543e-01 )	( -3.8692723072e+00 1.1815159887e+00 -8.4017080584e-01 )	( 1.2744310577e-03 -7.5503442197e-04 -1.2626289583e-02 )
497              	( -3.8679977286e+00 1.1807609093e+00 -8.5279706622e-01 )	( -3.8692721597e+00 1.1815159437e+00 -8.4017077680e-01 )	( 1.2744310677e-03 -7.5503441498e-04 -1.2626289416e-02 )
498              	( -3.8679975814e+00 1.1807608647e+00 -8.5279703811e-01 )	( -3.8692720125e+00 1.1815158991e+00 -8.4017074885e-01 )	( 1.2744310846e-03 -7.5503440971e-04 -1.2626289264e-02 )
499              	( -3.8679974355e+00 1.1807608208e+00 -8.5279701125e-01 )	( -3.8692718666e+00 1.1815158552e+00 -8.4017072212e-01 )	( 1.2744311080e-03 -7.5503440611e-04 -1.2626289127e-02 )
500              	( -3.8679972910e+00 1.1807607776e+00 -8.5279698557e-01 )	( -3.8692717221e+00 1.1815158120e+00 -8.4017069656e-01 )	( 1.2744311373e-03 -7.5503440406e-04 -1.2626289004e-02 )
501              	( -3.8679971493e+00 1.1807607357e+00 -8.5279696132e-01 )	( -3.8692715805e+00 1.1815157701e+00 -8.4017067242e-01 )	( 1.2744311721e-03 -7.5503440351e-04 -1.2626288896e-02 )
502              	( -3.8679970109e+00 1.1807606950e+00 -8.5279693850e-01 )	( -3.8692714421e+00 1.1815157294e+00 -8.4017064970e-01 )	( 1.2744312118e-03 -7.5503440436e-04 -1.2626288803e-02 )
503              	( -3.8679968764e+00 1.1807606557e+00 -8.5279691715e-01 )	( -3.8692713076e+00 1.1815156901e+00 -8.4017062843e-01 )	( 1.2744312559e-03 -7.5503440654e-04 -1.2626288723e-02 )
504              	( -3.8679967463e+00 1.1807606180e+00 -8.5279689731e-01 )	( -3.8692711776e+00 1.1815156524e+00 -8.4017060865e-01 )	( 1.2744313039e-03 -7.5503440994e-04 -1.2626288657e-02 )
