# Time           	totalLift        	frontLift        	rearLift         	drag             	side             	Xmoment          	Ymoment          	Zmoment          
1	-1.0869157180e+00	-2.0568543286e-01	-8.8123028517e-01	5.1310506675e-01	0.0000000000e+00	-1.3182806913e+00	8.4443106538e-01	-6.2232654369e-01
2	-5.1729204976e-01	-1.2262327821e-01	-3.9466877156e-01	1.7173258753e-01	0.0000000000e+00	-6.2740478368e-01	3.4005686669e-01	-2.0828823289e-01
3	-3.5540010334e-01	-9.3316336365e-02	-2.6208376698e-01	8.6984329583e-02	0.0000000000e+00	-4.3105190784e-01	2.1095928827e-01	-1.0550014157e-01
4	-3.3445809688e-01	-9.0584648931e-02	-2.4387344795e-01	7.2014803461e-02	0.0000000000e+00	-4.0565210701e-01	1.9161099878e-01	-8.7344145744e-02
5	-3.4757693646e-01	-9.5380839907e-02	-2.5219609655e-01	7.1390317501e-02	0.0000000000e+00	-4.2156347219e-01	1.9601907081e-01	-8.6586729352e-02
6	-3.6618026392e-01	-1.0161767970e-01	-2.6456258423e-01	7.2555151728e-02	0.0000000000e+00	-4.4412677400e-01	2.0368113066e-01	-8.7999514579e-02
7	-3.8234284709e-01	-1.0733302681e-01	-2.7500982028e-01	7.2914494063e-02	0.0000000000e+00	-4.6372978549e-01	2.0959599183e-01	-8.8435347877e-02
8	-3.9778272202e-01	-1.1270164219e-01	-2.8508107983e-01	7.3468618705e-02	0.0000000000e+00	-4.8245625034e-01	2.1547429705e-01	-8.9107425577e-02
9	-4.1141180992e-01	-1.1749710159e-01	-2.9391470833e-01	7.3905479068e-02	0.0000000000e+00	-4.9898647722e-01	2.2052200842e-01	-8.9637277682e-02
10	-4.2401098186e-01	-1.2197921725e-01	-3.0203176460e-01	7.4239986973e-02	0.0000000000e+00	-5.1426755635e-01	2.2506568419e-01	-9.0042990200e-02
11	-4.3620222008e-01	-1.2640903167e-01	-3.0979318841e-01	7.4450277223e-02	0.0000000000e+00	-5.2905386745e-01	2.2923019593e-01	-9.0298043624e-02
12	-4.4765680960e-01	-1.3067636474e-01	-3.1698044486e-01	7.4396410745e-02	0.0000000000e+00	-5.4294672403e-01	2.3288010015e-01	-9.0232710924e-02
13	-4.5844376705e-01	-1.3477339572e-01	-3.2367037132e-01	7.4210831770e-02	0.0000000000e+00	-5.5602983387e-01	2.3612121950e-01	-9.0007628910e-02
14	-4.6802650669e-01	-1.3854565163e-01	-3.2948085506e-01	7.3784588475e-02	0.0000000000e+00	-5.6765239156e-01	2.3866900428e-01	-8.9490653863e-02
15	-4.7744635542e-01	-1.4231960747e-01	-3.3512674795e-01	7.3146741332e-02	0.0000000000e+00	-5.7907738478e-01	2.4100892560e-01	-8.8717032174e-02
16	-4.8614881037e-01	-1.4585604233e-01	-3.4029276804e-01	7.2469422842e-02	0.0000000000e+00	-5.8963227706e-01	2.4304590714e-01	-8.7895537120e-02
17	-4.9456819350e-01	-1.4928191184e-01	-3.4528628165e-01	7.1737102039e-02	0.0000000000e+00	-5.9984384179e-01	2.4500546226e-01	-8.7007331753e-02
18	-5.0253931170e-01	-1.5254284157e-01	-3.4999647013e-01	7.0946130057e-02	0.0000000000e+00	-6.0951172223e-01	2.4681703570e-01	-8.6047990496e-02
19	-5.1001558785e-01	-1.5562190583e-01	-3.5439368203e-01	7.0177865318e-02	0.0000000000e+00	-6.1857942668e-01	2.4846472025e-01	-8.5116190031e-02
20	-5.1728344989e-01	-1.5859548017e-01	-3.5868796972e-01	6.9447084987e-02	0.0000000000e+00	-6.2739435320e-01	2.5011561194e-01	-8.4229853046e-02
21	-5.2461918332e-01	-1.6158343323e-01	-3.6303575009e-01	6.8763933151e-02	0.0000000000e+00	-6.3629159848e-01	2.5181539607e-01	-8.3401282938e-02
22	-5.3170275894e-01	-1.6446222243e-01	-3.6724053651e-01	6.8068806701e-02	0.0000000000e+00	-6.4488301069e-01	2.5347289260e-01	-8.2558189253e-02
23	-5.3789186348e-01	-1.6700502454e-01	-3.7088683894e-01	6.7418249960e-02	0.0000000000e+00	-6.5238955133e-01	2.5485226800e-01	-8.1769152554e-02
24	-5.4401590101e-01	-1.6950019551e-01	-3.7451570551e-01	6.6817045930e-02	0.0000000000e+00	-6.5981717455e-01	2.5626938750e-01	-8.1039973970e-02
25	-5.4963630729e-01	-1.7179889722e-01	-3.7783741007e-01	6.6213552284e-02	0.0000000000e+00	-6.6663396168e-01	2.5754814106e-01	-8.0308018394e-02
26	-5.5547758135e-01	-1.7416425142e-01	-3.8131332993e-01	6.5619442751e-02	0.0000000000e+00	-6.7371863134e-01	2.5893634814e-01	-7.9587444468e-02
27	-5.6117518253e-01	-1.7648577294e-01	-3.8468940959e-01	6.5071220370e-02	0.0000000000e+00	-6.8062904535e-01	2.6025454581e-01	-7.8922525407e-02
28	-5.6591861871e-01	-1.7843089685e-01	-3.8748772187e-01	6.4677469495e-02	0.0000000000e+00	-6.8638218723e-01	2.6132103128e-01	-7.8444959237e-02
29	-5.7112173599e-01	-1.8051108109e-01	-3.9061065490e-01	6.4183571540e-02	0.0000000000e+00	-6.9269285965e-01	2.6262446727e-01	-7.7845928304e-02
30	-5.7684195010e-01	-1.8274498091e-01	-3.9409696919e-01	6.3587539997e-02	0.0000000000e+00	-6.9963070007e-01	2.6418998536e-01	-7.7123023242e-02
31	-5.8261468839e-01	-1.8498274457e-01	-3.9763194382e-01	6.3007442999e-02	0.0000000000e+00	-7.0663224518e-01	2.6581149906e-01	-7.6419444611e-02
32	-5.8815016997e-01	-1.8713334696e-01	-4.0101682301e-01	6.2457668547e-02	0.0000000000e+00	-7.1334603022e-01	2.6735434506e-01	-7.5752643100e-02
33	-5.9320662344e-01	-1.8910332462e-01	-4.0410329883e-01	6.1953414129e-02	0.0000000000e+00	-7.1947881942e-01	2.6874996776e-01	-7.5141051187e-02
34	-5.9785279586e-01	-1.9092500915e-01	-4.0692778670e-01	6.1452223726e-02	0.0000000000e+00	-7.2511399359e-01	2.7000347194e-01	-7.4533175507e-02
35	-6.0220246264e-01	-1.9262211960e-01	-4.0958034303e-01	6.0984281653e-02	0.0000000000e+00	-7.3038954682e-01	2.7119777929e-01	-7.3965625523e-02
36	-6.0623873604e-01	-1.9419611961e-01	-4.1204261642e-01	6.0569892568e-02	0.0000000000e+00	-7.3528499658e-01	2.7230812101e-01	-7.3463028015e-02
37	-6.0998996681e-01	-1.9567602526e-01	-4.1431394155e-01	6.0195565176e-02	0.0000000000e+00	-7.3983472846e-01	2.7329739537e-01	-7.3009019886e-02
38	-6.1334618389e-01	-1.9702321563e-01	-4.1632296826e-01	5.9790848735e-02	0.0000000000e+00	-7.4390536255e-01	2.7412469079e-01	-7.2518153979e-02
39	-6.1638172353e-01	-1.9826753762e-01	-4.1811418592e-01	5.9358184444e-02	0.0000000000e+00	-7.4758705859e-01	2.7480831038e-01	-7.1993391137e-02
40	-6.1920884089e-01	-1.9944534468e-01	-4.1976349621e-01	5.8915796366e-02	0.0000000000e+00	-7.5101596680e-01	2.7539768942e-01	-7.1456834667e-02
41	-6.2177263157e-01	-2.0053281623e-01	-4.2123981534e-01	5.8475197227e-02	0.0000000000e+00	-7.5412549562e-01	2.7588374889e-01	-7.0922447935e-02
42	-6.2417316091e-01	-2.0156435777e-01	-4.2260880315e-01	5.8024960246e-02	0.0000000000e+00	-7.5703701068e-01	2.7630555672e-01	-7.0376371815e-02
43	-6.2639724709e-01	-2.0253429622e-01	-4.2386295086e-01	5.7575135188e-02	0.0000000000e+00	-7.5973452422e-01	2.7666081830e-01	-6.9830795302e-02
44	-6.2847038545e-01	-2.0344796806e-01	-4.2502241739e-01	5.7130865363e-02	0.0000000000e+00	-7.6224895861e-01	2.7696806166e-01	-6.9291956528e-02
45	-6.3044776850e-01	-2.0432006032e-01	-4.2612770818e-01	5.6697738374e-02	0.0000000000e+00	-7.6464725487e-01	2.7725955983e-01	-6.8766632497e-02
46	-6.3221664215e-01	-2.0510860456e-01	-4.2710803759e-01	5.6292141643e-02	0.0000000000e+00	-7.6679265763e-01	2.7749929129e-01	-6.8274698918e-02
47	-6.3403868742e-01	-2.0590426389e-01	-4.2813442353e-01	5.5880781547e-02	0.0000000000e+00	-7.6900255032e-01	2.7778769954e-01	-6.7775775163e-02
48	-6.3543526018e-01	-2.0653726718e-01	-4.2889799300e-01	5.5489198111e-02	0.0000000000e+00	-7.7069640281e-01	2.7795090729e-01	-6.7300837802e-02
49	-6.3700741221e-01	-2.0723032089e-01	-4.2977709132e-01	5.5095589268e-02	0.0000000000e+00	-7.7260320905e-01	2.7818346304e-01	-6.6823443899e-02
50	-6.3850641740e-01	-2.0789847796e-01	-4.3060793943e-01	5.4699285629e-02	0.0000000000e+00	-7.7442129812e-01	2.7838682684e-01	-6.6342781575e-02
51	-6.3992962190e-01	-2.0853633724e-01	-4.3139328466e-01	5.4314322282e-02	0.0000000000e+00	-7.7614745129e-01	2.7857118426e-01	-6.5875873479e-02
52	-6.4129116993e-01	-2.0914635654e-01	-4.3214481339e-01	5.3949944362e-02	0.0000000000e+00	-7.7779882357e-01	2.7874807106e-01	-6.5433932703e-02
53	-6.4259039527e-01	-2.0972907481e-01	-4.3286132046e-01	5.3602003046e-02	0.0000000000e+00	-7.7937460691e-01	2.7891530706e-01	-6.5011927288e-02
54	-6.4387161455e-01	-2.1029555712e-01	-4.3357605743e-01	5.3274731015e-02	0.0000000000e+00	-7.8092855135e-01	2.7910062538e-01	-6.4614990900e-02
55	-6.4509664039e-01	-2.1083382040e-01	-4.3426281998e-01	5.2969239883e-02	0.0000000000e+00	-7.8241434080e-01	2.7928624948e-01	-6.4244471776e-02
56	-6.4625806003e-01	-2.1134110372e-01	-4.3491695631e-01	5.2687592635e-02	0.0000000000e+00	-7.8382298460e-01	2.7946981573e-01	-6.3902872033e-02
57	-6.4737051908e-01	-2.1182174124e-01	-4.3554877784e-01	5.2431252192e-02	0.0000000000e+00	-7.8517224587e-01	2.7965879575e-01	-6.3591965998e-02
58	-6.4844408859e-01	-2.1227929032e-01	-4.3616479827e-01	5.2202914287e-02	0.0000000000e+00	-7.8647433943e-01	2.7985688493e-01	-6.3315023227e-02
59	-6.4947005349e-01	-2.1271115650e-01	-4.3675889699e-01	5.2003578509e-02	0.0000000000e+00	-7.8771869508e-01	2.8005967561e-01	-6.3073256084e-02
60	-6.5042681662e-01	-2.1311038828e-01	-4.3731642834e-01	5.1823099982e-02	0.0000000000e+00	-7.8887911841e-01	2.8025755008e-01	-6.2854360218e-02
61	-6.5132987476e-01	-2.1348429252e-01	-4.3784558224e-01	5.1659973010e-02	0.0000000000e+00	-7.8997440491e-01	2.8045161215e-01	-6.2656509424e-02
62	-6.5217940901e-01	-2.1383332107e-01	-4.3834608794e-01	5.1513946905e-02	0.0000000000e+00	-7.9100477423e-01	2.8064095859e-01	-6.2479399653e-02
63	-6.5294796141e-01	-2.1414830726e-01	-4.3879965416e-01	5.1384388492e-02	0.0000000000e+00	-7.9193692358e-01	2.8081418363e-01	-6.2322262948e-02
64	-6.5365408083e-01	-2.1443628699e-01	-4.3921779384e-01	5.1271300828e-02	0.0000000000e+00	-7.9279335024e-01	2.8097688357e-01	-6.2185103018e-02
65	-6.5429988284e-01	-2.1469853986e-01	-4.3960134298e-01	5.1176550276e-02	0.0000000000e+00	-7.9357662010e-01	2.8112850389e-01	-6.2070183507e-02
66	-6.5486783234e-01	-2.1492909047e-01	-4.3993874187e-01	5.1098567579e-02	0.0000000000e+00	-7.9426546546e-01	2.8126206424e-01	-6.1975601119e-02
67	-6.5535763873e-01	-2.1512851376e-01	-4.4022912498e-01	5.1031883106e-02	0.0000000000e+00	-7.9485953390e-01	2.8137576403e-01	-6.1894721938e-02
68	-6.5578403638e-01	-2.1530242278e-01	-4.4048161360e-01	5.0976850154e-02	0.0000000000e+00	-7.9537669615e-01	2.8147398852e-01	-6.1827974465e-02
69	-6.5615187682e-01	-2.1545294461e-01	-4.4069893221e-01	5.0933097241e-02	0.0000000000e+00	-7.9582283649e-01	2.8155748450e-01	-6.1774908141e-02
70	-6.5646395788e-01	-2.1558091373e-01	-4.4088304415e-01	5.0899041160e-02	0.0000000000e+00	-7.9620134830e-01	2.8162766303e-01	-6.1733602755e-02
71	-6.5672074597e-01	-2.1568665985e-01	-4.4103408612e-01	5.0873906340e-02	0.0000000000e+00	-7.9651279727e-01	2.8168428284e-01	-6.1703117643e-02
72	-6.5693424059e-01	-2.1577384173e-01	-4.4116039887e-01	5.0858509163e-02	0.0000000000e+00	-7.9677173717e-01	2.8173319643e-01	-6.1684442964e-02
73	-6.5710129114e-01	-2.1584193639e-01	-4.4125935475e-01	5.0852185027e-02	0.0000000000e+00	-7.9697434673e-01	2.8177177295e-01	-6.1676772649e-02
74	-6.5723125002e-01	-2.1589385365e-01	-4.4133739638e-01	5.0855159238e-02	0.0000000000e+00	-7.9713196914e-01	2.8180442842e-01	-6.1680379962e-02
75	-6.5732588181e-01	-2.1593052328e-01	-4.4139535853e-01	5.0866769797e-02	0.0000000000e+00	-7.9724674461e-01	2.8183104405e-01	-6.1694461988e-02
76	-6.5739023659e-01	-2.1595376869e-01	-4.4143646789e-01	5.0886587244e-02	0.0000000000e+00	-7.9732479819e-01	2.8185337400e-01	-6.1718497852e-02
77	-6.5742900836e-01	-2.1596535522e-01	-4.4146365314e-01	5.0914060141e-02	0.0000000000e+00	-7.9737182307e-01	2.8187287240e-01	-6.1751818734e-02
78	-6.5744762907e-01	-2.1596750821e-01	-4.4148012086e-01	5.0948261763e-02	0.0000000000e+00	-7.9739440744e-01	2.8189076581e-01	-6.1793300641e-02
79	-6.5744898376e-01	-2.1596148254e-01	-4.4148750122e-01	5.0988292774e-02	0.0000000000e+00	-7.9739605050e-01	2.8190752335e-01	-6.1841852804e-02
80	-6.5743749986e-01	-2.1594904424e-01	-4.4148845562e-01	5.1033271895e-02	0.0000000000e+00	-7.9738212209e-01	2.8192426423e-01	-6.1896406349e-02
81	-6.5741752948e-01	-2.1593198762e-01	-4.4148554186e-01	5.1082252014e-02	0.0000000000e+00	-7.9735790075e-01	2.8194194279e-01	-6.1955812561e-02
82	-6.5739463465e-01	-2.1591237748e-01	-4.4148225718e-01	5.1134845482e-02	0.0000000000e+00	-7.9733013244e-01	2.8196234962e-01	-6.2019601273e-02
83	-6.5737227146e-01	-2.1589174055e-01	-4.4148053091e-01	5.1189956990e-02	0.0000000000e+00	-7.9730300893e-01	2.8198598796e-01	-6.2086444024e-02
84	-6.5735384896e-01	-2.1587153428e-01	-4.4148231468e-01	5.1246659704e-02	0.0000000000e+00	-7.9728066495e-01	2.8201347549e-01	-6.2155216692e-02
85	-6.5734272585e-01	-2.1585315843e-01	-4.4148956742e-01	5.1304168003e-02	0.0000000000e+00	-7.9726717413e-01	2.8204551124e-01	-6.2224966424e-02
86	-6.5734195094e-01	-2.1583789920e-01	-4.4150405174e-01	5.1361671550e-02	0.0000000000e+00	-7.9726623427e-01	2.8208269068e-01	-6.2294710392e-02
87	-6.5735394503e-01	-2.1582684349e-01	-4.4152710154e-01	5.1418427627e-02	0.0000000000e+00	-7.9728078147e-01	2.8212532255e-01	-6.2363547782e-02
88	-6.5738058109e-01	-2.1582086193e-01	-4.4155971916e-01	5.1473676576e-02	0.0000000000e+00	-7.9731308738e-01	2.8217357155e-01	-6.2430557230e-02
89	-6.5742441091e-01	-2.1582093488e-01	-4.4160347603e-01	5.1527084436e-02	0.0000000000e+00	-7.9736624699e-01	2.8222817644e-01	-6.2495333688e-02
90	-6.5748683579e-01	-2.1582770661e-01	-4.4165912918e-01	5.1577860702e-02	0.0000000000e+00	-7.9744195986e-01	2.8228927821e-01	-6.2556918382e-02
91	-6.5756694870e-01	-2.1584112785e-01	-4.4172582085e-01	5.1625623889e-02	0.0000000000e+00	-7.9753912591e-01	2.8235586626e-01	-6.2614848620e-02
92	-6.5766637313e-01	-2.1586178996e-01	-4.4180458317e-01	5.1670549764e-02	0.0000000000e+00	-7.9765971419e-01	2.8242849152e-01	-6.2669337586e-02
93	-6.5778574208e-01	-2.1588997533e-01	-4.4189576675e-01	5.1712409785e-02	0.0000000000e+00	-7.9780449246e-01	2.8250723927e-01	-6.2720108089e-02
94	-6.5792430941e-01	-2.1592560210e-01	-4.4199870731e-01	5.1750736265e-02	0.0000000000e+00	-7.9797255576e-01	2.8259138152e-01	-6.2766592888e-02
95	-6.5808246319e-01	-2.1596875412e-01	-4.4211370906e-01	5.1785567350e-02	0.0000000000e+00	-7.9816437474e-01	2.8268119368e-01	-6.2808838249e-02
96	-6.5825991319e-01	-2.1601938669e-01	-4.4224052650e-01	5.1816799431e-02	0.0000000000e+00	-7.9837959742e-01	2.8277642475e-01	-6.2846718508e-02
97	-6.5845449879e-01	-2.1607685185e-01	-4.4237764694e-01	5.1844210713e-02	0.0000000000e+00	-7.9861560324e-01	2.8287599386e-01	-6.2879964659e-02
98	-6.5866542260e-01	-2.1614090775e-01	-4.4252451486e-01	5.1867749095e-02	0.0000000000e+00	-7.9887142509e-01	2.8297950889e-01	-6.2908513509e-02
99	-6.5889110671e-01	-2.1621105355e-01	-4.4268005316e-01	5.1887591476e-02	0.0000000000e+00	-7.9914514918e-01	2.8308624952e-01	-6.2932579615e-02
100	-6.5912958644e-01	-2.1628656029e-01	-4.4284302615e-01	5.1903973577e-02	0.0000000000e+00	-7.9943439259e-01	2.8319558232e-01	-6.2952448871e-02
101	-6.5937917692e-01	-2.1636680352e-01	-4.4301237340e-01	5.1917117031e-02	0.0000000000e+00	-7.9973711184e-01	2.8330696234e-01	-6.2968390090e-02
102	-6.5963855828e-01	-2.1645130039e-01	-4.4318725790e-01	5.1927142637e-02	0.0000000000e+00	-8.0005170610e-01	2.8341994689e-01	-6.2980549785e-02
103	-6.5990590585e-01	-2.1653942604e-01	-4.4336647982e-01	5.1934127311e-02	0.0000000000e+00	-8.0037596228e-01	2.8353381723e-01	-6.2989021243e-02
104	-6.6017922320e-01	-2.1663049236e-01	-4.4354873084e-01	5.1938191162e-02	0.0000000000e+00	-8.0070745899e-01	2.8364779811e-01	-6.2993950140e-02
105	-6.6045660339e-01	-2.1672382110e-01	-4.4373278230e-01	5.1939486724e-02	0.0000000000e+00	-8.0104388338e-01	2.8376120150e-01	-6.2995521480e-02
106	-6.6073647192e-01	-2.1681880756e-01	-4.4391766436e-01	5.1938314320e-02	0.0000000000e+00	-8.0138332578e-01	2.8387357100e-01	-6.2994099514e-02
107	-6.6101696322e-01	-2.1691481792e-01	-4.4410214530e-01	5.1934684041e-02	0.0000000000e+00	-8.0172352350e-01	2.8398415922e-01	-6.2989696480e-02
108	-6.6129643171e-01	-2.1701123510e-01	-4.4428519661e-01	5.1928836205e-02	0.0000000000e+00	-8.0206248071e-01	2.8409245189e-01	-6.2982603852e-02
109	-6.6157342932e-01	-2.1710760428e-01	-4.4446582503e-01	5.1920295224e-02	0.0000000000e+00	-8.0239844107e-01	2.8419777594e-01	-6.2972244805e-02
110	-6.6184607032e-01	-2.1720306877e-01	-4.4464300156e-01	5.1910290364e-02	0.0000000000e+00	-8.0272911747e-01	2.8429991599e-01	-6.2960110273e-02
111	-6.6211392592e-01	-2.1729749674e-01	-4.4481642917e-01	5.1898874594e-02	0.0000000000e+00	-8.0305398981e-01	2.8439866554e-01	-6.2946264500e-02
112	-6.6237539850e-01	-2.1739030269e-01	-4.4498509581e-01	5.1886086135e-02	0.0000000000e+00	-8.0337112043e-01	2.8449349139e-01	-6.2930753841e-02
113	-6.6263068652e-01	-2.1748145696e-01	-4.4514922956e-01	5.1872146180e-02	0.0000000000e+00	-8.0368075003e-01	2.8458471574e-01	-6.2913846575e-02
114	-6.6287814980e-01	-2.1757041871e-01	-4.4530773109e-01	5.1857121982e-02	0.0000000000e+00	-8.0398088927e-01	2.8467164047e-01	-6.2895624270e-02
115	-6.6311740903e-01	-2.1765696530e-01	-4.4546044373e-01	5.1841244596e-02	0.0000000000e+00	-8.0427107812e-01	2.8475434805e-01	-6.2876367163e-02
116	-6.6334781385e-01	-2.1774082576e-01	-4.4560698809e-01	5.1824680385e-02	0.0000000000e+00	-8.0455052777e-01	2.8483270291e-01	-6.2856277031e-02
117	-6.6356901168e-01	-2.1782181210e-01	-4.4574719958e-01	5.1807619717e-02	0.0000000000e+00	-8.0481881061e-01	2.8490673436e-01	-6.2835584766e-02
118	-6.6378066709e-01	-2.1789975997e-01	-4.4588090712e-01	5.1790209757e-02	0.0000000000e+00	-8.0507551979e-01	2.8497643393e-01	-6.2814468856e-02
119	-6.6398259449e-01	-2.1797455649e-01	-4.4600803800e-01	5.1772596434e-02	0.0000000000e+00	-8.0532043022e-01	2.8504185189e-01	-6.2793106295e-02
120	-6.6417485246e-01	-2.1804616629e-01	-4.4612868618e-01	5.1754953239e-02	0.0000000000e+00	-8.0555361295e-01	2.8510314986e-01	-6.2771707503e-02
121	-6.6435724547e-01	-2.1811449313e-01	-4.4624275234e-01	5.1737332618e-02	0.0000000000e+00	-8.0577483081e-01	2.8516032401e-01	-6.2750336090e-02
122	-6.6452987748e-01	-2.1817952107e-01	-4.4635035641e-01	5.1719883646e-02	0.0000000000e+00	-8.0598420992e-01	2.8521354417e-01	-6.2729172865e-02
123	-6.6469314982e-01	-2.1824134142e-01	-4.4645180840e-01	5.1702716316e-02	0.0000000000e+00	-8.0618223703e-01	2.8526308372e-01	-6.2708351232e-02
124	-6.6484728977e-01	-2.1829998798e-01	-4.4654730179e-01	5.1685932092e-02	0.0000000000e+00	-8.0636918779e-01	2.8530914227e-01	-6.2687994255e-02
125	-6.6499246987e-01	-2.1835548207e-01	-4.4663698780e-01	5.1669648721e-02	0.0000000000e+00	-8.0654527147e-01	2.8535188216e-01	-6.2668244744e-02
126	-6.6512905609e-01	-2.1840791780e-01	-4.4672113829e-01	5.1653918089e-02	0.0000000000e+00	-8.0671093195e-01	2.8539152561e-01	-6.2649165630e-02
127	-6.6525731908e-01	-2.1845735863e-01	-4.4679996045e-01	5.1638819204e-02	0.0000000000e+00	-8.0686649748e-01	2.8542825227e-01	-6.2630852739e-02
128	-6.6537690664e-01	-2.1850372003e-01	-4.4687318661e-01	5.1623531972e-02	0.0000000000e+00	-8.0701154090e-01	2.8546183322e-01	-6.2612311410e-02
129	-6.6549072391e-01	-2.1854785759e-01	-4.4694286632e-01	5.1609785594e-02	0.0000000000e+00	-8.0714958574e-01	2.8549376091e-01	-6.2595638926e-02
130	-6.6559677864e-01	-2.1858911587e-01	-4.4700766278e-01	5.1597030204e-02	0.0000000000e+00	-8.0727821569e-01	2.8552318364e-01	-6.2580168376e-02
131	-6.6569537517e-01	-2.1862757249e-01	-4.4706780267e-01	5.1585084770e-02	0.0000000000e+00	-8.0739779984e-01	2.8555028773e-01	-6.2565680191e-02
132	-6.6578736113e-01	-2.1866351653e-01	-4.4712384460e-01	5.1573984976e-02	0.0000000000e+00	-8.0750936628e-01	2.8557541008e-01	-6.2552217654e-02
133	-6.6587045488e-01	-2.1869614345e-01	-4.4717431143e-01	5.1562472962e-02	0.0000000000e+00	-8.0761014768e-01	2.8559770997e-01	-6.2538255149e-02
134	-6.6595277262e-01	-2.1872854040e-01	-4.4722423222e-01	5.1550173225e-02	0.0000000000e+00	-8.0770998788e-01	2.8561961478e-01	-6.2523337244e-02
135	-6.6603196146e-01	-2.1875985220e-01	-4.4727210926e-01	5.1537677194e-02	0.0000000000e+00	-8.0780603316e-01	2.8564032132e-01	-6.2508181261e-02
136	-6.6610710417e-01	-2.1878959656e-01	-4.4731750761e-01	5.1525745266e-02	0.0000000000e+00	-8.0789717103e-01	2.8565988881e-01	-6.2493709458e-02
137	-6.6617770505e-01	-2.1881753202e-01	-4.4736017303e-01	5.1514715686e-02	0.0000000000e+00	-8.0798280028e-01	2.8567830125e-01	-6.2480332080e-02
138	-6.6624450556e-01	-2.1884386389e-01	-4.4740064167e-01	5.1504797652e-02	0.0000000000e+00	-8.0806382020e-01	2.8569597223e-01	-6.2468302856e-02
139	-6.6630684191e-01	-2.1886840841e-01	-4.4743843349e-01	5.1495912070e-02	0.0000000000e+00	-8.0813942569e-01	2.8571253135e-01	-6.2457525855e-02
140	-6.6636579497e-01	-2.1889149390e-01	-4.4747430107e-01	5.1488103585e-02	0.0000000000e+00	-8.0821092772e-01	2.8572850897e-01	-6.2448055226e-02
141	-6.6642147208e-01	-2.1891317753e-01	-4.4750829455e-01	5.1481297006e-02	0.0000000000e+00	-8.0827845647e-01	2.8574389628e-01	-6.2439799773e-02
142	-6.6647424739e-01	-2.1893358140e-01	-4.4754066599e-01	5.1475484864e-02	0.0000000000e+00	-8.0834246573e-01	2.8575885574e-01	-6.2432750437e-02
143	-6.6652428091e-01	-2.1895276480e-01	-4.4757151611e-01	5.1470627749e-02	0.0000000000e+00	-8.0840314958e-01	2.8577343913e-01	-6.2426859418e-02
144	-6.6657172592e-01	-2.1897078521e-01	-4.4760094071e-01	5.1466683914e-02	0.0000000000e+00	-8.0846069392e-01	2.8578769438e-01	-6.2422076083e-02
145	-6.6661670771e-01	-2.1898769588e-01	-4.4762901184e-01	5.1463597513e-02	0.0000000000e+00	-8.0851525070e-01	2.8580164495e-01	-6.2418332700e-02
146	-6.6665933686e-01	-2.1900354982e-01	-4.4765578704e-01	5.1461300067e-02	0.0000000000e+00	-8.0856695405e-01	2.8581529653e-01	-6.2415546211e-02
147	-6.6669973360e-01	-2.1901840605e-01	-4.4768132754e-01	5.1459718022e-02	0.0000000000e+00	-8.0861594979e-01	2.8582865187e-01	-6.2413627406e-02
148	-6.6673800203e-01	-2.1903232147e-01	-4.4770568056e-01	5.1458770416e-02	0.0000000000e+00	-8.0866236418e-01	2.8584169886e-01	-6.2412478089e-02
149	-6.6677424840e-01	-2.1904535456e-01	-4.4772889384e-01	5.1458377880e-02	0.0000000000e+00	-8.0870632609e-01	2.8585442410e-01	-6.2412001996e-02
150	-6.6680858073e-01	-2.1905756403e-01	-4.4775101670e-01	5.1458464624e-02	0.0000000000e+00	-8.0874796654e-01	2.8586681584e-01	-6.2412107205e-02
151	-6.6684113326e-01	-2.1906901656e-01	-4.4777211671e-01	5.1458963226e-02	0.0000000000e+00	-8.0878744832e-01	2.8587887519e-01	-6.2412711941e-02
152	-6.6687201453e-01	-2.1907976871e-01	-4.4779224582e-01	5.1459807437e-02	0.0000000000e+00	-8.0882490309e-01	2.8589059638e-01	-6.2413735854e-02
153	-6.6690135463e-01	-2.1908988195e-01	-4.4781147267e-01	5.1460939291e-02	0.0000000000e+00	-8.0886048863e-01	2.8590198840e-01	-6.2415108639e-02
154	-6.6692931627e-01	-2.1909942676e-01	-4.4782988951e-01	5.1462311943e-02	0.0000000000e+00	-8.0889440229e-01	2.8591307844e-01	-6.2416773478e-02
155	-6.6695607361e-01	-2.1910847426e-01	-4.4784759935e-01	5.1463886467e-02	0.0000000000e+00	-8.0892685530e-01	2.8592390637e-01	-6.2418683161e-02
156	-6.6698177231e-01	-2.1911708533e-01	-4.4786468698e-01	5.1465625332e-02	0.0000000000e+00	-8.0895802432e-01	2.8593450206e-01	-6.2420792167e-02
157	-6.6700658136e-01	-2.1912532610e-01	-4.4788125526e-01	5.1467498682e-02	0.0000000000e+00	-8.0898811432e-01	2.8594491145e-01	-6.2423064287e-02
158	-6.6703066523e-01	-2.1913326019e-01	-4.4789740504e-01	5.1469480331e-02	0.0000000000e+00	-8.0901732478e-01	2.8595518105e-01	-6.2425467756e-02
159	-6.6705417875e-01	-2.1914094731e-01	-4.4791323145e-01	5.1471546757e-02	0.0000000000e+00	-8.0904584347e-01	2.8596535518e-01	-6.2427974050e-02
160	-6.6707726141e-01	-2.1914844185e-01	-4.4792881956e-01	5.1473674835e-02	0.0000000000e+00	-8.0907383959e-01	2.8597547213e-01	-6.2430555118e-02
161	-6.6710003643e-01	-2.1915579279e-01	-4.4794424364e-01	5.1475841718e-02	0.0000000000e+00	-8.0910146259e-01	2.8598556357e-01	-6.2433183252e-02
162	-6.6712261059e-01	-2.1916304346e-01	-4.4795956713e-01	5.1478025535e-02	0.0000000000e+00	-8.0912884197e-01	2.8599565460e-01	-6.2435831924e-02
163	-6.6714508564e-01	-2.1917023446e-01	-4.4797485118e-01	5.1480207924e-02	0.0000000000e+00	-8.0915610115e-01	2.8600577090e-01	-6.2438478865e-02
164	-6.6716752175e-01	-2.1917739505e-01	-4.4799012671e-01	5.1482363519e-02	0.0000000000e+00	-8.0918331309e-01	2.8601591457e-01	-6.2441093309e-02
165	-6.6718998658e-01	-2.1918455542e-01	-4.4800543116e-01	5.1484472175e-02	0.0000000000e+00	-8.0921055986e-01	2.8602609467e-01	-6.2443650821e-02
166	-6.6721254841e-01	-2.1919174555e-01	-4.4802080286e-01	5.1486516033e-02	0.0000000000e+00	-8.0923792430e-01	2.8603632164e-01	-6.2446129743e-02
167	-6.6723519712e-01	-2.1919897185e-01	-4.4803622527e-01	5.1488469355e-02	0.0000000000e+00	-8.0926539409e-01	2.8604656677e-01	-6.2448498855e-02
168	-6.6725798823e-01	-2.1920625838e-01	-4.4805172985e-01	5.1490319746e-02	0.0000000000e+00	-8.0929303660e-01	2.8605683934e-01	-6.2450743128e-02
169	-6.6728092616e-01	-2.1921361345e-01	-4.4806731271e-01	5.1492049717e-02	0.0000000000e+00	-8.0932085719e-01	2.8606712408e-01	-6.2452841347e-02
170	-6.6730401214e-01	-2.1922104372e-01	-4.4808296842e-01	5.1493645293e-02	0.0000000000e+00	-8.0934885734e-01	2.8607740587e-01	-6.2454776564e-02
171	-6.6732721681e-01	-2.1922854586e-01	-4.4809867095e-01	5.1495092305e-02	0.0000000000e+00	-8.0937700144e-01	2.8608765636e-01	-6.2456531591e-02
172	-6.6735057232e-01	-2.1923613275e-01	-4.4811443957e-01	5.1496385802e-02	0.0000000000e+00	-8.0940532850e-01	2.8609788352e-01	-6.2458100427e-02
173	-6.6737401953e-01	-2.1924379055e-01	-4.4813022899e-01	5.1497514839e-02	0.0000000000e+00	-8.0943376677e-01	2.8610804805e-01	-6.2459469796e-02
174	-6.6739758421e-01	-2.1925152809e-01	-4.4814605612e-01	5.1498479943e-02	0.0000000000e+00	-8.0946234751e-01	2.8611816004e-01	-6.2460640335e-02
175	-6.6742120000e-01	-2.1925932826e-01	-4.4816187174e-01	5.1499270153e-02	0.0000000000e+00	-8.0949099025e-01	2.8612817934e-01	-6.2461598752e-02
176	-6.6744481549e-01	-2.1926717709e-01	-4.4817763840e-01	5.1499878838e-02	0.0000000000e+00	-8.0951963262e-01	2.8613807663e-01	-6.2462337004e-02
177	-6.6746844125e-01	-2.1927507419e-01	-4.4819336706e-01	5.1500322897e-02	0.0000000000e+00	-8.0954828745e-01	2.8614786608e-01	-6.2462875587e-02
178	-6.6749208666e-01	-2.1928302310e-01	-4.4820906356e-01	5.1500601242e-02	0.0000000000e+00	-8.0957696611e-01	2.8615755058e-01	-6.2463213181e-02
179	-6.6751569585e-01	-2.1929100390e-01	-4.4822469195e-01	5.1500721232e-02	0.0000000000e+00	-8.0960560083e-01	2.8616711006e-01	-6.2463358714e-02
180	-6.6753924516e-01	-2.1929900762e-01	-4.4824023754e-01	5.1500690322e-02	0.0000000000e+00	-8.0963416294e-01	2.8617653741e-01	-6.2463321223e-02
181	-6.6756270603e-01	-2.1930702346e-01	-4.4825568257e-01	5.1500515338e-02	0.0000000000e+00	-8.0966261779e-01	2.8618582389e-01	-6.2463108992e-02
182	-6.6758605329e-01	-2.1931504096e-01	-4.4827101232e-01	5.1500204564e-02	0.0000000000e+00	-8.0969093482e-01	2.8619496420e-01	-6.2462732065e-02
183	-6.6760924260e-01	-2.1932304409e-01	-4.4828619852e-01	5.1499766369e-02	0.0000000000e+00	-8.0971906031e-01	2.8620394303e-01	-6.2462200594e-02
184	-6.6763225496e-01	-2.1933102347e-01	-4.4830123149e-01	5.1499210016e-02	0.0000000000e+00	-8.0974697116e-01	2.8621276002e-01	-6.2461525814e-02
185	-6.6765505740e-01	-2.1933896574e-01	-4.4831609167e-01	5.1498545513e-02	0.0000000000e+00	-8.0977462741e-01	2.8622140741e-01	-6.2460719862e-02
186	-6.6767762068e-01	-2.1934685852e-01	-4.4833076216e-01	5.1497782503e-02	0.0000000000e+00	-8.0980199359e-01	2.8622987955e-01	-6.2459794435e-02
187	-6.6769991688e-01	-2.1935468977e-01	-4.4834522712e-01	5.1496931012e-02	0.0000000000e+00	-8.0982903585e-01	2.8623817169e-01	-6.2458761693e-02
188	-6.6772191908e-01	-2.1936244769e-01	-4.4835947139e-01	5.1496000973e-02	0.0000000000e+00	-8.0985572152e-01	2.8624627962e-01	-6.2457633682e-02
189	-6.6774360230e-01	-2.1937012111e-01	-4.4837348119e-01	5.1495002424e-02	0.0000000000e+00	-8.0988202032e-01	2.8625420010e-01	-6.2456422579e-02
190	-6.6776494004e-01	-2.1937769841e-01	-4.4838724164e-01	5.1493944908e-02	0.0000000000e+00	-8.0990790009e-01	2.8626192903e-01	-6.2455139956e-02
191	-6.6778591221e-01	-2.1938516996e-01	-4.4840074225e-01	5.1492838162e-02	0.0000000000e+00	-8.0993333647e-01	2.8626946536e-01	-6.2453797623e-02
192	-6.6780650036e-01	-2.1939252677e-01	-4.4841397359e-01	5.1491691611e-02	0.0000000000e+00	-8.0995830710e-01	2.8627680853e-01	-6.2452407014e-02
193	-6.6782668654e-01	-2.1939976011e-01	-4.4842692644e-01	5.1490514183e-02	0.0000000000e+00	-8.0998279018e-01	2.8628395792e-01	-6.2450978954e-02
194	-6.6784645464e-01	-2.1940686193e-01	-4.4843959271e-01	5.1489314478e-02	0.0000000000e+00	-8.1000676619e-01	2.8629091347e-01	-6.2449523874e-02
195	-6.6786579165e-01	-2.1941382532e-01	-4.4845196632e-01	5.1488100699e-02	0.0000000000e+00	-8.1003021934e-01	2.8629767625e-01	-6.2448051726e-02
196	-6.6788468509e-01	-2.1942064366e-01	-4.4846404143e-01	5.1486880497e-02	0.0000000000e+00	-8.1005313452e-01	2.8630424721e-01	-6.2446571788e-02
197	-6.6790312532e-01	-2.1942731136e-01	-4.4847581396e-01	5.1485661191e-02	0.0000000000e+00	-8.1007550000e-01	2.8631062826e-01	-6.2445092935e-02
198	-6.6792110478e-01	-2.1943382364e-01	-4.4848728114e-01	5.1484449639e-02	0.0000000000e+00	-8.1009730664e-01	2.8631682188e-01	-6.2443623488e-02
199	-6.6793861786e-01	-2.1944017666e-01	-4.4849844120e-01	5.1483252424e-02	0.0000000000e+00	-8.1011854762e-01	2.8632283067e-01	-6.2442171429e-02
200	-6.6795565973e-01	-2.1944636655e-01	-4.4850929318e-01	5.1482074038e-02	0.0000000000e+00	-8.1013921709e-01	2.8632865829e-01	-6.2440742208e-02
201	-6.6797222961e-01	-2.1945239137e-01	-4.4851983824e-01	5.1480921559e-02	0.0000000000e+00	-8.1015931409e-01	2.8633430858e-01	-6.2439344407e-02
202	-6.6798832587e-01	-2.1945824897e-01	-4.4853007690e-01	5.1479798983e-02	0.0000000000e+00	-8.1017883666e-01	2.8633978492e-01	-6.2437982875e-02
203	-6.6800394990e-01	-2.1946393824e-01	-4.4854001166e-01	5.1478710542e-02	0.0000000000e+00	-8.1019778649e-01	2.8634509177e-01	-6.2436662745e-02
204	-6.6801910420e-01	-2.1946945867e-01	-4.4854964553e-01	5.1477660025e-02	0.0000000000e+00	-8.1021616659e-01	2.8635023358e-01	-6.2435388611e-02
205	-6.6803379343e-01	-2.1947481057e-01	-4.4855898286e-01	5.1476650717e-02	0.0000000000e+00	-8.1023398262e-01	2.8635521536e-01	-6.2434164458e-02
206	-6.6804802286e-01	-2.1947999467e-01	-4.4856802820e-01	5.1475685306e-02	0.0000000000e+00	-8.1025124099e-01	2.8636004191e-01	-6.2432993545e-02
207	-6.6806179938e-01	-2.1948501235e-01	-4.4857678703e-01	5.1474766076e-02	0.0000000000e+00	-8.1026795002e-01	2.8636471836e-01	-6.2431878645e-02
208	-6.6807513074e-01	-2.1948986546e-01	-4.4858526528e-01	5.1473894784e-02	0.0000000000e+00	-8.1028411915e-01	2.8636924978e-01	-6.2430821886e-02
209	-6.6808802570e-01	-2.1949455633e-01	-4.4859346937e-01	5.1473072733e-02	0.0000000000e+00	-8.1029975898e-01	2.8637364129e-01	-6.2429824851e-02
210	-6.6810049371e-01	-2.1949908767e-01	-4.4860140603e-01	5.1472300784e-02	0.0000000000e+00	-8.1031488097e-01	2.8637789795e-01	-6.2428888581e-02
211	-6.6811254383e-01	-2.1950346213e-01	-4.4860908170e-01	5.1471579215e-02	0.0000000000e+00	-8.1032949612e-01	2.8638202447e-01	-6.2428013417e-02
212	-6.6812419062e-01	-2.1950768446e-01	-4.4861650616e-01	5.1470908938e-02	0.0000000000e+00	-8.1034362209e-01	2.8638602713e-01	-6.2427200462e-02
213	-6.6813544230e-01	-2.1951175737e-01	-4.4862368494e-01	5.1470288498e-02	0.0000000000e+00	-8.1035726886e-01	2.8638990946e-01	-6.2426447953e-02
214	-6.6814631228e-01	-2.1951568530e-01	-4.4863062698e-01	5.1469717828e-02	0.0000000000e+00	-8.1037045266e-01	2.8639367710e-01	-6.2425755808e-02
215	-6.6815681383e-01	-2.1951947292e-01	-4.4863734091e-01	5.1469196167e-02	0.0000000000e+00	-8.1038318961e-01	2.8639733499e-01	-6.2425123104e-02
216	-6.6816695675e-01	-2.1952312367e-01	-4.4864383309e-01	5.1468721654e-02	0.0000000000e+00	-8.1039549159e-01	2.8640088678e-01	-6.2424547584e-02
217	-6.6817675761e-01	-2.1952664336e-01	-4.4865011425e-01	5.1468293845e-02	0.0000000000e+00	-8.1040737869e-01	2.8640433860e-01	-6.2424028710e-02
218	-6.6818622769e-01	-2.1953003632e-01	-4.4865619137e-01	5.1467910521e-02	0.0000000000e+00	-8.1041886461e-01	2.8640769382e-01	-6.2423563791e-02
219	-6.6819538081e-01	-2.1953330760e-01	-4.4866207321e-01	5.1467569846e-02	0.0000000000e+00	-8.1042996610e-01	2.8641095701e-01	-6.2423150599e-02
220	-6.6820423021e-01	-2.1953646219e-01	-4.4866776802e-01	5.1467269835e-02	0.0000000000e+00	-8.1044069922e-01	2.8641413229e-01	-6.2422786726e-02
221	-6.6821278910e-01	-2.1953950504e-01	-4.4867328406e-01	5.1467008238e-02	0.0000000000e+00	-8.1045107998e-01	2.8641722377e-01	-6.2422469444e-02
222	-6.6822107171e-01	-2.1954244168e-01	-4.4867863002e-01	5.1466783335e-02	0.0000000000e+00	-8.1046112566e-01	2.8642023542e-01	-6.2422196667e-02
223	-6.6822908972e-01	-2.1954527667e-01	-4.4868381305e-01	5.1466592043e-02	0.0000000000e+00	-8.1047085042e-01	2.8642317049e-01	-6.2421964656e-02
224	-6.6823685679e-01	-2.1954801523e-01	-4.4868884156e-01	5.1466432306e-02	0.0000000000e+00	-8.1048027082e-01	2.8642603291e-01	-6.2421770917e-02
225	-6.6824438544e-01	-2.1955066232e-01	-4.4869372312e-01	5.1466301699e-02	0.0000000000e+00	-8.1048940204e-01	2.8642882599e-01	-6.2421612509e-02
226	-6.6825168793e-01	-2.1955322280e-01	-4.4869846513e-01	5.1466197756e-02	0.0000000000e+00	-8.1049825897e-01	2.8643155292e-01	-6.2421486440e-02
227	-6.6825877613e-01	-2.1955570140e-01	-4.4870307474e-01	5.1466118021e-02	0.0000000000e+00	-8.1050685599e-01	2.8643421667e-01	-6.2421389732e-02
228	-6.6826566151e-01	-2.1955810271e-01	-4.4870755879e-01	5.1466060063e-02	0.0000000000e+00	-8.1051520701e-01	2.8643682010e-01	-6.2421319438e-02
229	-6.6827235510e-01	-2.1956043121e-01	-4.4871192390e-01	5.1466021502e-02	0.0000000000e+00	-8.1052332543e-01	2.8643936586e-01	-6.2421272668e-02
230	-6.6827886751e-01	-2.1956269117e-01	-4.4871617634e-01	5.1466000011e-02	0.0000000000e+00	-8.1053122410e-01	2.8644185646e-01	-6.2421246603e-02
231	-6.6828520884e-01	-2.1956488673e-01	-4.4872032211e-01	5.1465993335e-02	0.0000000000e+00	-8.1053891526e-01	2.8644429423e-01	-6.2421238505e-02
232	-6.6829138862e-01	-2.1956702178e-01	-4.4872436683e-01	5.1465999301e-02	0.0000000000e+00	-8.1054641049e-01	2.8644668131e-01	-6.2421245742e-02
233	-6.6829741591e-01	-2.1956910007e-01	-4.4872831584e-01	5.1466015822e-02	0.0000000000e+00	-8.1055372078e-01	2.8644901971e-01	-6.2421265779e-02
234	-6.6830329928e-01	-2.1957112512e-01	-4.4873217416e-01	5.1466040928e-02	0.0000000000e+00	-8.1056085650e-01	2.8645131130e-01	-6.2421296229e-02
235	-6.6830904668e-01	-2.1957310024e-01	-4.4873594644e-01	5.1466072748e-02	0.0000000000e+00	-8.1056782731e-01	2.8645355775e-01	-6.2421334823e-02
236	-6.6831466562e-01	-2.1957502855e-01	-4.4873963706e-01	5.1466109528e-02	0.0000000000e+00	-8.1057464232e-01	2.8645576064e-01	-6.2421379432e-02
237	-6.6832016303e-01	-2.1957691296e-01	-4.4874325007e-01	5.1466149635e-02	0.0000000000e+00	-8.1058130994e-01	2.8645792139e-01	-6.2421428076e-02
238	-6.6832554537e-01	-2.1957875617e-01	-4.4874678920e-01	5.1466191549e-02	0.0000000000e+00	-8.1058783798e-01	2.8646004129e-01	-6.2421478912e-02
239	-6.6833081852e-01	-2.1958056066e-01	-4.4875025786e-01	5.1466233878e-02	0.0000000000e+00	-8.1059423359e-01	2.8646212151e-01	-6.2421530252e-02
240	-6.6833598792e-01	-2.1958232872e-01	-4.4875365920e-01	5.1466275349e-02	0.0000000000e+00	-8.1060050337e-01	2.8646416310e-01	-6.2421580550e-02
241	-6.6834105858e-01	-2.1958406247e-01	-4.4875699611e-01	5.1466314819e-02	0.0000000000e+00	-8.1060665338e-01	2.8646616705e-01	-6.2421628422e-02
242	-6.6834603491e-01	-2.1958576379e-01	-4.4876027112e-01	5.1466351256e-02	0.0000000000e+00	-8.1061268900e-01	2.8646813417e-01	-6.2421672614e-02
243	-6.6835092105e-01	-2.1958743442e-01	-4.4876348663e-01	5.1466383757e-02	0.0000000000e+00	-8.1061861522e-01	2.8647006525e-01	-6.2421712035e-02
244	-6.6835572048e-01	-2.1958907588e-01	-4.4876664460e-01	5.1466411504e-02	0.0000000000e+00	-8.1062443628e-01	2.8647196091e-01	-6.2421745687e-02
245	-6.6836043661e-01	-2.1959068957e-01	-4.4876974704e-01	5.1466433842e-02	0.0000000000e+00	-8.1063015630e-01	2.8647382183e-01	-6.2421772780e-02
246	-6.6836507230e-01	-2.1959227673e-01	-4.4877279556e-01	5.1466450192e-02	0.0000000000e+00	-8.1063577876e-01	2.8647564854e-01	-6.2421792610e-02
247	-6.6836963009e-01	-2.1959383844e-01	-4.4877579166e-01	5.1466460083e-02	0.0000000000e+00	-8.1064130674e-01	2.8647744152e-01	-6.2421804607e-02
248	-6.6837411223e-01	-2.1959537562e-01	-4.4877873661e-01	5.1466463145e-02	0.0000000000e+00	-8.1064674296e-01	2.8647920123e-01	-6.2421808321e-02
249	-6.6837852065e-01	-2.1959688910e-01	-4.4878163155e-01	5.1466459103e-02	0.0000000000e+00	-8.1065208978e-01	2.8648092806e-01	-6.2421803418e-02
250	-6.6838286004e-01	-2.1959838028e-01	-4.4878447975e-01	5.1466448881e-02	0.0000000000e+00	-8.1065735286e-01	2.8648262433e-01	-6.2421791020e-02
251	-6.6838712997e-01	-2.1959984933e-01	-4.4878728064e-01	5.1466431554e-02	0.0000000000e+00	-8.1066253171e-01	2.8648428913e-01	-6.2421770005e-02
252	-6.6839133104e-01	-2.1960129659e-01	-4.4879003445e-01	5.1466406890e-02	0.0000000000e+00	-8.1066762703e-01	2.8648592233e-01	-6.2421740092e-02
253	-6.6839546417e-01	-2.1960272242e-01	-4.4879274174e-01	5.1466374880e-02	0.0000000000e+00	-8.1067263995e-01	2.8648752416e-01	-6.2421701267e-02
254	-6.6839953010e-01	-2.1960412711e-01	-4.4879540298e-01	5.1466335610e-02	0.0000000000e+00	-8.1067757137e-01	2.8648909484e-01	-6.2421653638e-02
255	-6.6840352948e-01	-2.1960551089e-01	-4.4879801858e-01	5.1466289238e-02	0.0000000000e+00	-8.1068242207e-01	2.8649063461e-01	-6.2421597395e-02
256	-6.6840746278e-01	-2.1960687391e-01	-4.4880058887e-01	5.1466235976e-02	0.0000000000e+00	-8.1068719264e-01	2.8649214370e-01	-6.2421532796e-02
257	-6.6841133043e-01	-2.1960821628e-01	-4.4880311416e-01	5.1466176092e-02	0.0000000000e+00	-8.1069188357e-01	2.8649362235e-01	-6.2421460164e-02
258	-6.6841513276e-01	-2.1960953805e-01	-4.4880559471e-01	5.1466109899e-02	0.0000000000e+00	-8.1069649527e-01	2.8649507083e-01	-6.2421379881e-02
259	-6.6841886996e-01	-2.1961083923e-01	-4.4880803073e-01	5.1466037747e-02	0.0000000000e+00	-8.1070102799e-01	2.8649648938e-01	-6.2421292371e-02
260	-6.6842254220e-01	-2.1961211980e-01	-4.4881042240e-01	5.1465960020e-02	0.0000000000e+00	-8.1070548192e-01	2.8649787824e-01	-6.2421198099e-02
261	-6.6842614956e-01	-2.1961337970e-01	-4.4881276985e-01	5.1465877129e-02	0.0000000000e+00	-8.1070985715e-01	2.8649923769e-01	-6.2421097564e-02
262	-6.6842969212e-01	-2.1961461886e-01	-4.4881507326e-01	5.1465789515e-02	0.0000000000e+00	-8.1071415380e-01	2.8650056801e-01	-6.2420991299e-02
263	-6.6843316989e-01	-2.1961583717e-01	-4.4881733273e-01	5.1465697620e-02	0.0000000000e+00	-8.1071837186e-01	2.8650186945e-01	-6.2420879843e-02
264	-6.6843658292e-01	-2.1961703452e-01	-4.4881954839e-01	5.1465601915e-02	0.0000000000e+00	-8.1072251140e-01	2.8650314234e-01	-6.2420763766e-02
265	-6.6843993121e-01	-2.1961821082e-01	-4.4882172040e-01	5.1465502870e-02	0.0000000000e+00	-8.1072657242e-01	2.8650438697e-01	-6.2420643638e-02
266	-6.6844321480e-01	-2.1961936593e-01	-4.4882384887e-01	5.1465400958e-02	0.0000000000e+00	-8.1073055497e-01	2.8650560368e-01	-6.2420520033e-02
267	-6.6844643372e-01	-2.1962049975e-01	-4.4882593397e-01	5.1465296654e-02	0.0000000000e+00	-8.1073445908e-01	2.8650679278e-01	-6.2420393526e-02
268	-6.6844958805e-01	-2.1962161218e-01	-4.4882797587e-01	5.1465190424e-02	0.0000000000e+00	-8.1073828485e-01	2.8650795462e-01	-6.2420264684e-02
269	-6.6845267788e-01	-2.1962270311e-01	-4.4882997477e-01	5.1465082732e-02	0.0000000000e+00	-8.1074203239e-01	2.8650908957e-01	-6.2420134067e-02
270	-6.6845570336e-01	-2.1962377248e-01	-4.4883193088e-01	5.1464974023e-02	0.0000000000e+00	-8.1074570189e-01	2.8651019800e-01	-6.2420002219e-02
271	-6.6845866467e-01	-2.1962482022e-01	-4.4883384445e-01	5.1464864735e-02	0.0000000000e+00	-8.1074929355e-01	2.8651128029e-01	-6.2419869667e-02
272	-6.6846156203e-01	-2.1962584629e-01	-4.4883571575e-01	5.1464755283e-02	0.0000000000e+00	-8.1075280766e-01	2.8651233682e-01	-6.2419736917e-02
273	-6.6846439574e-01	-2.1962685066e-01	-4.4883754508e-01	5.1464646068e-02	0.0000000000e+00	-8.1075624456e-01	2.8651336802e-01	-6.2419604454e-02
274	-6.6846716612e-01	-2.1962783334e-01	-4.4883933278e-01	5.1464537468e-02	0.0000000000e+00	-8.1075960466e-01	2.8651437430e-01	-6.2419472737e-02
275	-6.6846987359e-01	-2.1962879436e-01	-4.4884107923e-01	5.1464429840e-02	0.0000000000e+00	-8.1076288844e-01	2.8651535609e-01	-6.2419342199e-02
276	-6.6847251860e-01	-2.1962973377e-01	-4.4884278483e-01	5.1464323520e-02	0.0000000000e+00	-8.1076609648e-01	2.8651631383e-01	-6.2419213247e-02
277	-6.6847510164e-01	-2.1963065164e-01	-4.4884445000e-01	5.1464218811e-02	0.0000000000e+00	-8.1076922936e-01	2.8651724794e-01	-6.2419086249e-02
278	-6.6847762332e-01	-2.1963154809e-01	-4.4884607523e-01	5.1464116003e-02	0.0000000000e+00	-8.1077228781e-01	2.8651815892e-01	-6.2418961557e-02
279	-6.6848008427e-01	-2.1963242325e-01	-4.4884766102e-01	5.1464015353e-02	0.0000000000e+00	-8.1077527261e-01	2.8651904721e-01	-6.2418839483e-02
280	-6.6848248518e-01	-2.1963327728e-01	-4.4884920790e-01	5.1463917094e-02	0.0000000000e+00	-8.1077818458e-01	2.8651991328e-01	-6.2418720308e-02
281	-6.6848482684e-01	-2.1963411037e-01	-4.4885071647e-01	5.1463821439e-02	0.0000000000e+00	-8.1078102470e-01	2.8652075762e-01	-6.2418604292e-02
282	-6.6848711003e-01	-2.1963492273e-01	-4.4885218730e-01	5.1463728566e-02	0.0000000000e+00	-8.1078379390e-01	2.8652158071e-01	-6.2418491649e-02
283	-6.6848933564e-01	-2.1963571461e-01	-4.4885362103e-01	5.1463638630e-02	0.0000000000e+00	-8.1078649327e-01	2.8652238303e-01	-6.2418382569e-02
284	-6.6849150459e-01	-2.1963648627e-01	-4.4885501833e-01	5.1463551766e-02	0.0000000000e+00	-8.1078912391e-01	2.8652316507e-01	-6.2418277215e-02
285	-6.6849361785e-01	-2.1963723799e-01	-4.4885637986e-01	5.1463468081e-02	0.0000000000e+00	-8.1079168700e-01	2.8652392733e-01	-6.2418175716e-02
286	-6.6849567644e-01	-2.1963797010e-01	-4.4885770634e-01	5.1463387659e-02	0.0000000000e+00	-8.1079418378e-01	2.8652467030e-01	-6.2418078175e-02
287	-6.6849768141e-01	-2.1963868292e-01	-4.4885899849e-01	5.1463310560e-02	0.0000000000e+00	-8.1079661554e-01	2.8652539447e-01	-6.2417984665e-02
288	-6.6849963386e-01	-2.1963937680e-01	-4.4886025706e-01	5.1463236825e-02	0.0000000000e+00	-8.1079898360e-01	2.8652610033e-01	-6.2417895234e-02
289	-6.6850153494e-01	-2.1964005212e-01	-4.4886148282e-01	5.1463166472e-02	0.0000000000e+00	-8.1080128935e-01	2.8652678838e-01	-6.2417809906e-02
290	-6.6850338580e-01	-2.1964070926e-01	-4.4886267653e-01	5.1463099500e-02	0.0000000000e+00	-8.1080353419e-01	2.8652745909e-01	-6.2417728678e-02
291	-6.6850518762e-01	-2.1964134863e-01	-4.4886383899e-01	5.1463035889e-02	0.0000000000e+00	-8.1080571956e-01	2.8652811296e-01	-6.2417651526e-02
292	-6.6850694163e-01	-2.1964197063e-01	-4.4886497099e-01	5.1462975602e-02	0.0000000000e+00	-8.1080784692e-01	2.8652875045e-01	-6.2417578407e-02
293	-6.6850864903e-01	-2.1964257570e-01	-4.4886607333e-01	5.1462918586e-02	0.0000000000e+00	-8.1080991778e-01	2.8652937205e-01	-6.2417509254e-02
294	-6.6851031108e-01	-2.1964316426e-01	-4.4886714682e-01	5.1462864774e-02	0.0000000000e+00	-8.1081193362e-01	2.8652997820e-01	-6.2417443987e-02
295	-6.6851192903e-01	-2.1964373676e-01	-4.4886819226e-01	5.1462814085e-02	0.0000000000e+00	-8.1081389596e-01	2.8653056938e-01	-6.2417382509e-02
296	-6.6851350411e-01	-2.1964429365e-01	-4.4886921046e-01	5.1462766427e-02	0.0000000000e+00	-8.1081580632e-01	2.8653114602e-01	-6.2417324706e-02
297	-6.6851503759e-01	-2.1964483537e-01	-4.4887020222e-01	5.1462721696e-02	0.0000000000e+00	-8.1081766622e-01	2.8653170856e-01	-6.2417270453e-02
298	-6.6851653071e-01	-2.1964536238e-01	-4.4887116833e-01	5.1462679780e-02	0.0000000000e+00	-8.1081947717e-01	2.8653225744e-01	-6.2417219614e-02
299	-6.6851798470e-01	-2.1964587513e-01	-4.4887210957e-01	5.1462640559e-02	0.0000000000e+00	-8.1082124067e-01	2.8653279306e-01	-6.2417172045e-02
300	-6.6851940081e-01	-2.1964637407e-01	-4.4887302674e-01	5.1462603908e-02	0.0000000000e+00	-8.1082295821e-01	2.8653331584e-01	-6.2417127592e-02
301	-6.6852078023e-01	-2.1964685965e-01	-4.4887392058e-01	5.1462569694e-02	0.0000000000e+00	-8.1082463126e-01	2.8653382617e-01	-6.2417086096e-02
302	-6.6852212416e-01	-2.1964733231e-01	-4.4887479185e-01	5.1462537783e-02	0.0000000000e+00	-8.1082626127e-01	2.8653432443e-01	-6.2417047391e-02
303	-6.6852343378e-01	-2.1964779250e-01	-4.4887564129e-01	5.1462508035e-02	0.0000000000e+00	-8.1082784966e-01	2.8653481099e-01	-6.2417011312e-02
304	-6.6852471024e-01	-2.1964824063e-01	-4.4887646960e-01	5.1462480312e-02	0.0000000000e+00	-8.1082939783e-01	2.8653528621e-01	-6.2416977687e-02
305	-6.6852595465e-01	-2.1964867714e-01	-4.4887727750e-01	5.1462454473e-02	0.0000000000e+00	-8.1083090713e-01	2.8653575045e-01	-6.2416946348e-02
306	-6.6852716811e-01	-2.1964910245e-01	-4.4887806566e-01	5.1462430378e-02	0.0000000000e+00	-8.1083237889e-01	2.8653620402e-01	-6.2416917124e-02
307	-6.6852835169e-01	-2.1964951694e-01	-4.4887883475e-01	5.1462407888e-02	0.0000000000e+00	-8.1083381441e-01	2.8653664726e-01	-6.2416889847e-02
308	-6.6852950641e-01	-2.1964992101e-01	-4.4887958539e-01	5.1462386867e-02	0.0000000000e+00	-8.1083521493e-01	2.8653708047e-01	-6.2416864351e-02
309	-6.6853063327e-01	-2.1965031505e-01	-4.4888031821e-01	5.1462367181e-02	0.0000000000e+00	-8.1083658166e-01	2.8653750395e-01	-6.2416840475e-02
310	-6.6853173323e-01	-2.1965069943e-01	-4.4888103381e-01	5.1462348701e-02	0.0000000000e+00	-8.1083791577e-01	2.8653791797e-01	-6.2416818061e-02
311	-6.6853280723e-01	-2.1965107449e-01	-4.4888173274e-01	5.1462331301e-02	0.0000000000e+00	-8.1083921838e-01	2.8653832282e-01	-6.2416796957e-02
312	-6.6853385615e-01	-2.1965144058e-01	-4.4888241558e-01	5.1462314860e-02	0.0000000000e+00	-8.1084049058e-01	2.8653871875e-01	-6.2416777016e-02
313	-6.6853488085e-01	-2.1965179802e-01	-4.4888308282e-01	5.1462299262e-02	0.0000000000e+00	-8.1084173339e-01	2.8653910600e-01	-6.2416758098e-02
314	-6.6853588214e-01	-2.1965214714e-01	-4.4888373500e-01	5.1462284398e-02	0.0000000000e+00	-8.1084294782e-01	2.8653948482e-01	-6.2416740070e-02
315	-6.6853686080e-01	-2.1965248823e-01	-4.4888437257e-01	5.1462270163e-02	0.0000000000e+00	-8.1084413480e-01	2.8653985542e-01	-6.2416722805e-02
316	-6.6853781757e-01	-2.1965282158e-01	-4.4888499600e-01	5.1462256461e-02	0.0000000000e+00	-8.1084529524e-01	2.8654021803e-01	-6.2416706186e-02
317	-6.6853875317e-01	-2.1965314745e-01	-4.4888560572e-01	5.1462243200e-02	0.0000000000e+00	-8.1084643000e-01	2.8654057284e-01	-6.2416690102e-02
318	-6.6853966826e-01	-2.1965346611e-01	-4.4888620215e-01	5.1462230295e-02	0.0000000000e+00	-8.1084753988e-01	2.8654092006e-01	-6.2416674451e-02
319	-6.6854056349e-01	-2.1965377780e-01	-4.4888678569e-01	5.1462217670e-02	0.0000000000e+00	-8.1084862566e-01	2.8654125986e-01	-6.2416659138e-02
320	-6.6854143944e-01	-2.1965408275e-01	-4.4888735669e-01	5.1462205253e-02	0.0000000000e+00	-8.1084968807e-01	2.8654159242e-01	-6.2416644078e-02
321	-6.6854229670e-01	-2.1965438119e-01	-4.4888791551e-01	5.1462192981e-02	0.0000000000e+00	-8.1085072781e-01	2.8654191790e-01	-6.2416629193e-02
322	-6.6854313579e-01	-2.1965467330e-01	-4.4888846249e-01	5.1462180795e-02	0.0000000000e+00	-8.1085174552e-01	2.8654223648e-01	-6.2416614414e-02
323	-6.6854395723e-01	-2.1965495930e-01	-4.4888899794e-01	5.1462168645e-02	0.0000000000e+00	-8.1085274181e-01	2.8654254830e-01	-6.2416599678e-02
324	-6.6854476150e-01	-2.1965523935e-01	-4.4888952215e-01	5.1462156487e-02	0.0000000000e+00	-8.1085371727e-01	2.8654285350e-01	-6.2416584932e-02
325	-6.6854554903e-01	-2.1965551362e-01	-4.4889003541e-01	5.1462144283e-02	0.0000000000e+00	-8.1085467245e-01	2.8654315223e-01	-6.2416570130e-02
326	-6.6854632027e-01	-2.1965578229e-01	-4.4889053798e-01	5.1462132000e-02	0.0000000000e+00	-8.1085560785e-01	2.8654344462e-01	-6.2416555232e-02
327	-6.6854707559e-01	-2.1965604548e-01	-4.4889103011e-01	5.1462119612e-02	0.0000000000e+00	-8.1085652396e-01	2.8654373079e-01	-6.2416540207e-02
328	-6.6854781538e-01	-2.1965630335e-01	-4.4889151204e-01	5.1462107097e-02	0.0000000000e+00	-8.1085742122e-01	2.8654401087e-01	-6.2416525029e-02
329	-6.6854854000e-01	-2.1965655601e-01	-4.4889198399e-01	5.1462094442e-02	0.0000000000e+00	-8.1085830008e-01	2.8654428497e-01	-6.2416509679e-02
330	-6.6854924976e-01	-2.1965680360e-01	-4.4889244616e-01	5.1462081634e-02	0.0000000000e+00	-8.1085916093e-01	2.8654455321e-01	-6.2416494145e-02
331	-6.6854994499e-01	-2.1965704622e-01	-4.4889289877e-01	5.1462068667e-02	0.0000000000e+00	-8.1086000414e-01	2.8654481569e-01	-6.2416478418e-02
332	-6.6855062597e-01	-2.1965728397e-01	-4.4889334200e-01	5.1462055540e-02	0.0000000000e+00	-8.1086083008e-01	2.8654507253e-01	-6.2416462496e-02
333	-6.6855129299e-01	-2.1965751697e-01	-4.4889377603e-01	5.1462042254e-02	0.0000000000e+00	-8.1086163909e-01	2.8654532383e-01	-6.2416446382e-02
334	-6.6855194631e-01	-2.1965774529e-01	-4.4889420103e-01	5.1462028815e-02	0.0000000000e+00	-8.1086243148e-01	2.8654556968e-01	-6.2416430083e-02
335	-6.6855258618e-01	-2.1965796902e-01	-4.4889461716e-01	5.1462015231e-02	0.0000000000e+00	-8.1086320755e-01	2.8654581018e-01	-6.2416413607e-02
336	-6.6855321284e-01	-2.1965818825e-01	-4.4889502459e-01	5.1462001514e-02	0.0000000000e+00	-8.1086396760e-01	2.8654604542e-01	-6.2416396970e-02
337	-6.6855382651e-01	-2.1965840305e-01	-4.4889542346e-01	5.1461987678e-02	0.0000000000e+00	-8.1086471190e-01	2.8654627551e-01	-6.2416380189e-02
338	-6.6855442741e-01	-2.1965861349e-01	-4.4889581392e-01	5.1461973739e-02	0.0000000000e+00	-8.1086544072e-01	2.8654650053e-01	-6.2416363283e-02
339	-6.6855501576e-01	-2.1965881965e-01	-4.4889619611e-01	5.1461959715e-02	0.0000000000e+00	-8.1086615430e-01	2.8654672058e-01	-6.2416346273e-02
340	-6.6855559174e-01	-2.1965902158e-01	-4.4889657016e-01	5.1461945625e-02	0.0000000000e+00	-8.1086685289e-01	2.8654693573e-01	-6.2416329184e-02
341	-6.6855615557e-01	-2.1965921935e-01	-4.4889693621e-01	5.1461931490e-02	0.0000000000e+00	-8.1086753673e-01	2.8654714608e-01	-6.2416312041e-02
342	-6.6855670741e-01	-2.1965941302e-01	-4.4889729439e-01	5.1461917332e-02	0.0000000000e+00	-8.1086820605e-01	2.8654735171e-01	-6.2416294869e-02
343	-6.6855724747e-01	-2.1965960265e-01	-4.4889764482e-01	5.1461903174e-02	0.0000000000e+00	-8.1086886106e-01	2.8654755271e-01	-6.2416277697e-02
344	-6.6855777592e-01	-2.1965978830e-01	-4.4889798763e-01	5.1461889037e-02	0.0000000000e+00	-8.1086950200e-01	2.8654774916e-01	-6.2416260551e-02
345	-6.6855829294e-01	-2.1965997001e-01	-4.4889832293e-01	5.1461874945e-02	0.0000000000e+00	-8.1087012907e-01	2.8654794115e-01	-6.2416243460e-02
346	-6.6855879871e-01	-2.1966014785e-01	-4.4889865086e-01	5.1461860921e-02	0.0000000000e+00	-8.1087074250e-01	2.8654812877e-01	-6.2416226451e-02
347	-6.6855929339e-01	-2.1966032186e-01	-4.4889897153e-01	5.1461846987e-02	0.0000000000e+00	-8.1087134248e-01	2.8654831208e-01	-6.2416209551e-02
348	-6.6855977716e-01	-2.1966049211e-01	-4.4889928505e-01	5.1461833165e-02	0.0000000000e+00	-8.1087192923e-01	2.8654849118e-01	-6.2416192786e-02
349	-6.6856025019e-01	-2.1966065863e-01	-4.4889959156e-01	5.1461819477e-02	0.0000000000e+00	-8.1087250295e-01	2.8654866615e-01	-6.2416176184e-02
350	-6.6856071265e-01	-2.1966082150e-01	-4.4889989115e-01	5.1461805942e-02	0.0000000000e+00	-8.1087306385e-01	2.8654883707e-01	-6.2416159768e-02
351	-6.6856116471e-01	-2.1966098075e-01	-4.4890018396e-01	5.1461792580e-02	0.0000000000e+00	-8.1087361214e-01	2.8654900402e-01	-6.2416143562e-02
352	-6.6856160655e-01	-2.1966113644e-01	-4.4890047010e-01	5.1461779411e-02	0.0000000000e+00	-8.1087414803e-01	2.8654916707e-01	-6.2416127589e-02
353	-6.6856203832e-01	-2.1966128863e-01	-4.4890074969e-01	5.1461766450e-02	0.0000000000e+00	-8.1087467171e-01	2.8654932632e-01	-6.2416111870e-02
354	-6.6856246021e-01	-2.1966143737e-01	-4.4890102284e-01	5.1461753715e-02	0.0000000000e+00	-8.1087518340e-01	2.8654948183e-01	-6.2416096424e-02
355	-6.6856287238e-01	-2.1966158271e-01	-4.4890128967e-01	5.1461741221e-02	0.0000000000e+00	-8.1087568331e-01	2.8654963370e-01	-6.2416081270e-02
356	-6.6856327501e-01	-2.1966172471e-01	-4.4890155030e-01	5.1461728980e-02	0.0000000000e+00	-8.1087617165e-01	2.8654978199e-01	-6.2416066423e-02
357	-6.6856366827e-01	-2.1966186342e-01	-4.4890180485e-01	5.1461717004e-02	0.0000000000e+00	-8.1087664862e-01	2.8654992678e-01	-6.2416051899e-02
358	-6.6856405234e-01	-2.1966199891e-01	-4.4890205343e-01	5.1461705305e-02	0.0000000000e+00	-8.1087711444e-01	2.8655006816e-01	-6.2416037709e-02
359	-6.6856442738e-01	-2.1966213121e-01	-4.4890229617e-01	5.1461693891e-02	0.0000000000e+00	-8.1087756931e-01	2.8655020619e-01	-6.2416023865e-02
360	-6.6856479358e-01	-2.1966226041e-01	-4.4890253317e-01	5.1461682770e-02	0.0000000000e+00	-8.1087801346e-01	2.8655034096e-01	-6.2416010377e-02
361	-6.6856515110e-01	-2.1966238654e-01	-4.4890276457e-01	5.1461671948e-02	0.0000000000e+00	-8.1087844709e-01	2.8655047254e-01	-6.2415997252e-02
362	-6.6856550014e-01	-2.1966250967e-01	-4.4890299047e-01	5.1461661430e-02	0.0000000000e+00	-8.1087887042e-01	2.8655060100e-01	-6.2415984495e-02
363	-6.6856584085e-01	-2.1966262986e-01	-4.4890321099e-01	5.1461651220e-02	0.0000000000e+00	-8.1087928366e-01	2.8655072641e-01	-6.2415972111e-02
364	-6.6856617340e-01	-2.1966274716e-01	-4.4890342624e-01	5.1461641321e-02	0.0000000000e+00	-8.1087968699e-01	2.8655084884e-01	-6.2415960105e-02
365	-6.6856649801e-01	-2.1966286165e-01	-4.4890363636e-01	5.1461631723e-02	0.0000000000e+00	-8.1088008070e-01	2.8655096839e-01	-6.2415948464e-02
366	-6.6856681483e-01	-2.1966297337e-01	-4.4890384146e-01	5.1461622445e-02	0.0000000000e+00	-8.1088046496e-01	2.8655108511e-01	-6.2415937211e-02
367	-6.6856712402e-01	-2.1966308238e-01	-4.4890404164e-01	5.1461613475e-02	0.0000000000e+00	-8.1088083997e-01	2.8655119907e-01	-6.2415926332e-02
368	-6.6856742577e-01	-2.1966318875e-01	-4.4890423702e-01	5.1461604810e-02	0.0000000000e+00	-8.1088120595e-01	2.8655131033e-01	-6.2415915822e-02
369	-6.6856772025e-01	-2.1966329254e-01	-4.4890442771e-01	5.1461596447e-02	0.0000000000e+00	-8.1088156312e-01	2.8655141897e-01	-6.2415905679e-02
370	-6.6856800763e-01	-2.1966339380e-01	-4.4890461383e-01	5.1461588381e-02	0.0000000000e+00	-8.1088191167e-01	2.8655152504e-01	-6.2415895897e-02
371	-6.6856828809e-01	-2.1966349260e-01	-4.4890479549e-01	5.1461580608e-02	0.0000000000e+00	-8.1088225183e-01	2.8655162862e-01	-6.2415886469e-02
372	-6.6856856178e-01	-2.1966358898e-01	-4.4890497280e-01	5.1461573121e-02	0.0000000000e+00	-8.1088258378e-01	2.8655172977e-01	-6.2415877388e-02
373	-6.6856882889e-01	-2.1966368303e-01	-4.4890514586e-01	5.1461565913e-02	0.0000000000e+00	-8.1088290774e-01	2.8655182854e-01	-6.2415868646e-02
374	-6.6856908956e-01	-2.1966377478e-01	-4.4890531478e-01	5.1461558977e-02	0.0000000000e+00	-8.1088322390e-01	2.8655192501e-01	-6.2415860233e-02
375	-6.6856934397e-01	-2.1966386430e-01	-4.4890547968e-01	5.1461552303e-02	0.0000000000e+00	-8.1088353247e-01	2.8655201922e-01	-6.2415852139e-02
376	-6.6856959228e-01	-2.1966395165e-01	-4.4890564064e-01	5.1461545885e-02	0.0000000000e+00	-8.1088383363e-01	2.8655211124e-01	-6.2415844354e-02
377	-6.6856983464e-01	-2.1966403687e-01	-4.4890579777e-01	5.1461539712e-02	0.0000000000e+00	-8.1088412759e-01	2.8655220112e-01	-6.2415836868e-02
378	-6.6857007121e-01	-2.1966412004e-01	-4.4890595117e-01	5.1461533776e-02	0.0000000000e+00	-8.1088441451e-01	2.8655228892e-01	-6.2415829668e-02
379	-6.6857030214e-01	-2.1966420120e-01	-4.4890610095e-01	5.1461528066e-02	0.0000000000e+00	-8.1088469460e-01	2.8655237469e-01	-6.2415822743e-02
380	-6.6857052758e-01	-2.1966428040e-01	-4.4890624718e-01	5.1461522574e-02	0.0000000000e+00	-8.1088496803e-01	2.8655245847e-01	-6.2415816081e-02
381	-6.6857074768e-01	-2.1966435770e-01	-4.4890638997e-01	5.1461517289e-02	0.0000000000e+00	-8.1088523497e-01	2.8655254034e-01	-6.2415809672e-02
382	-6.6857096257e-01	-2.1966443316e-01	-4.4890652941e-01	5.1461512202e-02	0.0000000000e+00	-8.1088549561e-01	2.8655262032e-01	-6.2415803501e-02
383	-6.6857117240e-01	-2.1966450681e-01	-4.4890666559e-01	5.1461507302e-02	0.0000000000e+00	-8.1088575010e-01	2.8655269847e-01	-6.2415797558e-02
384	-6.6857137730e-01	-2.1966457872e-01	-4.4890679859e-01	5.1461502580e-02	0.0000000000e+00	-8.1088599862e-01	2.8655277484e-01	-6.2415791831e-02
385	-6.6857157741e-01	-2.1966464892e-01	-4.4890692850e-01	5.1461498026e-02	0.0000000000e+00	-8.1088624133e-01	2.8655284947e-01	-6.2415786308e-02
386	-6.6857177286e-01	-2.1966471747e-01	-4.4890705539e-01	5.1461493630e-02	0.0000000000e+00	-8.1088647837e-01	2.8655292241e-01	-6.2415780977e-02
387	-6.6857196376e-01	-2.1966478440e-01	-4.4890717935e-01	5.1461489384e-02	0.0000000000e+00	-8.1088670991e-01	2.8655299369e-01	-6.2415775826e-02
388	-6.6857215024e-01	-2.1966484978e-01	-4.4890730046e-01	5.1461485278e-02	0.0000000000e+00	-8.1088693609e-01	2.8655306336e-01	-6.2415770847e-02
389	-6.6857233243e-01	-2.1966491363e-01	-4.4890741879e-01	5.1461481304e-02	0.0000000000e+00	-8.1088715706e-01	2.8655313145e-01	-6.2415766026e-02
390	-6.6857251043e-01	-2.1966497601e-01	-4.4890753442e-01	5.1461477452e-02	0.0000000000e+00	-8.1088737295e-01	2.8655319801e-01	-6.2415761354e-02
391	-6.6857268435e-01	-2.1966503694e-01	-4.4890764741e-01	5.1461473715e-02	0.0000000000e+00	-8.1088758389e-01	2.8655326308e-01	-6.2415756822e-02
392	-6.6857285431e-01	-2.1966509648e-01	-4.4890775783e-01	5.1461470085e-02	0.0000000000e+00	-8.1088779003e-01	2.8655332669e-01	-6.2415752420e-02
393	-6.6857302040e-01	-2.1966515466e-01	-4.4890786575e-01	5.1461466555e-02	0.0000000000e+00	-8.1088799148e-01	2.8655338887e-01	-6.2415748138e-02
394	-6.6857318274e-01	-2.1966521151e-01	-4.4890797123e-01	5.1461463118e-02	0.0000000000e+00	-8.1088818837e-01	2.8655344965e-01	-6.2415743969e-02
395	-6.6857334141e-01	-2.1966526707e-01	-4.4890807434e-01	5.1461459766e-02	0.0000000000e+00	-8.1088838081e-01	2.8655350908e-01	-6.2415739904e-02
396	-6.6857349650e-01	-2.1966532138e-01	-4.4890817513e-01	5.1461456494e-02	0.0000000000e+00	-8.1088856892e-01	2.8655356719e-01	-6.2415735936e-02
397	-6.6857364812e-01	-2.1966537446e-01	-4.4890827366e-01	5.1461453297e-02	0.0000000000e+00	-8.1088875282e-01	2.8655362399e-01	-6.2415732058e-02
398	-6.6857379635e-01	-2.1966542636e-01	-4.4890836999e-01	5.1461450168e-02	0.0000000000e+00	-8.1088893260e-01	2.8655367954e-01	-6.2415728263e-02
399	-6.6857394127e-01	-2.1966547710e-01	-4.4890846417e-01	5.1461447103e-02	0.0000000000e+00	-8.1088910836e-01	2.8655373384e-01	-6.2415724545e-02
400	-6.6857408296e-01	-2.1966552671e-01	-4.4890855625e-01	5.1461444097e-02	0.0000000000e+00	-8.1088928022e-01	2.8655378693e-01	-6.2415720900e-02
401	-6.6857422151e-01	-2.1966557522e-01	-4.4890864629e-01	5.1461441146e-02	0.0000000000e+00	-8.1088944826e-01	2.8655383885e-01	-6.2415717321e-02
402	-6.6857435698e-01	-2.1966562265e-01	-4.4890873433e-01	5.1461438247e-02	0.0000000000e+00	-8.1088961257e-01	2.8655388960e-01	-6.2415713804e-02
403	-6.6857448946e-01	-2.1966566904e-01	-4.4890882042e-01	5.1461435396e-02	0.0000000000e+00	-8.1088977325e-01	2.8655393923e-01	-6.2415710346e-02
404	-6.6857461901e-01	-2.1966571440e-01	-4.4890890461e-01	5.1461432590e-02	0.0000000000e+00	-8.1088993037e-01	2.8655398775e-01	-6.2415706943e-02
405	-6.6857474570e-01	-2.1966575877e-01	-4.4890898693e-01	5.1461429826e-02	0.0000000000e+00	-8.1089008403e-01	2.8655403520e-01	-6.2415703590e-02
406	-6.6857486960e-01	-2.1966580217e-01	-4.4890906743e-01	5.1461427102e-02	0.0000000000e+00	-8.1089023430e-01	2.8655408158e-01	-6.2415700287e-02
407	-6.6857499077e-01	-2.1966584461e-01	-4.4890914616e-01	5.1461424416e-02	0.0000000000e+00	-8.1089038126e-01	2.8655412693e-01	-6.2415697030e-02
408	-6.6857510927e-01	-2.1966588613e-01	-4.4890922314e-01	5.1461421767e-02	0.0000000000e+00	-8.1089052499e-01	2.8655417127e-01	-6.2415693817e-02
409	-6.6857522516e-01	-2.1966592673e-01	-4.4890929843e-01	5.1461419153e-02	0.0000000000e+00	-8.1089066555e-01	2.8655421462e-01	-6.2415690646e-02
410	-6.6857533851e-01	-2.1966596645e-01	-4.4890937205e-01	5.1461416573e-02	0.0000000000e+00	-8.1089080302e-01	2.8655425700e-01	-6.2415687516e-02
411	-6.6857544935e-01	-2.1966600530e-01	-4.4890944405e-01	5.1461414026e-02	0.0000000000e+00	-8.1089093746e-01	2.8655429843e-01	-6.2415684427e-02
412	-6.6857555776e-01	-2.1966604331e-01	-4.4890951445e-01	5.1461411511e-02	0.0000000000e+00	-8.1089106894e-01	2.8655433893e-01	-6.2415681377e-02
413	-6.6857566377e-01	-2.1966608048e-01	-4.4890958330e-01	5.1461409028e-02	0.0000000000e+00	-8.1089119753e-01	2.8655437853e-01	-6.2415678365e-02
414	-6.6857576745e-01	-2.1966611683e-01	-4.4890965062e-01	5.1461406576e-02	0.0000000000e+00	-8.1089132327e-01	2.8655441723e-01	-6.2415675392e-02
415	-6.6857586884e-01	-2.1966615239e-01	-4.4890971645e-01	5.1461404156e-02	0.0000000000e+00	-8.1089144624e-01	2.8655445507e-01	-6.2415672457e-02
416	-6.6857596799e-01	-2.1966618717e-01	-4.4890978081e-01	5.1461401768e-02	0.0000000000e+00	-8.1089156650e-01	2.8655449205e-01	-6.2415669560e-02
417	-6.6857606494e-01	-2.1966622119e-01	-4.4890984375e-01	5.1461399411e-02	0.0000000000e+00	-8.1089168409e-01	2.8655452820e-01	-6.2415666701e-02
418	-6.6857615974e-01	-2.1966625446e-01	-4.4890990528e-01	5.1461397086e-02	0.0000000000e+00	-8.1089179907e-01	2.8655456353e-01	-6.2415663881e-02
419	-6.6857625244e-01	-2.1966628699e-01	-4.4890996544e-01	5.1461394793e-02	0.0000000000e+00	-8.1089191150e-01	2.8655459806e-01	-6.2415661100e-02
420	-6.6857634307e-01	-2.1966631881e-01	-4.4891002426e-01	5.1461392533e-02	0.0000000000e+00	-8.1089202142e-01	2.8655463181e-01	-6.2415658359e-02
421	-6.6857643169e-01	-2.1966634992e-01	-4.4891008176e-01	5.1461390306e-02	0.0000000000e+00	-8.1089212890e-01	2.8655466480e-01	-6.2415655658e-02
422	-6.6857651832e-01	-2.1966638035e-01	-4.4891013797e-01	5.1461388112e-02	0.0000000000e+00	-8.1089223398e-01	2.8655469703e-01	-6.2415652997e-02
423	-6.6857660302e-01	-2.1966641010e-01	-4.4891019292e-01	5.1461385953e-02	0.0000000000e+00	-8.1089233670e-01	2.8655472853e-01	-6.2415650378e-02
424	-6.6857668582e-01	-2.1966643918e-01	-4.4891024663e-01	5.1461383828e-02	0.0000000000e+00	-8.1089243712e-01	2.8655475932e-01	-6.2415647802e-02
425	-6.6857676675e-01	-2.1966646762e-01	-4.4891029913e-01	5.1461381739e-02	0.0000000000e+00	-8.1089253529e-01	2.8655478940e-01	-6.2415645268e-02
426	-6.6857684585e-01	-2.1966649541e-01	-4.4891035044e-01	5.1461379687e-02	0.0000000000e+00	-8.1089263122e-01	2.8655481878e-01	-6.2415642779e-02
427	-6.6857692318e-01	-2.1966652259e-01	-4.4891040059e-01	5.1461377665e-02	0.0000000000e+00	-8.1089272502e-01	2.8655484750e-01	-6.2415640326e-02
428	-6.6857699877e-01	-2.1966654916e-01	-4.4891044961e-01	5.1461375686e-02	0.0000000000e+00	-8.1089281670e-01	2.8655487557e-01	-6.2415637927e-02
429	-6.6857707264e-01	-2.1966657512e-01	-4.4891049752e-01	5.1461373744e-02	0.0000000000e+00	-8.1089290628e-01	2.8655490299e-01	-6.2415635571e-02
