# Time           	e423_0           
1	( -1.3182806913e+00 8.4443106538e-01 -6.2232654369e-01 )	
2	( -6.2740478368e-01 3.4005686669e-01 -2.0828823289e-01 )	
3	( -4.3105190784e-01 2.1095928827e-01 -1.0550014157e-01 )	
4	( -4.0565210701e-01 1.9161099878e-01 -8.7344145744e-02 )	
5	( -4.2156347219e-01 1.9601907081e-01 -8.6586729352e-02 )	
6	( -4.4412677400e-01 2.0368113066e-01 -8.7999514579e-02 )	
7	( -4.6372978549e-01 2.0959599183e-01 -8.8435347877e-02 )	
8	( -4.8245625034e-01 2.1547429705e-01 -8.9107425577e-02 )	
9	( -4.9898647722e-01 2.2052200842e-01 -8.9637277682e-02 )	
10	( -5.1426755635e-01 2.2506568419e-01 -9.0042990200e-02 )	
11	( -5.2905386745e-01 2.2923019593e-01 -9.0298043624e-02 )	
12	( -5.4294672403e-01 2.3288010015e-01 -9.0232710924e-02 )	
13	( -5.5602983387e-01 2.3612121950e-01 -9.0007628910e-02 )	
14	( -5.6765239156e-01 2.3866900428e-01 -8.9490653863e-02 )	
15	( -5.7907738478e-01 2.4100892560e-01 -8.8717032174e-02 )	
16	( -5.8963227706e-01 2.4304590714e-01 -8.7895537120e-02 )	
17	( -5.9984384179e-01 2.4500546226e-01 -8.7007331753e-02 )	
18	( -6.0951172223e-01 2.4681703570e-01 -8.6047990496e-02 )	
19	( -6.1857942668e-01 2.4846472025e-01 -8.5116190031e-02 )	
20	( -6.2739435320e-01 2.5011561194e-01 -8.4229853046e-02 )	
21	( -6.3629159848e-01 2.5181539607e-01 -8.3401282938e-02 )	
22	( -6.4488301069e-01 2.5347289260e-01 -8.2558189253e-02 )	
23	( -6.5238955133e-01 2.5485226800e-01 -8.1769152554e-02 )	
24	( -6.5981717455e-01 2.5626938750e-01 -8.1039973970e-02 )	
25	( -6.6663396168e-01 2.5754814106e-01 -8.0308018394e-02 )	
26	( -6.7371863134e-01 2.5893634814e-01 -7.9587444468e-02 )	
27	( -6.8062904535e-01 2.6025454581e-01 -7.8922525407e-02 )	
28	( -6.8638218723e-01 2.6132103128e-01 -7.8444959237e-02 )	
29	( -6.9269285965e-01 2.6262446727e-01 -7.7845928304e-02 )	
30	( -6.9963070007e-01 2.6418998536e-01 -7.7123023242e-02 )	
31	( -7.0663224518e-01 2.6581149906e-01 -7.6419444611e-02 )	
32	( -7.1334603022e-01 2.6735434506e-01 -7.5752643100e-02 )	
33	( -7.1947881942e-01 2.6874996776e-01 -7.5141051187e-02 )	
34	( -7.2511399359e-01 2.7000347194e-01 -7.4533175507e-02 )	
35	( -7.3038954682e-01 2.7119777929e-01 -7.3965625523e-02 )	
36	( -7.3528499658e-01 2.7230812101e-01 -7.3463028015e-02 )	
37	( -7.3983472846e-01 2.7329739537e-01 -7.3009019886e-02 )	
38	( -7.4390536255e-01 2.7412469079e-01 -7.2518153979e-02 )	
39	( -7.4758705859e-01 2.7480831038e-01 -7.1993391137e-02 )	
40	( -7.5101596680e-01 2.7539768942e-01 -7.1456834667e-02 )	
41	( -7.5412549562e-01 2.7588374889e-01 -7.0922447935e-02 )	
42	( -7.5703701068e-01 2.7630555672e-01 -7.0376371815e-02 )	
43	( -7.5973452422e-01 2.7666081830e-01 -6.9830795302e-02 )	
44	( -7.6224895861e-01 2.7696806166e-01 -6.9291956528e-02 )	
45	( -7.6464725487e-01 2.7725955983e-01 -6.8766632497e-02 )	
46	( -7.6679265763e-01 2.7749929129e-01 -6.8274698918e-02 )	
47	( -7.6900255032e-01 2.7778769954e-01 -6.7775775163e-02 )	
48	( -7.7069640281e-01 2.7795090729e-01 -6.7300837802e-02 )	
49	( -7.7260320905e-01 2.7818346304e-01 -6.6823443899e-02 )	
50	( -7.7442129812e-01 2.7838682684e-01 -6.6342781575e-02 )	
51	( -7.7614745129e-01 2.7857118426e-01 -6.5875873479e-02 )	
52	( -7.7779882357e-01 2.7874807106e-01 -6.5433932703e-02 )	
53	( -7.7937460691e-01 2.7891530706e-01 -6.5011927288e-02 )	
54	( -7.8092855135e-01 2.7910062538e-01 -6.4614990900e-02 )	
55	( -7.8241434080e-01 2.7928624948e-01 -6.4244471776e-02 )	
56	( -7.8382298460e-01 2.7946981573e-01 -6.3902872033e-02 )	
57	( -7.8517224587e-01 2.7965879575e-01 -6.3591965998e-02 )	
58	( -7.8647433943e-01 2.7985688493e-01 -6.3315023227e-02 )	
59	( -7.8771869508e-01 2.8005967561e-01 -6.3073256084e-02 )	
60	( -7.8887911841e-01 2.8025755008e-01 -6.2854360218e-02 )	
61	( -7.8997440491e-01 2.8045161215e-01 -6.2656509424e-02 )	
62	( -7.9100477423e-01 2.8064095859e-01 -6.2479399653e-02 )	
63	( -7.9193692358e-01 2.8081418363e-01 -6.2322262948e-02 )	
64	( -7.9279335024e-01 2.8097688357e-01 -6.2185103018e-02 )	
65	( -7.9357662010e-01 2.8112850389e-01 -6.2070183507e-02 )	
66	( -7.9426546546e-01 2.8126206424e-01 -6.1975601119e-02 )	
67	( -7.9485953390e-01 2.8137576403e-01 -6.1894721938e-02 )	
68	( -7.9537669615e-01 2.8147398852e-01 -6.1827974465e-02 )	
69	( -7.9582283649e-01 2.8155748450e-01 -6.1774908141e-02 )	
70	( -7.9620134830e-01 2.8162766303e-01 -6.1733602755e-02 )	
71	( -7.9651279727e-01 2.8168428284e-01 -6.1703117643e-02 )	
72	( -7.9677173717e-01 2.8173319643e-01 -6.1684442964e-02 )	
73	( -7.9697434673e-01 2.8177177295e-01 -6.1676772649e-02 )	
74	( -7.9713196914e-01 2.8180442842e-01 -6.1680379962e-02 )	
75	( -7.9724674461e-01 2.8183104405e-01 -6.1694461988e-02 )	
76	( -7.9732479819e-01 2.8185337400e-01 -6.1718497852e-02 )	
77	( -7.9737182307e-01 2.8187287240e-01 -6.1751818734e-02 )	
78	( -7.9739440744e-01 2.8189076581e-01 -6.1793300641e-02 )	
79	( -7.9739605050e-01 2.8190752335e-01 -6.1841852804e-02 )	
80	( -7.9738212209e-01 2.8192426423e-01 -6.1896406349e-02 )	
81	( -7.9735790075e-01 2.8194194279e-01 -6.1955812561e-02 )	
82	( -7.9733013244e-01 2.8196234962e-01 -6.2019601273e-02 )	
83	( -7.9730300893e-01 2.8198598796e-01 -6.2086444024e-02 )	
84	( -7.9728066495e-01 2.8201347549e-01 -6.2155216692e-02 )	
85	( -7.9726717413e-01 2.8204551124e-01 -6.2224966424e-02 )	
86	( -7.9726623427e-01 2.8208269068e-01 -6.2294710392e-02 )	
87	( -7.9728078147e-01 2.8212532255e-01 -6.2363547782e-02 )	
88	( -7.9731308738e-01 2.8217357155e-01 -6.2430557230e-02 )	
89	( -7.9736624699e-01 2.8222817644e-01 -6.2495333688e-02 )	
90	( -7.9744195986e-01 2.8228927821e-01 -6.2556918382e-02 )	
91	( -7.9753912591e-01 2.8235586626e-01 -6.2614848620e-02 )	
92	( -7.9765971419e-01 2.8242849152e-01 -6.2669337586e-02 )	
93	( -7.9780449246e-01 2.8250723927e-01 -6.2720108089e-02 )	
94	( -7.9797255576e-01 2.8259138152e-01 -6.2766592888e-02 )	
95	( -7.9816437474e-01 2.8268119368e-01 -6.2808838249e-02 )	
96	( -7.9837959742e-01 2.8277642475e-01 -6.2846718508e-02 )	
97	( -7.9861560324e-01 2.8287599386e-01 -6.2879964659e-02 )	
98	( -7.9887142509e-01 2.8297950889e-01 -6.2908513509e-02 )	
99	( -7.9914514918e-01 2.8308624952e-01 -6.2932579615e-02 )	
100	( -7.9943439259e-01 2.8319558232e-01 -6.2952448871e-02 )	
101	( -7.9973711184e-01 2.8330696234e-01 -6.2968390090e-02 )	
102	( -8.0005170610e-01 2.8341994689e-01 -6.2980549785e-02 )	
103	( -8.0037596228e-01 2.8353381723e-01 -6.2989021243e-02 )	
104	( -8.0070745899e-01 2.8364779811e-01 -6.2993950140e-02 )	
105	( -8.0104388338e-01 2.8376120150e-01 -6.2995521480e-02 )	
106	( -8.0138332578e-01 2.8387357100e-01 -6.2994099514e-02 )	
107	( -8.0172352350e-01 2.8398415922e-01 -6.2989696480e-02 )	
108	( -8.0206248071e-01 2.8409245189e-01 -6.2982603852e-02 )	
109	( -8.0239844107e-01 2.8419777594e-01 -6.2972244805e-02 )	
110	( -8.0272911747e-01 2.8429991599e-01 -6.2960110273e-02 )	
111	( -8.0305398981e-01 2.8439866554e-01 -6.2946264500e-02 )	
112	( -8.0337112043e-01 2.8449349139e-01 -6.2930753841e-02 )	
113	( -8.0368075003e-01 2.8458471574e-01 -6.2913846575e-02 )	
114	( -8.0398088927e-01 2.8467164047e-01 -6.2895624270e-02 )	
115	( -8.0427107812e-01 2.8475434805e-01 -6.2876367163e-02 )	
116	( -8.0455052777e-01 2.8483270291e-01 -6.2856277031e-02 )	
117	( -8.0481881061e-01 2.8490673436e-01 -6.2835584766e-02 )	
118	( -8.0507551979e-01 2.8497643393e-01 -6.2814468856e-02 )	
119	( -8.0532043022e-01 2.8504185189e-01 -6.2793106295e-02 )	
120	( -8.0555361295e-01 2.8510314986e-01 -6.2771707503e-02 )	
121	( -8.0577483081e-01 2.8516032401e-01 -6.2750336090e-02 )	
122	( -8.0598420992e-01 2.8521354417e-01 -6.2729172865e-02 )	
123	( -8.0618223703e-01 2.8526308372e-01 -6.2708351232e-02 )	
124	( -8.0636918779e-01 2.8530914227e-01 -6.2687994255e-02 )	
125	( -8.0654527147e-01 2.8535188216e-01 -6.2668244744e-02 )	
126	( -8.0671093195e-01 2.8539152561e-01 -6.2649165630e-02 )	
127	( -8.0686649748e-01 2.8542825227e-01 -6.2630852739e-02 )	
128	( -8.0701154090e-01 2.8546183322e-01 -6.2612311410e-02 )	
129	( -8.0714958574e-01 2.8549376091e-01 -6.2595638926e-02 )	
130	( -8.0727821569e-01 2.8552318364e-01 -6.2580168376e-02 )	
131	( -8.0739779984e-01 2.8555028773e-01 -6.2565680191e-02 )	
132	( -8.0750936628e-01 2.8557541008e-01 -6.2552217654e-02 )	
133	( -8.0761014768e-01 2.8559770997e-01 -6.2538255149e-02 )	
134	( -8.0770998788e-01 2.8561961478e-01 -6.2523337244e-02 )	
135	( -8.0780603316e-01 2.8564032132e-01 -6.2508181261e-02 )	
136	( -8.0789717103e-01 2.8565988881e-01 -6.2493709458e-02 )	
137	( -8.0798280028e-01 2.8567830125e-01 -6.2480332080e-02 )	
138	( -8.0806382020e-01 2.8569597223e-01 -6.2468302856e-02 )	
139	( -8.0813942569e-01 2.8571253135e-01 -6.2457525855e-02 )	
140	( -8.0821092772e-01 2.8572850897e-01 -6.2448055226e-02 )	
141	( -8.0827845647e-01 2.8574389628e-01 -6.2439799773e-02 )	
142	( -8.0834246573e-01 2.8575885574e-01 -6.2432750437e-02 )	
143	( -8.0840314958e-01 2.8577343913e-01 -6.2426859418e-02 )	
144	( -8.0846069392e-01 2.8578769438e-01 -6.2422076083e-02 )	
145	( -8.0851525070e-01 2.8580164495e-01 -6.2418332700e-02 )	
146	( -8.0856695405e-01 2.8581529653e-01 -6.2415546211e-02 )	
147	( -8.0861594979e-01 2.8582865187e-01 -6.2413627406e-02 )	
148	( -8.0866236418e-01 2.8584169886e-01 -6.2412478089e-02 )	
149	( -8.0870632609e-01 2.8585442410e-01 -6.2412001996e-02 )	
150	( -8.0874796654e-01 2.8586681584e-01 -6.2412107205e-02 )	
151	( -8.0878744832e-01 2.8587887519e-01 -6.2412711941e-02 )	
152	( -8.0882490309e-01 2.8589059638e-01 -6.2413735854e-02 )	
153	( -8.0886048863e-01 2.8590198840e-01 -6.2415108639e-02 )	
154	( -8.0889440229e-01 2.8591307844e-01 -6.2416773478e-02 )	
155	( -8.0892685530e-01 2.8592390637e-01 -6.2418683161e-02 )	
156	( -8.0895802432e-01 2.8593450206e-01 -6.2420792167e-02 )	
157	( -8.0898811432e-01 2.8594491145e-01 -6.2423064287e-02 )	
158	( -8.0901732478e-01 2.8595518105e-01 -6.2425467756e-02 )	
159	( -8.0904584347e-01 2.8596535518e-01 -6.2427974050e-02 )	
160	( -8.0907383959e-01 2.8597547213e-01 -6.2430555118e-02 )	
161	( -8.0910146259e-01 2.8598556357e-01 -6.2433183252e-02 )	
162	( -8.0912884197e-01 2.8599565460e-01 -6.2435831924e-02 )	
163	( -8.0915610115e-01 2.8600577090e-01 -6.2438478865e-02 )	
164	( -8.0918331309e-01 2.8601591457e-01 -6.2441093309e-02 )	
165	( -8.0921055986e-01 2.8602609467e-01 -6.2443650821e-02 )	
166	( -8.0923792430e-01 2.8603632164e-01 -6.2446129743e-02 )	
167	( -8.0926539409e-01 2.8604656677e-01 -6.2448498855e-02 )	
168	( -8.0929303660e-01 2.8605683934e-01 -6.2450743128e-02 )	
169	( -8.0932085719e-01 2.8606712408e-01 -6.2452841347e-02 )	
170	( -8.0934885734e-01 2.8607740587e-01 -6.2454776564e-02 )	
171	( -8.0937700144e-01 2.8608765636e-01 -6.2456531591e-02 )	
172	( -8.0940532850e-01 2.8609788352e-01 -6.2458100427e-02 )	
173	( -8.0943376677e-01 2.8610804805e-01 -6.2459469796e-02 )	
174	( -8.0946234751e-01 2.8611816004e-01 -6.2460640335e-02 )	
175	( -8.0949099025e-01 2.8612817934e-01 -6.2461598752e-02 )	
176	( -8.0951963262e-01 2.8613807663e-01 -6.2462337004e-02 )	
177	( -8.0954828745e-01 2.8614786608e-01 -6.2462875587e-02 )	
178	( -8.0957696611e-01 2.8615755058e-01 -6.2463213181e-02 )	
179	( -8.0960560083e-01 2.8616711006e-01 -6.2463358714e-02 )	
180	( -8.0963416294e-01 2.8617653741e-01 -6.2463321223e-02 )	
181	( -8.0966261779e-01 2.8618582389e-01 -6.2463108992e-02 )	
182	( -8.0969093482e-01 2.8619496420e-01 -6.2462732065e-02 )	
183	( -8.0971906031e-01 2.8620394303e-01 -6.2462200594e-02 )	
184	( -8.0974697116e-01 2.8621276002e-01 -6.2461525814e-02 )	
185	( -8.0977462741e-01 2.8622140741e-01 -6.2460719862e-02 )	
186	( -8.0980199359e-01 2.8622987955e-01 -6.2459794435e-02 )	
187	( -8.0982903585e-01 2.8623817169e-01 -6.2458761693e-02 )	
188	( -8.0985572152e-01 2.8624627962e-01 -6.2457633682e-02 )	
189	( -8.0988202032e-01 2.8625420010e-01 -6.2456422579e-02 )	
190	( -8.0990790009e-01 2.8626192903e-01 -6.2455139956e-02 )	
191	( -8.0993333647e-01 2.8626946536e-01 -6.2453797623e-02 )	
192	( -8.0995830710e-01 2.8627680853e-01 -6.2452407014e-02 )	
193	( -8.0998279018e-01 2.8628395792e-01 -6.2450978954e-02 )	
194	( -8.1000676619e-01 2.8629091347e-01 -6.2449523874e-02 )	
195	( -8.1003021934e-01 2.8629767625e-01 -6.2448051726e-02 )	
196	( -8.1005313452e-01 2.8630424721e-01 -6.2446571788e-02 )	
197	( -8.1007550000e-01 2.8631062826e-01 -6.2445092935e-02 )	
198	( -8.1009730664e-01 2.8631682188e-01 -6.2443623488e-02 )	
199	( -8.1011854762e-01 2.8632283067e-01 -6.2442171429e-02 )	
200	( -8.1013921709e-01 2.8632865829e-01 -6.2440742208e-02 )	
201	( -8.1015931409e-01 2.8633430858e-01 -6.2439344407e-02 )	
202	( -8.1017883666e-01 2.8633978492e-01 -6.2437982875e-02 )	
203	( -8.1019778649e-01 2.8634509177e-01 -6.2436662745e-02 )	
204	( -8.1021616659e-01 2.8635023358e-01 -6.2435388611e-02 )	
205	( -8.1023398262e-01 2.8635521536e-01 -6.2434164458e-02 )	
206	( -8.1025124099e-01 2.8636004191e-01 -6.2432993545e-02 )	
207	( -8.1026795002e-01 2.8636471836e-01 -6.2431878645e-02 )	
208	( -8.1028411915e-01 2.8636924978e-01 -6.2430821886e-02 )	
209	( -8.1029975898e-01 2.8637364129e-01 -6.2429824851e-02 )	
210	( -8.1031488097e-01 2.8637789795e-01 -6.2428888581e-02 )	
211	( -8.1032949612e-01 2.8638202447e-01 -6.2428013417e-02 )	
212	( -8.1034362209e-01 2.8638602713e-01 -6.2427200462e-02 )	
213	( -8.1035726886e-01 2.8638990946e-01 -6.2426447953e-02 )	
214	( -8.1037045266e-01 2.8639367710e-01 -6.2425755808e-02 )	
215	( -8.1038318961e-01 2.8639733499e-01 -6.2425123104e-02 )	
216	( -8.1039549159e-01 2.8640088678e-01 -6.2424547584e-02 )	
217	( -8.1040737869e-01 2.8640433860e-01 -6.2424028710e-02 )	
218	( -8.1041886461e-01 2.8640769382e-01 -6.2423563791e-02 )	
219	( -8.1042996610e-01 2.8641095701e-01 -6.2423150599e-02 )	
220	( -8.1044069922e-01 2.8641413229e-01 -6.2422786726e-02 )	
221	( -8.1045107998e-01 2.8641722377e-01 -6.2422469444e-02 )	
222	( -8.1046112566e-01 2.8642023542e-01 -6.2422196667e-02 )	
223	( -8.1047085042e-01 2.8642317049e-01 -6.2421964656e-02 )	
224	( -8.1048027082e-01 2.8642603291e-01 -6.2421770917e-02 )	
225	( -8.1048940204e-01 2.8642882599e-01 -6.2421612509e-02 )	
226	( -8.1049825897e-01 2.8643155292e-01 -6.2421486440e-02 )	
227	( -8.1050685599e-01 2.8643421667e-01 -6.2421389732e-02 )	
228	( -8.1051520701e-01 2.8643682010e-01 -6.2421319438e-02 )	
229	( -8.1052332543e-01 2.8643936586e-01 -6.2421272668e-02 )	
230	( -8.1053122410e-01 2.8644185646e-01 -6.2421246603e-02 )	
231	( -8.1053891526e-01 2.8644429423e-01 -6.2421238505e-02 )	
232	( -8.1054641049e-01 2.8644668131e-01 -6.2421245742e-02 )	
233	( -8.1055372078e-01 2.8644901971e-01 -6.2421265779e-02 )	
234	( -8.1056085650e-01 2.8645131130e-01 -6.2421296229e-02 )	
235	( -8.1056782731e-01 2.8645355775e-01 -6.2421334823e-02 )	
236	( -8.1057464232e-01 2.8645576064e-01 -6.2421379432e-02 )	
237	( -8.1058130994e-01 2.8645792139e-01 -6.2421428076e-02 )	
238	( -8.1058783798e-01 2.8646004129e-01 -6.2421478912e-02 )	
239	( -8.1059423359e-01 2.8646212151e-01 -6.2421530252e-02 )	
240	( -8.1060050337e-01 2.8646416310e-01 -6.2421580550e-02 )	
241	( -8.1060665338e-01 2.8646616705e-01 -6.2421628422e-02 )	
242	( -8.1061268900e-01 2.8646813417e-01 -6.2421672614e-02 )	
243	( -8.1061861522e-01 2.8647006525e-01 -6.2421712035e-02 )	
244	( -8.1062443628e-01 2.8647196091e-01 -6.2421745687e-02 )	
245	( -8.1063015630e-01 2.8647382183e-01 -6.2421772780e-02 )	
246	( -8.1063577876e-01 2.8647564854e-01 -6.2421792610e-02 )	
247	( -8.1064130674e-01 2.8647744152e-01 -6.2421804607e-02 )	
248	( -8.1064674296e-01 2.8647920123e-01 -6.2421808321e-02 )	
249	( -8.1065208978e-01 2.8648092806e-01 -6.2421803418e-02 )	
250	( -8.1065735286e-01 2.8648262433e-01 -6.2421791020e-02 )	
251	( -8.1066253171e-01 2.8648428913e-01 -6.2421770005e-02 )	
252	( -8.1066762703e-01 2.8648592233e-01 -6.2421740092e-02 )	
253	( -8.1067263995e-01 2.8648752416e-01 -6.2421701267e-02 )	
254	( -8.1067757137e-01 2.8648909484e-01 -6.2421653638e-02 )	
255	( -8.1068242207e-01 2.8649063461e-01 -6.2421597395e-02 )	
256	( -8.1068719264e-01 2.8649214370e-01 -6.2421532796e-02 )	
257	( -8.1069188357e-01 2.8649362235e-01 -6.2421460164e-02 )	
258	( -8.1069649527e-01 2.8649507083e-01 -6.2421379881e-02 )	
259	( -8.1070102799e-01 2.8649648938e-01 -6.2421292371e-02 )	
260	( -8.1070548192e-01 2.8649787824e-01 -6.2421198099e-02 )	
261	( -8.1070985715e-01 2.8649923769e-01 -6.2421097564e-02 )	
262	( -8.1071415380e-01 2.8650056801e-01 -6.2420991299e-02 )	
263	( -8.1071837186e-01 2.8650186945e-01 -6.2420879843e-02 )	
264	( -8.1072251140e-01 2.8650314234e-01 -6.2420763766e-02 )	
265	( -8.1072657242e-01 2.8650438697e-01 -6.2420643638e-02 )	
266	( -8.1073055497e-01 2.8650560368e-01 -6.2420520033e-02 )	
267	( -8.1073445908e-01 2.8650679278e-01 -6.2420393526e-02 )	
268	( -8.1073828485e-01 2.8650795462e-01 -6.2420264684e-02 )	
269	( -8.1074203239e-01 2.8650908957e-01 -6.2420134067e-02 )	
270	( -8.1074570189e-01 2.8651019800e-01 -6.2420002219e-02 )	
271	( -8.1074929355e-01 2.8651128029e-01 -6.2419869667e-02 )	
272	( -8.1075280766e-01 2.8651233682e-01 -6.2419736917e-02 )	
273	( -8.1075624456e-01 2.8651336802e-01 -6.2419604454e-02 )	
274	( -8.1075960466e-01 2.8651437430e-01 -6.2419472737e-02 )	
275	( -8.1076288844e-01 2.8651535609e-01 -6.2419342199e-02 )	
276	( -8.1076609648e-01 2.8651631383e-01 -6.2419213247e-02 )	
277	( -8.1076922936e-01 2.8651724794e-01 -6.2419086249e-02 )	
278	( -8.1077228781e-01 2.8651815892e-01 -6.2418961557e-02 )	
279	( -8.1077527261e-01 2.8651904721e-01 -6.2418839483e-02 )	
280	( -8.1077818458e-01 2.8651991328e-01 -6.2418720308e-02 )	
281	( -8.1078102470e-01 2.8652075762e-01 -6.2418604292e-02 )	
282	( -8.1078379390e-01 2.8652158071e-01 -6.2418491649e-02 )	
283	( -8.1078649327e-01 2.8652238303e-01 -6.2418382569e-02 )	
284	( -8.1078912391e-01 2.8652316507e-01 -6.2418277215e-02 )	
285	( -8.1079168700e-01 2.8652392733e-01 -6.2418175716e-02 )	
286	( -8.1079418378e-01 2.8652467030e-01 -6.2418078175e-02 )	
287	( -8.1079661554e-01 2.8652539447e-01 -6.2417984665e-02 )	
288	( -8.1079898360e-01 2.8652610033e-01 -6.2417895234e-02 )	
289	( -8.1080128935e-01 2.8652678838e-01 -6.2417809906e-02 )	
290	( -8.1080353419e-01 2.8652745909e-01 -6.2417728678e-02 )	
291	( -8.1080571956e-01 2.8652811296e-01 -6.2417651526e-02 )	
292	( -8.1080784692e-01 2.8652875045e-01 -6.2417578407e-02 )	
293	( -8.1080991778e-01 2.8652937205e-01 -6.2417509254e-02 )	
294	( -8.1081193362e-01 2.8652997820e-01 -6.2417443987e-02 )	
295	( -8.1081389596e-01 2.8653056938e-01 -6.2417382509e-02 )	
296	( -8.1081580632e-01 2.8653114602e-01 -6.2417324706e-02 )	
297	( -8.1081766622e-01 2.8653170856e-01 -6.2417270453e-02 )	
298	( -8.1081947717e-01 2.8653225744e-01 -6.2417219614e-02 )	
299	( -8.1082124067e-01 2.8653279306e-01 -6.2417172045e-02 )	
300	( -8.1082295821e-01 2.8653331584e-01 -6.2417127592e-02 )	
301	( -8.1082463126e-01 2.8653382617e-01 -6.2417086096e-02 )	
302	( -8.1082626127e-01 2.8653432443e-01 -6.2417047391e-02 )	
303	( -8.1082784966e-01 2.8653481099e-01 -6.2417011312e-02 )	
304	( -8.1082939783e-01 2.8653528621e-01 -6.2416977687e-02 )	
305	( -8.1083090713e-01 2.8653575045e-01 -6.2416946348e-02 )	
306	( -8.1083237889e-01 2.8653620402e-01 -6.2416917124e-02 )	
307	( -8.1083381441e-01 2.8653664726e-01 -6.2416889847e-02 )	
308	( -8.1083521493e-01 2.8653708047e-01 -6.2416864351e-02 )	
309	( -8.1083658166e-01 2.8653750395e-01 -6.2416840475e-02 )	
310	( -8.1083791577e-01 2.8653791797e-01 -6.2416818061e-02 )	
311	( -8.1083921838e-01 2.8653832282e-01 -6.2416796957e-02 )	
312	( -8.1084049058e-01 2.8653871875e-01 -6.2416777016e-02 )	
313	( -8.1084173339e-01 2.8653910600e-01 -6.2416758098e-02 )	
314	( -8.1084294782e-01 2.8653948482e-01 -6.2416740070e-02 )	
315	( -8.1084413480e-01 2.8653985542e-01 -6.2416722805e-02 )	
316	( -8.1084529524e-01 2.8654021803e-01 -6.2416706186e-02 )	
317	( -8.1084643000e-01 2.8654057284e-01 -6.2416690102e-02 )	
318	( -8.1084753988e-01 2.8654092006e-01 -6.2416674451e-02 )	
319	( -8.1084862566e-01 2.8654125986e-01 -6.2416659138e-02 )	
320	( -8.1084968807e-01 2.8654159242e-01 -6.2416644078e-02 )	
321	( -8.1085072781e-01 2.8654191790e-01 -6.2416629193e-02 )	
322	( -8.1085174552e-01 2.8654223648e-01 -6.2416614414e-02 )	
323	( -8.1085274181e-01 2.8654254830e-01 -6.2416599678e-02 )	
324	( -8.1085371727e-01 2.8654285350e-01 -6.2416584932e-02 )	
325	( -8.1085467245e-01 2.8654315223e-01 -6.2416570130e-02 )	
326	( -8.1085560785e-01 2.8654344462e-01 -6.2416555232e-02 )	
327	( -8.1085652396e-01 2.8654373079e-01 -6.2416540207e-02 )	
328	( -8.1085742122e-01 2.8654401087e-01 -6.2416525029e-02 )	
329	( -8.1085830008e-01 2.8654428497e-01 -6.2416509679e-02 )	
330	( -8.1085916093e-01 2.8654455321e-01 -6.2416494145e-02 )	
331	( -8.1086000414e-01 2.8654481569e-01 -6.2416478418e-02 )	
332	( -8.1086083008e-01 2.8654507253e-01 -6.2416462496e-02 )	
333	( -8.1086163909e-01 2.8654532383e-01 -6.2416446382e-02 )	
334	( -8.1086243148e-01 2.8654556968e-01 -6.2416430083e-02 )	
335	( -8.1086320755e-01 2.8654581018e-01 -6.2416413607e-02 )	
336	( -8.1086396760e-01 2.8654604542e-01 -6.2416396970e-02 )	
337	( -8.1086471190e-01 2.8654627551e-01 -6.2416380189e-02 )	
338	( -8.1086544072e-01 2.8654650053e-01 -6.2416363283e-02 )	
339	( -8.1086615430e-01 2.8654672058e-01 -6.2416346273e-02 )	
340	( -8.1086685289e-01 2.8654693573e-01 -6.2416329184e-02 )	
341	( -8.1086753673e-01 2.8654714608e-01 -6.2416312041e-02 )	
342	( -8.1086820605e-01 2.8654735171e-01 -6.2416294869e-02 )	
343	( -8.1086886106e-01 2.8654755271e-01 -6.2416277697e-02 )	
344	( -8.1086950200e-01 2.8654774916e-01 -6.2416260551e-02 )	
345	( -8.1087012907e-01 2.8654794115e-01 -6.2416243460e-02 )	
346	( -8.1087074250e-01 2.8654812877e-01 -6.2416226451e-02 )	
347	( -8.1087134248e-01 2.8654831208e-01 -6.2416209551e-02 )	
348	( -8.1087192923e-01 2.8654849118e-01 -6.2416192786e-02 )	
349	( -8.1087250295e-01 2.8654866615e-01 -6.2416176184e-02 )	
350	( -8.1087306385e-01 2.8654883707e-01 -6.2416159768e-02 )	
351	( -8.1087361214e-01 2.8654900402e-01 -6.2416143562e-02 )	
352	( -8.1087414803e-01 2.8654916707e-01 -6.2416127589e-02 )	
353	( -8.1087467171e-01 2.8654932632e-01 -6.2416111870e-02 )	
354	( -8.1087518340e-01 2.8654948183e-01 -6.2416096424e-02 )	
355	( -8.1087568331e-01 2.8654963370e-01 -6.2416081270e-02 )	
356	( -8.1087617165e-01 2.8654978199e-01 -6.2416066423e-02 )	
357	( -8.1087664862e-01 2.8654992678e-01 -6.2416051899e-02 )	
358	( -8.1087711444e-01 2.8655006816e-01 -6.2416037709e-02 )	
359	( -8.1087756931e-01 2.8655020619e-01 -6.2416023865e-02 )	
360	( -8.1087801346e-01 2.8655034096e-01 -6.2416010377e-02 )	
361	( -8.1087844709e-01 2.8655047254e-01 -6.2415997252e-02 )	
362	( -8.1087887042e-01 2.8655060100e-01 -6.2415984495e-02 )	
363	( -8.1087928366e-01 2.8655072641e-01 -6.2415972111e-02 )	
364	( -8.1087968699e-01 2.8655084884e-01 -6.2415960105e-02 )	
365	( -8.1088008070e-01 2.8655096839e-01 -6.2415948464e-02 )	
366	( -8.1088046496e-01 2.8655108511e-01 -6.2415937211e-02 )	
367	( -8.1088083997e-01 2.8655119907e-01 -6.2415926332e-02 )	
368	( -8.1088120595e-01 2.8655131033e-01 -6.2415915822e-02 )	
369	( -8.1088156312e-01 2.8655141897e-01 -6.2415905679e-02 )	
370	( -8.1088191167e-01 2.8655152504e-01 -6.2415895897e-02 )	
371	( -8.1088225183e-01 2.8655162862e-01 -6.2415886469e-02 )	
372	( -8.1088258378e-01 2.8655172977e-01 -6.2415877388e-02 )	
373	( -8.1088290774e-01 2.8655182854e-01 -6.2415868646e-02 )	
374	( -8.1088322390e-01 2.8655192501e-01 -6.2415860233e-02 )	
375	( -8.1088353247e-01 2.8655201922e-01 -6.2415852139e-02 )	
376	( -8.1088383363e-01 2.8655211124e-01 -6.2415844354e-02 )	
377	( -8.1088412759e-01 2.8655220112e-01 -6.2415836868e-02 )	
378	( -8.1088441451e-01 2.8655228892e-01 -6.2415829668e-02 )	
379	( -8.1088469460e-01 2.8655237469e-01 -6.2415822743e-02 )	
380	( -8.1088496803e-01 2.8655245847e-01 -6.2415816081e-02 )	
381	( -8.1088523497e-01 2.8655254034e-01 -6.2415809672e-02 )	
382	( -8.1088549561e-01 2.8655262032e-01 -6.2415803501e-02 )	
383	( -8.1088575010e-01 2.8655269847e-01 -6.2415797558e-02 )	
384	( -8.1088599862e-01 2.8655277484e-01 -6.2415791831e-02 )	
385	( -8.1088624133e-01 2.8655284947e-01 -6.2415786308e-02 )	
386	( -8.1088647837e-01 2.8655292241e-01 -6.2415780977e-02 )	
387	( -8.1088670991e-01 2.8655299369e-01 -6.2415775826e-02 )	
388	( -8.1088693609e-01 2.8655306336e-01 -6.2415770847e-02 )	
389	( -8.1088715706e-01 2.8655313145e-01 -6.2415766026e-02 )	
390	( -8.1088737295e-01 2.8655319801e-01 -6.2415761354e-02 )	
391	( -8.1088758389e-01 2.8655326308e-01 -6.2415756822e-02 )	
392	( -8.1088779003e-01 2.8655332669e-01 -6.2415752420e-02 )	
393	( -8.1088799148e-01 2.8655338887e-01 -6.2415748138e-02 )	
394	( -8.1088818837e-01 2.8655344965e-01 -6.2415743969e-02 )	
395	( -8.1088838081e-01 2.8655350908e-01 -6.2415739904e-02 )	
396	( -8.1088856892e-01 2.8655356719e-01 -6.2415735936e-02 )	
397	( -8.1088875282e-01 2.8655362399e-01 -6.2415732058e-02 )	
398	( -8.1088893260e-01 2.8655367954e-01 -6.2415728263e-02 )	
399	( -8.1088910836e-01 2.8655373384e-01 -6.2415724545e-02 )	
400	( -8.1088928022e-01 2.8655378693e-01 -6.2415720900e-02 )	
401	( -8.1088944826e-01 2.8655383885e-01 -6.2415717321e-02 )	
402	( -8.1088961257e-01 2.8655388960e-01 -6.2415713804e-02 )	
403	( -8.1088977325e-01 2.8655393923e-01 -6.2415710346e-02 )	
404	( -8.1088993037e-01 2.8655398775e-01 -6.2415706943e-02 )	
405	( -8.1089008403e-01 2.8655403520e-01 -6.2415703590e-02 )	
406	( -8.1089023430e-01 2.8655408158e-01 -6.2415700287e-02 )	
407	( -8.1089038126e-01 2.8655412693e-01 -6.2415697030e-02 )	
408	( -8.1089052499e-01 2.8655417127e-01 -6.2415693817e-02 )	
409	( -8.1089066555e-01 2.8655421462e-01 -6.2415690646e-02 )	
410	( -8.1089080302e-01 2.8655425700e-01 -6.2415687516e-02 )	
411	( -8.1089093746e-01 2.8655429843e-01 -6.2415684427e-02 )	
412	( -8.1089106894e-01 2.8655433893e-01 -6.2415681377e-02 )	
413	( -8.1089119753e-01 2.8655437853e-01 -6.2415678365e-02 )	
414	( -8.1089132327e-01 2.8655441723e-01 -6.2415675392e-02 )	
415	( -8.1089144624e-01 2.8655445507e-01 -6.2415672457e-02 )	
416	( -8.1089156650e-01 2.8655449205e-01 -6.2415669560e-02 )	
417	( -8.1089168409e-01 2.8655452820e-01 -6.2415666701e-02 )	
418	( -8.1089179907e-01 2.8655456353e-01 -6.2415663881e-02 )	
419	( -8.1089191150e-01 2.8655459806e-01 -6.2415661100e-02 )	
420	( -8.1089202142e-01 2.8655463181e-01 -6.2415658359e-02 )	
421	( -8.1089212890e-01 2.8655466480e-01 -6.2415655658e-02 )	
422	( -8.1089223398e-01 2.8655469703e-01 -6.2415652997e-02 )	
423	( -8.1089233670e-01 2.8655472853e-01 -6.2415650378e-02 )	
424	( -8.1089243712e-01 2.8655475932e-01 -6.2415647802e-02 )	
425	( -8.1089253529e-01 2.8655478940e-01 -6.2415645268e-02 )	
426	( -8.1089263122e-01 2.8655481878e-01 -6.2415642779e-02 )	
427	( -8.1089272502e-01 2.8655484750e-01 -6.2415640326e-02 )	
428	( -8.1089281670e-01 2.8655487557e-01 -6.2415637927e-02 )	
429	( -8.1089290628e-01 2.8655490299e-01 -6.2415635571e-02 )	
