# Force          
# CofR           : ( 0.0000000000e+00 0.0000000000e+00 0.0000000000e+00 )
#                
# Time           	(total_x total_y total_z)	(pressure_x pressure_y pressure_z)	(viscous_x viscous_y viscous_z)
1                	( 9.6569356901e+00 0.0000000000e+00 -2.4483636984e+01 )	( 9.6065244730e+00 0.0000000000e+00 -2.4491343401e+01 )	( 5.0411217090e-02 0.0000000000e+00 7.7064165678e-03 )
2                	( 2.9418401705e+00 0.0000000000e+00 -9.0158137232e+00 )	( 2.8931485788e+00 0.0000000000e+00 -9.0240151174e+00 )	( 4.8691591756e-02 0.0000000000e+00 8.2013941961e-03 )
3                	( 1.4347713520e+00 0.0000000000e+00 -5.5875307607e+00 )	( 1.3872895750e+00 0.0000000000e+00 -5.5952490054e+00 )	( 4.7481776918e-02 0.0000000000e+00 7.7182446737e-03 )
4                	( 1.1991139413e+00 0.0000000000e+00 -5.1946737453e+00 )	( 1.1521603524e+00 0.0000000000e+00 -5.2021425250e+00 )	( 4.6953588898e-02 0.0000000000e+00 7.4687796655e-03 )
5                	( 1.1752795150e+00 0.0000000000e+00 -5.3676245094e+00 )	( 1.1289137739e+00 0.0000000000e+00 -5.3749163275e+00 )	( 4.6365741126e-02 0.0000000000e+00 7.2918181543e-03 )
6                	( 1.2063233134e+00 0.0000000000e+00 -5.6618073057e+00 )	( 1.1602747881e+00 0.0000000000e+00 -5.6689147397e+00 )	( 4.6048525314e-02 0.0000000000e+00 7.1074340489e-03 )
7                	( 1.2267826321e+00 0.0000000000e+00 -5.8847307508e+00 )	( 1.1811191956e+00 0.0000000000e+00 -5.8916572520e+00 )	( 4.5663436507e-02 0.0000000000e+00 6.9265011999e-03 )
8                	( 1.2401034255e+00 0.0000000000e+00 -6.0600996372e+00 )	( 1.1948818437e+00 0.0000000000e+00 -6.0668291548e+00 )	( 4.5221581783e-02 0.0000000000e+00 6.7295176779e-03 )
9                	( 1.2507227615e+00 0.0000000000e+00 -6.2415863897e+00 )	( 1.2059372968e+00 0.0000000000e+00 -6.2481021742e+00 )	( 4.4785464677e-02 0.0000000000e+00 6.5157844377e-03 )
10               	( 1.2575512206e+00 0.0000000000e+00 -6.4103445768e+00 )	( 1.2131679836e+00 0.0000000000e+00 -6.4166543000e+00 )	( 4.4383237064e-02 0.0000000000e+00 6.3097231914e-03 )
11               	( 1.2612671786e+00 0.0000000000e+00 -6.5687903435e+00 )	( 1.2172127702e+00 0.0000000000e+00 -6.5749077890e+00 )	( 4.4054408405e-02 0.0000000000e+00 6.1174454450e-03 )
12               	( 1.2594046532e+00 0.0000000000e+00 -6.7312015009e+00 )	( 1.2156418524e+00 0.0000000000e+00 -6.7371184266e+00 )	( 4.3762800812e-02 0.0000000000e+00 5.9169256543e-03 )
13               	( 1.2546777138e+00 0.0000000000e+00 -6.8785824507e+00 )	( 1.2111903576e+00 0.0000000000e+00 -6.8842950101e+00 )	( 4.3487356194e-02 0.0000000000e+00 5.7125593673e-03 )
14               	( 1.2482733451e+00 0.0000000000e+00 -7.0076415998e+00 )	( 1.2050211233e+00 0.0000000000e+00 -7.0131557761e+00 )	( 4.3252221810e-02 0.0000000000e+00 5.5141762769e-03 )
15               	( 1.2397337387e+00 0.0000000000e+00 -7.1350007741e+00 )	( 1.1967110774e+00 0.0000000000e+00 -7.1403117426e+00 )	( 4.3022661299e-02 0.0000000000e+00 5.3109684956e-03 )
16               	( 1.2279822699e+00 0.0000000000e+00 -7.2457170984e+00 )	( 1.1851624319e+00 0.0000000000e+00 -7.2508054604e+00 )	( 4.2819837949e-02 0.0000000000e+00 5.0883620580e-03 )
17               	( 1.2131985682e+00 0.0000000000e+00 -7.3425354700e+00 )	( 1.1705510206e+00 0.0000000000e+00 -7.3474121553e+00 )	( 4.2647547526e-02 0.0000000000e+00 4.8766853023e-03 )
18               	( 1.1979307799e+00 0.0000000000e+00 -7.4425238933e+00 )	( 1.1554183212e+00 0.0000000000e+00 -7.4471983938e+00 )	( 4.2512458672e-02 0.0000000000e+00 4.6745005763e-03 )
19               	( 1.1813616823e+00 0.0000000000e+00 -7.5390003735e+00 )	( 1.1389505322e+00 0.0000000000e+00 -7.5434825312e+00 )	( 4.2411150138e-02 0.0000000000e+00 4.4821576672e-03 )
20               	( 1.1620356392e+00 0.0000000000e+00 -7.6288580960e+00 )	( 1.1196850368e+00 0.0000000000e+00 -7.6331472470e+00 )	( 4.2350602439e-02 0.0000000000e+00 4.2891510333e-03 )
21               	( 1.1410917875e+00 0.0000000000e+00 -7.7154879727e+00 )	( 1.0987464961e+00 0.0000000000e+00 -7.7195884514e+00 )	( 4.2345291347e-02 0.0000000000e+00 4.1004786576e-03 )
22               	( 1.1196004523e+00 0.0000000000e+00 -7.8024216330e+00 )	( 1.0772216812e+00 0.0000000000e+00 -7.8063317637e+00 )	( 4.2378771048e-02 0.0000000000e+00 3.9101306511e-03 )
23               	( 1.0982908080e+00 0.0000000000e+00 -7.8861786579e+00 )	( 1.0558452700e+00 0.0000000000e+00 -7.8898987088e+00 )	( 4.2445538042e-02 0.0000000000e+00 3.7200508799e-03 )
24               	( 1.0786475386e+00 0.0000000000e+00 -7.9647709525e+00 )	( 1.0361141119e+00 0.0000000000e+00 -7.9683074325e+00 )	( 4.2533426684e-02 0.0000000000e+00 3.5364800376e-03 )
25               	( 1.0597382784e+00 0.0000000000e+00 -8.0451905529e+00 )	( 1.0170813173e+00 0.0000000000e+00 -8.0485422348e+00 )	( 4.2656961039e-02 0.0000000000e+00 3.3516818875e-03 )
26               	( 1.0423999406e+00 0.0000000000e+00 -8.1261420316e+00 )	( 9.9959241188e-01 0.0000000000e+00 -8.1293240228e+00 )	( 4.2807528678e-02 0.0000000000e+00 3.1819911837e-03 )
27               	( 1.0264089469e+00 0.0000000000e+00 -8.2066073070e+00 )	( 9.8345167345e-01 0.0000000000e+00 -8.2096534109e+00 )	( 4.2957273475e-02 0.0000000000e+00 3.0461039081e-03 )
28               	( 1.0112717558e+00 0.0000000000e+00 -8.2868961905e+00 )	( 9.6816220580e-01 0.0000000000e+00 -8.2898343148e+00 )	( 4.3109550013e-02 0.0000000000e+00 2.9381243314e-03 )
29               	( 9.9730106681e-01 0.0000000000e+00 -8.3640026177e+00 )	( 9.5403243067e-01 0.0000000000e+00 -8.3668423388e+00 )	( 4.3268636135e-02 0.0000000000e+00 2.8397210520e-03 )
30               	( 9.8443823871e-01 0.0000000000e+00 -8.4328167466e+00 )	( 9.4101186110e-01 0.0000000000e+00 -8.4355673703e+00 )	( 4.3426377617e-02 0.0000000000e+00 2.7506236320e-03 )
31               	( 9.7246412516e-01 0.0000000000e+00 -8.5011031834e+00 )	( 9.2888104078e-01 0.0000000000e+00 -8.5037801754e+00 )	( 4.3583084383e-02 0.0000000000e+00 2.6769920307e-03 )
32               	( 9.6114216651e-01 0.0000000000e+00 -8.5637121097e+00 )	( 9.1740680719e-01 0.0000000000e+00 -8.5663295680e+00 )	( 4.3735359316e-02 0.0000000000e+00 2.6174582277e-03 )
33               	( 9.5077890219e-01 0.0000000000e+00 -8.6221210435e+00 )	( 9.0689564734e-01 0.0000000000e+00 -8.6246900906e+00 )	( 4.3883254842e-02 0.0000000000e+00 2.5690471631e-03 )
34               	( 9.4094225497e-01 0.0000000000e+00 -8.6747321722e+00 )	( 8.9691777270e-01 0.0000000000e+00 -8.6772618163e+00 )	( 4.4024482265e-02 0.0000000000e+00 2.5296440860e-03 )
35               	( 9.3184210946e-01 0.0000000000e+00 -8.7238947146e+00 )	( 8.8768221840e-01 0.0000000000e+00 -8.7263925472e+00 )	( 4.4159891054e-02 0.0000000000e+00 2.4978326732e-03 )
36               	( 9.2352786723e-01 0.0000000000e+00 -8.7714884441e+00 )	( 8.7923615385e-01 0.0000000000e+00 -8.7739609071e+00 )	( 4.4291713381e-02 0.0000000000e+00 2.4724630133e-03 )
37               	( 9.1582824438e-01 0.0000000000e+00 -8.8179055088e+00 )	( 8.7140849951e-01 0.0000000000e+00 -8.8203584021e+00 )	( 4.4419744878e-02 0.0000000000e+00 2.4528932934e-03 )
38               	( 9.0859671105e-01 0.0000000000e+00 -8.8629307524e+00 )	( 8.6405325798e-01 0.0000000000e+00 -8.8653689782e+00 )	( 4.4543453063e-02 0.0000000000e+00 2.4382257806e-03 )
39               	( 9.0190677349e-01 0.0000000000e+00 -8.9070799675e+00 )	( 8.5724408493e-01 0.0000000000e+00 -8.9095076625e+00 )	( 4.4662688555e-02 0.0000000000e+00 2.4276950041e-03 )
40               	( 8.9571786674e-01 0.0000000000e+00 -8.9499802946e+00 )	( 8.5094153054e-01 0.0000000000e+00 -8.9524009329e+00 )	( 4.4776336198e-02 0.0000000000e+00 2.4206382531e-03 )
41               	( 8.8999831937e-01 0.0000000000e+00 -8.9916943510e+00 )	( 8.4511341320e-01 0.0000000000e+00 -8.9941107024e+00 )	( 4.4884906169e-02 0.0000000000e+00 2.4163513626e-03 )
42               	( 8.8478749223e-01 0.0000000000e+00 -9.0328558789e+00 )	( 8.3980062255e-01 0.0000000000e+00 -9.0352703457e+00 )	( 4.4986869672e-02 0.0000000000e+00 2.4144668682e-03 )
43               	( 8.7998628945e-01 0.0000000000e+00 -9.0739294467e+00 )	( 8.3490583676e-01 0.0000000000e+00 -9.0763443172e+00 )	( 4.5080452694e-02 0.0000000000e+00 2.4148705304e-03 )
44               	( 8.7557851552e-01 0.0000000000e+00 -9.1149720298e+00 )	( 8.3041101519e-01 0.0000000000e+00 -9.1173882746e+00 )	( 4.5167500327e-02 0.0000000000e+00 2.4162447470e-03 )
45               	( 8.7150401764e-01 0.0000000000e+00 -9.1550896653e+00 )	( 8.2625545935e-01 0.0000000000e+00 -9.1575076448e+00 )	( 4.5248558290e-02 0.0000000000e+00 2.4179794320e-03 )
46               	( 8.6782335741e-01 0.0000000000e+00 -9.1945496978e+00 )	( 8.2249985924e-01 0.0000000000e+00 -9.1969694514e+00 )	( 4.5323498163e-02 0.0000000000e+00 2.4197536301e-03 )
47               	( 8.6450018232e-01 0.0000000000e+00 -9.2333464593e+00 )	( 8.1910782770e-01 0.0000000000e+00 -9.2357677026e+00 )	( 4.5392354618e-02 0.0000000000e+00 2.4212432428e-03 )
48               	( 8.6160884013e-01 0.0000000000e+00 -9.2712821978e+00 )	( 8.1615287289e-01 0.0000000000e+00 -9.2737042898e+00 )	( 4.5455967243e-02 0.0000000000e+00 2.4220919248e-03 )
49               	( 8.5897027186e-01 0.0000000000e+00 -9.3086193396e+00 )	( 8.1345599846e-01 0.0000000000e+00 -9.3110417843e+00 )	( 4.5514273406e-02 0.0000000000e+00 2.4224446540e-03 )
50               	( 8.5641217787e-01 0.0000000000e+00 -9.3445444257e+00 )	( 8.1084446104e-01 0.0000000000e+00 -9.3469666159e+00 )	( 4.5567716824e-02 0.0000000000e+00 2.4221901505e-03 )
51               	( 8.5400205996e-01 0.0000000000e+00 -9.3797291651e+00 )	( 8.0838548668e-01 0.0000000000e+00 -9.3821504072e+00 )	( 4.5616573280e-02 0.0000000000e+00 2.4212420354e-03 )
52               	( 8.5175279742e-01 0.0000000000e+00 -9.4138910018e+00 )	( 8.0609137058e-01 0.0000000000e+00 -9.4163105710e+00 )	( 4.5661426843e-02 0.0000000000e+00 2.4195691902e-03 )
53               	( 8.4968544898e-01 0.0000000000e+00 -9.4470500100e+00 )	( 8.0398292769e-01 0.0000000000e+00 -9.4494671088e+00 )	( 4.5702521299e-02 0.0000000000e+00 2.4170987905e-03 )
54               	( 8.4768472353e-01 0.0000000000e+00 -9.4793958864e+00 )	( 8.0194495831e-01 0.0000000000e+00 -9.4818098015e+00 )	( 4.5739765225e-02 0.0000000000e+00 2.4139151026e-03 )
55               	( 8.4568937567e-01 0.0000000000e+00 -9.5103414360e+00 )	( 7.9991527158e-01 0.0000000000e+00 -9.5127515044e+00 )	( 4.5774104086e-02 0.0000000000e+00 2.4100684284e-03 )
56               	( 8.4371595406e-01 0.0000000000e+00 -9.5397252806e+00 )	( 7.9791005487e-01 0.0000000000e+00 -9.5421308915e+00 )	( 4.5805899182e-02 0.0000000000e+00 2.4056109150e-03 )
57               	( 8.4177173609e-01 0.0000000000e+00 -9.5680145452e+00 )	( 7.9593637181e-01 0.0000000000e+00 -9.5704151408e+00 )	( 4.5835364273e-02 0.0000000000e+00 2.4005955324e-03 )
58               	( 8.3980628134e-01 0.0000000000e+00 -9.5949549785e+00 )	( 7.9394349422e-01 0.0000000000e+00 -9.5973500942e+00 )	( 4.5862787119e-02 0.0000000000e+00 2.3951157437e-03 )
59               	( 8.3784244479e-01 0.0000000000e+00 -9.6205489933e+00 )	( 7.9195406854e-01 0.0000000000e+00 -9.6229382286e+00 )	( 4.5888376247e-02 0.0000000000e+00 2.3892352924e-03 )
60               	( 8.3587240105e-01 0.0000000000e+00 -9.6448065865e+00 )	( 7.8996009976e-01 0.0000000000e+00 -9.6471896272e+00 )	( 4.5912301296e-02 0.0000000000e+00 2.3830406994e-03 )
61               	( 8.3384699428e-01 0.0000000000e+00 -9.6677708605e+00 )	( 7.8791238222e-01 0.0000000000e+00 -9.6701475453e+00 )	( 4.5934612064e-02 0.0000000000e+00 2.3766848357e-03 )
62               	( 8.3184606778e-01 0.0000000000e+00 -9.6893925610e+00 )	( 7.8589050921e-01 0.0000000000e+00 -9.6917627500e+00 )	( 4.5955558571e-02 0.0000000000e+00 2.3701890113e-03 )
63               	( 8.2988772736e-01 0.0000000000e+00 -9.7097507915e+00 )	( 7.8391234038e-01 0.0000000000e+00 -9.7121144469e+00 )	( 4.5975386980e-02 0.0000000000e+00 2.3636554248e-03 )
64               	( 8.2794925149e-01 0.0000000000e+00 -9.7287668328e+00 )	( 7.8195494839e-01 0.0000000000e+00 -9.7311240213e+00 )	( 4.5994303100e-02 0.0000000000e+00 2.3571884742e-03 )
65               	( 8.2604623949e-01 0.0000000000e+00 -9.7464792763e+00 )	( 7.8003376554e-01 0.0000000000e+00 -9.7488301539e+00 )	( 4.6012473948e-02 0.0000000000e+00 2.3508776069e-03 )
66               	( 8.2419102190e-01 0.0000000000e+00 -9.7628971034e+00 )	( 7.7816089712e-01 0.0000000000e+00 -9.7652419183e+00 )	( 4.6030124787e-02 0.0000000000e+00 2.3448148877e-03 )
67               	( 8.2239457138e-01 0.0000000000e+00 -9.7780140029e+00 )	( 7.7634707893e-01 0.0000000000e+00 -9.7803530902e+00 )	( 4.6047492457e-02 0.0000000000e+00 2.3390872574e-03 )
68               	( 8.2067234510e-01 0.0000000000e+00 -9.7918793134e+00 )	( 7.7460754520e-01 0.0000000000e+00 -9.7942130909e+00 )	( 4.6064799899e-02 0.0000000000e+00 2.3337775055e-03 )
69               	( 8.1903515405e-01 0.0000000000e+00 -9.8046019032e+00 )	( 7.7295295225e-01 0.0000000000e+00 -9.8069308678e+00 )	( 4.6082201794e-02 0.0000000000e+00 2.3289645948e-03 )
70               	( 8.1749306384e-01 0.0000000000e+00 -9.8161644487e+00 )	( 7.7139324455e-01 0.0000000000e+00 -9.8184891590e+00 )	( 4.6099819286e-02 0.0000000000e+00 2.3247102693e-03 )
71               	( 8.1606655175e-01 0.0000000000e+00 -9.8266140740e+00 )	( 7.6994875566e-01 0.0000000000e+00 -9.8289351277e+00 )	( 4.6117796089e-02 0.0000000000e+00 2.3210536732e-03 )
72               	( 8.1476058129e-01 0.0000000000e+00 -9.8360270571e+00 )	( 7.6862452349e-01 0.0000000000e+00 -9.8383450775e+00 )	( 4.6136057801e-02 0.0000000000e+00 2.3180203606e-03 )
73               	( 8.1358467782e-01 0.0000000000e+00 -9.8445949796e+00 )	( 7.6743008313e-01 0.0000000000e+00 -9.8469105898e+00 )	( 4.6154594689e-02 0.0000000000e+00 2.3156101596e-03 )
74               	( 8.1254701193e-01 0.0000000000e+00 -9.8523400038e+00 )	( 7.6637362151e-01 0.0000000000e+00 -9.8546538315e+00 )	( 4.6173390421e-02 0.0000000000e+00 2.3138276686e-03 )
75               	( 8.1165991509e-01 0.0000000000e+00 -9.8593258580e+00 )	( 7.6546748603e-01 0.0000000000e+00 -9.8616385288e+00 )	( 4.6192429059e-02 0.0000000000e+00 2.3126707762e-03 )
76               	( 8.1092549388e-01 0.0000000000e+00 -9.8656311443e+00 )	( 7.6471379667e-01 0.0000000000e+00 -9.8679432671e+00 )	( 4.6211697209e-02 0.0000000000e+00 2.3121228274e-03 )
77               	( 8.1033587406e-01 0.0000000000e+00 -9.8713525125e+00 )	( 7.6410472654e-01 0.0000000000e+00 -9.8736646786e+00 )	( 4.6231147513e-02 0.0000000000e+00 2.3121661198e-03 )
78               	( 8.0988704138e-01 0.0000000000e+00 -9.8765647121e+00 )	( 7.6363631916e-01 0.0000000000e+00 -9.8788774834e+00 )	( 4.6250722219e-02 0.0000000000e+00 2.3127713893e-03 )
79               	( 8.0956945698e-01 0.0000000000e+00 -9.8813468393e+00 )	( 7.6329908452e-01 0.0000000000e+00 -9.8836607456e+00 )	( 4.6270372455e-02 0.0000000000e+00 2.3139062911e-03 )
80               	( 8.0937572447e-01 0.0000000000e+00 -9.8857983522e+00 )	( 7.6308566901e-01 0.0000000000e+00 -9.8881138862e+00 )	( 4.6290055457e-02 0.0000000000e+00 2.3155340178e-03 )
81               	( 8.0929003743e-01 0.0000000000e+00 -9.8899800600e+00 )	( 7.6298032247e-01 0.0000000000e+00 -9.8922976724e+00 )	( 4.6309714967e-02 0.0000000000e+00 2.3176124334e-03 )
82               	( 8.0930462647e-01 0.0000000000e+00 -9.8939816857e+00 )	( 7.6297533241e-01 0.0000000000e+00 -9.8963017796e+00 )	( 4.6329294055e-02 0.0000000000e+00 2.3200939365e-03 )
83               	( 8.0940507252e-01 0.0000000000e+00 -9.8978685193e+00 )	( 7.6305633536e-01 0.0000000000e+00 -9.9001914472e+00 )	( 4.6348737162e-02 0.0000000000e+00 2.3229279201e-03 )
84               	( 8.0957746172e-01 0.0000000000e+00 -9.9016967242e+00 )	( 7.6320947629e-01 0.0000000000e+00 -9.9040227860e+00 )	( 4.6367985431e-02 0.0000000000e+00 2.3260617888e-03 )
85               	( 8.0981010999e-01 0.0000000000e+00 -9.9055458660e+00 )	( 7.6342313843e-01 0.0000000000e+00 -9.9078753013e+00 )	( 4.6386971560e-02 0.0000000000e+00 2.3294352597e-03 )
86               	( 8.1008757545e-01 0.0000000000e+00 -9.9094583823e+00 )	( 7.6368194845e-01 0.0000000000e+00 -9.9117913690e+00 )	( 4.6405627000e-02 0.0000000000e+00 2.3329866776e-03 )
87               	( 8.1038966907e-01 0.0000000000e+00 -9.9134434886e+00 )	( 7.6396578727e-01 0.0000000000e+00 -9.9157801464e+00 )	( 4.6423881795e-02 0.0000000000e+00 2.3366577797e-03 )
88               	( 8.1070660531e-01 0.0000000000e+00 -9.9175464426e+00 )	( 7.6426493535e-01 0.0000000000e+00 -9.9198868324e+00 )	( 4.6441669960e-02 0.0000000000e+00 2.3403897939e-03 )
89               	( 8.1102753733e-01 0.0000000000e+00 -9.9217964900e+00 )	( 7.6456859837e-01 0.0000000000e+00 -9.9241406163e+00 )	( 4.6458938951e-02 0.0000000000e+00 2.3441262920e-03 )
90               	( 8.1133900193e-01 0.0000000000e+00 -9.9262007601e+00 )	( 7.6486335352e-01 0.0000000000e+00 -9.9285485770e+00 )	( 4.6475648415e-02 0.0000000000e+00 2.3478168865e-03 )
91               	( 8.1163250184e-01 0.0000000000e+00 -9.9307781008e+00 )	( 7.6514073682e-01 0.0000000000e+00 -9.9331295144e+00 )	( 4.6491765013e-02 0.0000000000e+00 2.3514136366e-03 )
92               	( 8.1189877965e-01 0.0000000000e+00 -9.9355320287e+00 )	( 7.6539151833e-01 0.0000000000e+00 -9.9378869009e+00 )	( 4.6507261314e-02 0.0000000000e+00 2.3548722458e-03 )
93               	( 8.1213061434e-01 0.0000000000e+00 -9.9404647864e+00 )	( 7.6560850587e-01 0.0000000000e+00 -9.9428229372e+00 )	( 4.6522108472e-02 0.0000000000e+00 2.3581508401e-03 )
94               	( 8.1232147445e-01 0.0000000000e+00 -9.9455694718e+00 )	( 7.6578520249e-01 0.0000000000e+00 -9.9479306814e+00 )	( 4.6536271964e-02 0.0000000000e+00 2.3612095879e-03 )
95               	( 8.1246654174e-01 0.0000000000e+00 -9.9508380947e+00 )	( 7.6591683922e-01 0.0000000000e+00 -9.9532021036e+00 )	( 4.6549702525e-02 0.0000000000e+00 2.3640089436e-03 )
96               	( 8.1256285551e-01 0.0000000000e+00 -9.9562602956e+00 )	( 7.6600050927e-01 0.0000000000e+00 -9.9586268061e+00 )	( 4.6562346238e-02 0.0000000000e+00 2.3665104868e-03 )
97               	( 8.1260739083e-01 0.0000000000e+00 -9.9618184187e+00 )	( 7.6603323746e-01 0.0000000000e+00 -9.9641870981e+00 )	( 4.6574153367e-02 0.0000000000e+00 2.3686794048e-03 )
98               	( 8.1259798455e-01 0.0000000000e+00 -9.9674899975e+00 )	( 7.6601290061e-01 0.0000000000e+00 -9.9698604837e+00 )	( 4.6585083940e-02 0.0000000000e+00 2.3704861816e-03 )
99               	( 8.1253351130e-01 0.0000000000e+00 -9.9732500744e+00 )	( 7.6593842817e-01 0.0000000000e+00 -9.9756219717e+00 )	( 4.6595083127e-02 0.0000000000e+00 2.3718972348e-03 )
100              	( 8.1241753262e-01 0.0000000000e+00 -9.9790843550e+00 )	( 7.6581334909e-01 0.0000000000e+00 -9.9814572675e+00 )	( 4.6604183529e-02 0.0000000000e+00 2.3729124935e-03 )
101              	( 8.1224405479e-01 0.0000000000e+00 -9.9849484934e+00 )	( 7.6563162564e-01 0.0000000000e+00 -9.9873220336e+00 )	( 4.6612429142e-02 0.0000000000e+00 2.3735402084e-03 )
102              	( 8.1201272891e-01 0.0000000000e+00 -9.9908017008e+00 )	( 7.6539286442e-01 0.0000000000e+00 -9.9931754858e+00 )	( 4.6619864487e-02 0.0000000000e+00 2.3737850220e-03 )
103              	( 8.1172546320e-01 0.0000000000e+00 -9.9966195634e+00 )	( 7.6509892097e-01 0.0000000000e+00 -9.9989932256e+00 )	( 4.6626542231e-02 0.0000000000e+00 2.3736621743e-03 )
104              	( 8.1138540327e-01 0.0000000000e+00 -1.0002375427e+01 )	( 7.6475290677e-01 0.0000000000e+00 -1.0004748612e+01 )	( 4.6632496495e-02 0.0000000000e+00 2.3731844524e-03 )
105              	( 8.1099674227e-01 0.0000000000e+00 -1.0008046748e+01 )	( 7.6435898570e-01 0.0000000000e+00 -1.0010419114e+01 )	( 4.6637756578e-02 0.0000000000e+00 2.3723659779e-03 )
106              	( 8.1056404313e-01 0.0000000000e+00 -1.0013612012e+01 )	( 7.6392168925e-01 0.0000000000e+00 -1.0015983237e+01 )	( 4.6642353879e-02 0.0000000000e+00 2.3712244768e-03 )
107              	( 8.1009261984e-01 0.0000000000e+00 -1.0019054736e+01 )	( 7.6344630833e-01 0.0000000000e+00 -1.0021424514e+01 )	( 4.6646311513e-02 0.0000000000e+00 2.3697782893e-03 )
108              	( 8.0958741523e-01 0.0000000000e+00 -1.0024356566e+01 )	( 7.6293775802e-01 0.0000000000e+00 -1.0026724614e+01 )	( 4.6649657214e-02 0.0000000000e+00 2.3680481144e-03 )
109              	( 8.0905291734e-01 0.0000000000e+00 -1.0029502637e+01 )	( 7.6240049298e-01 0.0000000000e+00 -1.0031868695e+01 )	( 4.6652424357e-02 0.0000000000e+00 2.3660580955e-03 )
110              	( 8.0849314095e-01 0.0000000000e+00 -1.0034469727e+01 )	( 7.6183848124e-01 0.0000000000e+00 -1.0036833562e+01 )	( 4.6654659707e-02 0.0000000000e+00 2.3638349357e-03 )
111              	( 8.0791277251e-01 0.0000000000e+00 -1.0039245873e+01 )	( 7.6125636322e-01 0.0000000000e+00 -1.0041607282e+01 )	( 4.6656409290e-02 0.0000000000e+00 2.3614082513e-03 )
112              	( 8.0731544493e-01 0.0000000000e+00 -1.0043816783e+01 )	( 7.6065771794e-01 0.0000000000e+00 -1.0046175590e+01 )	( 4.6657726997e-02 0.0000000000e+00 2.3588072038e-03 )
113              	( 8.0670527109e-01 0.0000000000e+00 -1.0048171497e+01 )	( 7.6004661329e-01 0.0000000000e+00 -1.0050527557e+01 )	( 4.6658657799e-02 0.0000000000e+00 2.3560602338e-03 )
114              	( 8.0608681791e-01 0.0000000000e+00 -1.0052303518e+01 )	( 7.5942757876e-01 0.0000000000e+00 -1.0054656713e+01 )	( 4.6659239152e-02 0.0000000000e+00 2.3531950559e-03 )
115              	( 8.0546451866e-01 0.0000000000e+00 -1.0056207957e+01 )	( 7.5880500941e-01 0.0000000000e+00 -1.0058558194e+01 )	( 4.6659509248e-02 0.0000000000e+00 2.3502368510e-03 )
116              	( 8.0484157866e-01 0.0000000000e+00 -1.0059885866e+01 )	( 7.5818207759e-01 0.0000000000e+00 -1.0062233076e+01 )	( 4.6659501066e-02 0.0000000000e+00 2.3472100548e-03 )
117              	( 8.0422127396e-01 0.0000000000e+00 -1.0063346792e+01 )	( 7.5756201761e-01 0.0000000000e+00 -1.0065690930e+01 )	( 4.6659256349e-02 0.0000000000e+00 2.3441378097e-03 )
118              	( 8.0360580532e-01 0.0000000000e+00 -1.0066594022e+01 )	( 7.5694699353e-01 0.0000000000e+00 -1.0068935064e+01 )	( 4.6658811791e-02 0.0000000000e+00 2.3410425525e-03 )
119              	( 8.0299844518e-01 0.0000000000e+00 -1.0069614055e+01 )	( 7.5634023169e-01 0.0000000000e+00 -1.0071952007e+01 )	( 4.6658213485e-02 0.0000000000e+00 2.3379521062e-03 )
120              	( 8.0240214661e-01 0.0000000000e+00 -1.0072406843e+01 )	( 7.5574463184e-01 0.0000000000e+00 -1.0074741737e+01 )	( 4.6657514776e-02 0.0000000000e+00 2.3348941163e-03 )
121              	( 8.0181949943e-01 0.0000000000e+00 -1.0074975749e+01 )	( 7.5516273250e-01 0.0000000000e+00 -1.0077307644e+01 )	( 4.6656766928e-02 0.0000000000e+00 2.3318942489e-03 )
122              	( 8.0125299268e-01 0.0000000000e+00 -1.0077327928e+01 )	( 7.5459697916e-01 0.0000000000e+00 -1.0079656903e+01 )	( 4.6656013525e-02 0.0000000000e+00 2.3289749005e-03 )
123              	( 8.0070573950e-01 0.0000000000e+00 -1.0079473396e+01 )	( 7.5405044912e-01 0.0000000000e+00 -1.0081799551e+01 )	( 4.6655290374e-02 0.0000000000e+00 2.3261550726e-03 )
124              	( 8.0017934705e-01 0.0000000000e+00 -1.0081422699e+01 )	( 7.5352472455e-01 0.0000000000e+00 -1.0083746149e+01 )	( 4.6654622498e-02 0.0000000000e+00 2.3234500650e-03 )
125              	( 7.9967663310e-01 0.0000000000e+00 -1.0083187487e+01 )	( 7.5302260486e-01 0.0000000000e+00 -1.0085508359e+01 )	( 4.6654028247e-02 0.0000000000e+00 2.3208718589e-03 )
126              	( 7.9919877657e-01 0.0000000000e+00 -1.0084777753e+01 )	( 7.5254525634e-01 0.0000000000e+00 -1.0087096183e+01 )	( 4.6653520231e-02 0.0000000000e+00 2.3184294554e-03 )
127              	( 7.9874754897e-01 0.0000000000e+00 -1.0086205351e+01 )	( 7.5209444166e-01 0.0000000000e+00 -1.0088521481e+01 )	( 4.6653107306e-02 0.0000000000e+00 2.3161298791e-03 )
128              	( 7.9832338021e-01 0.0000000000e+00 -1.0087481514e+01 )	( 7.5167058200e-01 0.0000000000e+00 -1.0089795493e+01 )	( 4.6652798212e-02 0.0000000000e+00 2.3139788554e-03 )
129              	( 7.9792655024e-01 0.0000000000e+00 -1.0088615393e+01 )	( 7.5127394717e-01 0.0000000000e+00 -1.0090927374e+01 )	( 4.6652603071e-02 0.0000000000e+00 2.3119810852e-03 )
130              	( 7.9755728795e-01 0.0000000000e+00 -1.0089618192e+01 )	( 7.5090475611e-01 0.0000000000e+00 -1.0091928332e+01 )	( 4.6652531847e-02 0.0000000000e+00 2.3101403550e-03 )
131              	( 7.9721549820e-01 0.0000000000e+00 -1.0090499494e+01 )	( 7.5056290583e-01 0.0000000000e+00 -1.0092807953e+01 )	( 4.6652592372e-02 0.0000000000e+00 2.3084591039e-03 )
132              	( 7.9690094425e-01 0.0000000000e+00 -1.0091269578e+01 )	( 7.5024815353e-01 0.0000000000e+00 -1.0093576516e+01 )	( 4.6652790717e-02 0.0000000000e+00 2.3069380560e-03 )
133              	( 7.9661325395e-01 0.0000000000e+00 -1.0091938008e+01 )	( 7.4996012451e-01 0.0000000000e+00 -1.0094243584e+01 )	( 4.6653129439e-02 0.0000000000e+00 2.3055760576e-03 )
134              	( 7.9635201252e-01 0.0000000000e+00 -1.0092514921e+01 )	( 7.4969840641e-01 0.0000000000e+00 -1.0094819291e+01 )	( 4.6653606110e-02 0.0000000000e+00 2.3043702764e-03 )
135              	( 7.9611663004e-01 0.0000000000e+00 -1.0093009411e+01 )	( 7.4946241584e-01 0.0000000000e+00 -1.0095312727e+01 )	( 4.6654214199e-02 0.0000000000e+00 2.3033159514e-03 )
136              	( 7.9590669310e-01 0.0000000000e+00 -1.0093433856e+01 )	( 7.4925174935e-01 0.0000000000e+00 -1.0095736264e+01 )	( 4.6654943753e-02 0.0000000000e+00 2.3024073942e-03 )
137              	( 7.9572123421e-01 0.0000000000e+00 -1.0093796348e+01 )	( 7.4906544887e-01 0.0000000000e+00 -1.0096097986e+01 )	( 4.6655785347e-02 0.0000000000e+00 2.3016379628e-03 )
138              	( 7.9555913429e-01 0.0000000000e+00 -1.0094104380e+01 )	( 7.4890240409e-01 0.0000000000e+00 -1.0096405380e+01 )	( 4.6656730208e-02 0.0000000000e+00 2.3010006116e-03 )
139              	( 7.9541908996e-01 0.0000000000e+00 -1.0094364731e+01 )	( 7.4876131966e-01 0.0000000000e+00 -1.0096665219e+01 )	( 4.6657770298e-02 0.0000000000e+00 2.3004881451e-03 )
140              	( 7.9529989383e-01 0.0000000000e+00 -1.0094584597e+01 )	( 7.4864099577e-01 0.0000000000e+00 -1.0096884690e+01 )	( 4.6658898066e-02 0.0000000000e+00 2.3000933827e-03 )
141              	( 7.9520030116e-01 0.0000000000e+00 -1.0094770534e+01 )	( 7.4854019518e-01 0.0000000000e+00 -1.0097070343e+01 )	( 4.6660105979e-02 0.0000000000e+00 2.2998087172e-03 )
142              	( 7.9511912204e-01 0.0000000000e+00 -1.0094928989e+01 )	( 7.4845773590e-01 0.0000000000e+00 -1.0097228615e+01 )	( 4.6661386139e-02 0.0000000000e+00 2.2996262819e-03 )
143              	( 7.9505504041e-01 0.0000000000e+00 -1.0095065550e+01 )	( 7.4839231090e-01 0.0000000000e+00 -1.0097365088e+01 )	( 4.6662729511e-02 0.0000000000e+00 2.2995378227e-03 )
144              	( 7.9500670196e-01 0.0000000000e+00 -1.0095185210e+01 )	( 7.4834257613e-01 0.0000000000e+00 -1.0097484745e+01 )	( 4.6664125831e-02 0.0000000000e+00 2.2995347915e-03 )
145              	( 7.9497291025e-01 0.0000000000e+00 -1.0095293195e+01 )	( 7.4830734622e-01 0.0000000000e+00 -1.0097592804e+01 )	( 4.6665564027e-02 0.0000000000e+00 2.2996084552e-03 )
146              	( 7.9495237984e-01 0.0000000000e+00 -1.0095393840e+01 )	( 7.4828534691e-01 0.0000000000e+00 -1.0097693590e+01 )	( 4.6667032933e-02 0.0000000000e+00 2.2997501320e-03 )
147              	( 7.9494387206e-01 0.0000000000e+00 -1.0095491192e+01 )	( 7.4827535013e-01 0.0000000000e+00 -1.0097791143e+01 )	( 4.6668521933e-02 0.0000000000e+00 2.2999513231e-03 )
148              	( 7.9494602031e-01 0.0000000000e+00 -1.0095588230e+01 )	( 7.4827599878e-01 0.0000000000e+00 -1.0097888434e+01 )	( 4.6670021533e-02 0.0000000000e+00 2.3002039454e-03 )
149              	( 7.9495755822e-01 0.0000000000e+00 -1.0095687700e+01 )	( 7.4828603485e-01 0.0000000000e+00 -1.0097988200e+01 )	( 4.6671523372e-02 0.0000000000e+00 2.3005003573e-03 )
150              	( 7.9497722800e-01 0.0000000000e+00 -1.0095791847e+01 )	( 7.4830420786e-01 0.0000000000e+00 -1.0098092680e+01 )	( 4.6673020149e-02 0.0000000000e+00 2.3008333684e-03 )
151              	( 7.9500380563e-01 0.0000000000e+00 -1.0095902461e+01 )	( 7.4832930042e-01 0.0000000000e+00 -1.0098203657e+01 )	( 4.6674505208e-02 0.0000000000e+00 2.3011961934e-03 )
152              	( 7.9503616307e-01 0.0000000000e+00 -1.0096021136e+01 )	( 7.4836019083e-01 0.0000000000e+00 -1.0098322718e+01 )	( 4.6675972239e-02 0.0000000000e+00 2.3015823964e-03 )
153              	( 7.9507324211e-01 0.0000000000e+00 -1.0096149187e+01 )	( 7.4839582704e-01 0.0000000000e+00 -1.0098451173e+01 )	( 4.6677415072e-02 0.0000000000e+00 2.3019858635e-03 )
154              	( 7.9511410064e-01 0.0000000000e+00 -1.0096287804e+01 )	( 7.4843527296e-01 0.0000000000e+00 -1.0098590204e+01 )	( 4.6678827680e-02 0.0000000000e+00 2.3024008075e-03 )
155              	( 7.9515780173e-01 0.0000000000e+00 -1.0096437750e+01 )	( 7.4847759741e-01 0.0000000000e+00 -1.0098740572e+01 )	( 4.6680204326e-02 0.0000000000e+00 2.3028218077e-03 )
156              	( 7.9520353898e-01 0.0000000000e+00 -1.0096599778e+01 )	( 7.4852199914e-01 0.0000000000e+00 -1.0098903022e+01 )	( 4.6681539838e-02 0.0000000000e+00 2.3032438462e-03 )
157              	( 7.9525031701e-01 0.0000000000e+00 -1.0096773226e+01 )	( 7.4856748715e-01 0.0000000000e+00 -1.0099076888e+01 )	( 4.6682829858e-02 0.0000000000e+00 2.3036624953e-03 )
158              	( 7.9529757418e-01 0.0000000000e+00 -1.0096958668e+01 )	( 7.4861350324e-01 0.0000000000e+00 -1.0099262741e+01 )	( 4.6684070943e-02 0.0000000000e+00 2.3040737774e-03 )
159              	( 7.9534455372e-01 0.0000000000e+00 -1.0097155525e+01 )	( 7.4865929312e-01 0.0000000000e+00 -1.0099459999e+01 )	( 4.6685260599e-02 0.0000000000e+00 2.3044742434e-03 )
160              	( 7.9539057105e-01 0.0000000000e+00 -1.0097362941e+01 )	( 7.4870417406e-01 0.0000000000e+00 -1.0099667802e+01 )	( 4.6686396991e-02 0.0000000000e+00 2.3048609423e-03 )
161              	( 7.9543526410e-01 0.0000000000e+00 -1.0097581071e+01 )	( 7.4874778532e-01 0.0000000000e+00 -1.0099886303e+01 )	( 4.6687478782e-02 0.0000000000e+00 2.3052312451e-03 )
162              	( 7.9547801412e-01 0.0000000000e+00 -1.0097808600e+01 )	( 7.4878950913e-01 0.0000000000e+00 -1.0100114183e+01 )	( 4.6688504989e-02 0.0000000000e+00 2.3055829491e-03 )
163              	( 7.9551847660e-01 0.0000000000e+00 -1.0098044908e+01 )	( 7.4882900187e-01 0.0000000000e+00 -1.0100350822e+01 )	( 4.6689474728e-02 0.0000000000e+00 2.3059141490e-03 )
164              	( 7.9555639324e-01 0.0000000000e+00 -1.0098289468e+01 )	( 7.4886600589e-01 0.0000000000e+00 -1.0100595692e+01 )	( 4.6690387353e-02 0.0000000000e+00 2.3062232126e-03 )
165              	( 7.9559131295e-01 0.0000000000e+00 -1.0098540574e+01 )	( 7.4890007049e-01 0.0000000000e+00 -1.0100847083e+01 )	( 4.6691242459e-02 0.0000000000e+00 2.3065088984e-03 )
166              	( 7.9562320700e-01 0.0000000000e+00 -1.0098797966e+01 )	( 7.4893116701e-01 0.0000000000e+00 -1.0101104737e+01 )	( 4.6692039997e-02 0.0000000000e+00 2.3067702126e-03 )
167              	( 7.9565187494e-01 0.0000000000e+00 -1.0099060490e+01 )	( 7.4895909443e-01 0.0000000000e+00 -1.0101367497e+01 )	( 4.6692780508e-02 0.0000000000e+00 2.3070065157e-03 )
168              	( 7.9567716847e-01 0.0000000000e+00 -1.0099326989e+01 )	( 7.4898370350e-01 0.0000000000e+00 -1.0101634206e+01 )	( 4.6693464972e-02 0.0000000000e+00 2.3072174894e-03 )
169              	( 7.9569900412e-01 0.0000000000e+00 -1.0099596386e+01 )	( 7.4900490929e-01 0.0000000000e+00 -1.0101903789e+01 )	( 4.6694094829e-02 0.0000000000e+00 2.3074031077e-03 )
170              	( 7.9571733571e-01 0.0000000000e+00 -1.0099867589e+01 )	( 7.4902266384e-01 0.0000000000e+00 -1.0102175152e+01 )	( 4.6694671868e-02 0.0000000000e+00 2.3075636018e-03 )
171              	( 7.9573215482e-01 0.0000000000e+00 -1.0100139479e+01 )	( 7.4903695672e-01 0.0000000000e+00 -1.0102447179e+01 )	( 4.6695198097e-02 0.0000000000e+00 2.3076994236e-03 )
172              	( 7.9574349383e-01 0.0000000000e+00 -1.0100411014e+01 )	( 7.4904781822e-01 0.0000000000e+00 -1.0102718825e+01 )	( 4.6695675607e-02 0.0000000000e+00 2.3078111955e-03 )
173              	( 7.9575143364e-01 0.0000000000e+00 -1.0100681252e+01 )	( 7.4905532712e-01 0.0000000000e+00 -1.0102989151e+01 )	( 4.6696106518e-02 0.0000000000e+00 2.3078996748e-03 )
174              	( 7.9575608334e-01 0.0000000000e+00 -1.0100949297e+01 )	( 7.4905959038e-01 0.0000000000e+00 -1.0103257263e+01 )	( 4.6696492958e-02 0.0000000000e+00 2.3079657365e-03 )
175              	( 7.9575757333e-01 0.0000000000e+00 -1.0101214300e+01 )	( 7.4906073624e-01 0.0000000000e+00 -1.0103522311e+01 )	( 4.6696837093e-02 0.0000000000e+00 2.3080103628e-03 )
176              	( 7.9575605986e-01 0.0000000000e+00 -1.0101475530e+01 )	( 7.4905891870e-01 0.0000000000e+00 -1.0103783565e+01 )	( 4.6697141167e-02 0.0000000000e+00 2.3080346296e-03 )
177              	( 7.9575167488e-01 0.0000000000e+00 -1.0101731985e+01 )	( 7.4905426731e-01 0.0000000000e+00 -1.0104040025e+01 )	( 4.6697407565e-02 0.0000000000e+00 2.3080397450e-03 )
178              	( 7.9574462505e-01 0.0000000000e+00 -1.0101983165e+01 )	( 7.4904698626e-01 0.0000000000e+00 -1.0104291192e+01 )	( 4.6697638795e-02 0.0000000000e+00 2.3080269772e-03 )
179              	( 7.9573507601e-01 0.0000000000e+00 -1.0102228328e+01 )	( 7.4903723855e-01 0.0000000000e+00 -1.0104536326e+01 )	( 4.6697837463e-02 0.0000000000e+00 2.3079976723e-03 )
180              	( 7.9572321900e-01 0.0000000000e+00 -1.0102466877e+01 )	( 7.4902521280e-01 0.0000000000e+00 -1.0104774830e+01 )	( 4.6698006204e-02 0.0000000000e+00 2.3079532226e-03 )
181              	( 7.9570925077e-01 0.0000000000e+00 -1.0102698288e+01 )	( 7.4901110315e-01 0.0000000000e+00 -1.0105006183e+01 )	( 4.6698147626e-02 0.0000000000e+00 2.3078950386e-03 )
182              	( 7.9569337836e-01 0.0000000000e+00 -1.0102922132e+01 )	( 7.4899511412e-01 0.0000000000e+00 -1.0105229956e+01 )	( 4.6698264244e-02 0.0000000000e+00 2.3078245257e-03 )
183              	( 7.9567581267e-01 0.0000000000e+00 -1.0103138058e+01 )	( 7.4897745422e-01 0.0000000000e+00 -1.0105445801e+01 )	( 4.6698358451e-02 0.0000000000e+00 2.3077430665e-03 )
184              	( 7.9565676351e-01 0.0000000000e+00 -1.0103345781e+01 )	( 7.4895833100e-01 0.0000000000e+00 -1.0105653433e+01 )	( 4.6698432509e-02 0.0000000000e+00 2.3076520103e-03 )
185              	( 7.9563643711e-01 0.0000000000e+00 -1.0103545081e+01 )	( 7.4893794855e-01 0.0000000000e+00 -1.0105852634e+01 )	( 4.6698488567e-02 0.0000000000e+00 2.3075526693e-03 )
186              	( 7.9561503394e-01 0.0000000000e+00 -1.0103735793e+01 )	( 7.4891650526e-01 0.0000000000e+00 -1.0106043239e+01 )	( 4.6698528683e-02 0.0000000000e+00 2.3074463166e-03 )
187              	( 7.9559274655e-01 0.0000000000e+00 -1.0103917797e+01 )	( 7.4889419170e-01 0.0000000000e+00 -1.0106225131e+01 )	( 4.6698554851e-02 0.0000000000e+00 2.3073341862e-03 )
188              	( 7.9556975695e-01 0.0000000000e+00 -1.0104091020e+01 )	( 7.4887118795e-01 0.0000000000e+00 -1.0106398237e+01 )	( 4.6698569000e-02 0.0000000000e+00 2.3072174686e-03 )
189              	( 7.9554624163e-01 0.0000000000e+00 -1.0104255446e+01 )	( 7.4884766864e-01 0.0000000000e+00 -1.0106562543e+01 )	( 4.6698572990e-02 0.0000000000e+00 2.3070973047e-03 )
190              	( 7.9552236617e-01 0.0000000000e+00 -1.0104411101e+01 )	( 7.4882379750e-01 0.0000000000e+00 -1.0106718075e+01 )	( 4.6698568667e-02 0.0000000000e+00 2.3069747850e-03 )
191              	( 7.9549829226e-01 0.0000000000e+00 -1.0104558080e+01 )	( 7.4879973452e-01 0.0000000000e+00 -1.0106864931e+01 )	( 4.6698557740e-02 0.0000000000e+00 2.3068509294e-03 )
192              	( 7.9547418569e-01 0.0000000000e+00 -1.0104696738e+01 )	( 7.4877564421e-01 0.0000000000e+00 -1.0107003465e+01 )	( 4.6698541477e-02 0.0000000000e+00 2.3067267067e-03 )
193              	( 7.9545013778e-01 0.0000000000e+00 -1.0104826733e+01 )	( 7.4875161633e-01 0.0000000000e+00 -1.0107133336e+01 )	( 4.6698521450e-02 0.0000000000e+00 2.3066029154e-03 )
194              	( 7.9542630361e-01 0.0000000000e+00 -1.0104948486e+01 )	( 7.4872780485e-01 0.0000000000e+00 -1.0107254967e+01 )	( 4.6698498762e-02 0.0000000000e+00 2.3064803308e-03 )
195              	( 7.9540280089e-01 0.0000000000e+00 -1.0105062386e+01 )	( 7.4870432653e-01 0.0000000000e+00 -1.0107368745e+01 )	( 4.6698474357e-02 0.0000000000e+00 2.3063596428e-03 )
196              	( 7.9537974185e-01 0.0000000000e+00 -1.0105168624e+01 )	( 7.4868129267e-01 0.0000000000e+00 -1.0107474865e+01 )	( 4.6698449175e-02 0.0000000000e+00 2.3062414800e-03 )
197              	( 7.9535723204e-01 0.0000000000e+00 -1.0105267475e+01 )	( 7.4865880795e-01 0.0000000000e+00 -1.0107573601e+01 )	( 4.6698424092e-02 0.0000000000e+00 2.3061264051e-03 )
198              	( 7.9533534229e-01 0.0000000000e+00 -1.0105359219e+01 )	( 7.4863694239e-01 0.0000000000e+00 -1.0107665234e+01 )	( 4.6698399902e-02 0.0000000000e+00 2.3060149080e-03 )
199              	( 7.9531412970e-01 0.0000000000e+00 -1.0105444175e+01 )	( 7.4861575244e-01 0.0000000000e+00 -1.0107750082e+01 )	( 4.6698377259e-02 0.0000000000e+00 2.3059074140e-03 )
200              	( 7.9529366845e-01 0.0000000000e+00 -1.0105522630e+01 )	( 7.4859531171e-01 0.0000000000e+00 -1.0107828435e+01 )	( 4.6698356736e-02 0.0000000000e+00 2.3058042883e-03 )
201              	( 7.9527400915e-01 0.0000000000e+00 -1.0105594931e+01 )	( 7.4857567034e-01 0.0000000000e+00 -1.0107900636e+01 )	( 4.6698338814e-02 0.0000000000e+00 2.3057058303e-03 )
202              	( 7.9525519223e-01 0.0000000000e+00 -1.0105661398e+01 )	( 7.4855686835e-01 0.0000000000e+00 -1.0107967011e+01 )	( 4.6698323887e-02 0.0000000000e+00 2.3056122786e-03 )
203              	( 7.9523725384e-01 0.0000000000e+00 -1.0105722371e+01 )	( 7.4853894159e-01 0.0000000000e+00 -1.0108027894e+01 )	( 4.6698312256e-02 0.0000000000e+00 2.3055238139e-03 )
204              	( 7.9522021988e-01 0.0000000000e+00 -1.0105778177e+01 )	( 7.4852191573e-01 0.0000000000e+00 -1.0108083617e+01 )	( 4.6698304147e-02 0.0000000000e+00 2.3054405621e-03 )
205              	( 7.9520410888e-01 0.0000000000e+00 -1.0105829141e+01 )	( 7.4850580916e-01 0.0000000000e+00 -1.0108134503e+01 )	( 4.6698299713e-02 0.0000000000e+00 2.3053626000e-03 )
206              	( 7.9518893265e-01 0.0000000000e+00 -1.0105875588e+01 )	( 7.4849063361e-01 0.0000000000e+00 -1.0108180878e+01 )	( 4.6698299047e-02 0.0000000000e+00 2.3052899601e-03 )
207              	( 7.9517469301e-01 0.0000000000e+00 -1.0105917820e+01 )	( 7.4847639081e-01 0.0000000000e+00 -1.0108223042e+01 )	( 4.6698302194e-02 0.0000000000e+00 2.3052226360e-03 )
208              	( 7.9516138725e-01 0.0000000000e+00 -1.0105956133e+01 )	( 7.4846307809e-01 0.0000000000e+00 -1.0108261294e+01 )	( 4.6698309158e-02 0.0000000000e+00 2.3051605862e-03 )
209              	( 7.9514900768e-01 0.0000000000e+00 -1.0105990821e+01 )	( 7.4845068778e-01 0.0000000000e+00 -1.0108295925e+01 )	( 4.6698319901e-02 0.0000000000e+00 2.3051037373e-03 )
210              	( 7.9513753937e-01 0.0000000000e+00 -1.0106022164e+01 )	( 7.4843920502e-01 0.0000000000e+00 -1.0108327216e+01 )	( 4.6698334348e-02 0.0000000000e+00 2.3050519876e-03 )
211              	( 7.9512696975e-01 0.0000000000e+00 -1.0106050434e+01 )	( 7.4842861735e-01 0.0000000000e+00 -1.0108355439e+01 )	( 4.6698352395e-02 0.0000000000e+00 2.3050052060e-03 )
212              	( 7.9511727427e-01 0.0000000000e+00 -1.0106075893e+01 )	( 7.4841890038e-01 0.0000000000e+00 -1.0108380856e+01 )	( 4.6698373895e-02 0.0000000000e+00 2.3049632396e-03 )
213              	( 7.9510842867e-01 0.0000000000e+00 -1.0106098789e+01 )	( 7.4841003000e-01 0.0000000000e+00 -1.0108403715e+01 )	( 4.6698398667e-02 0.0000000000e+00 2.3049259136e-03 )
214              	( 7.9510040601e-01 0.0000000000e+00 -1.0106119363e+01 )	( 7.4840197950e-01 0.0000000000e+00 -1.0108424256e+01 )	( 4.6698426506e-02 0.0000000000e+00 2.3048930351e-03 )
215              	( 7.9509317588e-01 0.0000000000e+00 -1.0106137841e+01 )	( 7.4839471870e-01 0.0000000000e+00 -1.0108442706e+01 )	( 4.6698457186e-02 0.0000000000e+00 2.3048643964e-03 )
216              	( 7.9508670562e-01 0.0000000000e+00 -1.0106154439e+01 )	( 7.4838821516e-01 0.0000000000e+00 -1.0108459279e+01 )	( 4.6698490467e-02 0.0000000000e+00 2.3048397795e-03 )
217              	( 7.9508096013e-01 0.0000000000e+00 -1.0106169357e+01 )	( 7.4838243403e-01 0.0000000000e+00 -1.0108474176e+01 )	( 4.6698526106e-02 0.0000000000e+00 2.3048189584e-03 )
218              	( 7.9507590254e-01 0.0000000000e+00 -1.0106182783e+01 )	( 7.4837733869e-01 0.0000000000e+00 -1.0108487585e+01 )	( 4.6698563856e-02 0.0000000000e+00 2.3048017028e-03 )
219              	( 7.9507149476e-01 0.0000000000e+00 -1.0106194894e+01 )	( 7.4837289129e-01 0.0000000000e+00 -1.0108499681e+01 )	( 4.6698603473e-02 0.0000000000e+00 2.3047877796e-03 )
220              	( 7.9506769682e-01 0.0000000000e+00 -1.0106205852e+01 )	( 7.4836905210e-01 0.0000000000e+00 -1.0108510629e+01 )	( 4.6698644714e-02 0.0000000000e+00 2.3047769544e-03 )
221              	( 7.9506447153e-01 0.0000000000e+00 -1.0106215811e+01 )	( 7.4836578419e-01 0.0000000000e+00 -1.0108520580e+01 )	( 4.6698687339e-02 0.0000000000e+00 2.3047689947e-03 )
222              	( 7.9506177781e-01 0.0000000000e+00 -1.0106224914e+01 )	( 7.4836304670e-01 0.0000000000e+00 -1.0108529677e+01 )	( 4.6698731111e-02 0.0000000000e+00 2.3047636675e-03 )
223              	( 7.9505957586e-01 0.0000000000e+00 -1.0106233290e+01 )	( 7.4836080007e-01 0.0000000000e+00 -1.0108538050e+01 )	( 4.6698775793e-02 0.0000000000e+00 2.3047607434e-03 )
224              	( 7.9505782728e-01 0.0000000000e+00 -1.0106241058e+01 )	( 7.4835900613e-01 0.0000000000e+00 -1.0108545818e+01 )	( 4.6698821154e-02 0.0000000000e+00 2.3047599973e-03 )
225              	( 7.9505649362e-01 0.0000000000e+00 -1.0106248334e+01 )	( 7.4835762665e-01 0.0000000000e+00 -1.0108553095e+01 )	( 4.6698866969e-02 0.0000000000e+00 2.3047612077e-03 )
226              	( 7.9505553646e-01 0.0000000000e+00 -1.0106255209e+01 )	( 7.4835662343e-01 0.0000000000e+00 -1.0108559973e+01 )	( 4.6698913024e-02 0.0000000000e+00 2.3047641615e-03 )
227              	( 7.9505491975e-01 0.0000000000e+00 -1.0106261776e+01 )	( 7.4835596064e-01 0.0000000000e+00 -1.0108566544e+01 )	( 4.6698959116e-02 0.0000000000e+00 2.3047686526e-03 )
228              	( 7.9505460719e-01 0.0000000000e+00 -1.0106268110e+01 )	( 7.4835560214e-01 0.0000000000e+00 -1.0108572884e+01 )	( 4.6699005054e-02 0.0000000000e+00 2.3047744844e-03 )
229              	( 7.9505456495e-01 0.0000000000e+00 -1.0106274284e+01 )	( 7.4835551429e-01 0.0000000000e+00 -1.0108579065e+01 )	( 4.6699050662e-02 0.0000000000e+00 2.3047814688e-03 )
230              	( 7.9505475958e-01 0.0000000000e+00 -1.0106280356e+01 )	( 7.4835566380e-01 0.0000000000e+00 -1.0108585145e+01 )	( 4.6699095777e-02 0.0000000000e+00 2.3047894275e-03 )
231              	( 7.9505515976e-01 0.0000000000e+00 -1.0106286379e+01 )	( 7.4835601951e-01 0.0000000000e+00 -1.0108591177e+01 )	( 4.6699140249e-02 0.0000000000e+00 2.3047981918e-03 )
232              	( 7.9505573451e-01 0.0000000000e+00 -1.0106292391e+01 )	( 7.4835655057e-01 0.0000000000e+00 -1.0108597199e+01 )	( 4.6699183939e-02 0.0000000000e+00 2.3048076041e-03 )
233              	( 7.9505646026e-01 0.0000000000e+00 -1.0106298451e+01 )	( 7.4835723354e-01 0.0000000000e+00 -1.0108603269e+01 )	( 4.6699226720e-02 0.0000000000e+00 2.3048175138e-03 )
234              	( 7.9505730576e-01 0.0000000000e+00 -1.0106304571e+01 )	( 7.4835803729e-01 0.0000000000e+00 -1.0108609399e+01 )	( 4.6699268475e-02 0.0000000000e+00 2.3048277825e-03 )
235              	( 7.9505824842e-01 0.0000000000e+00 -1.0106310782e+01 )	( 7.4835893932e-01 0.0000000000e+00 -1.0108615621e+01 )	( 4.6699309101e-02 0.0000000000e+00 2.3048382815e-03 )
236              	( 7.9505926550e-01 0.0000000000e+00 -1.0106317105e+01 )	( 7.4835991700e-01 0.0000000000e+00 -1.0108621954e+01 )	( 4.6699348505e-02 0.0000000000e+00 2.3048488924e-03 )
237              	( 7.9506033576e-01 0.0000000000e+00 -1.0106323553e+01 )	( 7.4836094915e-01 0.0000000000e+00 -1.0108628412e+01 )	( 4.6699386609e-02 0.0000000000e+00 2.3048595070e-03 )
238              	( 7.9506143983e-01 0.0000000000e+00 -1.0106330135e+01 )	( 7.4836201649e-01 0.0000000000e+00 -1.0108635005e+01 )	( 4.6699423346e-02 0.0000000000e+00 2.3048700273e-03 )
239              	( 7.9506256003e-01 0.0000000000e+00 -1.0106336856e+01 )	( 7.4836310137e-01 0.0000000000e+00 -1.0108641737e+01 )	( 4.6699458661e-02 0.0000000000e+00 2.3048803654e-03 )
240              	( 7.9506368023e-01 0.0000000000e+00 -1.0106343718e+01 )	( 7.4836418772e-01 0.0000000000e+00 -1.0108648608e+01 )	( 4.6699492511e-02 0.0000000000e+00 2.3048904427e-03 )
241              	( 7.9506478599e-01 0.0000000000e+00 -1.0106350716e+01 )	( 7.4836526113e-01 0.0000000000e+00 -1.0108655617e+01 )	( 4.6699524864e-02 0.0000000000e+00 2.3049001902e-03 )
242              	( 7.9506586445e-01 0.0000000000e+00 -1.0106357847e+01 )	( 7.4836630875e-01 0.0000000000e+00 -1.0108662756e+01 )	( 4.6699555695e-02 0.0000000000e+00 2.3049095474e-03 )
243              	( 7.9506690438e-01 0.0000000000e+00 -1.0106365100e+01 )	( 7.4836731939e-01 0.0000000000e+00 -1.0108670019e+01 )	( 4.6699584990e-02 0.0000000000e+00 2.3049184626e-03 )
244              	( 7.9506789726e-01 0.0000000000e+00 -1.0106372473e+01 )	( 7.4836828452e-01 0.0000000000e+00 -1.0108677400e+01 )	( 4.6699612742e-02 0.0000000000e+00 2.3049268908e-03 )
245              	( 7.9506883067e-01 0.0000000000e+00 -1.0106379936e+01 )	( 7.4836919171e-01 0.0000000000e+00 -1.0108684870e+01 )	( 4.6699638953e-02 0.0000000000e+00 2.3049347974e-03 )
246              	( 7.9506970177e-01 0.0000000000e+00 -1.0106387490e+01 )	( 7.4837003814e-01 0.0000000000e+00 -1.0108692432e+01 )	( 4.6699663631e-02 0.0000000000e+00 2.3049421531e-03 )
247              	( 7.9507050312e-01 0.0000000000e+00 -1.0106395115e+01 )	( 7.4837081632e-01 0.0000000000e+00 -1.0108700064e+01 )	( 4.6699686796e-02 0.0000000000e+00 2.3049489360e-03 )
248              	( 7.9507123013e-01 0.0000000000e+00 -1.0106402794e+01 )	( 7.4837152167e-01 0.0000000000e+00 -1.0108707750e+01 )	( 4.6699708469e-02 0.0000000000e+00 2.3049551308e-03 )
249              	( 7.9507187912e-01 0.0000000000e+00 -1.0106410511e+01 )	( 7.4837215044e-01 0.0000000000e+00 -1.0108715472e+01 )	( 4.6699728681e-02 0.0000000000e+00 2.3049607282e-03 )
250              	( 7.9507244751e-01 0.0000000000e+00 -1.0106418246e+01 )	( 7.4837270004e-01 0.0000000000e+00 -1.0108723212e+01 )	( 4.6699747468e-02 0.0000000000e+00 2.3049657249e-03 )
251              	( 7.9507293372e-01 0.0000000000e+00 -1.0106425982e+01 )	( 7.4837316885e-01 0.0000000000e+00 -1.0108730952e+01 )	( 4.6699764871e-02 0.0000000000e+00 2.3049701222e-03 )
252              	( 7.9507333703e-01 0.0000000000e+00 -1.0106433700e+01 )	( 7.4837355610e-01 0.0000000000e+00 -1.0108738674e+01 )	( 4.6699780933e-02 0.0000000000e+00 2.3049739263e-03 )
253              	( 7.9507365757e-01 0.0000000000e+00 -1.0106441382e+01 )	( 7.4837386187e-01 0.0000000000e+00 -1.0108746359e+01 )	( 4.6699795702e-02 0.0000000000e+00 2.3049771474e-03 )
254              	( 7.9507389616e-01 0.0000000000e+00 -1.0106449010e+01 )	( 7.4837408694e-01 0.0000000000e+00 -1.0108753990e+01 )	( 4.6699809228e-02 0.0000000000e+00 2.3049797995e-03 )
255              	( 7.9507405438e-01 0.0000000000e+00 -1.0106456567e+01 )	( 7.4837423282e-01 0.0000000000e+00 -1.0108761549e+01 )	( 4.6699821565e-02 0.0000000000e+00 2.3049818997e-03 )
256              	( 7.9507413461e-01 0.0000000000e+00 -1.0106464039e+01 )	( 7.4837430185e-01 0.0000000000e+00 -1.0108769023e+01 )	( 4.6699832767e-02 0.0000000000e+00 2.3049834678e-03 )
257              	( 7.9507413841e-01 0.0000000000e+00 -1.0106471402e+01 )	( 7.4837429552e-01 0.0000000000e+00 -1.0108776387e+01 )	( 4.6699842890e-02 0.0000000000e+00 2.3049845271e-03 )
258              	( 7.9507407011e-01 0.0000000000e+00 -1.0106478648e+01 )	( 7.4837421812e-01 0.0000000000e+00 -1.0108783633e+01 )	( 4.6699851993e-02 0.0000000000e+00 2.3049851021e-03 )
259              	( 7.9507393263e-01 0.0000000000e+00 -1.0106485761e+01 )	( 7.4837407249e-01 0.0000000000e+00 -1.0108790746e+01 )	( 4.6699860135e-02 0.0000000000e+00 2.3049852195e-03 )
260              	( 7.9507372978e-01 0.0000000000e+00 -1.0106492728e+01 )	( 7.4837386241e-01 0.0000000000e+00 -1.0108797712e+01 )	( 4.6699867375e-02 0.0000000000e+00 2.3049849073e-03 )
261              	( 7.9507346556e-01 0.0000000000e+00 -1.0106499535e+01 )	( 7.4837359179e-01 0.0000000000e+00 -1.0108804519e+01 )	( 4.6699873772e-02 0.0000000000e+00 2.3049841946e-03 )
262              	( 7.9507314427e-01 0.0000000000e+00 -1.0106506172e+01 )	( 7.4837326489e-01 0.0000000000e+00 -1.0108811155e+01 )	( 4.6699879384e-02 0.0000000000e+00 2.3049831112e-03 )
263              	( 7.9507277033e-01 0.0000000000e+00 -1.0106512629e+01 )	( 7.4837288607e-01 0.0000000000e+00 -1.0108817610e+01 )	( 4.6699884269e-02 0.0000000000e+00 2.3049816874e-03 )
264              	( 7.9507234829e-01 0.0000000000e+00 -1.0106518897e+01 )	( 7.4837245980e-01 0.0000000000e+00 -1.0108823877e+01 )	( 4.6699888484e-02 0.0000000000e+00 2.3049799537e-03 )
265              	( 7.9507188272e-01 0.0000000000e+00 -1.0106524968e+01 )	( 7.4837199064e-01 0.0000000000e+00 -1.0108829946e+01 )	( 4.6699892083e-02 0.0000000000e+00 2.3049779406e-03 )
266              	( 7.9507137828e-01 0.0000000000e+00 -1.0106530836e+01 )	( 7.4837148316e-01 0.0000000000e+00 -1.0108835811e+01 )	( 4.6699895121e-02 0.0000000000e+00 2.3049756783e-03 )
267              	( 7.9507083956e-01 0.0000000000e+00 -1.0106536495e+01 )	( 7.4837094191e-01 0.0000000000e+00 -1.0108841468e+01 )	( 4.6699897650e-02 0.0000000000e+00 2.3049731965e-03 )
268              	( 7.9507027113e-01 0.0000000000e+00 -1.0106541941e+01 )	( 7.4837037141e-01 0.0000000000e+00 -1.0108846911e+01 )	( 4.6699899720e-02 0.0000000000e+00 2.3049705244e-03 )
269              	( 7.9506967745e-01 0.0000000000e+00 -1.0106547170e+01 )	( 7.4836977608e-01 0.0000000000e+00 -1.0108852137e+01 )	( 4.6699901379e-02 0.0000000000e+00 2.3049676905e-03 )
270              	( 7.9506906293e-01 0.0000000000e+00 -1.0106552180e+01 )	( 7.4836916026e-01 0.0000000000e+00 -1.0108857144e+01 )	( 4.6699902674e-02 0.0000000000e+00 2.3049647223e-03 )
271              	( 7.9506843181e-01 0.0000000000e+00 -1.0106556969e+01 )	( 7.4836852816e-01 0.0000000000e+00 -1.0108861931e+01 )	( 4.6699903649e-02 0.0000000000e+00 2.3049616463e-03 )
272              	( 7.9506778818e-01 0.0000000000e+00 -1.0106561538e+01 )	( 7.4836788384e-01 0.0000000000e+00 -1.0108866496e+01 )	( 4.6699904346e-02 0.0000000000e+00 2.3049584876e-03 )
273              	( 7.9506713601e-01 0.0000000000e+00 -1.0106565886e+01 )	( 7.4836723120e-01 0.0000000000e+00 -1.0108870841e+01 )	( 4.6699904804e-02 0.0000000000e+00 2.3049552704e-03 )
274              	( 7.9506647903e-01 0.0000000000e+00 -1.0106570016e+01 )	( 7.4836657397e-01 0.0000000000e+00 -1.0108874968e+01 )	( 4.6699905059e-02 0.0000000000e+00 2.3049520172e-03 )
275              	( 7.9506582094e-01 0.0000000000e+00 -1.0106573928e+01 )	( 7.4836591580e-01 0.0000000000e+00 -1.0108878877e+01 )	( 4.6699905148e-02 0.0000000000e+00 2.3049487495e-03 )
276              	( 7.9506516471e-01 0.0000000000e+00 -1.0106577628e+01 )	( 7.4836525961e-01 0.0000000000e+00 -1.0108882574e+01 )	( 4.6699905101e-02 0.0000000000e+00 2.3049454870e-03 )
277              	( 7.9506451369e-01 0.0000000000e+00 -1.0106581118e+01 )	( 7.4836460875e-01 0.0000000000e+00 -1.0108886060e+01 )	( 4.6699904947e-02 0.0000000000e+00 2.3049422482e-03 )
278              	( 7.9506387078e-01 0.0000000000e+00 -1.0106584401e+01 )	( 7.4836396607e-01 0.0000000000e+00 -1.0108889340e+01 )	( 4.6699904715e-02 0.0000000000e+00 2.3049390500e-03 )
279              	( 7.9506323843e-01 0.0000000000e+00 -1.0106587484e+01 )	( 7.4836333400e-01 0.0000000000e+00 -1.0108892420e+01 )	( 4.6699904429e-02 0.0000000000e+00 2.3049359080e-03 )
280              	( 7.9506261949e-01 0.0000000000e+00 -1.0106590372e+01 )	( 7.4836271538e-01 0.0000000000e+00 -1.0108895305e+01 )	( 4.6699904112e-02 0.0000000000e+00 2.3049328361e-03 )
281              	( 7.9506201589e-01 0.0000000000e+00 -1.0106593070e+01 )	( 7.4836211210e-01 0.0000000000e+00 -1.0108898000e+01 )	( 4.6699903784e-02 0.0000000000e+00 2.3049298470e-03 )
282              	( 7.9506142926e-01 0.0000000000e+00 -1.0106595586e+01 )	( 7.4836152579e-01 0.0000000000e+00 -1.0108900513e+01 )	( 4.6699903464e-02 0.0000000000e+00 2.3049269517e-03 )
283              	( 7.9506086164e-01 0.0000000000e+00 -1.0106597924e+01 )	( 7.4836095848e-01 0.0000000000e+00 -1.0108902849e+01 )	( 4.6699903166e-02 0.0000000000e+00 2.3049241599e-03 )
284              	( 7.9506031451e-01 0.0000000000e+00 -1.0106600094e+01 )	( 7.4836041160e-01 0.0000000000e+00 -1.0108905015e+01 )	( 4.6699902906e-02 0.0000000000e+00 2.3049214799e-03 )
285              	( 7.9505978907e-01 0.0000000000e+00 -1.0106602101e+01 )	( 7.4835988638e-01 0.0000000000e+00 -1.0108907020e+01 )	( 4.6699902695e-02 0.0000000000e+00 2.3049189188e-03 )
286              	( 7.9505928639e-01 0.0000000000e+00 -1.0106603953e+01 )	( 7.4835938385e-01 0.0000000000e+00 -1.0108908870e+01 )	( 4.6699902543e-02 0.0000000000e+00 2.3049164823e-03 )
287              	( 7.9505880732e-01 0.0000000000e+00 -1.0106605659e+01 )	( 7.4835890486e-01 0.0000000000e+00 -1.0108910573e+01 )	( 4.6699902459e-02 0.0000000000e+00 2.3049141749e-03 )
288              	( 7.9505835248e-01 0.0000000000e+00 -1.0106607224e+01 )	( 7.4835845003e-01 0.0000000000e+00 -1.0108912136e+01 )	( 4.6699902450e-02 0.0000000000e+00 2.3049120000e-03 )
289              	( 7.9505792236e-01 0.0000000000e+00 -1.0106608658e+01 )	( 7.4835801984e-01 0.0000000000e+00 -1.0108913568e+01 )	( 4.6699902521e-02 0.0000000000e+00 2.3049099599e-03 )
290              	( 7.9505751721e-01 0.0000000000e+00 -1.0106609967e+01 )	( 7.4835761453e-01 0.0000000000e+00 -1.0108914875e+01 )	( 4.6699902675e-02 0.0000000000e+00 2.3049080558e-03 )
291              	( 7.9505713715e-01 0.0000000000e+00 -1.0106611160e+01 )	( 7.4835723423e-01 0.0000000000e+00 -1.0108916067e+01 )	( 4.6699902915e-02 0.0000000000e+00 2.3049062880e-03 )
292              	( 7.9505678214e-01 0.0000000000e+00 -1.0106612244e+01 )	( 7.4835687890e-01 0.0000000000e+00 -1.0108917149e+01 )	( 4.6699903243e-02 0.0000000000e+00 2.3049046561e-03 )
293              	( 7.9505645195e-01 0.0000000000e+00 -1.0106613226e+01 )	( 7.4835654829e-01 0.0000000000e+00 -1.0108918130e+01 )	( 4.6699903659e-02 0.0000000000e+00 2.3049031585e-03 )
294              	( 7.9505614646e-01 0.0000000000e+00 -1.0106614115e+01 )	( 7.4835624229e-01 0.0000000000e+00 -1.0108919017e+01 )	( 4.6699904161e-02 0.0000000000e+00 2.3049017931e-03 )
295              	( 7.9505586505e-01 0.0000000000e+00 -1.0106614917e+01 )	( 7.4835596030e-01 0.0000000000e+00 -1.0108919817e+01 )	( 4.6699904748e-02 0.0000000000e+00 2.3049005569e-03 )
296              	( 7.9505560719e-01 0.0000000000e+00 -1.0106615639e+01 )	( 7.4835570178e-01 0.0000000000e+00 -1.0108920538e+01 )	( 4.6699905417e-02 0.0000000000e+00 2.3048994467e-03 )
297              	( 7.9505537225e-01 0.0000000000e+00 -1.0106616287e+01 )	( 7.4835546609e-01 0.0000000000e+00 -1.0108921186e+01 )	( 4.6699906165e-02 0.0000000000e+00 2.3048984583e-03 )
298              	( 7.9505515949e-01 0.0000000000e+00 -1.0106616869e+01 )	( 7.4835525250e-01 0.0000000000e+00 -1.0108921767e+01 )	( 4.6699906988e-02 0.0000000000e+00 2.3048975874e-03 )
299              	( 7.9505496807e-01 0.0000000000e+00 -1.0106617390e+01 )	( 7.4835506019e-01 0.0000000000e+00 -1.0108922287e+01 )	( 4.6699907881e-02 0.0000000000e+00 2.3048968290e-03 )
300              	( 7.9505479715e-01 0.0000000000e+00 -1.0106617857e+01 )	( 7.4835488831e-01 0.0000000000e+00 -1.0108922754e+01 )	( 4.6699908840e-02 0.0000000000e+00 2.3048961779e-03 )
301              	( 7.9505464577e-01 0.0000000000e+00 -1.0106618276e+01 )	( 7.4835473591e-01 0.0000000000e+00 -1.0108923171e+01 )	( 4.6699909859e-02 0.0000000000e+00 2.3048956287e-03 )
302              	( 7.9505451301e-01 0.0000000000e+00 -1.0106618651e+01 )	( 7.4835460207e-01 0.0000000000e+00 -1.0108923546e+01 )	( 4.6699910932e-02 0.0000000000e+00 2.3048951756e-03 )
303              	( 7.9505439780e-01 0.0000000000e+00 -1.0106618987e+01 )	( 7.4835448574e-01 0.0000000000e+00 -1.0108923882e+01 )	( 4.6699912054e-02 0.0000000000e+00 2.3048948127e-03 )
304              	( 7.9505429913e-01 0.0000000000e+00 -1.0106619291e+01 )	( 7.4835438591e-01 0.0000000000e+00 -1.0108924185e+01 )	( 4.6699913219e-02 0.0000000000e+00 2.3048945341e-03 )
305              	( 7.9505421594e-01 0.0000000000e+00 -1.0106619565e+01 )	( 7.4835430152e-01 0.0000000000e+00 -1.0108924459e+01 )	( 4.6699914420e-02 0.0000000000e+00 2.3048943335e-03 )
306              	( 7.9505414717e-01 0.0000000000e+00 -1.0106619815e+01 )	( 7.4835423152e-01 0.0000000000e+00 -1.0108924709e+01 )	( 4.6699915652e-02 0.0000000000e+00 2.3048942050e-03 )
307              	( 7.9505409174e-01 0.0000000000e+00 -1.0106620043e+01 )	( 7.4835417484e-01 0.0000000000e+00 -1.0108924938e+01 )	( 4.6699916909e-02 0.0000000000e+00 2.3048941424e-03 )
308              	( 7.9505404860e-01 0.0000000000e+00 -1.0106620255e+01 )	( 7.4835413042e-01 0.0000000000e+00 -1.0108925149e+01 )	( 4.6699918184e-02 0.0000000000e+00 2.3048941396e-03 )
309              	( 7.9505401669e-01 0.0000000000e+00 -1.0106620452e+01 )	( 7.4835409722e-01 0.0000000000e+00 -1.0108925347e+01 )	( 4.6699919471e-02 0.0000000000e+00 2.3048941908e-03 )
310              	( 7.9505399498e-01 0.0000000000e+00 -1.0106620639e+01 )	( 7.4835407421e-01 0.0000000000e+00 -1.0108925533e+01 )	( 4.6699920766e-02 0.0000000000e+00 2.3048942902e-03 )
311              	( 7.9505398246e-01 0.0000000000e+00 -1.0106620817e+01 )	( 7.4835406039e-01 0.0000000000e+00 -1.0108925711e+01 )	( 4.6699922062e-02 0.0000000000e+00 2.3048944321e-03 )
312              	( 7.9505397812e-01 0.0000000000e+00 -1.0106620988e+01 )	( 7.4835405477e-01 0.0000000000e+00 -1.0108925883e+01 )	( 4.6699923355e-02 0.0000000000e+00 2.3048946110e-03 )
313              	( 7.9505398110e-01 0.0000000000e+00 -1.0106621156e+01 )	( 7.4835405646e-01 0.0000000000e+00 -1.0108926051e+01 )	( 4.6699924639e-02 0.0000000000e+00 2.3048948218e-03 )
314              	( 7.9505399040e-01 0.0000000000e+00 -1.0106621322e+01 )	( 7.4835406449e-01 0.0000000000e+00 -1.0108926217e+01 )	( 4.6699925909e-02 0.0000000000e+00 2.3048950593e-03 )
315              	( 7.9505400518e-01 0.0000000000e+00 -1.0106621487e+01 )	( 7.4835407802e-01 0.0000000000e+00 -1.0108926382e+01 )	( 4.6699927162e-02 0.0000000000e+00 2.3048953188e-03 )
316              	( 7.9505402461e-01 0.0000000000e+00 -1.0106621653e+01 )	( 7.4835409622e-01 0.0000000000e+00 -1.0108926548e+01 )	( 4.6699928393e-02 0.0000000000e+00 2.3048955959e-03 )
317              	( 7.9505404792e-01 0.0000000000e+00 -1.0106621820e+01 )	( 7.4835411832e-01 0.0000000000e+00 -1.0108926716e+01 )	( 4.6699929599e-02 0.0000000000e+00 2.3048958862e-03 )
318              	( 7.9505407436e-01 0.0000000000e+00 -1.0106621991e+01 )	( 7.4835414359e-01 0.0000000000e+00 -1.0108926887e+01 )	( 4.6699930776e-02 0.0000000000e+00 2.3048961857e-03 )
319              	( 7.9505410325e-01 0.0000000000e+00 -1.0106622165e+01 )	( 7.4835417133e-01 0.0000000000e+00 -1.0108927062e+01 )	( 4.6699931920e-02 0.0000000000e+00 2.3048964909e-03 )
320              	( 7.9505413395e-01 0.0000000000e+00 -1.0106622344e+01 )	( 7.4835420092e-01 0.0000000000e+00 -1.0108927240e+01 )	( 4.6699933030e-02 0.0000000000e+00 2.3048967984e-03 )
321              	( 7.9505416585e-01 0.0000000000e+00 -1.0106622527e+01 )	( 7.4835423175e-01 0.0000000000e+00 -1.0108927424e+01 )	( 4.6699934104e-02 0.0000000000e+00 2.3048971049e-03 )
322              	( 7.9505419843e-01 0.0000000000e+00 -1.0106622714e+01 )	( 7.4835426330e-01 0.0000000000e+00 -1.0108927612e+01 )	( 4.6699935138e-02 0.0000000000e+00 2.3048974077e-03 )
323              	( 7.9505423119e-01 0.0000000000e+00 -1.0106622907e+01 )	( 7.4835429506e-01 0.0000000000e+00 -1.0108927805e+01 )	( 4.6699936131e-02 0.0000000000e+00 2.3048977043e-03 )
324              	( 7.9505426367e-01 0.0000000000e+00 -1.0106623104e+01 )	( 7.4835432659e-01 0.0000000000e+00 -1.0108928002e+01 )	( 4.6699937082e-02 0.0000000000e+00 2.3048979923e-03 )
325              	( 7.9505429549e-01 0.0000000000e+00 -1.0106623306e+01 )	( 7.4835435750e-01 0.0000000000e+00 -1.0108928205e+01 )	( 4.6699937991e-02 0.0000000000e+00 2.3048982699e-03 )
326              	( 7.9505432631e-01 0.0000000000e+00 -1.0106623513e+01 )	( 7.4835438746e-01 0.0000000000e+00 -1.0108928412e+01 )	( 4.6699938855e-02 0.0000000000e+00 2.3048985352e-03 )
327              	( 7.9505435571e-01 0.0000000000e+00 -1.0106623724e+01 )	( 7.4835441604e-01 0.0000000000e+00 -1.0108928622e+01 )	( 4.6699939675e-02 0.0000000000e+00 2.3048987869e-03 )
328              	( 7.9505438355e-01 0.0000000000e+00 -1.0106623938e+01 )	( 7.4835444310e-01 0.0000000000e+00 -1.0108928837e+01 )	( 4.6699940450e-02 0.0000000000e+00 2.3048990236e-03 )
329              	( 7.9505440956e-01 0.0000000000e+00 -1.0106624156e+01 )	( 7.4835446838e-01 0.0000000000e+00 -1.0108929055e+01 )	( 4.6699941180e-02 0.0000000000e+00 2.3048992445e-03 )
330              	( 7.9505443349e-01 0.0000000000e+00 -1.0106624376e+01 )	( 7.4835449163e-01 0.0000000000e+00 -1.0108929275e+01 )	( 4.6699941867e-02 0.0000000000e+00 2.3048994486e-03 )
331              	( 7.9505445536e-01 0.0000000000e+00 -1.0106624599e+01 )	( 7.4835451285e-01 0.0000000000e+00 -1.0108929499e+01 )	( 4.6699942510e-02 0.0000000000e+00 2.3048996355e-03 )
332              	( 7.9505447487e-01 0.0000000000e+00 -1.0106624824e+01 )	( 7.4835453176e-01 0.0000000000e+00 -1.0108929724e+01 )	( 4.6699943109e-02 0.0000000000e+00 2.3048998047e-03 )
