# Moment         
# CofR           : ( 0.0000000000e+00 0.0000000000e+00 0.0000000000e+00 )
#                
# Time           	(total_x total_y total_z)	(pressure_x pressure_y pressure_z)	(viscous_x viscous_y viscous_z)
1                	( -1.1878125458e+01 6.5961971145e+00 -4.6850185593e+00 )	( -1.1881864191e+01 6.5986382655e+00 -4.6605617859e+00 )	( 3.7387330520e-03 -2.4411510793e-03 -2.4456773374e-02 )
2                	( -4.3739811443e+00 2.1294545717e+00 -1.4272204185e+00 )	( -4.3779600135e+00 2.1319905035e+00 -1.4035979136e+00 )	( 3.9788692038e-03 -2.5359318709e-03 -2.3622504941e-02 )
3                	( -2.7107652111e+00 1.1880089444e+00 -6.9607281522e-01 )	( -2.7145096825e+00 1.1904644502e+00 -6.7303724646e-01 )	( 3.7444714039e-03 -2.4555057970e-03 -2.3035568759e-02 )
4                	( -2.5201724115e+00 1.0606757758e+00 -5.8174469105e-01 )	( -2.5237958561e+00 1.0631010935e+00 -5.5896537031e-01 )	( 3.6234445865e-03 -2.4253176939e-03 -2.2779320736e-02 )
5                	( -2.6040786904e+00 1.0677879909e+00 -5.7018152721e-01 )	( -2.6076162830e+00 1.0701918592e+00 -5.4768739816e-01 )	( 3.5375925118e-03 -2.4038682688e-03 -2.2494129055e-02 )
6                	( -2.7468001401e+00 1.1083556987e+00 -5.8524228526e-01 )	( -2.7502482795e+00 1.1107439244e+00 -5.6290205202e-01 )	( 3.4481393991e-03 -2.3882256996e-03 -2.2340233242e-02 )
7                	( -2.8549504386e+00 1.1396708182e+00 -5.9516803094e-01 )	( -2.8583107992e+00 1.1420438899e+00 -5.7301462179e-01 )	( 3.3603606479e-03 -2.3730717100e-03 -2.2153409154e-02 )
8                	( -2.9400298586e+00 1.1637378598e+00 -6.0163055345e-01 )	( -2.9432946536e+00 1.1660913237e+00 -5.7969150811e-01 )	( 3.2647949855e-03 -2.3534639013e-03 -2.1939045338e-02 )
9                	( -3.0280773336e+00 1.1879127065e+00 -6.0678247615e-01 )	( -3.0312384369e+00 1.1902475403e+00 -5.8505501105e-01 )	( 3.1611032732e-03 -2.3348338514e-03 -2.1727465102e-02 )
10               	( -3.1099496028e+00 1.2089260575e+00 -6.1009527214e-01 )	( -3.1130107364e+00 1.2112417710e+00 -5.8856294594e-01 )	( 3.0611335940e-03 -2.3157135107e-03 -2.1532326199e-02 )
11               	( -3.1868188480e+00 1.2278436472e+00 -6.1189805230e-01 )	( -3.1897866990e+00 1.2301401977e+00 -5.9052525583e-01 )	( 2.9678509172e-03 -2.2965504964e-03 -2.1372796466e-02 )
12               	( -3.2656118846e+00 1.2460951144e+00 -6.1099445655e-01 )	( -3.2684824542e+00 1.2483726487e+00 -5.8976313219e-01 )	( 2.8705696500e-03 -2.2775343581e-03 -2.1231324365e-02 )
13               	( -3.3371130840e+00 1.2612922367e+00 -6.0870120335e-01 )	( -3.3398845063e+00 1.2635507480e+00 -5.8760350969e-01 )	( 2.7714222726e-03 -2.2585113561e-03 -2.1097693658e-02 )
14               	( -3.3997255450e+00 1.2732963721e+00 -6.0559415290e-01 )	( -3.4024007226e+00 1.2755360197e+00 -5.8461053362e-01 )	( 2.6751776159e-03 -2.2396476270e-03 -2.0983619278e-02 )
15               	( -3.4615132708e+00 1.2843924985e+00 -6.0145120160e-01 )	( -3.4640898631e+00 1.2866125270e+00 -5.8057895256e-01 )	( 2.5765922823e-03 -2.2200285412e-03 -2.0872249036e-02 )
16               	( -3.5152267935e+00 1.2928191767e+00 -5.9575002977e-01 )	( -3.5176953893e+00 1.2950194057e+00 -5.7497617956e-01 )	( 2.4685957785e-03 -2.2002289932e-03 -2.0773850208e-02 )
17               	( -3.5621977875e+00 1.2990359373e+00 -5.8857778392e-01 )	( -3.5645636892e+00 1.3012181602e+00 -5.6788751963e-01 )	( 2.3659017604e-03 -2.1822228877e-03 -2.0690264291e-02 )
18               	( -3.6107067176e+00 1.3054974463e+00 -5.8117068567e-01 )	( -3.6129745304e+00 1.3076632405e+00 -5.6054595913e-01 )	( 2.2678127574e-03 -2.1657942037e-03 -2.0624726546e-02 )
19               	( -3.6575118445e+00 1.3112852000e+00 -5.7313226311e-01 )	( -3.6596863430e+00 1.3134363535e+00 -5.5255668594e-01 )	( 2.1744984672e-03 -2.1511534786e-03 -2.0575577170e-02 )
20               	( -3.7011059111e+00 1.3158287899e+00 -5.6375632094e-01 )	( -3.7031867733e+00 1.3179676630e+00 -5.4321011821e-01 )	( 2.0808621740e-03 -2.1388730503e-03 -2.0546202728e-02 )
21               	( -3.7431340030e+00 1.3198353074e+00 -5.5359550624e-01 )	( -3.7451233316e+00 1.3219639401e+00 -5.3305188016e-01 )	( 1.9893286265e-03 -2.1286326517e-03 -2.0543626076e-02 )
22               	( -3.7853094740e+00 1.3239988828e+00 -5.4316908244e-01 )	( -3.7872064562e+00 1.3261190910e+00 -5.2260921383e-01 )	( 1.8969821543e-03 -2.1202081915e-03 -2.0559868601e-02 )
23               	( -3.8259438149e+00 1.3279300498e+00 -5.3283080516e-01 )	( -3.8277485807e+00 1.3300437265e+00 -5.1223854485e-01 )	( 1.8047658153e-03 -2.1136766825e-03 -2.0592260305e-02 )
24               	( -3.8640725102e+00 1.3316066589e+00 -5.2330096205e-01 )	( -3.8657882174e+00 1.3337160445e+00 -5.0266606297e-01 )	( 1.7157072535e-03 -2.1093856773e-03 -2.0634899082e-02 )
25               	( -3.9030877147e+00 1.3356337337e+00 -5.1412722021e-01 )	( -3.9047137679e+00 1.3377407084e+00 -4.9343238899e-01 )	( 1.6260532690e-03 -2.1069747641e-03 -2.0694831214e-02 )
26               	( -3.9423609575e+00 1.3403512022e+00 -5.0571560425e-01 )	( -3.9439046861e+00 1.3424576262e+00 -4.8494772583e-01 )	( 1.5437285936e-03 -2.1064239437e-03 -2.0767878421e-02 )
27               	( -3.9813983209e+00 1.3454801619e+00 -4.9795764620e-01 )	( -3.9828761244e+00 1.3475865856e+00 -4.7711711977e-01 )	( 1.4778034980e-03 -2.1064237045e-03 -2.0840526430e-02 )
28               	( -4.0203501087e+00 1.3506999777e+00 -4.9061390658e-01 )	( -4.0217755264e+00 1.3528073874e+00 -4.6969950387e-01 )	( 1.4254176960e-03 -2.1074096768e-03 -2.0914402702e-02 )
29               	( -4.0577579422e+00 1.3558663575e+00 -4.8383609015e-01 )	( -4.0591356200e+00 1.3579755093e+00 -4.6284450754e-01 )	( 1.3776777913e-03 -2.1091518033e-03 -2.0991582613e-02 )
30               	( -4.0911428048e+00 1.3603357230e+00 -4.7759574743e-01 )	( -4.0924772574e+00 1.3624473898e+00 -4.5652763726e-01 )	( 1.3344525820e-03 -2.1116667712e-03 -2.1068110178e-02 )
31               	( -4.1242716599e+00 1.3649912998e+00 -4.7178656054e-01 )	( -4.1255703905e+00 1.3671061535e+00 -4.5064242479e-01 )	( 1.2987305445e-03 -2.1148537438e-03 -2.1144135755e-02 )
32               	( -4.1546460966e+00 1.3692284274e+00 -4.6629376364e-01 )	( -4.1559159446e+00 1.3713471611e+00 -4.4507575239e-01 )	( 1.2698479899e-03 -2.1187337334e-03 -2.1218011248e-02 )
33               	( -4.1829829260e+00 1.3733348631e+00 -4.6126607295e-01 )	( -4.1842292876e+00 1.3754581788e+00 -4.3997631086e-01 )	( 1.2463615815e-03 -2.1233156921e-03 -2.1289762092e-02 )
34               	( -4.2085069765e+00 1.3770220610e+00 -4.5649386816e-01 )	( -4.2097342219e+00 1.3791506365e+00 -4.3513559022e-01 )	( 1.2272453573e-03 -2.1285755480e-03 -2.1358277935e-02 )
35               	( -4.2323579610e+00 1.3805422662e+00 -4.5207897383e-01 )	( -4.2335697732e+00 1.3826767753e+00 -4.3065500293e-01 )	( 1.2118121946e-03 -2.1345090443e-03 -2.1423970895e-02 )
36               	( -4.2554478430e+00 1.3840969019e+00 -4.4804535691e-01 )	( -4.2566473473e+00 1.3862379173e+00 -4.2655743301e-01 )	( 1.1995042192e-03 -2.1410154522e-03 -2.1487923899e-02 )
37               	( -4.2779668715e+00 1.3876995818e+00 -4.4430991981e-01 )	( -4.2791568816e+00 1.3898476870e+00 -4.2275988201e-01 )	( 1.1900100583e-03 -2.1481052648e-03 -2.1550037800e-02 )
38               	( -4.2998106643e+00 1.3912848028e+00 -4.4080157420e-01 )	( -4.3009935585e+00 1.3934405174e+00 -4.1919151994e-01 )	( 1.1828941810e-03 -2.1557146612e-03 -2.1610054265e-02 )
39               	( -4.3212294558e+00 1.3949654690e+00 -4.3755598133e-01 )	( -4.3224072410e+00 1.3971292308e+00 -4.1588808051e-01 )	( 1.1777852225e-03 -2.1637617684e-03 -2.1667900823e-02 )
40               	( -4.3420423549e+00 1.3986941250e+00 -4.3455346128e-01 )	( -4.3432167166e+00 1.4008662807e+00 -4.1283042482e-01 )	( 1.1743616718e-03 -2.1721557175e-03 -2.1723036462e-02 )
41               	( -4.3622797403e+00 1.4024467116e+00 -4.3177864881e-01 )	( -4.3634520222e+00 1.4046275092e+00 -4.1000294012e-01 )	( 1.1722819063e-03 -2.1807975524e-03 -2.1775708691e-02 )
42               	( -4.3822490688e+00 1.4063137753e+00 -4.2925063966e-01 )	( -4.3834204365e+00 1.4085033335e+00 -4.0742546383e-01 )	( 1.1713676523e-03 -2.1895582500e-03 -2.1825175822e-02 )
43               	( -4.4021757240e+00 1.4103339748e+00 -4.2692135790e-01 )	( -4.4033472875e+00 1.4125322750e+00 -4.0505078070e-01 )	( 1.1715634872e-03 -2.1983002407e-03 -2.1870577201e-02 )
44               	( -4.4220873471e+00 1.4144935400e+00 -4.2478294637e-01 )	( -4.4232595773e+00 1.4167004864e+00 -4.0287013840e-01 )	( 1.1722301822e-03 -2.2069464077e-03 -2.1912807965e-02 )
45               	( -4.4415502360e+00 1.4186647980e+00 -4.2280622220e-01 )	( -4.4427233078e+00 1.4208802324e+00 -4.0085408933e-01 )	( 1.1730717568e-03 -2.2154343854e-03 -2.1952132868e-02 )
46               	( -4.4606940919e+00 1.4228973809e+00 -4.2102056657e-01 )	( -4.4618680244e+00 1.4251210861e+00 -3.9903207697e-01 )	( 1.1739325009e-03 -2.2237051635e-03 -2.1988489608e-02 )
47               	( -4.4795161648e+00 1.4271752752e+00 -4.1940834325e-01 )	( -4.4806908200e+00 1.4294069718e+00 -3.9738644824e-01 )	( 1.1746551798e-03 -2.2316965537e-03 -2.2021895005e-02 )
48               	( -4.4979205163e+00 1.4314639238e+00 -4.1800562170e-01 )	( -4.4990955832e+00 1.4337032879e+00 -3.9595286532e-01 )	( 1.1750669140e-03 -2.2393640722e-03 -2.2052756381e-02 )
49               	( -4.5160344613e+00 1.4357726812e+00 -4.1672553227e-01 )	( -4.5172096994e+00 1.4380193533e+00 -3.9464448892e-01 )	( 1.1752380390e-03 -2.2466720632e-03 -2.2081043352e-02 )
50               	( -4.5334633539e+00 1.4399447644e+00 -4.1548448457e-01 )	( -4.5346384685e+00 1.4421983674e+00 -3.9337751338e-01 )	( 1.1751145677e-03 -2.2536029555e-03 -2.2106971184e-02 )
51               	( -4.5505330707e+00 1.4440869721e+00 -4.1431522679e-01 )	( -4.5517077253e+00 1.4463471070e+00 -3.9218455312e-01 )	( 1.1746545940e-03 -2.2601348439e-03 -2.2130673672e-02 )
52               	( -4.5671065309e+00 1.4481456360e+00 -4.1322400727e-01 )	( -4.5682803739e+00 1.4504119124e+00 -3.9107157310e-01 )	( 1.1738430207e-03 -2.2662764520e-03 -2.2152434175e-02 )
53               	( -4.5831934733e+00 1.4521092773e+00 -4.1222104255e-01 )	( -4.5843661178e+00 1.4543813079e+00 -3.9004867159e-01 )	( 1.1726445175e-03 -2.2720305448e-03 -2.2172370963e-02 )
54               	( -4.5988859286e+00 1.4559868789e+00 -4.1125039967e-01 )	( -4.6000570286e+00 1.4582642858e+00 -3.8905995999e-01 )	( 1.1710999658e-03 -2.2774068673e-03 -2.2190439685e-02 )
55               	( -4.6138990217e+00 1.4596863418e+00 -4.1028236570e-01 )	( -4.6150682554e+00 1.4619687470e+00 -3.8807526668e-01 )	( 1.1692337692e-03 -2.2824051690e-03 -2.2207099028e-02 )
56               	( -4.6281544606e+00 1.4631909935e+00 -4.0932496916e-01 )	( -4.6293215318e+00 1.4654780317e+00 -3.8710244488e-01 )	( 1.1670712268e-03 -2.2870382248e-03 -2.2222524274e-02 )
57               	( -4.6418788691e+00 1.4665531240e+00 -4.0838174063e-01 )	( -4.6430435071e+00 1.4688444504e+00 -3.8614492150e-01 )	( 1.1646380367e-03 -2.2913263973e-03 -2.2236819130e-02 )
58               	( -4.6549488981e+00 1.4697278333e+00 -4.0742820917e-01 )	( -4.6561108776e+00 1.4720231210e+00 -3.8517808597e-01 )	( 1.1619795420e-03 -2.2952876745e-03 -2.2250123199e-02 )
59               	( -4.6673657183e+00 1.4727115701e+00 -4.0647546277e-01 )	( -4.6685248450e+00 1.4750105143e+00 -3.8421292512e-01 )	( 1.1591266678e-03 -2.2989441935e-03 -2.2262537649e-02 )
60               	( -4.6791341796e+00 1.4755002211e+00 -4.0551970499e-01 )	( -4.6802903010e+00 1.4778025413e+00 -3.8324556021e-01 )	( 1.1561213890e-03 -2.3023201311e-03 -2.2274144778e-02 )
61               	( -4.6902751930e+00 1.4780981403e+00 -4.0453708807e-01 )	( -4.6914282309e+00 1.4804035830e+00 -3.8225211933e-01 )	( 1.1530378706e-03 -2.3054426410e-03 -2.2284968745e-02 )
62               	( -4.7007648630e+00 1.4805084121e+00 -4.0356634766e-01 )	( -4.7019147495e+00 1.4828167468e+00 -3.8127121681e-01 )	( 1.1498864508e-03 -2.3083347086e-03 -2.2295130849e-02 )
63               	( -4.7106415662e+00 1.4827420346e+00 -4.0261626768e-01 )	( -4.7117882829e+00 1.4850530547e+00 -3.8031151717e-01 )	( 1.1467167110e-03 -2.3110200793e-03 -2.2304750511e-02 )
64               	( -4.7198671124e+00 1.4847875166e+00 -4.0167582491e-01 )	( -4.7210106917e+00 1.4871010405e+00 -3.7936189732e-01 )	( 1.1435792992e-03 -2.3135239078e-03 -2.2313927581e-02 )
65               	( -4.7284602240e+00 1.4866576172e+00 -4.0075258726e-01 )	( -4.7296007417e+00 1.4889734850e+00 -3.7842984418e-01 )	( 1.1405176106e-03 -2.3158678006e-03 -2.2322743086e-02 )
66               	( -4.7364252584e+00 1.4883556920e+00 -3.9985253686e-01 )	( -4.7375628347e+00 1.4906737662e+00 -3.7752123055e-01 )	( 1.1375763099e-03 -2.3180742156e-03 -2.2331306310e-02 )
67               	( -4.7437591537e+00 1.4898815862e+00 -3.9898099704e-01 )	( -4.7448939513e+00 1.4922017513e+00 -3.7664126488e-01 )	( 1.1347975760e-03 -2.3201651407e-03 -2.2339732156e-02 )
68               	( -4.7504858462e+00 1.4912462078e+00 -3.9814546676e-01 )	( -4.7516180678e+00 1.4935683699e+00 -3.7579733798e-01 )	( 1.1322215739e-03 -2.3221620741e-03 -2.2348128783e-02 )
69               	( -4.7566581529e+00 1.4924732356e+00 -3.9735119095e-01 )	( -4.7577880395e+00 1.4947973199e+00 -3.7499461972e-01 )	( 1.1298866121e-03 -2.3240843417e-03 -2.2356571234e-02 )
70               	( -4.7622676695e+00 1.4935626169e+00 -3.9660305288e-01 )	( -4.7633954921e+00 1.4958885660e+00 -3.7423793460e-01 )	( 1.1278226454e-03 -2.3259491011e-03 -2.2365118280e-02 )
71               	( -4.7673372578e+00 1.4945196812e+00 -3.9591098701e-01 )	( -4.7684633065e+00 1.4968474542e+00 -3.7353714737e-01 )	( 1.1260486644e-03 -2.3277729856e-03 -2.2373839645e-02 )
72               	( -4.7719039239e+00 1.4953658692e+00 -3.9527740136e-01 )	( -4.7730285009e+00 1.4976954346e+00 -3.7289470213e-01 )	( 1.1245770666e-03 -2.3295654334e-03 -2.2382699231e-02 )
73               	( -4.7760606126e+00 1.4961297416e+00 -3.9470691712e-01 )	( -4.7771840204e+00 1.4984610760e+00 -3.7231522481e-01 )	( 1.1234077685e-03 -2.3313343868e-03 -2.2391692319e-02 )
74               	( -4.7798180760e+00 1.4968138079e+00 -3.9420349822e-01 )	( -4.7809406190e+00 1.4991468948e+00 -3.7180268724e-01 )	( 1.1225430010e-03 -2.3330869087e-03 -2.2400810983e-02 )
75               	( -4.7832072315e+00 1.4974324073e+00 -3.9377312722e-01 )	( -4.7843292132e+00 1.4997672361e+00 -3.7136307972e-01 )	( 1.1219817399e-03 -2.3348287645e-03 -2.2410047492e-02 )
76               	( -4.7862662125e+00 1.4979965372e+00 -3.9341682610e-01 )	( -4.7873879284e+00 1.5003331009e+00 -3.7099743075e-01 )	( 1.1217159051e-03 -2.3365637362e-03 -2.2419395347e-02 )
77               	( -4.7890419084e+00 1.4985205978e+00 -3.9313077471e-01 )	( -4.7901636453e+00 1.5008588925e+00 -3.7070194314e-01 )	( 1.1217369082e-03 -2.3382946398e-03 -2.2428831574e-02 )
78               	( -4.7915705833e+00 1.4990135169e+00 -3.9291302557e-01 )	( -4.7926926139e+00 1.5013535401e+00 -3.7047469742e-01 )	( 1.1220305519e-03 -2.3400231675e-03 -2.2438328154e-02 )
79               	( -4.7938906107e+00 1.4994848127e+00 -3.9275895094e-01 )	( -4.7950131918e+00 1.5018265635e+00 -3.7031108957e-01 )	( 1.1225811444e-03 -2.3417507322e-03 -2.2447861377e-02 )
80               	( -4.7960502420e+00 1.4999470644e+00 -3.9266496249e-01 )	( -4.7971736128e+00 1.5022905427e+00 -3.7020755200e-01 )	( 1.1233708286e-03 -2.3434782520e-03 -2.2457410496e-02 )
81               	( -4.7980789785e+00 1.5004056678e+00 -3.9262339182e-01 )	( -4.7992033577e+00 1.5027508734e+00 -3.7015644360e-01 )	( 1.1243791625e-03 -2.3452056372e-03 -2.2466948218e-02 )
82               	( -4.8000203491e+00 1.5008714112e+00 -3.9263046962e-01 )	( -4.8011459321e+00 1.5032183431e+00 -3.7015402270e-01 )	( 1.1255830525e-03 -2.3469319161e-03 -2.2476446924e-02 )
83               	( -4.8019060288e+00 1.5013498263e+00 -3.9267920057e-01 )	( -4.8030329867e+00 1.5036984818e+00 -3.7019332091e-01 )	( 1.1269579468e-03 -2.3486554355e-03 -2.2485879659e-02 )
84               	( -4.8037632651e+00 1.5018456483e+00 -3.9276283441e-01 )	( -4.8048917434e+00 1.5041960221e+00 -3.7026761654e-01 )	( 1.1284783289e-03 -2.3503738433e-03 -2.2495217869e-02 )
85               	( -4.8056306588e+00 1.5023672025e+00 -3.9287570266e-01 )	( -4.8067607737e+00 1.5047192857e+00 -3.7037127376e-01 )	( 1.1301149531e-03 -2.3520832129e-03 -2.2504428904e-02 )
86               	( -4.8075287983e+00 1.5029169938e+00 -3.9301031377e-01 )	( -4.8086606362e+00 1.5052707728e+00 -3.7049683426e-01 )	( 1.1318379074e-03 -2.3537790396e-03 -2.2513479506e-02 )
87               	( -4.8094621545e+00 1.5034908442e+00 -3.9315687312e-01 )	( -4.8105957735e+00 1.5058463011e+00 -3.7063453738e-01 )	( 1.1336189259e-03 -2.3554568608e-03 -2.2522335737e-02 )
88               	( -4.8114526841e+00 1.5040926425e+00 -3.9331063330e-01 )	( -4.8125881136e+00 1.5064497543e+00 -3.7077966772e-01 )	( 1.1354294957e-03 -2.3571117737e-03 -2.2530965585e-02 )
89               	( -4.8135145753e+00 1.5047237164e+00 -3.9346633201e-01 )	( -4.8146518175e+00 1.5070824552e+00 -3.7092698845e-01 )	( 1.1372422408e-03 -2.3587388049e-03 -2.2539343557e-02 )
90               	( -4.8156512870e+00 1.5053815207e+00 -3.9361743765e-01 )	( -4.8167903197e+00 1.5077418541e+00 -3.7106998757e-01 )	( 1.1390327160e-03 -2.3603333666e-03 -2.2547450078e-02 )
91               	( -4.8178719630e+00 1.5060663430e+00 -3.9375982780e-01 )	( -4.8190127407e+00 1.5084282338e+00 -3.7120455883e-01 )	( 1.1407776630e-03 -2.3618907088e-03 -2.2555268972e-02 )
92               	( -4.8201783096e+00 1.5067760287e+00 -3.9388901127e-01 )	( -4.8213207652e+00 1.5091394348e+00 -3.7132622434e-01 )	( 1.1424555915e-03 -2.3634061427e-03 -2.2562786932e-02 )
93               	( -4.8225714146e+00 1.5075086952e+00 -3.9400148482e-01 )	( -4.8237154608e+00 1.5098735701e+00 -3.7143149486e-01 )	( 1.1440461867e-03 -2.3648749280e-03 -2.2569989964e-02 )
94               	( -4.8250479296e+00 1.5082613793e+00 -3.9409407974e-01 )	( -4.8261934597e+00 1.5106276717e+00 -3.7151721842e-01 )	( 1.1455301243e-03 -2.3662923218e-03 -2.2576861318e-02 )
95               	( -4.8276039781e+00 1.5090316546e+00 -3.9416445848e-01 )	( -4.8287508663e+00 1.5113993078e+00 -3.7158108139e-01 )	( 1.1468882191e-03 -2.3676531303e-03 -2.2583377093e-02 )
96               	( -4.8302345343e+00 1.5098170742e+00 -3.9421118467e-01 )	( -4.8313826361e+00 1.5121860259e+00 -3.7162167353e-01 )	( 1.1481018314e-03 -2.3689517858e-03 -2.2589511134e-02 )
97               	( -4.8329310325e+00 1.5106140211e+00 -3.9423279077e-01 )	( -4.8340801866e+00 1.5129842039e+00 -3.7163755146e-01 )	( 1.1491540721e-03 -2.3701828015e-03 -2.2595239309e-02 )
98               	( -4.8356825733e+00 1.5114182925e+00 -3.9422822736e-01 )	( -4.8368326039e+00 1.5137896335e+00 -3.7162768514e-01 )	( 1.1500306217e-03 -2.3713409905e-03 -2.2600542227e-02 )
99               	( -4.8384770485e+00 1.5122255326e+00 -3.9419694846e-01 )	( -4.8396277636e+00 1.5145979521e+00 -3.7159155517e-01 )	( 1.1507151877e-03 -2.3724195224e-03 -2.2605393287e-02 )
100              	( -4.8413075232e+00 1.5130350202e+00 -3.9414068192e-01 )	( -4.8424587309e+00 1.5154084381e+00 -3.7153087362e-01 )	( 1.1512077359e-03 -2.3734179017e-03 -2.2609808306e-02 )
101              	( -4.8441524834e+00 1.5138368155e+00 -3.9405651994e-01 )	( -4.8453039956e+00 1.5162111527e+00 -3.7144271131e-01 )	( 1.1515122689e-03 -2.3743371723e-03 -2.2613808628e-02 )
102              	( -4.8469921404e+00 1.5146238788e+00 -3.9394429324e-01 )	( -4.8481437714e+00 1.5169990548e+00 -3.7132687739e-01 )	( 1.1516310391e-03 -2.3751759846e-03 -2.2617415851e-02 )
103              	( -4.8498146500e+00 1.5153925261e+00 -3.9380492759e-01 )	( -4.8509662215e+00 1.5177684617e+00 -3.7118427206e-01 )	( 1.1515714401e-03 -2.3759356817e-03 -2.2620655528e-02 )
104              	( -4.8526070812e+00 1.5161394495e+00 -3.9363994905e-01 )	( -4.8537584209e+00 1.5185160668e+00 -3.7101640484e-01 )	( 1.1513396755e-03 -2.3766172965e-03 -2.2623544213e-02 )
105              	( -4.8553584970e+00 1.5168621366e+00 -3.9345139193e-01 )	( -4.8565094396e+00 1.5192393588e+00 -3.7082529581e-01 )	( 1.1509425964e-03 -2.3772221765e-03 -2.2626096118e-02 )
106              	( -4.8580584596e+00 1.5175585067e+00 -3.9324146990e-01 )	( -4.8592088484e+00 1.5199362588e+00 -3.7061314342e-01 )	( 1.1503888022e-03 -2.3777521865e-03 -2.2628326478e-02 )
107              	( -4.8606989723e+00 1.5182275935e+00 -3.9301276103e-01 )	( -4.8618486595e+00 1.5206058029e+00 -3.7038251453e-01 )	( 1.1496871909e-03 -2.3782094316e-03 -2.2630246506e-02 )
108              	( -4.8632711310e+00 1.5188676665e+00 -3.9276766331e-01 )	( -4.8644199788e+00 1.5212462629e+00 -3.7013579365e-01 )	( 1.1488478045e-03 -2.3785964797e-03 -2.2631869658e-02 )
109              	( -4.8657677239e+00 1.5194774684e+00 -3.9250835408e-01 )	( -4.8669156063e+00 1.5218563850e+00 -3.6987514195e-01 )	( 1.1478823558e-03 -2.3789165804e-03 -2.2633212125e-02 )
110              	( -4.8681774855e+00 1.5200539960e+00 -3.9223678110e-01 )	( -4.8693242893e+00 1.5224331695e+00 -3.6960248451e-01 )	( 1.1468037999e-03 -2.3791734481e-03 -2.2634296594e-02 )
111              	( -4.8704946110e+00 1.5205970436e+00 -3.9195521798e-01 )	( -4.8716402375e+00 1.5229764150e+00 -3.6932007259e-01 )	( 1.1456265050e-03 -2.3793713573e-03 -2.2635145397e-02 )
112              	( -4.8727121672e+00 1.5211049061e+00 -3.9166542722e-01 )	( -4.8738565318e+00 1.5234844208e+00 -3.6902964254e-01 )	( 1.1443646186e-03 -2.3795146864e-03 -2.2635784676e-02 )
113              	( -4.8748248368e+00 1.5215767998e+00 -3.9136940415e-01 )	( -4.8759678688e+00 1.5239564077e+00 -3.6873316789e-01 )	( 1.1430319385e-03 -2.3796078845e-03 -2.2636236250e-02 )
114              	( -4.8768294681e+00 1.5220131474e+00 -3.9106936439e-01 )	( -4.8779711100e+00 1.5243928027e+00 -3.6843284610e-01 )	( 1.1416419105e-03 -2.3796553880e-03 -2.2636518291e-02 )
115              	( -4.8787236891e+00 1.5224137428e+00 -3.9076745873e-01 )	( -4.8798638958e+00 1.5247934042e+00 -3.6813080940e-01 )	( 1.1402067508e-03 -2.3796614218e-03 -2.2636649327e-02 )
116              	( -4.8805080096e+00 1.5227796613e+00 -3.9046524222e-01 )	( -4.8816467480e+00 1.5251592917e+00 -3.6782859686e-01 )	( 1.1387383143e-03 -2.3796303967e-03 -2.2636645358e-02 )
117              	( -4.8821870626e+00 1.5231130916e+00 -3.9016430420e-01 )	( -4.8833243104e+00 1.5254926584e+00 -3.6752777757e-01 )	( 1.1372478285e-03 -2.3795667877e-03 -2.2636526635e-02 )
118              	( -4.8837624411e+00 1.5234146679e+00 -3.8986571238e-01 )	( -4.8848981873e+00 1.5257941428e+00 -3.6722940142e-01 )	( 1.1357461785e-03 -2.3794748171e-03 -2.2636310959e-02 )
119              	( -4.8852275966e+00 1.5236836516e+00 -3.8957105436e-01 )	( -4.8863618435e+00 1.5260630110e+00 -3.6693503367e-01 )	( 1.1342468625e-03 -2.3793594286e-03 -2.2636020694e-02 )
120              	( -4.8865825050e+00 1.5239207398e+00 -3.8928176282e-01 )	( -4.8877152683e+00 1.5262999655e+00 -3.6664608110e-01 )	( 1.1327632926e-03 -2.3792257430e-03 -2.2635681718e-02 )
121              	( -4.8878287983e+00 1.5241271237e+00 -3.8899909418e-01 )	( -4.8889601062e+00 1.5265062024e+00 -3.6636377528e-01 )	( 1.1313079205e-03 -2.3790786848e-03 -2.2635318903e-02 )
122              	( -4.8889699470e+00 1.5243045729e+00 -3.8872425600e-01 )	( -4.8900998387e+00 1.5266834956e+00 -3.6608930261e-01 )	( 1.1298916119e-03 -2.3789227522e-03 -2.2634953393e-02 )
123              	( -4.8900108112e+00 1.5244554093e+00 -3.8845875860e-01 )	( -4.8911393348e+00 1.5268341713e+00 -3.6582415604e-01 )	( 1.1285235852e-03 -2.3787620535e-03 -2.2634602560e-02 )
124              	( -4.8909565067e+00 1.5245820939e+00 -3.8820338169e-01 )	( -4.8920837179e+00 1.5269606941e+00 -3.6556910315e-01 )	( 1.1272112630e-03 -2.3786001332e-03 -2.2634278543e-02 )
125              	( -4.8918126856e+00 1.5246872853e+00 -3.8795949230e-01 )	( -4.8929386461e+00 1.5270657253e+00 -3.6532550206e-01 )	( 1.1259604580e-03 -2.3784400622e-03 -2.2633990245e-02 )
126              	( -4.8925841962e+00 1.5247726791e+00 -3.8772766237e-01 )	( -4.8937089717e+00 1.5271509636e+00 -3.6509391859e-01 )	( 1.1247755371e-03 -2.3782844645e-03 -2.2633743783e-02 )
127              	( -4.8932767889e+00 1.5248407866e+00 -3.8750875135e-01 )	( -4.8944004488e+00 1.5272189222e+00 -3.6487520789e-01 )	( 1.1236599080e-03 -2.3781356348e-03 -2.2633543454e-02 )
128              	( -4.8938959134e+00 1.5248935856e+00 -3.8730296780e-01 )	( -4.8950185298e+00 1.5272715812e+00 -3.6466957430e-01 )	( 1.1226163486e-03 -2.3779955953e-03 -2.2633393499e-02 )
129              	( -4.8944460097e+00 1.5249325290e+00 -3.8711044753e-01 )	( -4.8955676569e+00 1.5273103952e+00 -3.6447714871e-01 )	( 1.1216471395e-03 -2.3778661534e-03 -2.2633298827e-02 )
130              	( -4.8949325129e+00 1.5249595687e+00 -3.8693130161e-01 )	( -4.8960532670e+00 1.5273373176e+00 -3.6429803734e-01 )	( 1.1207541176e-03 -2.3777489194e-03 -2.2633264273e-02 )
131              	( -4.8953600725e+00 1.5249762063e+00 -3.8676548386e-01 )	( -4.8964800109e+00 1.5273538516e+00 -3.6413219023e-01 )	( 1.1199384662e-03 -2.3776452616e-03 -2.2633293636e-02 )
132              	( -4.8957336755e+00 1.5249838634e+00 -3.8661287944e-01 )	( -4.8968528760e+00 1.5273614197e+00 -3.6397948958e-01 )	( 1.1192005367e-03 -2.3775562629e-03 -2.2633389863e-02 )
133              	( -4.8960579614e+00 1.5249839204e+00 -3.8647330779e-01 )	( -4.8971765012e+00 1.5273614031e+00 -3.6383975360e-01 )	( 1.1185397694e-03 -2.3774826796e-03 -2.2633554192e-02 )
134              	( -4.8963378479e+00 1.5249779902e+00 -3.8634656770e-01 )	( -4.8974558027e+00 1.5273554151e+00 -3.6371278225e-01 )	( 1.1179547901e-03 -2.3774249553e-03 -2.2633785447e-02 )
135              	( -4.8965777477e+00 1.5249672846e+00 -3.8623237296e-01 )	( -4.8976951910e+00 1.5273446678e+00 -3.6359829250e-01 )	( 1.1174432891e-03 -2.3773831978e-03 -2.2634080458e-02 )
136              	( -4.8967836653e+00 1.5249537776e+00 -3.8613052300e-01 )	( -4.8979006678e+00 1.5273311349e+00 -3.6349608861e-01 )	( 1.1170025067e-03 -2.3773572931e-03 -2.2634434398e-02 )
137              	( -4.8969595266e+00 1.5249384245e+00 -3.8604054847e-01 )	( -4.8980761558e+00 1.5273157714e+00 -3.6340570577e-01 )	( 1.1166292205e-03 -2.3773469346e-03 -2.2634842694e-02 )
138              	( -4.8971089667e+00 1.5249220505e+00 -3.8596190642e-01 )	( -4.8982252867e+00 1.5272994021e+00 -3.6332660533e-01 )	( 1.1163200125e-03 -2.3773516769e-03 -2.2635301089e-02 )
139              	( -4.8972352750e+00 1.5249053106e+00 -3.8589396455e-01 )	( -4.8983513464e+00 1.5272826816e+00 -3.6325815887e-01 )	( 1.1160713917e-03 -2.3773709907e-03 -2.2635805684e-02 )
140              	( -4.8973419419e+00 1.5248890212e+00 -3.8583613709e-01 )	( -4.8984578217e+00 1.5272664255e+00 -3.6319978428e-01 )	( 1.1158798745e-03 -2.3774042852e-03 -2.2636352815e-02 )
141              	( -4.8974321486e+00 1.5248737992e+00 -3.8578782016e-01 )	( -4.8985478903e+00 1.5272512501e+00 -3.6315088133e-01 )	( 1.1157417703e-03 -2.3774508590e-03 -2.2636938829e-02 )
142              	( -4.8975090220e+00 1.5248603074e+00 -3.8574843648e-01 )	( -4.8986246753e+00 1.5272378173e+00 -3.6311087658e-01 )	( 1.1156532627e-03 -2.3775099165e-03 -2.2637559893e-02 )
143              	( -4.8975752740e+00 1.5248490373e+00 -3.8571734756e-01 )	( -4.8986908844e+00 1.5272266179e+00 -3.6307913594e-01 )	( 1.1156103471e-03 -2.3775805511e-03 -2.2638211623e-02 )
144              	( -4.8976333265e+00 1.5248403801e+00 -3.8569389638e-01 )	( -4.8987489353e+00 1.5272180419e+00 -3.6305500734e-01 )	( 1.1156088765e-03 -2.3776617647e-03 -2.2638889042e-02 )
145              	( -4.8976857151e+00 1.5248348013e+00 -3.8567750249e-01 )	( -4.8988013597e+00 1.5272125538e+00 -3.6303791571e-01 )	( 1.1156446141e-03 -2.3777524906e-03 -2.2639586776e-02 )
146              	( -4.8977345423e+00 1.5248326030e+00 -3.8566754225e-01 )	( -4.8988502556e+00 1.5272104547e+00 -3.6302724284e-01 )	( 1.1157133480e-03 -2.3778516316e-03 -2.2640299409e-02 )
147              	( -4.8977817721e+00 1.5248340256e+00 -3.8566341474e-01 )	( -4.8988975831e+00 1.5272119836e+00 -3.6302239295e-01 )	( 1.1158109549e-03 -2.3779580771e-03 -2.2641021791e-02 )
148              	( -4.8978288497e+00 1.5248391349e+00 -3.8566445696e-01 )	( -4.8989447832e+00 1.5272172056e+00 -3.6302270764e-01 )	( 1.1159335135e-03 -2.3780707487e-03 -2.2641749315e-02 )
149              	( -4.8978771072e+00 1.5248479602e+00 -3.8567005452e-01 )	( -4.8989931845e+00 1.5272261488e+00 -3.6302757660e-01 )	( 1.1160773164e-03 -2.3781886022e-03 -2.2642477925e-02 )
150              	( -4.8979276336e+00 1.5248604579e+00 -3.8567959723e-01 )	( -4.8990438725e+00 1.5272387686e+00 -3.6303639315e-01 )	( 1.1162388752e-03 -2.3783106389e-03 -2.2643204080e-02 )
151              	( -4.8979812978e+00 1.5248765263e+00 -3.8569249124e-01 )	( -4.8990977127e+00 1.5272549622e+00 -3.6304856669e-01 )	( 1.1164148981e-03 -2.3784358996e-03 -2.2643924549e-02 )
152              	( -4.8980388722e+00 1.5248960595e+00 -3.8570818931e-01 )	( -4.8991554744e+00 1.5272746230e+00 -3.6306355303e-01 )	( 1.1166022628e-03 -2.3785634619e-03 -2.2644636273e-02 )
153              	( -4.8981009957e+00 1.5249189330e+00 -3.8572617804e-01 )	( -4.8992177937e+00 1.5272976254e+00 -3.6308084178e-01 )	( 1.1167980030e-03 -2.3786924385e-03 -2.2645336257e-02 )
154              	( -4.8981682449e+00 1.5249450373e+00 -3.8574600037e-01 )	( -4.8992852442e+00 1.5273238593e+00 -3.6309997879e-01 )	( 1.1169993112e-03 -2.3788219796e-03 -2.2646021577e-02 )
155              	( -4.8982409908e+00 1.5249742013e+00 -3.8576720175e-01 )	( -4.8993581944e+00 1.5273531526e+00 -3.6312051230e-01 )	( 1.1172035575e-03 -2.3789512789e-03 -2.2646689450e-02 )
156              	( -4.8983195980e+00 1.5250062791e+00 -3.8578939097e-01 )	( -4.8994370063e+00 1.5273853586e+00 -3.6314205360e-01 )	( 1.1174083076e-03 -2.3790795799e-03 -2.2647337368e-02 )
157              	( -4.8984037451e+00 1.5250408777e+00 -3.8581208512e-01 )	( -4.8995213565e+00 1.5274200839e+00 -3.6316412190e-01 )	( 1.1176114133e-03 -2.3792062042e-03 -2.2647963216e-02 )
158              	( -4.8984937115e+00 1.5250778791e+00 -3.8583501172e-01 )	( -4.8996115224e+00 1.5274572097e+00 -3.6318644640e-01 )	( 1.1178109449e-03 -2.3793305342e-03 -2.2648565322e-02 )
159              	( -4.8985892158e+00 1.5251169521e+00 -3.8585780363e-01 )	( -4.8997072211e+00 1.5274964041e+00 -3.6320866115e-01 )	( 1.1180052292e-03 -2.3794520269e-03 -2.2649142479e-02 )
160              	( -4.8986898427e+00 1.5251577463e+00 -3.8588012873e-01 )	( -4.8998080356e+00 1.5275373165e+00 -3.6323043494e-01 )	( 1.1181928344e-03 -2.3795702076e-03 -2.2649693794e-02 )
161              	( -4.8987956678e+00 1.5252001379e+00 -3.8590181136e-01 )	( -4.8999140403e+00 1.5275798225e+00 -3.6325159274e-01 )	( 1.1183724851e-03 -2.3796846494e-03 -2.2650218620e-02 )
162              	( -4.8989060523e+00 1.5252437346e+00 -3.8592255134e-01 )	( -4.9000245954e+00 1.5276235296e+00 -3.6327183486e-01 )	( 1.1185431128e-03 -2.3797949887e-03 -2.2650716480e-02 )
163              	( -4.8990206961e+00 1.5252883171e+00 -3.8594218153e-01 )	( -4.9001393999e+00 1.5276682180e+00 -3.6329099458e-01 )	( 1.1187037929e-03 -2.3799009051e-03 -2.2651186944e-02 )
164              	( -4.8991393434e+00 1.5253337038e+00 -3.8596057662e-01 )	( -4.9002581972e+00 1.5277137060e+00 -3.6330894692e-01 )	( 1.1188537337e-03 -2.3800021217e-03 -2.2651629700e-02 )
165              	( -4.8992611663e+00 1.5253794978e+00 -3.8597751775e-01 )	( -4.9003801587e+00 1.5277595962e+00 -3.6332547320e-01 )	( 1.1189923328e-03 -2.3800984180e-03 -2.2652044551e-02 )
166              	( -4.8993860389e+00 1.5254256192e+00 -3.8599299101e-01 )	( -4.9005051580e+00 1.5278058088e+00 -3.6334055954e-01 )	( 1.1191191083e-03 -2.3801896140e-03 -2.2652431473e-02 )
167              	( -4.8995134011e+00 1.5254718128e+00 -3.8600689913e-01 )	( -4.9006326349e+00 1.5278520884e+00 -3.6335410840e-01 )	( 1.1192337496e-03 -2.3802755863e-03 -2.2652790728e-02 )
168              	( -4.8996426918e+00 1.5255178380e+00 -3.8601917017e-01 )	( -4.9007620279e+00 1.5278981942e+00 -3.6336604738e-01 )	( 1.1193361025e-03 -2.3803562604e-03 -2.2653122793e-02 )
169              	( -4.8997733887e+00 1.5255634850e+00 -3.8602976363e-01 )	( -4.9008928149e+00 1.5279439166e+00 -3.6337633527e-01 )	( 1.1194261545e-03 -2.3804316091e-03 -2.2653428365e-02 )
170              	( -4.8999049613e+00 1.5256085527e+00 -3.8603865712e-01 )	( -4.9010244653e+00 1.5279890544e+00 -3.6338494881e-01 )	( 1.1195040174e-03 -2.3805016477e-03 -2.2653708313e-02 )
171              	( -4.9000368678e+00 1.5256528493e+00 -3.8604584655e-01 )	( -4.9011564377e+00 1.5280334157e+00 -3.6339188294e-01 )	( 1.1195699108e-03 -2.3805664293e-03 -2.2653963610e-02 )
172              	( -4.9001686018e+00 1.5256962088e+00 -3.8605134761e-01 )	( -4.9012882259e+00 1.5280768348e+00 -3.6339715234e-01 )	( 1.1196241364e-03 -2.3806260371e-03 -2.2654195273e-02 )
173              	( -4.9002997062e+00 1.5257384957e+00 -3.8605519958e-01 )	( -4.9014193733e+00 1.5281191763e+00 -3.6340079525e-01 )	( 1.1196670617e-03 -2.3806805796e-03 -2.2654404327e-02 )
174              	( -4.9004297473e+00 1.5257795919e+00 -3.8605745536e-01 )	( -4.9015494464e+00 1.5281603221e+00 -3.6340286355e-01 )	( 1.1196991112e-03 -2.3807301879e-03 -2.2654591806e-02 )
175              	( -4.9005583124e+00 1.5258193931e+00 -3.8605817822e-01 )	( -4.9016780332e+00 1.5282001681e+00 -3.6340341946e-01 )	( 1.1197207615e-03 -2.3807750136e-03 -2.2654758762e-02 )
176              	( -4.9006850469e+00 1.5258578208e+00 -3.8605744397e-01 )	( -4.9018047795e+00 1.5282386360e+00 -3.6340253769e-01 )	( 1.1197325344e-03 -2.3808152266e-03 -2.2654906282e-02 )
177              	( -4.9008094649e+00 1.5258947513e+00 -3.8605531661e-01 )	( -4.9019291999e+00 1.5282756024e+00 -3.6340028109e-01 )	( 1.1197350161e-03 -2.3808510197e-03 -2.2655035524e-02 )
178              	( -4.9009313234e+00 1.5259301550e+00 -3.8605189642e-01 )	( -4.9020510522e+00 1.5283110376e+00 -3.6339674872e-01 )	( 1.1197288219e-03 -2.3808826002e-03 -2.2655147704e-02 )
179              	( -4.9010502635e+00 1.5259639572e+00 -3.8604726375e-01 )	( -4.9021699781e+00 1.5283448674e+00 -3.6339201966e-01 )	( 1.1197146048e-03 -2.3809101905e-03 -2.2655244087e-02 )
180              	( -4.9011659941e+00 1.5259961125e+00 -3.8604151137e-01 )	( -4.9022856871e+00 1.5283770465e+00 -3.6338618542e-01 )	( 1.1196930402e-03 -2.3809340233e-03 -2.2655325951e-02 )
181              	( -4.9012782622e+00 1.5260265904e+00 -3.8603473475e-01 )	( -4.9023979270e+00 1.5284075448e+00 -3.6337934019e-01 )	( 1.1196648125e-03 -2.3809543383e-03 -2.2655394561e-02 )
182              	( -4.9013868591e+00 1.5260553788e+00 -3.8602703433e-01 )	( -4.9025064897e+00 1.5284363502e+00 -3.6337158319e-01 )	( 1.1196306035e-03 -2.3809713781e-03 -2.2655451138e-02 )
183              	( -4.9014916145e+00 1.5260824796e+00 -3.8601851241e-01 )	( -4.9026112056e+00 1.5284634650e+00 -3.6336301557e-01 )	( 1.1195910839e-03 -2.3809853850e-03 -2.2655496842e-02 )
184              	( -4.9015923908e+00 1.5261079061e+00 -3.8600927080e-01 )	( -4.9027119377e+00 1.5284889027e+00 -3.6335373802e-01 )	( 1.1195469084e-03 -2.3809965995e-03 -2.2655532771e-02 )
185              	( -4.9016890803e+00 1.5261316808e+00 -3.8599940954e-01 )	( -4.9028085790e+00 1.5285126860e+00 -3.6334384957e-01 )	( 1.1194987136e-03 -2.3810052589e-03 -2.2655559967e-02 )
186              	( -4.9017816031e+00 1.5261538336e+00 -3.8598902588e-01 )	( -4.9029010502e+00 1.5285348452e+00 -3.6333344645e-01 )	( 1.1194471170e-03 -2.3810115965e-03 -2.2655579429e-02 )
187              	( -4.9018699016e+00 1.5261743997e+00 -3.8597821326e-01 )	( -4.9029892944e+00 1.5285554155e+00 -3.6332262114e-01 )	( 1.1193927175e-03 -2.3810158415e-03 -2.2655592125e-02 )
188              	( -4.9019539398e+00 1.5261934181e+00 -3.8596705996e-01 )	( -4.9030732758e+00 1.5285744364e+00 -3.6331146097e-01 )	( 1.1193360925e-03 -2.3810182180e-03 -2.2655598989e-02 )
189              	( -4.9020337103e+00 1.5262109360e+00 -3.8595565161e-01 )	( -4.9031529881e+00 1.5285919549e+00 -3.6330005068e-01 )	( 1.1192777955e-03 -2.3810189439e-03 -2.2655600924e-02 )
190              	( -4.9021092255e+00 1.5262270036e+00 -3.8594406854e-01 )	( -4.9032284438e+00 1.5286080218e+00 -3.6328846971e-01 )	( 1.1192183556e-03 -2.3810182294e-03 -2.2655598827e-02 )
191              	( -4.9021805319e+00 1.5262416815e+00 -3.8593238918e-01 )	( -4.9032996902e+00 1.5286226978e+00 -3.6327679566e-01 )	( 1.1191582677e-03 -2.3810162754e-03 -2.2655593526e-02 )
192              	( -4.9022478014e+00 1.5262550941e+00 -3.8592069399e-01 )	( -4.9033668994e+00 1.5286361073e+00 -3.6326510836e-01 )	( 1.1190980015e-03 -2.3810132753e-03 -2.2655585636e-02 )
193              	( -4.9023108678e+00 1.5262671720e+00 -3.8590902726e-01 )	( -4.9034299057e+00 1.5286481814e+00 -3.6325345134e-01 )	( 1.1190379448e-03 -2.3810094007e-03 -2.2655575920e-02 )
194              	( -4.9023699358e+00 1.5262780410e+00 -3.8589746422e-01 )	( -4.9034889143e+00 1.5286590458e+00 -3.6324189931e-01 )	( 1.1189784734e-03 -2.3810048155e-03 -2.2655564913e-02 )
195              	( -4.9024251936e+00 1.5262878021e+00 -3.8588606198e-01 )	( -4.9035441135e+00 1.5286688018e+00 -3.6323050891e-01 )	( 1.1189199222e-03 -2.3809996728e-03 -2.2655553073e-02 )
196              	( -4.9024767344e+00 1.5262965209e+00 -3.8587487499e-01 )	( -4.9035955970e+00 1.5286775150e+00 -3.6321933414e-01 )	( 1.1188625960e-03 -2.3809941141e-03 -2.2655540856e-02 )
197              	( -4.9025246917e+00 1.5263042714e+00 -3.8586395446e-01 )	( -4.9036434984e+00 1.5286852597e+00 -3.6320842577e-01 )	( 1.1188067680e-03 -2.3809882699e-03 -2.2655528687e-02 )
198              	( -4.9025692011e+00 1.5263111171e+00 -3.8585333475e-01 )	( -4.9036879538e+00 1.5286920994e+00 -3.6319781780e-01 )	( 1.1187526757e-03 -2.3809822596e-03 -2.2655516952e-02 )
199              	( -4.9026104167e+00 1.5263171255e+00 -3.8584304356e-01 )	( -4.9037291172e+00 1.5286981017e+00 -3.6318753759e-01 )	( 1.1187005254e-03 -2.3809761903e-03 -2.2655505967e-02 )
200              	( -4.9026484792e+00 1.5263223620e+00 -3.8583311687e-01 )	( -4.9037671297e+00 1.5287033321e+00 -3.6317762086e-01 )	( 1.1186504945e-03 -2.3809701596e-03 -2.2655496010e-02 )
201              	( -4.9026835553e+00 1.5263268957e+00 -3.8582357925e-01 )	( -4.9038021580e+00 1.5287078599e+00 -3.6316809194e-01 )	( 1.1186027280e-03 -2.3809642540e-03 -2.2655487315e-02 )
202              	( -4.9027158018e+00 1.5263307898e+00 -3.8581445031e-01 )	( -4.9038343592e+00 1.5287117483e+00 -3.6315897024e-01 )	( 1.1185573418e-03 -2.3809585490e-03 -2.2655480073e-02 )
203              	( -4.9027453822e+00 1.5263341080e+00 -3.8580574758e-01 )	( -4.9038638966e+00 1.5287150611e+00 -3.6315027315e-01 )	( 1.1185144236e-03 -2.3809531097e-03 -2.2655474431e-02 )
204              	( -4.9027724563e+00 1.5263369101e+00 -3.8579748363e-01 )	( -4.9038909303e+00 1.5287178581e+00 -3.6314201313e-01 )	( 1.1184740343e-03 -2.3809479913e-03 -2.2655470497e-02 )
205              	( -4.9027971813e+00 1.5263392527e+00 -3.8578966745e-01 )	( -4.9039156176e+00 1.5287201959e+00 -3.6313419911e-01 )	( 1.1184362114e-03 -2.3809432396e-03 -2.2655468345e-02 )
206              	( -4.9028197152e+00 1.5263411904e+00 -3.8578230478e-01 )	( -4.9039381162e+00 1.5287221293e+00 -3.6312683675e-01 )	( 1.1184009705e-03 -2.3809388920e-03 -2.2655468022e-02 )
207              	( -4.9028402034e+00 1.5263427712e+00 -3.8577539648e-01 )	( -4.9039585717e+00 1.5287237061e+00 -3.6311992693e-01 )	( 1.1183683085e-03 -2.3809349780e-03 -2.2655469549e-02 )
208              	( -4.9028587911e+00 1.5263440411e+00 -3.8576894125e-01 )	( -4.9039771293e+00 1.5287249727e+00 -3.6311346832e-01 )	( 1.1183382053e-03 -2.3809315197e-03 -2.2655472927e-02 )
209              	( -4.9028756199e+00 1.5263450438e+00 -3.8576293536e-01 )	( -4.9039939306e+00 1.5287259724e+00 -3.6310745722e-01 )	( 1.1183106253e-03 -2.3809285326e-03 -2.2655478140e-02 )
210              	( -4.9028908254e+00 1.5263458187e+00 -3.8575737156e-01 )	( -4.9040091109e+00 1.5287267447e+00 -3.6310188641e-01 )	( 1.1182855192e-03 -2.3809260259e-03 -2.2655485148e-02 )
211              	( -4.9029045408e+00 1.5263464043e+00 -3.8575224376e-01 )	( -4.9040228036e+00 1.5287273283e+00 -3.6309674985e-01 )	( 1.1182628233e-03 -2.3809240031e-03 -2.2655493904e-02 )
212              	( -4.9029168921e+00 1.5263468346e+00 -3.8574754004e-01 )	( -4.9040351346e+00 1.5287277571e+00 -3.6309203570e-01 )	( 1.1182424635e-03 -2.3809224621e-03 -2.2655504334e-02 )
213              	( -4.9029280000e+00 1.5263471410e+00 -3.8574324863e-01 )	( -4.9040462244e+00 1.5287280624e+00 -3.6308773228e-01 )	( 1.1182243550e-03 -2.3809213961e-03 -2.2655516353e-02 )
214              	( -4.9029379813e+00 1.5263473530e+00 -3.8573935648e-01 )	( -4.9040561897e+00 1.5287282738e+00 -3.6308382662e-01 )	( 1.1182084041e-03 -2.3809207938e-03 -2.2655529859e-02 )
215              	( -4.9029469460e+00 1.5263474968e+00 -3.8573584881e-01 )	( -4.9040651405e+00 1.5287284174e+00 -3.6308030407e-01 )	( 1.1181945102e-03 -2.3809206406e-03 -2.2655544743e-02 )
216              	( -4.9029549984e+00 1.5263475959e+00 -3.8573270980e-01 )	( -4.9040731809e+00 1.5287285168e+00 -3.6307714891e-01 )	( 1.1181825674e-03 -2.3809209184e-03 -2.2655560889e-02 )
217              	( -4.9029622357e+00 1.5263476710e+00 -3.8572992240e-01 )	( -4.9040804082e+00 1.5287285926e+00 -3.6307434422e-01 )	( 1.1181724661e-03 -2.3809216068e-03 -2.2655578179e-02 )
218              	( -4.9029687493e+00 1.5263477401e+00 -3.8572746873e-01 )	( -4.9040869134e+00 1.5287286628e+00 -3.6307187224e-01 )	( 1.1181640946e-03 -2.3809226837e-03 -2.2655596493e-02 )
219              	( -4.9029746246e+00 1.5263478189e+00 -3.8572533032e-01 )	( -4.9040927820e+00 1.5287287430e+00 -3.6306971460e-01 )	( 1.1181573399e-03 -2.3809241250e-03 -2.2655615713e-02 )
220              	( -4.9029799409e+00 1.5263479205e+00 -3.8572348776e-01 )	( -4.9040980930e+00 1.5287288464e+00 -3.6306785204e-01 )	( 1.1181520881e-03 -2.3809259057e-03 -2.2655635721e-02 )
221              	( -4.9029847724e+00 1.5263480574e+00 -3.8572192303e-01 )	( -4.9041029206e+00 1.5287289854e+00 -3.6306626663e-01 )	( 1.1181482265e-03 -2.3809279999e-03 -2.2655656401e-02 )
222              	( -4.9029891888e+00 1.5263482391e+00 -3.8572061618e-01 )	( -4.9041073344e+00 1.5287291694e+00 -3.6306493854e-01 )	( 1.1181456420e-03 -2.3809303808e-03 -2.2655677636e-02 )
223              	( -4.9029932522e+00 1.5263484733e+00 -3.8571954791e-01 )	( -4.9041113965e+00 1.5287294063e+00 -3.6306384860e-01 )	( 1.1181442234e-03 -2.3809330214e-03 -2.2655699314e-02 )
224              	( -4.9029970210e+00 1.5263487669e+00 -3.8571869960e-01 )	( -4.9041151649e+00 1.5287297028e+00 -3.6306297828e-01 )	( 1.1181438614e-03 -2.3809358944e-03 -2.2655721320e-02 )
225              	( -4.9030005508e+00 1.5263491256e+00 -3.8571805258e-01 )	( -4.9041186952e+00 1.5287300646e+00 -3.6306230903e-01 )	( 1.1181444487e-03 -2.3809389725e-03 -2.2655743547e-02 )
226              	( -4.9030038862e+00 1.5263495520e+00 -3.8571758822e-01 )	( -4.9041220321e+00 1.5287304942e+00 -3.6306182233e-01 )	( 1.1181458817e-03 -2.3809422290e-03 -2.2655765891e-02 )
227              	( -4.9030070721e+00 1.5263500491e+00 -3.8571728903e-01 )	( -4.9041252202e+00 1.5287309948e+00 -3.6306150077e-01 )	( 1.1181480605e-03 -2.3809456375e-03 -2.2655788252e-02 )
228              	( -4.9030101451e+00 1.5263506175e+00 -3.8571713739e-01 )	( -4.9041282960e+00 1.5287315667e+00 -3.6306132685e-01 )	( 1.1181508898e-03 -2.3809491727e-03 -2.2655810538e-02 )
229              	( -4.9030131403e+00 1.5263512576e+00 -3.8571711690e-01 )	( -4.9041312946e+00 1.5287322104e+00 -3.6306128423e-01 )	( 1.1181542782e-03 -2.3809528099e-03 -2.2655832665e-02 )
230              	( -4.9030160861e+00 1.5263519681e+00 -3.8571721132e-01 )	( -4.9041342442e+00 1.5287329246e+00 -3.6306135676e-01 )	( 1.1181581393e-03 -2.3809565255e-03 -2.2655854552e-02 )
231              	( -4.9030190081e+00 1.5263527472e+00 -3.8571740546e-01 )	( -4.9041371705e+00 1.5287337075e+00 -3.6306152933e-01 )	( 1.1181623913e-03 -2.3809602969e-03 -2.2655876128e-02 )
232              	( -4.9030219253e+00 1.5263535915e+00 -3.8571768430e-01 )	( -4.9041400922e+00 1.5287345556e+00 -3.6306178698e-01 )	( 1.1181669577e-03 -2.3809641028e-03 -2.2655897324e-02 )
233              	( -4.9030248651e+00 1.5263545016e+00 -3.8571803640e-01 )	( -4.9041430369e+00 1.5287354695e+00 -3.6306211832e-01 )	( 1.1181717653e-03 -2.3809679227e-03 -2.2655918079e-02 )
234              	( -4.9030278340e+00 1.5263554703e+00 -3.8571844659e-01 )	( -4.9041460108e+00 1.5287364420e+00 -3.6306250825e-01 )	( 1.1181767471e-03 -2.3809717376e-03 -2.2655938336e-02 )
235              	( -4.9030308475e+00 1.5263564950e+00 -3.8571890391e-01 )	( -4.9041490293e+00 1.5287374705e+00 -3.6306294587e-01 )	( 1.1181818406e-03 -2.3809755296e-03 -2.2655958046e-02 )
236              	( -4.9030339149e+00 1.5263575715e+00 -3.8571939735e-01 )	( -4.9041521019e+00 1.5287385508e+00 -3.6306342018e-01 )	( 1.1181869885e-03 -2.3809792822e-03 -2.2655977162e-02 )
237              	( -4.9030370431e+00 1.5263586952e+00 -3.8571991658e-01 )	( -4.9041552352e+00 1.5287396781e+00 -3.6306392093e-01 )	( 1.1181921381e-03 -2.3809829803e-03 -2.2655995648e-02 )
238              	( -4.9030402364e+00 1.5263598610e+00 -3.8572045221e-01 )	( -4.9041584336e+00 1.5287408476e+00 -3.6306443874e-01 )	( 1.1181972420e-03 -2.3809866099e-03 -2.2656013471e-02 )
239              	( -4.9030434972e+00 1.5263610639e+00 -3.8572099567e-01 )	( -4.9041616995e+00 1.5287420540e+00 -3.6306496507e-01 )	( 1.1182022575e-03 -2.3809901587e-03 -2.2656030604e-02 )
240              	( -4.9030468260e+00 1.5263622987e+00 -3.8572153913e-01 )	( -4.9041650332e+00 1.5287432923e+00 -3.6306549211e-01 )	( 1.1182071464e-03 -2.3809936154e-03 -2.2656047026e-02 )
241              	( -4.9030502214e+00 1.5263635601e+00 -3.8572207559e-01 )	( -4.9041684332e+00 1.5287445571e+00 -3.6306601286e-01 )	( 1.1182118754e-03 -2.3809969702e-03 -2.2656062722e-02 )
242              	( -4.9030536805e+00 1.5263648430e+00 -3.8572259879e-01 )	( -4.9041718969e+00 1.5287458433e+00 -3.6306652111e-01 )	( 1.1182164150e-03 -2.3810002143e-03 -2.2656077679e-02 )
243              	( -4.9030571996e+00 1.5263661423e+00 -3.8572310331e-01 )	( -4.9041754203e+00 1.5287471456e+00 -3.6306701142e-01 )	( 1.1182207401e-03 -2.3810033405e-03 -2.2656091892e-02 )
244              	( -4.9030607766e+00 1.5263674540e+00 -3.8572358501e-01 )	( -4.9041790014e+00 1.5287484604e+00 -3.6306747965e-01 )	( 1.1182248291e-03 -2.3810063422e-03 -2.2656105355e-02 )
245              	( -4.9030643969e+00 1.5263687699e+00 -3.8572403784e-01 )	( -4.9041826256e+00 1.5287497791e+00 -3.6306791977e-01 )	( 1.1182286649e-03 -2.3810092146e-03 -2.2656118072e-02 )
246              	( -4.9030680617e+00 1.5263700886e+00 -3.8572446046e-01 )	( -4.9041862940e+00 1.5287511006e+00 -3.6306833041e-01 )	( 1.1182322335e-03 -2.3810119535e-03 -2.2656130044e-02 )
247              	( -4.9030717610e+00 1.5263714044e+00 -3.8572484923e-01 )	( -4.9041899965e+00 1.5287524189e+00 -3.6306870794e-01 )	( 1.1182355242e-03 -2.3810145560e-03 -2.2656141282e-02 )
248              	( -4.9030754868e+00 1.5263727128e+00 -3.8572520193e-01 )	( -4.9041937253e+00 1.5287537299e+00 -3.6306905014e-01 )	( 1.1182385295e-03 -2.3810170201e-03 -2.2656151797e-02 )
249              	( -4.9030792304e+00 1.5263740097e+00 -3.8572551679e-01 )	( -4.9041974717e+00 1.5287550291e+00 -3.6306935518e-01 )	( 1.1182412451e-03 -2.3810193447e-03 -2.2656161603e-02 )
250              	( -4.9030829832e+00 1.5263752911e+00 -3.8572579254e-01 )	( -4.9042012268e+00 1.5287563126e+00 -3.6306962182e-01 )	( 1.1182436692e-03 -2.3810215298e-03 -2.2656170717e-02 )
251              	( -4.9030867362e+00 1.5263765532e+00 -3.8572602842e-01 )	( -4.9042049820e+00 1.5287575768e+00 -3.6306984926e-01 )	( 1.1182458025e-03 -2.3810235758e-03 -2.2656179160e-02 )
252              	( -4.9030904805e+00 1.5263777927e+00 -3.8572622408e-01 )	( -4.9042087281e+00 1.5287588182e+00 -3.6307003713e-01 )	( 1.1182476481e-03 -2.3810254842e-03 -2.2656186953e-02 )
253              	( -4.9030942074e+00 1.5263790065e+00 -3.8572637959e-01 )	( -4.9042124566e+00 1.5287600337e+00 -3.6307018547e-01 )	( 1.1182492108e-03 -2.3810272570e-03 -2.2656194118e-02 )
254              	( -4.9030979081e+00 1.5263801916e+00 -3.8572649535e-01 )	( -4.9042161586e+00 1.5287612205e+00 -3.6307029467e-01 )	( 1.1182504974e-03 -2.3810288969e-03 -2.2656200680e-02 )
255              	( -4.9031015744e+00 1.5263813456e+00 -3.8572657210e-01 )	( -4.9042198259e+00 1.5287623760e+00 -3.6307036544e-01 )	( 1.1182515164e-03 -2.3810304070e-03 -2.2656206665e-02 )
256              	( -4.9031051993e+00 1.5263824668e+00 -3.8572661103e-01 )	( -4.9042234516e+00 1.5287634986e+00 -3.6307039893e-01 )	( 1.1182522771e-03 -2.3810317911e-03 -2.2656212100e-02 )
257              	( -4.9031087715e+00 1.5263835516e+00 -3.8572661287e-01 )	( -4.9042270242e+00 1.5287645846e+00 -3.6307039586e-01 )	( 1.1182527910e-03 -2.3810330532e-03 -2.2656217011e-02 )
258              	( -4.9031122869e+00 1.5263845998e+00 -3.8572657973e-01 )	( -4.9042305400e+00 1.5287656340e+00 -3.6307035831e-01 )	( 1.1182530700e-03 -2.3810341979e-03 -2.2656221427e-02 )
259              	( -4.9031157377e+00 1.5263856096e+00 -3.8572651304e-01 )	( -4.9042339909e+00 1.5287666448e+00 -3.6307028766e-01 )	( 1.1182531270e-03 -2.3810352299e-03 -2.2656225377e-02 )
260              	( -4.9031191174e+00 1.5263865797e+00 -3.8572641463e-01 )	( -4.9042373704e+00 1.5287676159e+00 -3.6307018574e-01 )	( 1.1182529755e-03 -2.3810361544e-03 -2.2656228890e-02 )
261              	( -4.9031224198e+00 1.5263875092e+00 -3.8572628644e-01 )	( -4.9042406725e+00 1.5287685462e+00 -3.6307005445e-01 )	( 1.1182526297e-03 -2.3810369767e-03 -2.2656231993e-02 )
262              	( -4.9031256398e+00 1.5263883975e+00 -3.8572613057e-01 )	( -4.9042438919e+00 1.5287694352e+00 -3.6306989585e-01 )	( 1.1182521041e-03 -2.3810377021e-03 -2.2656234716e-02 )
263              	( -4.9031287723e+00 1.5263892441e+00 -3.8572594915e-01 )	( -4.9042470237e+00 1.5287702824e+00 -3.6306971207e-01 )	( 1.1182514134e-03 -2.3810383363e-03 -2.2656237086e-02 )
264              	( -4.9031318132e+00 1.5263900489e+00 -3.8572574440e-01 )	( -4.9042500638e+00 1.5287710878e+00 -3.6306950527e-01 )	( 1.1182505723e-03 -2.3810388848e-03 -2.2656239130e-02 )
265              	( -4.9031347586e+00 1.5263908120e+00 -3.8572551853e-01 )	( -4.9042530082e+00 1.5287718513e+00 -3.6306927766e-01 )	( 1.1182495956e-03 -2.3810393533e-03 -2.2656240877e-02 )
266              	( -4.9031376054e+00 1.5263915334e+00 -3.8572527381e-01 )	( -4.9042558539e+00 1.5287725732e+00 -3.6306903146e-01 )	( 1.1182484981e-03 -2.3810397475e-03 -2.2656242351e-02 )
267              	( -4.9031403509e+00 1.5263922137e+00 -3.8572501245e-01 )	( -4.9042585982e+00 1.5287732537e+00 -3.6306876887e-01 )	( 1.1182472940e-03 -2.3810400730e-03 -2.2656243577e-02 )
268              	( -4.9031429929e+00 1.5263928533e+00 -3.8572473668e-01 )	( -4.9042612389e+00 1.5287738936e+00 -3.6306849209e-01 )	( 1.1182459977e-03 -2.3810403352e-03 -2.2656244582e-02 )
269              	( -4.9031455297e+00 1.5263934530e+00 -3.8572444866e-01 )	( -4.9042637744e+00 1.5287744935e+00 -3.6306820327e-01 )	( 1.1182446229e-03 -2.3810405397e-03 -2.2656245386e-02 )
270              	( -4.9031479603e+00 1.5263940136e+00 -3.8572415052e-01 )	( -4.9042662035e+00 1.5287750542e+00 -3.6306790451e-01 )	( 1.1182431828e-03 -2.3810406917e-03 -2.2656246015e-02 )
271              	( -4.9031502839e+00 1.5263945360e+00 -3.8572384434e-01 )	( -4.9042685256e+00 1.5287755768e+00 -3.6306759785e-01 )	( 1.1182416905e-03 -2.3810407965e-03 -2.2656246488e-02 )
272              	( -4.9031525003e+00 1.5263950215e+00 -3.8572353209e-01 )	( -4.9042707405e+00 1.5287760623e+00 -3.6306728526e-01 )	( 1.1182401581e-03 -2.3810408589e-03 -2.2656246826e-02 )
273              	( -4.9031546100e+00 1.5263954711e+00 -3.8572321569e-01 )	( -4.9042728486e+00 1.5287765120e+00 -3.6306696864e-01 )	( 1.1182385973e-03 -2.3810408839e-03 -2.2656247048e-02 )
274              	( -4.9031566134e+00 1.5263958862e+00 -3.8572289695e-01 )	( -4.9042748504e+00 1.5287769271e+00 -3.6306664978e-01 )	( 1.1182370190e-03 -2.3810408760e-03 -2.2656247172e-02 )
275              	( -4.9031585116e+00 1.5263962680e+00 -3.8572257769e-01 )	( -4.9042767470e+00 1.5287773089e+00 -3.6306633047e-01 )	( 1.1182354337e-03 -2.3810408396e-03 -2.2656247215e-02 )
276              	( -4.9031603066e+00 1.5263966182e+00 -3.8572225932e-01 )	( -4.9042785404e+00 1.5287776590e+00 -3.6306601213e-01 )	( 1.1182338509e-03 -2.3810407788e-03 -2.2656247192e-02 )
277              	( -4.9031619995e+00 1.5263969380e+00 -3.8572194348e-01 )	( -4.9042802317e+00 1.5287779787e+00 -3.6306569637e-01 )	( 1.1182322796e-03 -2.3810406976e-03 -2.2656247118e-02 )
278              	( -4.9031635926e+00 1.5263972289e+00 -3.8572163158e-01 )	( -4.9042818233e+00 1.5287782695e+00 -3.6306538457e-01 )	( 1.1182307280e-03 -2.3810405997e-03 -2.2656247005e-02 )
279              	( -4.9031650882e+00 1.5263974924e+00 -3.8572132480e-01 )	( -4.9042833174e+00 1.5287785329e+00 -3.6306507793e-01 )	( 1.1182292037e-03 -2.3810404885e-03 -2.2656246866e-02 )
280              	( -4.9031664891e+00 1.5263977303e+00 -3.8572102452e-01 )	( -4.9042847168e+00 1.5287787707e+00 -3.6306477781e-01 )	( 1.1182277134e-03 -2.3810403672e-03 -2.2656246712e-02 )
281              	( -4.9031677981e+00 1.5263979439e+00 -3.8572073168e-01 )	( -4.9042860243e+00 1.5287789842e+00 -3.6306448513e-01 )	( 1.1182262632e-03 -2.3810402389e-03 -2.2656246553e-02 )
282              	( -4.9031690185e+00 1.5263981349e+00 -3.8572044708e-01 )	( -4.9042872434e+00 1.5287791750e+00 -3.6306420068e-01 )	( 1.1182248586e-03 -2.3810401063e-03 -2.2656246398e-02 )
283              	( -4.9031701532e+00 1.5263983047e+00 -3.8572017171e-01 )	( -4.9042883767e+00 1.5287793446e+00 -3.6306392545e-01 )	( 1.1182235041e-03 -2.3810399717e-03 -2.2656246254e-02 )
284              	( -4.9031712056e+00 1.5263984548e+00 -3.8571990627e-01 )	( -4.9042894279e+00 1.5287794946e+00 -3.6306366014e-01 )	( 1.1182222040e-03 -2.3810398375e-03 -2.2656246127e-02 )
285              	( -4.9031721794e+00 1.5263985868e+00 -3.8571965135e-01 )	( -4.9042904004e+00 1.5287796265e+00 -3.6306340533e-01 )	( 1.1182209615e-03 -2.3810397056e-03 -2.2656246025e-02 )
286              	( -4.9031730781e+00 1.5263987021e+00 -3.8571940748e-01 )	( -4.9042912979e+00 1.5287797416e+00 -3.6306316153e-01 )	( 1.1182197794e-03 -2.3810395780e-03 -2.2656245951e-02 )
287              	( -4.9031739054e+00 1.5263988021e+00 -3.8571917506e-01 )	( -4.9042921240e+00 1.5287798415e+00 -3.6306292915e-01 )	( 1.1182186600e-03 -2.3810394561e-03 -2.2656245911e-02 )
288              	( -4.9031746649e+00 1.5263988882e+00 -3.8571895440e-01 )	( -4.9042928825e+00 1.5287799275e+00 -3.6306270849e-01 )	( 1.1182176048e-03 -2.3810393414e-03 -2.2656245906e-02 )
289              	( -4.9031753605e+00 1.5263989617e+00 -3.8571874573e-01 )	( -4.9042935771e+00 1.5287800010e+00 -3.6306249978e-01 )	( 1.1182166151e-03 -2.3810392349e-03 -2.2656245940e-02 )
290              	( -4.9031759958e+00 1.5263990240e+00 -3.8571854917e-01 )	( -4.9042942115e+00 1.5287800631e+00 -3.6306230315e-01 )	( 1.1182156913e-03 -2.3810391377e-03 -2.2656246015e-02 )
291              	( -4.9031765745e+00 1.5263990761e+00 -3.8571836479e-01 )	( -4.9042947893e+00 1.5287801152e+00 -3.6306211865e-01 )	( 1.1182148337e-03 -2.3810390507e-03 -2.2656246132e-02 )
292              	( -4.9031771003e+00 1.5263991194e+00 -3.8571819255e-01 )	( -4.9042953143e+00 1.5287801583e+00 -3.6306194626e-01 )	( 1.1182140420e-03 -2.3810389743e-03 -2.2656246291e-02 )
293              	( -4.9031775769e+00 1.5263991548e+00 -3.8571803236e-01 )	( -4.9042957902e+00 1.5287801937e+00 -3.6306178587e-01 )	( 1.1182133154e-03 -2.3810389091e-03 -2.2656246492e-02 )
294              	( -4.9031780080e+00 1.5263991835e+00 -3.8571788415e-01 )	( -4.9042962207e+00 1.5287802224e+00 -3.6306163742e-01 )	( 1.1182126530e-03 -2.3810388554e-03 -2.2656246736e-02 )
295              	( -4.9031783970e+00 1.5263992065e+00 -3.8571774763e-01 )	( -4.9042966090e+00 1.5287802453e+00 -3.6306150061e-01 )	( 1.1182120533e-03 -2.3810388135e-03 -2.2656247021e-02 )
296              	( -4.9031787471e+00 1.5263992247e+00 -3.8571762253e-01 )	( -4.9042969586e+00 1.5287802634e+00 -3.6306137519e-01 )	( 1.1182115147e-03 -2.3810387832e-03 -2.2656247346e-02 )
297              	( -4.9031790618e+00 1.5263992388e+00 -3.8571750855e-01 )	( -4.9042972728e+00 1.5287802776e+00 -3.6306126085e-01 )	( 1.1182110352e-03 -2.3810387647e-03 -2.2656247708e-02 )
298              	( -4.9031793441e+00 1.5263992497e+00 -3.8571740533e-01 )	( -4.9042975547e+00 1.5287802885e+00 -3.6306115722e-01 )	( 1.1182106126e-03 -2.3810387577e-03 -2.2656248108e-02 )
299              	( -4.9031795971e+00 1.5263992581e+00 -3.8571731247e-01 )	( -4.9042978073e+00 1.5287802969e+00 -3.6306106393e-01 )	( 1.1182102447e-03 -2.3810387619e-03 -2.2656248541e-02 )
300              	( -4.9031798236e+00 1.5263992648e+00 -3.8571722955e-01 )	( -4.9042980335e+00 1.5287803035e+00 -3.6306098054e-01 )	( 1.1182099288e-03 -2.3810387770e-03 -2.2656249006e-02 )
301              	( -4.9031800265e+00 1.5263992702e+00 -3.8571715611e-01 )	( -4.9042982361e+00 1.5287803090e+00 -3.6306090660e-01 )	( 1.1182096624e-03 -2.3810388027e-03 -2.2656249500e-02 )
302              	( -4.9031802084e+00 1.5263992749e+00 -3.8571709169e-01 )	( -4.9042984178e+00 1.5287803138e+00 -3.6306084167e-01 )	( 1.1182094426e-03 -2.3810388384e-03 -2.2656250021e-02 )
303              	( -4.9031803717e+00 1.5263992795e+00 -3.8571703580e-01 )	( -4.9042985810e+00 1.5287803184e+00 -3.6306078524e-01 )	( 1.1182092665e-03 -2.3810388835e-03 -2.2656250566e-02 )
304              	( -4.9031805189e+00 1.5263992843e+00 -3.8571698793e-01 )	( -4.9042987280e+00 1.5287803233e+00 -3.6306073680e-01 )	( 1.1182091313e-03 -2.3810389375e-03 -2.2656251131e-02 )
305              	( -4.9031806520e+00 1.5263992898e+00 -3.8571694757e-01 )	( -4.9042988610e+00 1.5287803288e+00 -3.6306069586e-01 )	( 1.1182090340e-03 -2.3810389998e-03 -2.2656251713e-02 )
306              	( -4.9031807731e+00 1.5263992962e+00 -3.8571691421e-01 )	( -4.9042989821e+00 1.5287803353e+00 -3.6306066190e-01 )	( 1.1182089717e-03 -2.3810390697e-03 -2.2656252311e-02 )
307              	( -4.9031808841e+00 1.5263993039e+00 -3.8571688732e-01 )	( -4.9042990931e+00 1.5287803430e+00 -3.6306063440e-01 )	( 1.1182089413e-03 -2.3810391465e-03 -2.2656252921e-02 )
308              	( -4.9031809868e+00 1.5263993130e+00 -3.8571686639e-01 )	( -4.9042991957e+00 1.5287803522e+00 -3.6306061285e-01 )	( 1.1182089400e-03 -2.3810392296e-03 -2.2656253539e-02 )
309              	( -4.9031810825e+00 1.5263993238e+00 -3.8571685091e-01 )	( -4.9042992915e+00 1.5287803631e+00 -3.6306059675e-01 )	( 1.1182089648e-03 -2.3810393182e-03 -2.2656254164e-02 )
310              	( -4.9031811729e+00 1.5263993363e+00 -3.8571684038e-01 )	( -4.9042993819e+00 1.5287803757e+00 -3.6306058558e-01 )	( 1.1182090130e-03 -2.3810394116e-03 -2.2656254792e-02 )
311              	( -4.9031812592e+00 1.5263993507e+00 -3.8571683430e-01 )	( -4.9042994683e+00 1.5287803903e+00 -3.6306057888e-01 )	( 1.1182090818e-03 -2.3810395092e-03 -2.2656255421e-02 )
312              	( -4.9031813425e+00 1.5263993671e+00 -3.8571683220e-01 )	( -4.9042995516e+00 1.5287804067e+00 -3.6306057615e-01 )	( 1.1182091686e-03 -2.3810396102e-03 -2.2656256048e-02 )
313              	( -4.9031814239e+00 1.5263993855e+00 -3.8571683364e-01 )	( -4.9042996332e+00 1.5287804252e+00 -3.6306057697e-01 )	( 1.1182092709e-03 -2.3810397141e-03 -2.2656256671e-02 )
314              	( -4.9031815042e+00 1.5263994058e+00 -3.8571683815e-01 )	( -4.9042997136e+00 1.5287804456e+00 -3.6306058087e-01 )	( 1.1182093861e-03 -2.3810398201e-03 -2.2656257287e-02 )
315              	( -4.9031815843e+00 1.5263994281e+00 -3.8571684532e-01 )	( -4.9042997938e+00 1.5287804681e+00 -3.6306058743e-01 )	( 1.1182095120e-03 -2.3810399276e-03 -2.2656257895e-02 )
316              	( -4.9031816648e+00 1.5263994523e+00 -3.8571685475e-01 )	( -4.9042998744e+00 1.5287804924e+00 -3.6306059626e-01 )	( 1.1182096464e-03 -2.3810400360e-03 -2.2656258492e-02 )
317              	( -4.9031817462e+00 1.5263994784e+00 -3.8571686606e-01 )	( -4.9042999560e+00 1.5287805186e+00 -3.6306060698e-01 )	( 1.1182097873e-03 -2.3810401448e-03 -2.2656259077e-02 )
318              	( -4.9031818290e+00 1.5263995062e+00 -3.8571687889e-01 )	( -4.9043000389e+00 1.5287805465e+00 -3.6306061924e-01 )	( 1.1182099326e-03 -2.3810402534e-03 -2.2656259648e-02 )
319              	( -4.9031819135e+00 1.5263995357e+00 -3.8571689290e-01 )	( -4.9043001236e+00 1.5287805760e+00 -3.6306063270e-01 )	( 1.1182100807e-03 -2.3810403612e-03 -2.2656260204e-02 )
320              	( -4.9031820001e+00 1.5263995667e+00 -3.8571690779e-01 )	( -4.9043002103e+00 1.5287806071e+00 -3.6306064705e-01 )	( 1.1182102298e-03 -2.3810404679e-03 -2.2656260742e-02 )
321              	( -4.9031820888e+00 1.5263995990e+00 -3.8571692328e-01 )	( -4.9043002992e+00 1.5287806396e+00 -3.6306066201e-01 )	( 1.1182103785e-03 -2.3810405729e-03 -2.2656261263e-02 )
322              	( -4.9031821799e+00 1.5263996327e+00 -3.8571693908e-01 )	( -4.9043003904e+00 1.5287806734e+00 -3.6306067732e-01 )	( 1.1182105255e-03 -2.3810406759e-03 -2.2656261764e-02 )
323              	( -4.9031822733e+00 1.5263996674e+00 -3.8571695497e-01 )	( -4.9043004840e+00 1.5287807082e+00 -3.6306069273e-01 )	( 1.1182106693e-03 -2.3810407766e-03 -2.2656262246e-02 )
324              	( -4.9031823690e+00 1.5263997032e+00 -3.8571697073e-01 )	( -4.9043005799e+00 1.5287807440e+00 -3.6306070802e-01 )	( 1.1182108091e-03 -2.3810408745e-03 -2.2656262708e-02 )
325              	( -4.9031824671e+00 1.5263997397e+00 -3.8571698617e-01 )	( -4.9043006780e+00 1.5287807806e+00 -3.6306072302e-01 )	( 1.1182109438e-03 -2.3810409694e-03 -2.2656263148e-02 )
326              	( -4.9031825674e+00 1.5263997769e+00 -3.8571700112e-01 )	( -4.9043007785e+00 1.5287808179e+00 -3.6306073755e-01 )	( 1.1182110725e-03 -2.3810410610e-03 -2.2656263568e-02 )
327              	( -4.9031826695e+00 1.5263998145e+00 -3.8571701538e-01 )	( -4.9043008807e+00 1.5287808556e+00 -3.6306075142e-01 )	( 1.1182111946e-03 -2.3810411492e-03 -2.2656263965e-02 )
328              	( -4.9031827735e+00 1.5263998525e+00 -3.8571702889e-01 )	( -4.9043009849e+00 1.5287808937e+00 -3.6306076455e-01 )	( 1.1182113094e-03 -2.3810412337e-03 -2.2656264342e-02 )
329              	( -4.9031828792e+00 1.5263998907e+00 -3.8571704151e-01 )	( -4.9043010906e+00 1.5287809320e+00 -3.6306077681e-01 )	( 1.1182114165e-03 -2.3810413145e-03 -2.2656264696e-02 )
330              	( -4.9031829861e+00 1.5263999288e+00 -3.8571705312e-01 )	( -4.9043011976e+00 1.5287809702e+00 -3.6306078809e-01 )	( 1.1182115156e-03 -2.3810413913e-03 -2.2656265029e-02 )
331              	( -4.9031830943e+00 1.5263999670e+00 -3.8571706373e-01 )	( -4.9043013059e+00 1.5287810085e+00 -3.6306079839e-01 )	( 1.1182116062e-03 -2.3810414641e-03 -2.2656265341e-02 )
332              	( -4.9031832033e+00 1.5264000049e+00 -3.8571707319e-01 )	( -4.9043014150e+00 1.5287810464e+00 -3.6306080756e-01 )	( 1.1182116883e-03 -2.3810415328e-03 -2.2656265632e-02 )
