# Time           	totalLift        	frontLift        	rearLift         	drag             	side             	Xmoment          	Ymoment          	Zmoment          
1	-2.0331923222e+00	-4.6882879560e-01	-1.5643635266e+00	8.0193998606e-01	0.0000000000e+00	-2.4659850883e+00	1.3694184138e+00	-9.7264386930e-01
2	-7.4869935593e-01	-1.9751358582e-01	-5.5118577011e-01	2.4429895166e-01	0.0000000000e+00	-9.0807024361e-01	4.4209023036e-01	-2.9630132147e-01
3	-4.6400478207e-01	-1.3334667799e-01	-3.3065810408e-01	1.1914758003e-01	0.0000000000e+00	-5.6277453981e-01	2.4663928261e-01	-1.4450977040e-01
4	-4.3138079455e-01	-1.2760880036e-01	-3.0377199419e-01	9.9577904234e-02	0.0000000000e+00	-5.2320609079e-01	2.2020399228e-01	-1.2077442172e-01
5	-4.4574312829e-01	-1.3419934823e-01	-3.1154378006e-01	9.7598624253e-02	0.0000000000e+00	-5.4062564351e-01	2.2168053978e-01	-1.1837382495e-01
6	-4.7017292208e-01	-1.4304538486e-01	-3.2712753722e-01	1.0017659144e-01	0.0000000000e+00	-5.7025565270e-01	2.3010269045e-01	-1.2150054768e-01
7	-4.8868513239e-01	-1.4970099154e-01	-3.3898414086e-01	1.0187559268e-01	0.0000000000e+00	-5.9270843992e-01	2.3660393665e-01	-1.2356120455e-01
8	-5.0324827404e-01	-1.5498396533e-01	-3.4826430870e-01	1.0298179005e-01	0.0000000000e+00	-6.1037154524e-01	2.4160042921e-01	-1.2490287114e-01
9	-5.1831946106e-01	-1.6051200936e-01	-3.5780745169e-01	1.0386365055e-01	0.0000000000e+00	-6.2865084034e-01	2.4661930291e-01	-1.2597244770e-01
10	-5.3233363103e-01	-1.6577408465e-01	-3.6655954638e-01	1.0443070563e-01	0.0000000000e+00	-6.4564811788e-01	2.5098182716e-01	-1.2666020820e-01
11	-5.4549142767e-01	-1.7078201138e-01	-3.7470941629e-01	1.0473928957e-01	0.0000000000e+00	-6.6160673131e-01	2.5490925613e-01	-1.2703447845e-01
12	-5.5897852186e-01	-1.7600990364e-01	-3.8296861823e-01	1.0458462005e-01	0.0000000000e+00	-6.7796473778e-01	2.5869839323e-01	-1.2684688541e-01
13	-5.7121746397e-01	-1.8086736152e-01	-3.9035010245e-01	1.0419208128e-01	0.0000000000e+00	-6.9280890594e-01	2.6185342616e-01	-1.2637078940e-01
14	-5.8193491054e-01	-1.8522922653e-01	-3.9670568400e-01	1.0366024390e-01	0.0000000000e+00	-7.0580770744e-01	2.6434557184e-01	-1.2572574316e-01
15	-5.9251118625e-01	-1.8959590983e-01	-4.0291527642e-01	1.0295109019e-01	0.0000000000e+00	-7.1863528795e-01	2.6664920824e-01	-1.2486563639e-01
16	-6.0170539137e-01	-1.9349323656e-01	-4.0821215481e-01	1.0197521408e-01	0.0000000000e+00	-7.2978660525e-01	2.6839864782e-01	-1.2368203173e-01
17	-6.0974547014e-01	-1.9699701808e-01	-4.1274845206e-01	1.0074753256e-01	0.0000000000e+00	-7.3953812464e-01	2.6968929247e-01	-1.2219302141e-01
18	-6.1804879920e-01	-2.0061210014e-01	-4.1743669905e-01	9.9479651077e-02	0.0000000000e+00	-7.4960893074e-01	2.7103074864e-01	-1.2065525404e-01
19	-6.2606048631e-01	-2.0413731182e-01	-4.2192317449e-01	9.8103705091e-02	0.0000000000e+00	-7.5932601492e-01	2.7223232834e-01	-1.1898641915e-01
20	-6.3352253255e-01	-2.0749102204e-01	-4.2603151052e-01	9.6498814345e-02	0.0000000000e+00	-7.6837645967e-01	2.7317561060e-01	-1.1703990548e-01
21	-6.4071652912e-01	-2.1075530747e-01	-4.2996122164e-01	9.4759576069e-02	0.0000000000e+00	-7.7710179669e-01	2.7400739271e-01	-1.1493044657e-01
22	-6.4793575275e-01	-2.1401916389e-01	-4.3391658885e-01	9.2974873180e-02	0.0000000000e+00	-7.8585773071e-01	2.7487178120e-01	-1.1276584529e-01
23	-6.5489117935e-01	-2.1717042167e-01	-4.3772075767e-01	9.1205258433e-02	0.0000000000e+00	-7.9429371490e-01	2.7568792000e-01	-1.1061954386e-01
24	-6.6141771174e-01	-2.2012837157e-01	-4.4128934017e-01	8.9574024287e-02	0.0000000000e+00	-8.0220950889e-01	2.7645121074e-01	-1.0864107924e-01
25	-6.6809598892e-01	-2.2313309017e-01	-4.4496289875e-01	8.8003744401e-02	0.0000000000e+00	-8.1030934862e-01	2.7728726072e-01	-1.0673654383e-01
26	-6.7481843482e-01	-2.2610256083e-01	-4.4871587399e-01	8.6563918475e-02	0.0000000000e+00	-8.1846275897e-01	2.7826664144e-01	-1.0499023128e-01
27	-6.8150050498e-01	-2.2901767221e-01	-4.5248283277e-01	8.5235979922e-02	0.0000000000e+00	-8.2656719907e-01	2.7933145069e-01	-1.0337962286e-01
28	-6.8816792704e-01	-2.3191791458e-01	-4.5625001247e-01	8.3978943609e-02	0.0000000000e+00	-8.3465387302e-01	2.8041512237e-01	-1.0185500919e-01
29	-6.9457106870e-01	-2.3469045422e-01	-4.5988061448e-01	8.2818777019e-02	0.0000000000e+00	-8.4242001086e-01	2.8148770032e-01	-1.0044788529e-01
30	-7.0028559382e-01	-2.3717656769e-01	-4.6310902613e-01	8.1750610417e-02	0.0000000000e+00	-8.4935095073e-01	2.8241557305e-01	-9.9152344835e-02
31	-7.0595629785e-01	-2.3962530709e-01	-4.6633099076e-01	8.0756245252e-02	0.0000000000e+00	-8.5622874160e-01	2.8338210460e-01	-9.7946315458e-02
32	-7.1115552493e-01	-2.4187305724e-01	-4.6928246768e-01	7.9816036923e-02	0.0000000000e+00	-8.6253469520e-01	2.8426176305e-01	-9.6805970940e-02
33	-7.1600597242e-01	-2.4395727064e-01	-4.7204870177e-01	7.8955441356e-02	0.0000000000e+00	-8.6841762671e-01	2.8511428891e-01	-9.5762185848e-02
34	-7.2037495335e-01	-2.4583556549e-01	-4.7453938786e-01	7.8138577603e-02	0.0000000000e+00	-8.7371660493e-01	2.8587977797e-01	-9.4771441483e-02
35	-7.2445755364e-01	-2.4758453757e-01	-4.7687301608e-01	7.7382875091e-02	0.0000000000e+00	-8.7866824248e-01	2.8661059814e-01	-9.3854877366e-02
36	-7.2840987517e-01	-2.4926551106e-01	-4.7914436411e-01	7.6692436269e-02	0.0000000000e+00	-8.8346186964e-01	2.8734856630e-01	-9.3017469207e-02
37	-7.3226448303e-01	-2.5089363799e-01	-4.8137084504e-01	7.6053037226e-02	0.0000000000e+00	-8.8813698345e-01	2.8809650881e-01	-9.2241965342e-02
38	-7.3600351002e-01	-2.5246542432e-01	-4.8353808570e-01	7.5452509696e-02	0.0000000000e+00	-8.9267191343e-01	2.8884082672e-01	-9.1513607321e-02
39	-7.3966978907e-01	-2.5399291063e-01	-4.8567687844e-01	7.4896957851e-02	0.0000000000e+00	-8.9711861007e-01	2.8960495976e-01	-9.0839798676e-02
40	-7.4323235682e-01	-2.5546455609e-01	-4.8776780074e-01	7.4383013060e-02	0.0000000000e+00	-9.0143951904e-01	2.9037905581e-01	-9.0216453714e-02
41	-7.4669641322e-01	-2.5688495859e-01	-4.8981145463e-01	7.3908045236e-02	0.0000000000e+00	-9.0564094717e-01	2.9115812004e-01	-8.9640382498e-02
42	-7.5011458603e-01	-2.5827291280e-01	-4.9184167323e-01	7.3475323016e-02	0.0000000000e+00	-9.0978672478e-01	2.9196095054e-01	-8.9115549442e-02
43	-7.5352545440e-01	-2.5964449794e-01	-4.9388095645e-01	7.3076617194e-02	0.0000000000e+00	-9.1392364307e-01	2.9279557314e-01	-8.8631973637e-02
44	-7.5693374970e-01	-2.6100322321e-01	-4.9593052648e-01	7.2710582845e-02	0.0000000000e+00	-9.1805744060e-01	2.9365912909e-01	-8.8188023877e-02
45	-7.6026523466e-01	-2.6232257232e-01	-4.9794266234e-01	7.2372224708e-02	0.0000000000e+00	-9.2209807766e-01	2.9452511253e-01	-8.7777641586e-02
46	-7.6354211036e-01	-2.6360952419e-01	-4.9993258617e-01	7.2066571993e-02	0.0000000000e+00	-9.2607248112e-01	2.9540382748e-01	-8.7406926515e-02
47	-7.6676390612e-01	-2.6486517330e-01	-5.0189873281e-01	7.1790605882e-02	0.0000000000e+00	-9.2998008012e-01	2.9629194939e-01	-8.7072217246e-02
48	-7.6991420002e-01	-2.6608417842e-01	-5.0383002160e-01	7.1550500430e-02	0.0000000000e+00	-9.3380095712e-01	2.9718230398e-01	-8.6781002068e-02
49	-7.7301478471e-01	-2.6727665903e-01	-5.0573812568e-01	7.1331386057e-02	0.0000000000e+00	-9.3756154363e-01	2.9807683330e-01	-8.6515246208e-02
50	-7.7599810819e-01	-2.6842185887e-01	-5.0757624932e-01	7.1118954502e-02	0.0000000000e+00	-9.4117990828e-01	2.9894298807e-01	-8.6257595694e-02
51	-7.7891995114e-01	-2.6953879938e-01	-5.0938115176e-01	7.0918811312e-02	0.0000000000e+00	-9.4472370542e-01	2.9980294046e-01	-8.6014849290e-02
52	-7.8175684927e-01	-2.7062020522e-01	-5.1113664405e-01	7.0732026018e-02	0.0000000000e+00	-9.4816447608e-01	3.0064554854e-01	-8.5788304195e-02
53	-7.8451046962e-01	-2.7166786310e-01	-5.1284260651e-01	7.0560347400e-02	0.0000000000e+00	-9.5150424214e-01	3.0146842927e-01	-8.5580081437e-02
54	-7.8719656514e-01	-2.7268890357e-01	-5.1450766157e-01	7.0394201348e-02	0.0000000000e+00	-9.5476210980e-01	3.0227344751e-01	-8.5378568928e-02
55	-7.8976637345e-01	-2.7366659358e-01	-5.1609977987e-01	7.0228501866e-02	0.0000000000e+00	-9.5787893692e-01	3.0304148287e-01	-8.5177598047e-02
56	-7.9220649324e-01	-2.7459561702e-01	-5.1761087622e-01	7.0064623204e-02	0.0000000000e+00	-9.6083846955e-01	3.0376907401e-01	-8.4978835573e-02
57	-7.9455571593e-01	-2.7549102728e-01	-5.1906468865e-01	6.9903169697e-02	0.0000000000e+00	-9.6368775639e-01	3.0446707672e-01	-8.4783014481e-02
58	-7.9679292776e-01	-2.7634599611e-01	-5.2044693164e-01	6.9739952627e-02	0.0000000000e+00	-9.6640118932e-01	3.0512616941e-01	-8.4585054428e-02
59	-7.9891832908e-01	-2.7716091860e-01	-5.2175741047e-01	6.9576869936e-02	0.0000000000e+00	-9.6897901135e-01	3.0574561484e-01	-8.4387257357e-02
60	-8.0093275006e-01	-2.7793655142e-01	-5.2299619865e-01	6.9413271783e-02	0.0000000000e+00	-9.7142222937e-01	3.0632455904e-01	-8.4188835102e-02
61	-8.0283977007e-01	-2.7867432267e-01	-5.2416544741e-01	6.9245076122e-02	0.0000000000e+00	-9.7373518464e-01	3.0686390592e-01	-8.3984836697e-02
62	-8.0463529888e-01	-2.7937193110e-01	-5.2526336778e-01	6.9078913374e-02	0.0000000000e+00	-9.7591291629e-01	3.0736429584e-01	-8.3783303938e-02
63	-8.0632590546e-01	-2.8003174790e-01	-5.2629415757e-01	6.8916287098e-02	0.0000000000e+00	-9.7796339158e-01	3.0782801209e-01	-8.3586060437e-02
64	-8.0790505276e-01	-2.8065145878e-01	-5.2725359398e-01	6.8755310432e-02	0.0000000000e+00	-9.7987868196e-01	3.0825266901e-01	-8.3390817688e-02
65	-8.0937594551e-01	-2.8123160656e-01	-5.2814433895e-01	6.8597278789e-02	0.0000000000e+00	-9.8166267433e-01	3.0864091548e-01	-8.3199146850e-02
66	-8.1073932956e-01	-2.8177228553e-01	-5.2896704403e-01	6.8443216132e-02	0.0000000000e+00	-9.8331627330e-01	3.0899344812e-01	-8.3012289852e-02
67	-8.1199468080e-01	-2.8227324647e-01	-5.2972143433e-01	6.8294033664e-02	0.0000000000e+00	-9.8483884320e-01	3.0931023483e-01	-8.2831351857e-02
68	-8.1314609645e-01	-2.8273563215e-01	-5.3041046430e-01	6.8151014991e-02	0.0000000000e+00	-9.8623535341e-01	3.0959354019e-01	-8.2657889705e-02
69	-8.1420261725e-01	-2.8316199660e-01	-5.3104062065e-01	6.8015057892e-02	0.0000000000e+00	-9.8751676910e-01	3.0984828007e-01	-8.2492992280e-02
70	-8.1516280461e-01	-2.8355162489e-01	-5.3161117973e-01	6.7886998242e-02	0.0000000000e+00	-9.8868134546e-01	3.1007444355e-01	-8.2337673384e-02
71	-8.1603057185e-01	-2.8390603111e-01	-5.3212454074e-01	6.7768536535e-02	0.0000000000e+00	-9.8973382881e-01	3.1027313704e-01	-8.2193995484e-02
72	-8.1681225330e-01	-2.8422660192e-01	-5.3258565138e-01	6.7660084955e-02	0.0000000000e+00	-9.9068190184e-01	3.1044881181e-01	-8.2062458504e-02
73	-8.1752375847e-01	-2.8451892032e-01	-5.3300483815e-01	6.7562434515e-02	0.0000000000e+00	-9.9154486060e-01	3.1060739728e-01	-8.1944021834e-02
74	-8.1816692777e-01	-2.8478369813e-01	-5.3338322964e-01	6.7476263727e-02	0.0000000000e+00	-9.9232493728e-01	3.1074941439e-01	-8.1839508415e-02
75	-8.1874705340e-01	-2.8502239065e-01	-5.3372466275e-01	6.7402596629e-02	0.0000000000e+00	-9.9302855057e-01	3.1087784013e-01	-8.1750160269e-02
76	-8.1927066268e-01	-2.8523734831e-01	-5.3403331437e-01	6.7341608159e-02	0.0000000000e+00	-9.9366361724e-01	3.1099495758e-01	-8.1676189569e-02
77	-8.1974578171e-01	-2.8543138830e-01	-5.3431439341e-01	6.7292644416e-02	0.0000000000e+00	-9.9423987185e-01	3.1110375638e-01	-8.1616803225e-02
78	-8.2017861790e-01	-2.8560687297e-01	-5.3457174493e-01	6.7255372047e-02	0.0000000000e+00	-9.9476484314e-01	3.1120608996e-01	-8.1571596923e-02
79	-8.2057573964e-01	-2.8576629606e-01	-5.3480944358e-01	6.7228998916e-02	0.0000000000e+00	-9.9524649766e-01	3.1130393439e-01	-8.1539609911e-02
80	-8.2094540620e-01	-2.8591274262e-01	-5.3503266358e-01	6.7212910805e-02	0.0000000000e+00	-9.9569485280e-01	3.1139990120e-01	-8.1520097226e-02
81	-8.2129266735e-01	-2.8604828944e-01	-5.3524437791e-01	6.7205795105e-02	0.0000000000e+00	-9.9611603324e-01	3.1149511059e-01	-8.1511466852e-02
82	-8.2162497397e-01	-2.8617576606e-01	-5.3544920791e-01	6.7207006621e-02	0.0000000000e+00	-9.9651907586e-01	3.1159180231e-01	-8.1512936256e-02
83	-8.2194774793e-01	-2.8629742406e-01	-5.3565032387e-01	6.7215347953e-02	0.0000000000e+00	-9.9691055666e-01	3.1169112476e-01	-8.1523053154e-02
84	-8.2226565318e-01	-2.8641520219e-01	-5.3585045099e-01	6.7229663653e-02	0.0000000000e+00	-9.9729613239e-01	3.1179406100e-01	-8.1540416146e-02
85	-8.2258529709e-01	-2.8653171277e-01	-5.3605358432e-01	6.7248983441e-02	0.0000000000e+00	-9.9768381688e-01	3.1190233943e-01	-8.1563848415e-02
86	-8.2291020381e-01	-2.8664850987e-01	-5.3626169394e-01	6.7272024979e-02	0.0000000000e+00	-9.9807788443e-01	3.1201648010e-01	-8.1591794659e-02
87	-8.2324113861e-01	-2.8676632305e-01	-5.3647481555e-01	6.7297111710e-02	0.0000000000e+00	-9.9847926322e-01	3.1213561562e-01	-8.1622221444e-02
88	-8.2358185983e-01	-2.8688670859e-01	-5.3669515124e-01	6.7323431016e-02	0.0000000000e+00	-9.9889251161e-01	3.1226055332e-01	-8.1654143174e-02
89	-8.2393479611e-01	-2.8701077052e-01	-5.3692402559e-01	6.7350082143e-02	0.0000000000e+00	-9.9932057520e-01	3.1239156883e-01	-8.1686467357e-02
90	-8.2430053949e-01	-2.8713901623e-01	-5.3716152326e-01	6.7375947068e-02	0.0000000000e+00	-9.9976417205e-01	3.1252813379e-01	-8.1717837985e-02
91	-8.2468065515e-01	-2.8727220443e-01	-5.3740845073e-01	6.7400320153e-02	0.0000000000e+00	-1.0002252005e+00	3.1267030787e-01	-8.1747399214e-02
92	-8.2507543513e-01	-2.8741066006e-01	-5.3766477507e-01	6.7422432635e-02	0.0000000000e+00	-1.0007040148e+00	3.1281764376e-01	-8.1774218640e-02
93	-8.2548506566e-01	-2.8755463257e-01	-5.3793043309e-01	6.7441684862e-02	0.0000000000e+00	-1.0012008408e+00	3.1296975065e-01	-8.1797568966e-02
94	-8.2590897356e-01	-2.8770408144e-01	-5.3820489212e-01	6.7457534439e-02	0.0000000000e+00	-1.0017149833e+00	3.1312601335e-01	-8.1816792343e-02
95	-8.2634649531e-01	-2.8785887642e-01	-5.3848761889e-01	6.7469581249e-02	0.0000000000e+00	-1.0022456375e+00	3.1328592809e-01	-8.1831403480e-02
96	-8.2679677061e-01	-2.8801879055e-01	-5.3877798006e-01	6.7477579424e-02	0.0000000000e+00	-1.0027917601e+00	3.1344898689e-01	-8.1841104176e-02
97	-8.2725833330e-01	-2.8818339110e-01	-5.3907494220e-01	6.7481277766e-02	0.0000000000e+00	-1.0033515727e+00	3.1361443887e-01	-8.1845589761e-02
98	-8.2772931768e-01	-2.8835209426e-01	-5.3937722341e-01	6.7480496641e-02	0.0000000000e+00	-1.0039228125e+00	3.1378141144e-01	-8.1844642364e-02
99	-8.2820765119e-01	-2.8852422546e-01	-5.3968342573e-01	6.7475142595e-02	0.0000000000e+00	-1.0045029659e+00	3.1394900034e-01	-8.1838148635e-02
100	-8.2869214679e-01	-2.8869925106e-01	-5.3999289573e-01	6.7465511389e-02	0.0000000000e+00	-1.0050905930e+00	3.1411705584e-01	-8.1826467295e-02
101	-8.2917912188e-01	-2.8887615519e-01	-5.4030296669e-01	6.7451105286e-02	0.0000000000e+00	-1.0056812274e+00	3.1428351438e-01	-8.1808994656e-02
102	-8.2966518922e-01	-2.8905382883e-01	-5.4061136039e-01	6.7431895313e-02	0.0000000000e+00	-1.0062707608e+00	3.1444691444e-01	-8.1785695578e-02
103	-8.3014832143e-01	-2.8923156424e-01	-5.4091675719e-01	6.7408039934e-02	0.0000000000e+00	-1.0068567343e+00	3.1460649118e-01	-8.1756762256e-02
104	-8.3062630506e-01	-2.8940852936e-01	-5.4121777570e-01	6.7379800370e-02	0.0000000000e+00	-1.0074364633e+00	3.1476155792e-01	-8.1722511515e-02
105	-8.3109726806e-01	-2.8958399683e-01	-5.4151327123e-01	6.7347524832e-02	0.0000000000e+00	-1.0080076772e+00	3.1491159300e-01	-8.1683365688e-02
106	-8.3155942373e-01	-2.8975724607e-01	-5.4180217766e-01	6.7311592238e-02	0.0000000000e+00	-1.0085682090e+00	3.1505616448e-01	-8.1639784350e-02
107	-8.3201140332e-01	-2.8992767295e-01	-5.4208373037e-01	6.7272443879e-02	0.0000000000e+00	-1.0091163986e+00	3.1519507177e-01	-8.1592302728e-02
108	-8.3245168266e-01	-2.9009465911e-01	-5.4235702356e-01	6.7230490221e-02	0.0000000000e+00	-1.0096503974e+00	3.1532795556e-01	-8.1541418661e-02
109	-8.3287902733e-01	-2.9025769172e-01	-5.4262133562e-01	6.7186103964e-02	0.0000000000e+00	-1.0101687082e+00	3.1545455488e-01	-8.1487584182e-02
110	-8.3329150898e-01	-2.9041605601e-01	-5.4287545297e-01	6.7139618507e-02	0.0000000000e+00	-1.0106689922e+00	3.1557424620e-01	-8.1431203661e-02
111	-8.3368813400e-01	-2.9056927228e-01	-5.4311886173e-01	6.7091423026e-02	0.0000000000e+00	-1.0111500443e+00	3.1568698681e-01	-8.1372749113e-02
112	-8.3406771563e-01	-2.9071688871e-01	-5.4335082692e-01	6.7041819209e-02	0.0000000000e+00	-1.0116104251e+00	3.1579242276e-01	-8.1312586446e-02
113	-8.3442934371e-01	-2.9085851533e-01	-5.4357082838e-01	6.6991148601e-02	0.0000000000e+00	-1.0120490306e+00	3.1589039131e-01	-8.1251129907e-02
114	-8.3477247874e-01	-2.9099384728e-01	-5.4377863146e-01	6.6939790453e-02	0.0000000000e+00	-1.0124652067e+00	3.1598098023e-01	-8.1188839476e-02
115	-8.3509671471e-01	-2.9112269865e-01	-5.4397401606e-01	6.6888112916e-02	0.0000000000e+00	-1.0128584607e+00	3.1606414676e-01	-8.1126161668e-02
116	-8.3540213890e-01	-2.9124502381e-01	-5.4415711509e-01	6.6836382169e-02	0.0000000000e+00	-1.0132288986e+00	3.1614011410e-01	-8.1063419325e-02
117	-8.3568954431e-01	-2.9136103749e-01	-5.4432850682e-01	6.6784870266e-02	0.0000000000e+00	-1.0135774822e+00	3.1620933666e-01	-8.1000942409e-02
118	-8.3595920366e-01	-2.9147082340e-01	-5.4448838026e-01	6.6733759962e-02	0.0000000000e+00	-1.0139045422e+00	3.1627194608e-01	-8.0938952579e-02
119	-8.3620999600e-01	-2.9157388239e-01	-5.4463611362e-01	6.6683323012e-02	0.0000000000e+00	-1.0142087191e+00	3.1632778904e-01	-8.0877779435e-02
120	-8.3644191721e-01	-2.9167015450e-01	-5.4477176272e-01	6.6633804647e-02	0.0000000000e+00	-1.0144900079e+00	3.1637701028e-01	-8.0817720410e-02
121	-8.3665524667e-01	-2.9175968050e-01	-5.4489556617e-01	6.6585419933e-02	0.0000000000e+00	-1.0147487475e+00	3.1641985708e-01	-8.0759036348e-02
122	-8.3685057840e-01	-2.9184261048e-01	-5.4500796792e-01	6.6538375568e-02	0.0000000000e+00	-1.0149856582e+00	3.1645669680e-01	-8.0701977947e-02
123	-8.3702874431e-01	-2.9191916754e-01	-5.4510957677e-01	6.6492930074e-02	0.0000000000e+00	-1.0152017492e+00	3.1648801154e-01	-8.0646858758e-02
124	-8.3719062009e-01	-2.9198958516e-01	-5.4520103492e-01	6.6449216916e-02	0.0000000000e+00	-1.0153980824e+00	3.1651431220e-01	-8.0593840658e-02
125	-8.3733717322e-01	-2.9205412634e-01	-5.4528304688e-01	6.6407470090e-02	0.0000000000e+00	-1.0155758314e+00	3.1653615068e-01	-8.0543207450e-02
126	-8.3746923356e-01	-2.9211306515e-01	-5.4535616841e-01	6.6367787496e-02	0.0000000000e+00	-1.0157360026e+00	3.1655387907e-01	-8.0495077873e-02
127	-8.3758778544e-01	-2.9216668525e-01	-5.4542110019e-01	6.6330316245e-02	0.0000000000e+00	-1.0158797899e+00	3.1656801867e-01	-8.0449630355e-02
128	-8.3769376171e-01	-2.9221528881e-01	-5.4547847290e-01	6.6295092039e-02	0.0000000000e+00	-1.0160083246e+00	3.1657898012e-01	-8.0406908195e-02
129	-8.3778792232e-01	-2.9225913513e-01	-5.4552878718e-01	6.6262138126e-02	0.0000000000e+00	-1.0161225286e+00	3.1658706506e-01	-8.0366939591e-02
130	-8.3787119762e-01	-2.9229852733e-01	-5.4557267029e-01	6.6231473513e-02	0.0000000000e+00	-1.0162235302e+00	3.1659267870e-01	-8.0329747597e-02
131	-8.3794438348e-01	-2.9233373863e-01	-5.4561064486e-01	6.6203090300e-02	0.0000000000e+00	-1.0163122947e+00	3.1659613278e-01	-8.0295322628e-02
132	-8.3800833354e-01	-2.9236507778e-01	-5.4564325576e-01	6.6176968826e-02	0.0000000000e+00	-1.0163898574e+00	3.1659772246e-01	-8.0263640842e-02
133	-8.3806384193e-01	-2.9239282725e-01	-5.4567101468e-01	6.6153078188e-02	0.0000000000e+00	-1.0164571815e+00	3.1659773429e-01	-8.0234664755e-02
134	-8.3811175042e-01	-2.9241727396e-01	-5.4569447646e-01	6.6131383941e-02	0.0000000000e+00	-1.0165152879e+00	3.1659650313e-01	-8.0208352591e-02
135	-8.3815281434e-01	-2.9243869494e-01	-5.4571411940e-01	6.6111837097e-02	0.0000000000e+00	-1.0165650929e+00	3.1659428058e-01	-8.0184644934e-02
136	-8.3818806149e-01	-2.9245744018e-01	-5.4573062131e-01	6.6094403323e-02	0.0000000000e+00	-1.0166078429e+00	3.1659147642e-01	-8.0163500144e-02
137	-8.3821816388e-01	-2.9247376634e-01	-5.4574439754e-01	6.6079002279e-02	0.0000000000e+00	-1.0166443530e+00	3.1658828900e-01	-8.0144820776e-02
138	-8.3824374371e-01	-2.9248791600e-01	-5.4575582771e-01	6.6065541030e-02	0.0000000000e+00	-1.0166753778e+00	3.1658488964e-01	-8.0128494118e-02
139	-8.3826536405e-01	-2.9250011630e-01	-5.4576524776e-01	6.6053911342e-02	0.0000000000e+00	-1.0167016003e+00	3.1658141432e-01	-8.0114388891e-02
140	-8.3828362233e-01	-2.9251059816e-01	-5.4577302418e-01	6.6044012950e-02	0.0000000000e+00	-1.0167237451e+00	3.1657803252e-01	-8.0102383491e-02
141	-8.3829906312e-01	-2.9251958263e-01	-5.4577948049e-01	6.6035742485e-02	0.0000000000e+00	-1.0167424727e+00	3.1657487233e-01	-8.0092352545e-02
142	-8.3831222164e-01	-2.9252728229e-01	-5.4578493935e-01	6.6029001135e-02	0.0000000000e+00	-1.0167584322e+00	3.1657207133e-01	-8.0084176207e-02
143	-8.3832356207e-01	-2.9253388840e-01	-5.4578967367e-01	6.6023679610e-02	0.0000000000e+00	-1.0167721866e+00	3.1656973158e-01	-8.0077721922e-02
144	-8.3833349897e-01	-2.9253957577e-01	-5.4579392320e-01	6.6019665445e-02	0.0000000000e+00	-1.0167842387e+00	3.1656793428e-01	-8.0072853287e-02
145	-8.3834246639e-01	-2.9254452276e-01	-5.4579794363e-01	6.6016859283e-02	0.0000000000e+00	-1.0167951150e+00	3.1656677609e-01	-8.0069449796e-02
146	-8.3835082419e-01	-2.9254888421e-01	-5.4580193998e-01	6.6015154378e-02	0.0000000000e+00	-1.0168052518e+00	3.1656631970e-01	-8.0067381978e-02
147	-8.3835890858e-01	-2.9255280828e-01	-5.4580610030e-01	6.6014447867e-02	0.0000000000e+00	-1.0168150571e+00	3.1656661503e-01	-8.0066525077e-02
148	-8.3836696691e-01	-2.9255641315e-01	-5.4581055376e-01	6.6014626265e-02	0.0000000000e+00	-1.0168248307e+00	3.1656767576e-01	-8.0066741449e-02
149	-8.3837522719e-01	-2.9255981041e-01	-5.4581541678e-01	6.6015584406e-02	0.0000000000e+00	-1.0168348493e+00	3.1656950796e-01	-8.0067903544e-02
150	-8.3838387587e-01	-2.9256309690e-01	-5.4582077897e-01	6.6017217842e-02	0.0000000000e+00	-1.0168453390e+00	3.1657210258e-01	-8.0069884679e-02
151	-8.3839306161e-01	-2.9256635541e-01	-5.4582670620e-01	6.6019424925e-02	0.0000000000e+00	-1.0168564801e+00	3.1657543849e-01	-8.0072561570e-02
152	-8.3840291669e-01	-2.9256966085e-01	-5.4583325584e-01	6.6022111981e-02	0.0000000000e+00	-1.0168684329e+00	3.1657949373e-01	-8.0075820602e-02
153	-8.3841355045e-01	-2.9257307826e-01	-5.4584047220e-01	6.6025191133e-02	0.0000000000e+00	-1.0168813302e+00	3.1658424242e-01	-8.0079555193e-02
154	-8.3842506156e-01	-2.9257666603e-01	-5.4584839553e-01	6.6028584144e-02	0.0000000000e+00	-1.0168952916e+00	3.1658966187e-01	-8.0083670452e-02
155	-8.3843751357e-01	-2.9258047017e-01	-5.4585704340e-01	6.6032213209e-02	0.0000000000e+00	-1.0169103942e+00	3.1659571654e-01	-8.0088072014e-02
156	-8.3845096885e-01	-2.9258453398e-01	-5.4586643487e-01	6.6036011362e-02	0.0000000000e+00	-1.0169267137e+00	3.1660237611e-01	-8.0092678656e-02
157	-8.3846537241e-01	-2.9258886259e-01	-5.4587650982e-01	6.6039895946e-02	0.0000000000e+00	-1.0169441832e+00	3.1660955904e-01	-8.0097390127e-02
158	-8.3848077206e-01	-2.9259348971e-01	-5.4588728235e-01	6.6043820319e-02	0.0000000000e+00	-1.0169628609e+00	3.1661724081e-01	-8.0102149856e-02
159	-8.3849711964e-01	-2.9259841877e-01	-5.4589870088e-01	6.6047721636e-02	0.0000000000e+00	-1.0169826883e+00	3.1662535263e-01	-8.0106881622e-02
160	-8.3851434407e-01	-2.9260364331e-01	-5.4591070076e-01	6.6051543049e-02	0.0000000000e+00	-1.0170035792e+00	3.1663382181e-01	-8.0111516475e-02
161	-8.3853245826e-01	-2.9260918009e-01	-5.4592327817e-01	6.6055254490e-02	0.0000000000e+00	-1.0170255492e+00	3.1664262261e-01	-8.0116017947e-02
162	-8.3855135290e-01	-2.9261500701e-01	-5.4593634589e-01	6.6058804576e-02	0.0000000000e+00	-1.0170484658e+00	3.1665167360e-01	-8.0120323716e-02
163	-8.3857097662e-01	-2.9262111661e-01	-5.4594986001e-01	6.6062164698e-02	0.0000000000e+00	-1.0170722667e+00	3.1666092926e-01	-8.0124399086e-02
164	-8.3859128562e-01	-2.9262750206e-01	-5.4596378356e-01	6.6065313406e-02	0.0000000000e+00	-1.0170968988e+00	3.1667035187e-01	-8.0128218040e-02
165	-8.3861213818e-01	-2.9263412548e-01	-5.4597801270e-01	6.6068213240e-02	0.0000000000e+00	-1.0171221901e+00	3.1667985903e-01	-8.0131735143e-02
166	-8.3863351276e-01	-2.9264098272e-01	-5.4599253004e-01	6.6070861814e-02	0.0000000000e+00	-1.0171481145e+00	3.1668943416e-01	-8.0134947503e-02
167	-8.3865531350e-01	-2.9264804703e-01	-5.4600726647e-01	6.6073242483e-02	0.0000000000e+00	-1.0171745559e+00	3.1669902430e-01	-8.0137834930e-02
168	-8.3867744433e-01	-2.9265529038e-01	-5.4602215395e-01	6.6075342931e-02	0.0000000000e+00	-1.0172013975e+00	3.1670857945e-01	-8.0140382487e-02
169	-8.3869981587e-01	-2.9266268550e-01	-5.4603713038e-01	6.6077156227e-02	0.0000000000e+00	-1.0172285312e+00	3.1671805610e-01	-8.0142581767e-02
170	-8.3872233730e-01	-2.9267020365e-01	-5.4605213365e-01	6.6078678535e-02	0.0000000000e+00	-1.0172558466e+00	3.1672741249e-01	-8.0144428120e-02
171	-8.3874491588e-01	-2.9267781443e-01	-5.4606710145e-01	6.6079909157e-02	0.0000000000e+00	-1.0172832313e+00	3.1673660878e-01	-8.0145920697e-02
172	-8.3876746494e-01	-2.9268548826e-01	-5.4608197668e-01	6.6080850781e-02	0.0000000000e+00	-1.0173105803e+00	3.1674561053e-01	-8.0147062758e-02
173	-8.3878990624e-01	-2.9269319728e-01	-5.4609670896e-01	6.6081510126e-02	0.0000000000e+00	-1.0173377985e+00	3.1675438960e-01	-8.0147862454e-02
174	-8.3881216552e-01	-2.9270091417e-01	-5.4611125134e-01	6.6081896251e-02	0.0000000000e+00	-1.0173647960e+00	3.1676292146e-01	-8.0148330770e-02
175	-8.3883417216e-01	-2.9270861228e-01	-5.4612555987e-01	6.6082019984e-02	0.0000000000e+00	-1.0173914870e+00	3.1677118449e-01	-8.0148480842e-02
176	-8.3885586545e-01	-2.9271626779e-01	-5.4613959767e-01	6.6081894302e-02	0.0000000000e+00	-1.0174177980e+00	3.1677916235e-01	-8.0148328406e-02
177	-8.3887716222e-01	-2.9272384935e-01	-5.4615331287e-01	6.6081530159e-02	0.0000000000e+00	-1.0174436281e+00	3.1678682940e-01	-8.0147886751e-02
178	-8.3889802087e-01	-2.9273133865e-01	-5.4616668222e-01	6.6080944722e-02	0.0000000000e+00	-1.0174689268e+00	3.1679417946e-01	-8.0147176695e-02
179	-8.3891837999e-01	-2.9273871118e-01	-5.4617966882e-01	6.6080151742e-02	0.0000000000e+00	-1.0174936196e+00	3.1680119705e-01	-8.0146214919e-02
180	-8.3893818973e-01	-2.9274594578e-01	-5.4619224395e-01	6.6079167101e-02	0.0000000000e+00	-1.0175176462e+00	3.1680787271e-01	-8.0145020683e-02
181	-8.3895740678e-01	-2.9275302333e-01	-5.4620438345e-01	6.6078007139e-02	0.0000000000e+00	-1.0175409538e+00	3.1681420016e-01	-8.0143613808e-02
182	-8.3897599544e-01	-2.9275992699e-01	-5.4621606845e-01	6.6076689048e-02	0.0000000000e+00	-1.0175634993e+00	3.1682017683e-01	-8.0142015143e-02
183	-8.3899392654e-01	-2.9276664201e-01	-5.4622728453e-01	6.6075230342e-02	0.0000000000e+00	-1.0175852473e+00	3.1682580316e-01	-8.0140245932e-02
184	-8.3901117653e-01	-2.9277315551e-01	-5.4623802102e-01	6.6073648444e-02	0.0000000000e+00	-1.0176061692e+00	3.1683108188e-01	-8.0138327305e-02
185	-8.3902772699e-01	-2.9277945643e-01	-5.4624827057e-01	6.6071960481e-02	0.0000000000e+00	-1.0176262426e+00	3.1683601767e-01	-8.0136280036e-02
186	-8.3904356422e-01	-2.9278553541e-01	-5.4625802881e-01	6.6070183099e-02	0.0000000000e+00	-1.0176454510e+00	3.1684061675e-01	-8.0134124315e-02
187	-8.3905867839e-01	-2.9279138462e-01	-5.4626729377e-01	6.6068332290e-02	0.0000000000e+00	-1.0176637825e+00	3.1684488643e-01	-8.0131879535e-02
188	-8.3907306329e-01	-2.9279699772e-01	-5.4627606556e-01	6.6066423167e-02	0.0000000000e+00	-1.0176812294e+00	3.1684883480e-01	-8.0129564029e-02
189	-8.3908671771e-01	-2.9280237020e-01	-5.4628434751e-01	6.6064470386e-02	0.0000000000e+00	-1.0176977903e+00	3.1685247163e-01	-8.0127195572e-02
190	-8.3909964373e-01	-2.9280749891e-01	-5.4629214482e-01	6.6062487699e-02	0.0000000000e+00	-1.0177134678e+00	3.1685580738e-01	-8.0124790842e-02
191	-8.3911184933e-01	-2.9281238281e-01	-5.4629946652e-01	6.6060488531e-02	0.0000000000e+00	-1.0177282716e+00	3.1685885463e-01	-8.0122366125e-02
192	-8.3912336392e-01	-2.9281702629e-01	-5.4630633763e-01	6.6058486652e-02	0.0000000000e+00	-1.0177422372e+00	3.1686163917e-01	-8.0119938118e-02
193	-8.3913415906e-01	-2.9282142087e-01	-5.4631273819e-01	6.6056489643e-02	0.0000000000e+00	-1.0177553302e+00	3.1686414664e-01	-8.0117516019e-02
194	-8.3914426982e-01	-2.9282557366e-01	-5.4631869615e-01	6.6054510385e-02	0.0000000000e+00	-1.0177675932e+00	3.1686640311e-01	-8.0115115449e-02
195	-8.3915372835e-01	-2.9282949234e-01	-5.4632423601e-01	6.6052558650e-02	0.0000000000e+00	-1.0177790651e+00	3.1686842960e-01	-8.0112748260e-02
196	-8.3916255064e-01	-2.9283317945e-01	-5.4632937119e-01	6.6050643761e-02	0.0000000000e+00	-1.0177897653e+00	3.1687023968e-01	-8.0110425761e-02
197	-8.3917075955e-01	-2.9283664028e-01	-5.4633411927e-01	6.6048774481e-02	0.0000000000e+00	-1.0177997216e+00	3.1687184874e-01	-8.0108158579e-02
198	-8.3917837827e-01	-2.9283988115e-01	-5.4633849712e-01	6.6046956692e-02	0.0000000000e+00	-1.0178089621e+00	3.1687326997e-01	-8.0105953849e-02
199	-8.3918543319e-01	-2.9284290966e-01	-5.4634252354e-01	6.6045195137e-02	0.0000000000e+00	-1.0178175188e+00	3.1687451735e-01	-8.0103817323e-02
200	-8.3919194840e-01	-2.9284573241e-01	-5.4634621599e-01	6.6043495976e-02	0.0000000000e+00	-1.0178254208e+00	3.1687560448e-01	-8.0101756472e-02
201	-8.3919795242e-01	-2.9284835793e-01	-5.4634959449e-01	6.6041863410e-02	0.0000000000e+00	-1.0178327029e+00	3.1687654571e-01	-8.0099776393e-02
202	-8.3920347209e-01	-2.9285079439e-01	-5.4635267770e-01	6.6040300799e-02	0.0000000000e+00	-1.0178393975e+00	3.1687735415e-01	-8.0097881158e-02
203	-8.3920853540e-01	-2.9285305048e-01	-5.4635548492e-01	6.6038811143e-02	0.0000000000e+00	-1.0178455386e+00	3.1687804304e-01	-8.0096074409e-02
204	-8.3921316970e-01	-2.9285513494e-01	-5.4635803476e-01	6.6037396593e-02	0.0000000000e+00	-1.0178511594e+00	3.1687862478e-01	-8.0094358752e-02
205	-8.3921740192e-01	-2.9285705651e-01	-5.4636034540e-01	6.6036058689e-02	0.0000000000e+00	-1.0178562925e+00	3.1687911111e-01	-8.0092736057e-02
206	-8.3922125906e-01	-2.9285882417e-01	-5.4636243489e-01	6.6034798411e-02	0.0000000000e+00	-1.0178609707e+00	3.1687951340e-01	-8.0091207512e-02
207	-8.3922476605e-01	-2.9286044639e-01	-5.4636431965e-01	6.6033615910e-02	0.0000000000e+00	-1.0178652242e+00	3.1687984157e-01	-8.0089773299e-02
208	-8.3922794772e-01	-2.9286193177e-01	-5.4636601595e-01	6.6032510961e-02	0.0000000000e+00	-1.0178690831e+00	3.1688010523e-01	-8.0088433146e-02
209	-8.3923082834e-01	-2.9286328881e-01	-5.4636753953e-01	6.6031482925e-02	0.0000000000e+00	-1.0178725769e+00	3.1688031340e-01	-8.0087186279e-02
210	-8.3923343108e-01	-2.9286452583e-01	-5.4636890524e-01	6.6030530564e-02	0.0000000000e+00	-1.0178757337e+00	3.1688047426e-01	-8.0086031195e-02
211	-8.3923577875e-01	-2.9286565104e-01	-5.4637012771e-01	6.6029652832e-02	0.0000000000e+00	-1.0178785811e+00	3.1688059584e-01	-8.0084966625e-02
212	-8.3923789294e-01	-2.9286667240e-01	-5.4637122054e-01	6.6028847691e-02	0.0000000000e+00	-1.0178811453e+00	3.1688068517e-01	-8.0083990100e-02
213	-8.3923979430e-01	-2.9286759763e-01	-5.4637219667e-01	6.6028113126e-02	0.0000000000e+00	-1.0178834514e+00	3.1688074879e-01	-8.0083099173e-02
214	-8.3924150281e-01	-2.9286843428e-01	-5.4637306853e-01	6.6027446901e-02	0.0000000000e+00	-1.0178855236e+00	3.1688079280e-01	-8.0082291133e-02
215	-8.3924303731e-01	-2.9286918960e-01	-5.4637384771e-01	6.6026846491e-02	0.0000000000e+00	-1.0178873847e+00	3.1688082265e-01	-8.0081562917e-02
216	-8.3924441564e-01	-2.9286987053e-01	-5.4637454511e-01	6.6026309181e-02	0.0000000000e+00	-1.0178890564e+00	3.1688084323e-01	-8.0080911234e-02
217	-8.3924565446e-01	-2.9287048370e-01	-5.4637517076e-01	6.6025832059e-02	0.0000000000e+00	-1.0178905590e+00	3.1688085882e-01	-8.0080332550e-02
218	-8.3924676940e-01	-2.9287103543e-01	-5.4637573397e-01	6.6025412062e-02	0.0000000000e+00	-1.0178919112e+00	3.1688087316e-01	-8.0079823151e-02
219	-8.3924777509e-01	-2.9287153173e-01	-5.4637624335e-01	6.6025046028e-02	0.0000000000e+00	-1.0178931310e+00	3.1688088952e-01	-8.0079379200e-02
220	-8.3924868508e-01	-2.9287197830e-01	-5.4637670678e-01	6.6024730635e-02	0.0000000000e+00	-1.0178942347e+00	3.1688091060e-01	-8.0078996672e-02
221	-8.3924951209e-01	-2.9287238043e-01	-5.4637713165e-01	6.6024462798e-02	0.0000000000e+00	-1.0178952377e+00	3.1688093903e-01	-8.0078671822e-02
222	-8.3925026805e-01	-2.9287274333e-01	-5.4637752472e-01	6.6024239103e-02	0.0000000000e+00	-1.0178961546e+00	3.1688097675e-01	-8.0078400511e-02
223	-8.3925096360e-01	-2.9287307165e-01	-5.4637789195e-01	6.6024056247e-02	0.0000000000e+00	-1.0178969982e+00	3.1688102537e-01	-8.0078178731e-02
224	-8.3925160871e-01	-2.9287336982e-01	-5.4637823889e-01	6.6023911040e-02	0.0000000000e+00	-1.0178977806e+00	3.1688108634e-01	-8.0078002615e-02
225	-8.3925221290e-01	-2.9287364213e-01	-5.4637857077e-01	6.6023800289e-02	0.0000000000e+00	-1.0178985134e+00	3.1688116080e-01	-8.0077868289e-02
226	-8.3925278382e-01	-2.9287389218e-01	-5.4637889164e-01	6.6023720803e-02	0.0000000000e+00	-1.0178992059e+00	3.1688124932e-01	-8.0077771884e-02
227	-8.3925332916e-01	-2.9287412357e-01	-5.4637920559e-01	6.6023669591e-02	0.0000000000e+00	-1.0178998673e+00	3.1688135253e-01	-8.0077709770e-02
228	-8.3925385517e-01	-2.9287433937e-01	-5.4637951579e-01	6.6023643634e-02	0.0000000000e+00	-1.0179005053e+00	3.1688147053e-01	-8.0077678289e-02
229	-8.3925436786e-01	-2.9287454256e-01	-5.4637982530e-01	6.6023640127e-02	0.0000000000e+00	-1.0179011271e+00	3.1688160342e-01	-8.0077674035e-02
230	-8.3925487209e-01	-2.9287473568e-01	-5.4638013641e-01	6.6023656289e-02	0.0000000000e+00	-1.0179017387e+00	3.1688175092e-01	-8.0077693637e-02
231	-8.3925537226e-01	-2.9287492106e-01	-5.4638045120e-01	6.6023689521e-02	0.0000000000e+00	-1.0179023453e+00	3.1688191267e-01	-8.0077733943e-02
232	-8.3925587159e-01	-2.9287510061e-01	-5.4638077098e-01	6.6023737251e-02	0.0000000000e+00	-1.0179029509e+00	3.1688208796e-01	-8.0077791832e-02
233	-8.3925637480e-01	-2.9287527664e-01	-5.4638109816e-01	6.6023797519e-02	0.0000000000e+00	-1.0179035613e+00	3.1688227689e-01	-8.0077864929e-02
234	-8.3925688300e-01	-2.9287545030e-01	-5.4638143270e-01	6.6023867732e-02	0.0000000000e+00	-1.0179041776e+00	3.1688247800e-01	-8.0077950088e-02
235	-8.3925739882e-01	-2.9287562311e-01	-5.4638177571e-01	6.6023946013e-02	0.0000000000e+00	-1.0179048033e+00	3.1688269074e-01	-8.0078045032e-02
236	-8.3925792387e-01	-2.9287579624e-01	-5.4638212763e-01	6.6024030474e-02	0.0000000000e+00	-1.0179054401e+00	3.1688291424e-01	-8.0078147472e-02
237	-8.3925845932e-01	-2.9287597066e-01	-5.4638248866e-01	6.6024119352e-02	0.0000000000e+00	-1.0179060895e+00	3.1688314751e-01	-8.0078255269e-02
238	-8.3925900593e-01	-2.9287614715e-01	-5.4638285878e-01	6.6024211037e-02	0.0000000000e+00	-1.0179067525e+00	3.1688338954e-01	-8.0078366471e-02
239	-8.3925956409e-01	-2.9287632634e-01	-5.4638323775e-01	6.6024304061e-02	0.0000000000e+00	-1.0179074294e+00	3.1688363927e-01	-8.0078479296e-02
240	-8.3926013388e-01	-2.9287650869e-01	-5.4638362519e-01	6.6024397086e-02	0.0000000000e+00	-1.0179081205e+00	3.1688389563e-01	-8.0078592123e-02
241	-8.3926071507e-01	-2.9287669453e-01	-5.4638402054e-01	6.6024488912e-02	0.0000000000e+00	-1.0179088254e+00	3.1688415752e-01	-8.0078703495e-02
242	-8.3926130718e-01	-2.9287688405e-01	-5.4638442313e-01	6.6024578470e-02	0.0000000000e+00	-1.0179095436e+00	3.1688442385e-01	-8.0078812116e-02
243	-8.3926190954e-01	-2.9287707733e-01	-5.4638483220e-01	6.6024664829e-02	0.0000000000e+00	-1.0179102741e+00	3.1688469359e-01	-8.0078916858e-02
244	-8.3926252182e-01	-2.9287727454e-01	-5.4638524728e-01	6.6024747281e-02	0.0000000000e+00	-1.0179110168e+00	3.1688496592e-01	-8.0079016861e-02
245	-8.3926314151e-01	-2.9287747511e-01	-5.4638566640e-01	6.6024824793e-02	0.0000000000e+00	-1.0179117684e+00	3.1688523911e-01	-8.0079110873e-02
246	-8.3926376882e-01	-2.9287767926e-01	-5.4638608956e-01	6.6024897132e-02	0.0000000000e+00	-1.0179125292e+00	3.1688551288e-01	-8.0079198611e-02
247	-8.3926440203e-01	-2.9287788660e-01	-5.4638651543e-01	6.6024963679e-02	0.0000000000e+00	-1.0179132972e+00	3.1688578604e-01	-8.0079279322e-02
248	-8.3926503978e-01	-2.9287809681e-01	-5.4638694296e-01	6.6025024052e-02	0.0000000000e+00	-1.0179140707e+00	3.1688605768e-01	-8.0079352547e-02
249	-8.3926568058e-01	-2.9287830952e-01	-5.4638737106e-01	6.6025077946e-02	0.0000000000e+00	-1.0179148479e+00	3.1688632693e-01	-8.0079417913e-02
250	-8.3926632294e-01	-2.9287852429e-01	-5.4638779865e-01	6.6025125146e-02	0.0000000000e+00	-1.0179156270e+00	3.1688659294e-01	-8.0079475160e-02
251	-8.3926696534e-01	-2.9287874068e-01	-5.4638822466e-01	6.6025165523e-02	0.0000000000e+00	-1.0179164061e+00	3.1688685497e-01	-8.0079524132e-02
252	-8.3926760626e-01	-2.9287895821e-01	-5.4638864805e-01	6.6025199015e-02	0.0000000000e+00	-1.0179171835e+00	3.1688711230e-01	-8.0079564753e-02
253	-8.3926824420e-01	-2.9287917639e-01	-5.4638906781e-01	6.6025225633e-02	0.0000000000e+00	-1.0179179572e+00	3.1688736428e-01	-8.0079597037e-02
254	-8.3926887766e-01	-2.9287939470e-01	-5.4638948296e-01	6.6025245447e-02	0.0000000000e+00	-1.0179187255e+00	3.1688761033e-01	-8.0079621069e-02
255	-8.3926950523e-01	-2.9287961265e-01	-5.4638989258e-01	6.6025258586e-02	0.0000000000e+00	-1.0179194867e+00	3.1688784991e-01	-8.0079637004e-02
256	-8.3927012571e-01	-2.9287982979e-01	-5.4639029592e-01	6.6025265248e-02	0.0000000000e+00	-1.0179202392e+00	3.1688808267e-01	-8.0079645085e-02
257	-8.3927073715e-01	-2.9288004542e-01	-5.4639069173e-01	6.6025265564e-02	0.0000000000e+00	-1.0179209808e+00	3.1688830789e-01	-8.0079645468e-02
258	-8.3927133890e-01	-2.9288025925e-01	-5.4639107965e-01	6.6025259892e-02	0.0000000000e+00	-1.0179217107e+00	3.1688852551e-01	-8.0079638588e-02
259	-8.3927192958e-01	-2.9288047073e-01	-5.4639145885e-01	6.6025248475e-02	0.0000000000e+00	-1.0179224271e+00	3.1688873514e-01	-8.0079624741e-02
260	-8.3927250808e-01	-2.9288067942e-01	-5.4639182866e-01	6.6025231630e-02	0.0000000000e+00	-1.0179231287e+00	3.1688893654e-01	-8.0079604310e-02
261	-8.3927307336e-01	-2.9288088488e-01	-5.4639218848e-01	6.6025209688e-02	0.0000000000e+00	-1.0179238143e+00	3.1688912951e-01	-8.0079577698e-02
262	-8.3927362452e-01	-2.9288108669e-01	-5.4639253783e-01	6.6025183007e-02	0.0000000000e+00	-1.0179244828e+00	3.1688931392e-01	-8.0079545338e-02
263	-8.3927416072e-01	-2.9288128448e-01	-5.4639287624e-01	6.6025151955e-02	0.0000000000e+00	-1.0179251332e+00	3.1688948969e-01	-8.0079507675e-02
264	-8.3927468123e-01	-2.9288147790e-01	-5.4639320333e-01	6.6025116906e-02	0.0000000000e+00	-1.0179257645e+00	3.1688965678e-01	-8.0079465167e-02
265	-8.3927518541e-01	-2.9288166663e-01	-5.4639351878e-01	6.6025078245e-02	0.0000000000e+00	-1.0179263760e+00	3.1688981519e-01	-8.0079418275e-02
266	-8.3927567270e-01	-2.9288185036e-01	-5.4639382234e-01	6.6025036354e-02	0.0000000000e+00	-1.0179269670e+00	3.1688996497e-01	-8.0079367468e-02
267	-8.3927614264e-01	-2.9288202884e-01	-5.4639411380e-01	6.6024991618e-02	0.0000000000e+00	-1.0179275370e+00	3.1689010620e-01	-8.0079313208e-02
268	-8.3927659488e-01	-2.9288220184e-01	-5.4639439303e-01	6.6024944413e-02	0.0000000000e+00	-1.0179280855e+00	3.1689023899e-01	-8.0079255956e-02
269	-8.3927702911e-01	-2.9288236916e-01	-5.4639465995e-01	6.6024895113e-02	0.0000000000e+00	-1.0179286121e+00	3.1689036348e-01	-8.0079196161e-02
270	-8.3927744515e-01	-2.9288253063e-01	-5.4639491452e-01	6.6024844081e-02	0.0000000000e+00	-1.0179291167e+00	3.1689047987e-01	-8.0079134267e-02
271	-8.3927784288e-01	-2.9288268611e-01	-5.4639515677e-01	6.6024791671e-02	0.0000000000e+00	-1.0179295991e+00	3.1689058834e-01	-8.0079070700e-02
272	-8.3927822228e-01	-2.9288283549e-01	-5.4639538679e-01	6.6024738222e-02	0.0000000000e+00	-1.0179300593e+00	3.1689068912e-01	-8.0079005874e-02
273	-8.3927858338e-01	-2.9288297871e-01	-5.4639560468e-01	6.6024684064e-02	0.0000000000e+00	-1.0179304972e+00	3.1689078246e-01	-8.0078940188e-02
274	-8.3927892632e-01	-2.9288311570e-01	-5.4639581061e-01	6.6024629506e-02	0.0000000000e+00	-1.0179309132e+00	3.1689086864e-01	-8.0078874017e-02
275	-8.3927925123e-01	-2.9288324645e-01	-5.4639600478e-01	6.6024574857e-02	0.0000000000e+00	-1.0179313072e+00	3.1689094791e-01	-8.0078807735e-02
276	-8.3927955848e-01	-2.9288337100e-01	-5.4639618748e-01	6.6024520361e-02	0.0000000000e+00	-1.0179316799e+00	3.1689102061e-01	-8.0078741639e-02
277	-8.3927984825e-01	-2.9288348933e-01	-5.4639635892e-01	6.6024466299e-02	0.0000000000e+00	-1.0179320314e+00	3.1689108699e-01	-8.0078676069e-02
278	-8.3928012094e-01	-2.9288360151e-01	-5.4639651943e-01	6.6024412910e-02	0.0000000000e+00	-1.0179323621e+00	3.1689114739e-01	-8.0078611315e-02
279	-8.3928037695e-01	-2.9288370763e-01	-5.4639666932e-01	6.6024360398e-02	0.0000000000e+00	-1.0179326726e+00	3.1689120211e-01	-8.0078547625e-02
280	-8.3928061675e-01	-2.9288380778e-01	-5.4639680897e-01	6.6024308999e-02	0.0000000000e+00	-1.0179329634e+00	3.1689125149e-01	-8.0078485285e-02
281	-8.3928084081e-01	-2.9288390207e-01	-5.4639693874e-01	6.6024258874e-02	0.0000000000e+00	-1.0179332352e+00	3.1689129584e-01	-8.0078424490e-02
282	-8.3928104971e-01	-2.9288399066e-01	-5.4639705905e-01	6.6024210159e-02	0.0000000000e+00	-1.0179334886e+00	3.1689133549e-01	-8.0078365405e-02
283	-8.3928124393e-01	-2.9288407367e-01	-5.4639717026e-01	6.6024163022e-02	0.0000000000e+00	-1.0179337241e+00	3.1689137073e-01	-8.0078308235e-02
284	-8.3928142408e-01	-2.9288415128e-01	-5.4639727280e-01	6.6024117587e-02	0.0000000000e+00	-1.0179339426e+00	3.1689140190e-01	-8.0078253128e-02
285	-8.3928159077e-01	-2.9288422366e-01	-5.4639736710e-01	6.6024073953e-02	0.0000000000e+00	-1.0179341448e+00	3.1689142930e-01	-8.0078200206e-02
286	-8.3928174459e-01	-2.9288429100e-01	-5.4639745359e-01	6.6024032209e-02	0.0000000000e+00	-1.0179343314e+00	3.1689145323e-01	-8.0078149577e-02
287	-8.3928188620e-01	-2.9288435350e-01	-5.4639753270e-01	6.6023992426e-02	0.0000000000e+00	-1.0179345031e+00	3.1689147400e-01	-8.0078101325e-02
288	-8.3928201621e-01	-2.9288441136e-01	-5.4639760485e-01	6.6023954655e-02	0.0000000000e+00	-1.0179346608e+00	3.1689149187e-01	-8.0078055514e-02
289	-8.3928213527e-01	-2.9288446478e-01	-5.4639767049e-01	6.6023918935e-02	0.0000000000e+00	-1.0179348052e+00	3.1689150714e-01	-8.0078012191e-02
290	-8.3928224401e-01	-2.9288451398e-01	-5.4639773003e-01	6.6023885291e-02	0.0000000000e+00	-1.0179349371e+00	3.1689152006e-01	-8.0077971385e-02
291	-8.3928234307e-01	-2.9288455918e-01	-5.4639778389e-01	6.6023853730e-02	0.0000000000e+00	-1.0179350572e+00	3.1689153089e-01	-8.0077933105e-02
292	-8.3928243308e-01	-2.9288460059e-01	-5.4639783249e-01	6.6023824249e-02	0.0000000000e+00	-1.0179351664e+00	3.1689153987e-01	-8.0077897349e-02
293	-8.3928251466e-01	-2.9288463844e-01	-5.4639787622e-01	6.6023796829e-02	0.0000000000e+00	-1.0179352653e+00	3.1689154722e-01	-8.0077864092e-02
294	-8.3928258845e-01	-2.9288467295e-01	-5.4639791550e-01	6.6023771459e-02	0.0000000000e+00	-1.0179353548e+00	3.1689155319e-01	-8.0077833323e-02
295	-8.3928265503e-01	-2.9288470433e-01	-5.4639795070e-01	6.6023748090e-02	0.0000000000e+00	-1.0179354356e+00	3.1689155796e-01	-8.0077804979e-02
296	-8.3928271497e-01	-2.9288473279e-01	-5.4639798217e-01	6.6023726678e-02	0.0000000000e+00	-1.0179355083e+00	3.1689156173e-01	-8.0077779008e-02
297	-8.3928276883e-01	-2.9288475855e-01	-5.4639801028e-01	6.6023707168e-02	0.0000000000e+00	-1.0179355736e+00	3.1689156466e-01	-8.0077755345e-02
298	-8.3928281715e-01	-2.9288478180e-01	-5.4639803535e-01	6.6023689499e-02	0.0000000000e+00	-1.0179356322e+00	3.1689156693e-01	-8.0077733916e-02
299	-8.3928286045e-01	-2.9288480275e-01	-5.4639805770e-01	6.6023673603e-02	0.0000000000e+00	-1.0179356847e+00	3.1689156868e-01	-8.0077714637e-02
300	-8.3928289923e-01	-2.9288482159e-01	-5.4639807764e-01	6.6023659409e-02	0.0000000000e+00	-1.0179357318e+00	3.1689157006e-01	-8.0077697421e-02
301	-8.3928293396e-01	-2.9288483851e-01	-5.4639809545e-01	6.6023646838e-02	0.0000000000e+00	-1.0179357739e+00	3.1689157118e-01	-8.0077682174e-02
302	-8.3928296509e-01	-2.9288485368e-01	-5.4639811141e-01	6.6023635813e-02	0.0000000000e+00	-1.0179358117e+00	3.1689157216e-01	-8.0077668802e-02
303	-8.3928299306e-01	-2.9288486728e-01	-5.4639812577e-01	6.6023626246e-02	0.0000000000e+00	-1.0179358456e+00	3.1689157311e-01	-8.0077657199e-02
304	-8.3928301824e-01	-2.9288487947e-01	-5.4639813877e-01	6.6023618052e-02	0.0000000000e+00	-1.0179358761e+00	3.1689157412e-01	-8.0077647261e-02
305	-8.3928304103e-01	-2.9288489041e-01	-5.4639815062e-01	6.6023611144e-02	0.0000000000e+00	-1.0179359038e+00	3.1689157525e-01	-8.0077638882e-02
306	-8.3928306176e-01	-2.9288490025e-01	-5.4639816152e-01	6.6023605433e-02	0.0000000000e+00	-1.0179359289e+00	3.1689157659e-01	-8.0077631955e-02
307	-8.3928308076e-01	-2.9288490911e-01	-5.4639817165e-01	6.6023600830e-02	0.0000000000e+00	-1.0179359520e+00	3.1689157818e-01	-8.0077626373e-02
308	-8.3928309833e-01	-2.9288491714e-01	-5.4639818119e-01	6.6023597248e-02	0.0000000000e+00	-1.0179359733e+00	3.1689158007e-01	-8.0077622028e-02
309	-8.3928311472e-01	-2.9288492444e-01	-5.4639819028e-01	6.6023594598e-02	0.0000000000e+00	-1.0179359931e+00	3.1689158231e-01	-8.0077618814e-02
310	-8.3928313019e-01	-2.9288493113e-01	-5.4639819906e-01	6.6023592795e-02	0.0000000000e+00	-1.0179360119e+00	3.1689158491e-01	-8.0077616627e-02
311	-8.3928314496e-01	-2.9288493732e-01	-5.4639820764e-01	6.6023591755e-02	0.0000000000e+00	-1.0179360298e+00	3.1689158791e-01	-8.0077615366e-02
312	-8.3928315922e-01	-2.9288494309e-01	-5.4639821613e-01	6.6023591395e-02	0.0000000000e+00	-1.0179360471e+00	3.1689159130e-01	-8.0077614929e-02
313	-8.3928317315e-01	-2.9288494853e-01	-5.4639822462e-01	6.6023591642e-02	0.0000000000e+00	-1.0179360640e+00	3.1689159512e-01	-8.0077615229e-02
314	-8.3928318691e-01	-2.9288495372e-01	-5.4639823319e-01	6.6023592414e-02	0.0000000000e+00	-1.0179360807e+00	3.1689159934e-01	-8.0077616165e-02
315	-8.3928320062e-01	-2.9288495872e-01	-5.4639824190e-01	6.6023593642e-02	0.0000000000e+00	-1.0179360973e+00	3.1689160397e-01	-8.0077617654e-02
316	-8.3928321439e-01	-2.9288496359e-01	-5.4639825079e-01	6.6023595256e-02	0.0000000000e+00	-1.0179361140e+00	3.1689160900e-01	-8.0077619612e-02
317	-8.3928322832e-01	-2.9288496840e-01	-5.4639825992e-01	6.6023597191e-02	0.0000000000e+00	-1.0179361309e+00	3.1689161441e-01	-8.0077621959e-02
318	-8.3928324250e-01	-2.9288497317e-01	-5.4639826932e-01	6.6023599387e-02	0.0000000000e+00	-1.0179361481e+00	3.1689162018e-01	-8.0077624622e-02
319	-8.3928325697e-01	-2.9288497796e-01	-5.4639827900e-01	6.6023601786e-02	0.0000000000e+00	-1.0179361657e+00	3.1689162630e-01	-8.0077627532e-02
320	-8.3928327178e-01	-2.9288498280e-01	-5.4639828898e-01	6.6023604335e-02	0.0000000000e+00	-1.0179361836e+00	3.1689163273e-01	-8.0077630623e-02
321	-8.3928328697e-01	-2.9288498770e-01	-5.4639829927e-01	6.6023606985e-02	0.0000000000e+00	-1.0179362021e+00	3.1689163945e-01	-8.0077633837e-02
322	-8.3928330256e-01	-2.9288499270e-01	-5.4639830985e-01	6.6023609690e-02	0.0000000000e+00	-1.0179362210e+00	3.1689164644e-01	-8.0077637119e-02
323	-8.3928331855e-01	-2.9288499781e-01	-5.4639832073e-01	6.6023612410e-02	0.0000000000e+00	-1.0179362403e+00	3.1689165365e-01	-8.0077640418e-02
324	-8.3928333494e-01	-2.9288500304e-01	-5.4639833190e-01	6.6023615108e-02	0.0000000000e+00	-1.0179362602e+00	3.1689166107e-01	-8.0077643690e-02
325	-8.3928335172e-01	-2.9288500840e-01	-5.4639834332e-01	6.6023617750e-02	0.0000000000e+00	-1.0179362806e+00	3.1689166865e-01	-8.0077646894e-02
326	-8.3928336889e-01	-2.9288501389e-01	-5.4639835499e-01	6.6023620309e-02	0.0000000000e+00	-1.0179363014e+00	3.1689167637e-01	-8.0077649998e-02
327	-8.3928338637e-01	-2.9288501951e-01	-5.4639836686e-01	6.6023622751e-02	0.0000000000e+00	-1.0179363226e+00	3.1689168418e-01	-8.0077652959e-02
328	-8.3928340417e-01	-2.9288502526e-01	-5.4639837892e-01	6.6023625063e-02	0.0000000000e+00	-1.0179363442e+00	3.1689169207e-01	-8.0077655764e-02
329	-8.3928342226e-01	-2.9288503113e-01	-5.4639839113e-01	6.6023627222e-02	0.0000000000e+00	-1.0179363661e+00	3.1689170000e-01	-8.0077658383e-02
330	-8.3928344055e-01	-2.9288503711e-01	-5.4639840345e-01	6.6023629210e-02	0.0000000000e+00	-1.0179363883e+00	3.1689170792e-01	-8.0077660794e-02
331	-8.3928345908e-01	-2.9288504320e-01	-5.4639841588e-01	6.6023631026e-02	0.0000000000e+00	-1.0179364108e+00	3.1689171585e-01	-8.0077662996e-02
332	-8.3928347773e-01	-2.9288504938e-01	-5.4639842835e-01	6.6023632646e-02	0.0000000000e+00	-1.0179364334e+00	3.1689172372e-01	-8.0077664962e-02
