# y+ ()          
# Time           	patch            	min              	max              	average          
1                	Bottom	4.1154283784e+01	2.6460857587e+02	1.6131836422e+02
1                	Top	3.6053135996e+01	2.3791341485e+02	1.3471310934e+02
1                	e423_0	7.3056630495e+01	5.9153989186e+02	4.4018263016e+02
2                	Bottom	4.7451501342e+01	2.5904242749e+02	1.4973791996e+02
2                	Top	1.9793451790e+01	1.8277090368e+02	1.0695680403e+02
2                	e423_0	1.0460687045e+01	6.2105363198e+02	4.2812028835e+02
3                	Bottom	4.7444382934e+01	2.4662524249e+02	1.3004186371e+02
3                	Top	1.9587243276e+01	1.4517898378e+02	8.3115982657e+01
3                	e423_0	4.5804109177e+01	6.0989775328e+02	4.2383474983e+02
4                	Bottom	3.8422087016e+01	2.3858896590e+02	1.0934419828e+02
4                	Top	3.5477337728e+01	1.1990531756e+02	6.3749302548e+01
4                	e423_0	3.7868507148e+01	6.0992563453e+02	4.1740390461e+02
5                	Bottom	3.5775384475e+01	2.3032624638e+02	8.8217796828e+01
5                	Top	1.1343106565e+01	1.3760784340e+02	6.0178753167e+01
5                	e423_0	3.3528162835e+01	6.1041359796e+02	4.1022068366e+02
6                	Bottom	1.6901615539e+01	2.1965554067e+02	7.7803653334e+01
6                	Top	1.2987537370e+01	1.7483006889e+02	7.2301393625e+01
6                	e423_0	2.8804398384e+01	6.1482742027e+02	4.0320148239e+02
7                	Bottom	1.4346455321e+01	2.0601075714e+02	8.0110408117e+01
7                	Top	3.9329222853e+01	2.0650815458e+02	8.2288166232e+01
7                	e423_0	2.7114362010e+01	6.1923265753e+02	3.9641142252e+02
8                	Bottom	4.2872736206e+01	1.8651106437e+02	8.4880604307e+01
8                	Top	3.5652104966e+01	2.3118116986e+02	8.5623317224e+01
8                	e423_0	2.6697970720e+01	6.2147688240e+02	3.8975986530e+02
9                	Bottom	4.2406217553e+01	1.5873184435e+02	8.3824593664e+01
9                	Top	1.8816634445e+01	2.4739232159e+02	8.5578277308e+01
9                	e423_0	2.7102642821e+01	6.2369286046e+02	3.8318249812e+02
10               	Bottom	8.4690208092e+00	1.1799604726e+02	7.5319212466e+01
10               	Top	2.2886898318e+01	2.5530316581e+02	8.9042385231e+01
10               	e423_0	2.7428606033e+01	6.2562263899e+02	3.7671248931e+02
11               	Bottom	3.0725796057e+01	1.0879315465e+02	7.3816774337e+01
11               	Top	1.9635313497e+01	2.5222982993e+02	9.5499807982e+01
11               	e423_0	2.7424511294e+01	6.2725791481e+02	3.7030882114e+02
12               	Bottom	1.3401918272e+01	1.5188920068e+02	7.6508241740e+01
12               	Top	4.5185943569e+01	2.5138364220e+02	1.0032091592e+02
12               	e423_0	2.7093459934e+01	6.2860346936e+02	3.6403185514e+02
13               	Bottom	3.2604659587e+01	1.7844042649e+02	7.8761775888e+01
13               	Top	3.2650986693e+01	2.5141221441e+02	1.0115187466e+02
13               	e423_0	2.6550952982e+01	6.2969362156e+02	3.5797776224e+02
14               	Bottom	1.4870073241e+01	1.9501362682e+02	7.9028513965e+01
14               	Top	2.4312750024e+01	2.4872552660e+02	1.0093707010e+02
14               	e423_0	2.5898951052e+01	6.3056711279e+02	3.5216276192e+02
15               	Bottom	2.1282791369e+01	2.0443694206e+02	7.9656626801e+01
15               	Top	4.0313874100e+01	2.4365178583e+02	1.0096473350e+02
15               	e423_0	2.5232868088e+01	6.3126889633e+02	3.4671671082e+02
16               	Bottom	2.0407961904e+01	2.0628236971e+02	7.9543989268e+01
16               	Top	3.4666570094e+01	2.3764717207e+02	9.9926618700e+01
16               	e423_0	2.4703745535e+01	6.3188284824e+02	3.4164469353e+02
17               	Bottom	1.3327944481e+01	2.0341470565e+02	7.8814086331e+01
17               	Top	2.3835508046e+01	2.3164998481e+02	9.8334302270e+01
17               	e423_0	2.4675675237e+01	6.3247207181e+02	3.3698270761e+02
18               	Bottom	8.5335547076e+00	2.0129318957e+02	7.7872740256e+01
18               	Top	1.1229967816e+01	2.2401083121e+02	9.6372933310e+01
18               	e423_0	2.4738132911e+01	6.3308067781e+02	3.3270521273e+02
19               	Bottom	5.3135127058e+00	1.9725845174e+02	7.6755329013e+01
19               	Top	1.5911765555e+01	2.1511729707e+02	9.5338475529e+01
19               	e423_0	2.4708242203e+01	6.3374106065e+02	3.2878046270e+02
20               	Bottom	8.6594160032e+00	1.8905224604e+02	7.5750168478e+01
20               	Top	2.5230570916e+01	2.0585869498e+02	9.4747047138e+01
20               	e423_0	2.4580528119e+01	6.3447031727e+02	3.2527654570e+02
21               	Bottom	6.5257780780e+00	1.7803150242e+02	7.4228893796e+01
21               	Top	3.2401779313e+01	1.9662975700e+02	9.4203527360e+01
21               	e423_0	2.4364261813e+01	6.3525944013e+02	3.2222196060e+02
22               	Bottom	4.6533546173e+00	1.6647984244e+02	7.2581557726e+01
22               	Top	3.1493293324e+01	1.8730912847e+02	9.3688927110e+01
22               	e423_0	2.4082659287e+01	6.3609170090e+02	3.1957404362e+02
23               	Bottom	8.6010300827e+00	1.5436286691e+02	7.1286290771e+01
23               	Top	2.3890696737e+01	1.7841480011e+02	9.3042729690e+01
23               	e423_0	2.3757551908e+01	6.3694837859e+02	3.1749352857e+02
24               	Bottom	9.4035723070e+00	1.4174241140e+02	6.9850035154e+01
24               	Top	1.1272745748e+01	1.6965219120e+02	9.1972054516e+01
24               	e423_0	2.3420275038e+01	6.3780131920e+02	3.1594846468e+02
25               	Bottom	7.2555872905e+00	1.2797466539e+02	6.8356381415e+01
25               	Top	1.7541215189e+01	1.6063372389e+02	9.1726173651e+01
25               	e423_0	2.3089917221e+01	6.3861002628e+02	3.1497466828e+02
26               	Bottom	5.9038849818e+00	1.1380967670e+02	6.6803859600e+01
26               	Top	2.6853101237e+01	1.5085595866e+02	9.1414648487e+01
26               	e423_0	2.2784369574e+01	6.3935039941e+02	3.1444086511e+02
27               	Bottom	1.2628148530e+01	1.0905510402e+02	6.5321137411e+01
27               	Top	2.9438968585e+01	1.4430433890e+02	9.0816042398e+01
27               	e423_0	2.2504759166e+01	6.4002908143e+02	3.1453980409e+02
28               	Bottom	1.7809475151e+01	1.1072326111e+02	6.5710576009e+01
28               	Top	2.2820867076e+01	1.4596136422e+02	8.9995628303e+01
28               	e423_0	2.2248105048e+01	6.4065974193e+02	3.1502192051e+02
29               	Bottom	2.2553261819e+01	1.1248739002e+02	6.6717121465e+01
29               	Top	1.2838551955e+01	1.4746728910e+02	8.8902146697e+01
29               	e423_0	2.2015179398e+01	6.4125527394e+02	3.1584842465e+02
30               	Bottom	2.6858753449e+01	1.1430128571e+02	6.7116734186e+01
30               	Top	1.4435556910e+01	1.4883749769e+02	8.8422678471e+01
30               	e423_0	2.1802042816e+01	6.4182552779e+02	3.1683151165e+02
31               	Bottom	1.1891617031e+01	1.1614131391e+02	6.6931969704e+01
31               	Top	2.4594221872e+01	1.5012625047e+02	8.8203468753e+01
31               	e423_0	2.1603419800e+01	6.4238003816e+02	3.1781287913e+02
32               	Bottom	2.3449523557e+01	1.1799865622e+02	6.9932514134e+01
32               	Top	1.1219149322e+01	1.5139105929e+02	8.7024169750e+01
32               	e423_0	2.1414256425e+01	6.4292617141e+02	3.1880403626e+02
33               	Bottom	1.8228959989e+01	1.1984245915e+02	7.1790870144e+01
33               	Top	1.8929359735e+01	1.5267512022e+02	8.8426863925e+01
33               	e423_0	2.1229572953e+01	6.4347378037e+02	3.1984205427e+02
34               	Bottom	9.8558960586e+00	1.2157490268e+02	7.3133006195e+01
34               	Top	3.0128899855e+00	1.5399613786e+02	8.8656325642e+01
34               	e423_0	2.1045250624e+01	6.4402732908e+02	3.2098400455e+02
35               	Bottom	1.2282472011e+01	1.2316854110e+02	7.4871874700e+01
35               	Top	1.9779927912e+01	1.5576717311e+02	9.0214329483e+01
35               	e423_0	2.0858373731e+01	6.4458976009e+02	3.2195378402e+02
36               	Bottom	2.0143433020e+01	1.2469043984e+02	7.6779577863e+01
36               	Top	2.3750572092e+01	1.5777773247e+02	9.1102303007e+01
36               	e423_0	2.0665840905e+01	6.4516071719e+02	3.2284338454e+02
37               	Bottom	2.5673487372e+01	1.2653755053e+02	7.8440230708e+01
37               	Top	1.5143910035e+01	1.5968082370e+02	9.1705702309e+01
37               	e423_0	2.0464495552e+01	6.4573750334e+02	3.2366050078e+02
38               	Bottom	2.7600423319e+01	1.2834766778e+02	7.9933232660e+01
38               	Top	6.4949779694e+00	1.6147311608e+02	9.4221242667e+01
38               	e423_0	2.0262194586e+01	6.4631728883e+02	3.2440456276e+02
39               	Bottom	2.4064990281e+01	1.3019206767e+02	8.1246668894e+01
39               	Top	1.8221032216e+01	1.6320519169e+02	9.7254136293e+01
39               	e423_0	2.0042327735e+01	6.4689552186e+02	3.2509083813e+02
40               	Bottom	1.9955321311e+01	1.3209385675e+02	8.2353403898e+01
40               	Top	2.4924451657e+01	1.6489306433e+02	9.9764973386e+01
40               	e423_0	1.9811909361e+01	6.4746899667e+02	3.2574836453e+02
41               	Bottom	1.4630094036e+01	1.3395634385e+02	8.3337026759e+01
41               	Top	2.1135805713e+01	1.6651196813e+02	1.0206122590e+02
41               	e423_0	1.9570390164e+01	6.4803452171e+02	3.2635098378e+02
42               	Bottom	4.4280448349e+00	1.3563476871e+02	8.4072956127e+01
42               	Top	1.5705977030e+01	1.6807082749e+02	1.0413488063e+02
42               	e423_0	1.9317493104e+01	6.4859099054e+02	3.2692506979e+02
43               	Bottom	1.4066339220e+01	1.3707884637e+02	8.5955054853e+01
43               	Top	4.3949804920e+00	1.6955216088e+02	1.0572828767e+02
43               	e423_0	1.9053599671e+01	6.4913857585e+02	3.2749430402e+02
44               	Bottom	2.1185639459e+01	1.3977091365e+02	8.8192394701e+01
44               	Top	1.5668921177e+01	1.7094079993e+02	1.0842463821e+02
44               	e423_0	1.8777961474e+01	6.4967581176e+02	3.2805289782e+02
45               	Bottom	2.6969288660e+01	1.4637508660e+02	9.0517637583e+01
45               	Top	1.0631977731e+01	1.7224467542e+02	1.1060737693e+02
45               	e423_0	1.8541523816e+01	6.5020125187e+02	3.2861255006e+02
46               	Bottom	3.2079067749e+01	1.5305323817e+02	9.2833175114e+01
46               	Top	1.2170470432e+01	1.7342308944e+02	1.1311364991e+02
46               	e423_0	1.8357901797e+01	6.5071384187e+02	3.2917425671e+02
47               	Bottom	2.9477163144e+01	1.6003069398e+02	9.5119740770e+01
47               	Top	2.1028191594e+01	1.7452441085e+02	1.1607414711e+02
47               	e423_0	1.8205289728e+01	6.5121301763e+02	3.2973811601e+02
48               	Bottom	2.2738733521e+01	1.6723850461e+02	9.7293085395e+01
48               	Top	2.7504860470e+01	1.7552821225e+02	1.1897183533e+02
48               	e423_0	1.8080827510e+01	6.5169856410e+02	3.3030696776e+02
49               	Bottom	1.0114953930e+01	1.7555933306e+02	9.9165572806e+01
49               	Top	3.3780300623e+01	1.7641863399e+02	1.2201317477e+02
49               	e423_0	1.7966099870e+01	6.5217078788e+02	3.3088417963e+02
50               	Bottom	1.9655020110e+01	1.8443576702e+02	1.0222057644e+02
50               	Top	3.9865705526e+01	1.7720865449e+02	1.2516183969e+02
50               	e423_0	1.7861899330e+01	6.5261674084e+02	3.3147541378e+02
51               	Bottom	2.9946143426e+01	1.9324399893e+02	1.0527218428e+02
51               	Top	4.6088102487e+01	1.7784166730e+02	1.2837947480e+02
51               	e423_0	1.7763924722e+01	6.5299589494e+02	3.3208062035e+02
52               	Bottom	3.8143410290e+01	2.0187652949e+02	1.0814373375e+02
52               	Top	4.9796299439e+01	1.8463567577e+02	1.3166339781e+02
52               	e423_0	1.7671330805e+01	6.5340131223e+02	3.3270061793e+02
53               	Bottom	4.0551013985e+01	2.1028518587e+02	1.1086132240e+02
53               	Top	4.9536027180e+01	1.9889728728e+02	1.3499476460e+02
53               	e423_0	1.7582844807e+01	6.5379460655e+02	3.3333263541e+02
54               	Bottom	4.0437126202e+01	2.1843651281e+02	1.1343155414e+02
54               	Top	4.9254936806e+01	2.1179660154e+02	1.3817425023e+02
54               	e423_0	1.7497738208e+01	6.5417794747e+02	3.3397330741e+02
55               	Bottom	4.0513094379e+01	2.2626826256e+02	1.1583182059e+02
55               	Top	4.8924086170e+01	2.2285105020e+02	1.4109121916e+02
55               	e423_0	1.7415684734e+01	6.5454604849e+02	3.3461659195e+02
56               	Bottom	4.0651493092e+01	2.3311302158e+02	1.1800036273e+02
56               	Top	4.8594601063e+01	2.3227119621e+02	1.4374168945e+02
56               	e423_0	1.7337377631e+01	6.5490443706e+02	3.3526074586e+02
57               	Bottom	4.0700928663e+01	2.4166331046e+02	1.1984241531e+02
57               	Top	4.8305102570e+01	2.4375290472e+02	1.4610427688e+02
57               	e423_0	1.7262778707e+01	6.5525262830e+02	3.3590499716e+02
58               	Bottom	4.0515775285e+01	2.4967238726e+02	1.2140659528e+02
58               	Top	4.8092053055e+01	2.5480872384e+02	1.4812440977e+02
58               	e423_0	1.7191645011e+01	6.5558938968e+02	3.3654652263e+02
59               	Bottom	4.0002282841e+01	2.5699324494e+02	1.2274605405e+02
59               	Top	4.7979452210e+01	2.6448267286e+02	1.4988729935e+02
59               	e423_0	1.7123827788e+01	6.5591529331e+02	3.3718117954e+02
60               	Bottom	3.9151256925e+01	2.6363467448e+02	1.2383363320e+02
60               	Top	4.7936713022e+01	2.7306026055e+02	1.5144046481e+02
60               	e423_0	1.7059216874e+01	6.5623039264e+02	3.3780794465e+02
61               	Bottom	3.7986212560e+01	2.6949376460e+02	1.2468463226e+02
61               	Top	4.7932039778e+01	2.8062900394e+02	1.5278363268e+02
61               	e423_0	1.6997787529e+01	6.5653519463e+02	3.3842574859e+02
62               	Bottom	3.6503367118e+01	2.7459865974e+02	1.2529791243e+02
62               	Top	4.7974947921e+01	2.8724740864e+02	1.5393984700e+02
62               	e423_0	1.6939290374e+01	6.5682953274e+02	3.3903362450e+02
63               	Bottom	3.4663644352e+01	2.7884829903e+02	1.2565196116e+02
63               	Top	4.8037243545e+01	2.9287992438e+02	1.5487997575e+02
63               	e423_0	1.6883653124e+01	6.5711354695e+02	3.3963229573e+02
64               	Bottom	3.2412645387e+01	2.8202260593e+02	1.2574621034e+02
64               	Top	4.8133245457e+01	2.9730594072e+02	1.5557380907e+02
64               	e423_0	1.6831026037e+01	6.5738782362e+02	3.4021925872e+02
65               	Bottom	2.9584421107e+01	2.8402127021e+02	1.2558273465e+02
65               	Top	4.8300400050e+01	3.0045650198e+02	1.5589579716e+02
65               	e423_0	1.6781621140e+01	6.5765021083e+02	3.4079284176e+02
66               	Bottom	2.6086066396e+01	2.8469161779e+02	1.2515136947e+02
66               	Top	4.8492686919e+01	3.0129487230e+02	1.5591905695e+02
66               	e423_0	1.6735269687e+01	6.5790040765e+02	3.4135164398e+02
67               	Bottom	2.1819791281e+01	2.8413391308e+02	1.2446731619e+02
67               	Top	4.8690882451e+01	3.0023865335e+02	1.5578810429e+02
67               	e423_0	1.6691290368e+01	6.5813728256e+02	3.4189423153e+02
68               	Bottom	1.6406066995e+01	2.8224919512e+02	1.2351680818e+02
68               	Top	4.8912192907e+01	2.9822271500e+02	1.5550128816e+02
68               	e423_0	1.6649590746e+01	6.5836205014e+02	3.4242102677e+02
69               	Bottom	9.3948356036e+00	2.7902167837e+02	1.2233172760e+02
69               	Top	4.9128197864e+01	2.9488517892e+02	1.5504215331e+02
69               	e423_0	1.6610132600e+01	6.5857157393e+02	3.4293220869e+02
70               	Bottom	7.3626098307e+00	2.7475129607e+02	1.2133228415e+02
70               	Top	4.9339175248e+01	2.9017505354e+02	1.5442231460e+02
70               	e423_0	1.6572819658e+01	6.5876586336e+02	3.4342502682e+02
71               	Bottom	1.3106800222e+01	2.6959539761e+02	1.2069171109e+02
71               	Top	4.9532048564e+01	2.8453450136e+02	1.5366824749e+02
71               	e423_0	1.6537844451e+01	6.5894642367e+02	3.4389614667e+02
72               	Bottom	1.6545735381e+01	2.6371661247e+02	1.1989421156e+02
72               	Top	4.9690281430e+01	2.7822595726e+02	1.5282637739e+02
72               	e423_0	1.6505126137e+01	6.5911470640e+02	3.4434606897e+02
73               	Bottom	1.9107211161e+01	2.5732546946e+02	1.1906783085e+02
73               	Top	4.9819910948e+01	2.7175851708e+02	1.5194060432e+02
73               	e423_0	1.6474565542e+01	6.5927180996e+02	3.4477540645e+02
74               	Bottom	2.3001331041e+01	2.5065081288e+02	1.1832446727e+02
74               	Top	4.9907523400e+01	2.6547121404e+02	1.5105168099e+02
74               	e423_0	1.6446123197e+01	6.5941880300e+02	3.4518411296e+02
75               	Bottom	2.6810190757e+01	2.4390551808e+02	1.1768674622e+02
75               	Top	4.9943285356e+01	2.5926378643e+02	1.5018552856e+02
75               	e423_0	1.6419763831e+01	6.5955641577e+02	3.4557371094e+02
76               	Bottom	2.9508549767e+01	2.3704071787e+02	1.1717049168e+02
76               	Top	4.9919140785e+01	2.5328784117e+02	1.4938655738e+02
76               	e423_0	1.6395421383e+01	6.5968517511e+02	3.4594154325e+02
77               	Bottom	3.1500060010e+01	2.3054897382e+02	1.1680149573e+02
77               	Top	4.9830788039e+01	2.4775200362e+02	1.4869464650e+02
77               	e423_0	1.6373054658e+01	6.5980587219e+02	3.4628606008e+02
78               	Bottom	3.2712428270e+01	2.2480255879e+02	1.1662720382e+02
78               	Top	4.9661486124e+01	2.4299700156e+02	1.4822298148e+02
78               	e423_0	1.6352601692e+01	6.5991915349e+02	3.4660794553e+02
79               	Bottom	3.3223036303e+01	2.2007168925e+02	1.1674470567e+02
79               	Top	4.9413173009e+01	2.3944047286e+02	1.4804257613e+02
79               	e423_0	1.6333870956e+01	6.6002552543e+02	3.4690691898e+02
80               	Bottom	3.3095423717e+01	2.1657956246e+02	1.1718138874e+02
80               	Top	4.9092986754e+01	2.3711570392e+02	1.4807264484e+02
80               	e423_0	1.6316646720e+01	6.6012555663e+02	3.4718348684e+02
81               	Bottom	3.2369297354e+01	2.1445064200e+02	1.1790511317e+02
81               	Top	4.8738964231e+01	2.3596309632e+02	1.4843475837e+02
81               	e423_0	1.6300708386e+01	6.6021959592e+02	3.4743807021e+02
82               	Bottom	3.1190895746e+01	2.1389389813e+02	1.1894078644e+02
82               	Top	4.8372267722e+01	2.3636451029e+02	1.4911527191e+02
82               	e423_0	1.6285861887e+01	6.6030793805e+02	3.4767269922e+02
83               	Bottom	2.9196122183e+01	2.1822196602e+02	1.2026287028e+02
83               	Top	4.8014300213e+01	2.3800115065e+02	1.5004403487e+02
83               	e423_0	1.6271906509e+01	6.6039077442e+02	3.4791471211e+02
84               	Bottom	2.6750043658e+01	2.2406925954e+02	1.2183517060e+02
84               	Top	4.7585176265e+01	2.4076937574e+02	1.5112627692e+02
84               	e423_0	1.6258657953e+01	6.6046781091e+02	3.4814358260e+02
85               	Bottom	2.3697058690e+01	2.3099943230e+02	1.2361381772e+02
85               	Top	4.7142982902e+01	2.4429339400e+02	1.5235740665e+02
85               	e423_0	1.6246031334e+01	6.6053990644e+02	3.4836009441e+02
86               	Bottom	1.9903804111e+01	2.3902922646e+02	1.2553973848e+02
86               	Top	4.6693500132e+01	2.4865312847e+02	1.5374364348e+02
86               	e423_0	1.6234390767e+01	6.6060694902e+02	3.4856327750e+02
87               	Bottom	1.5041928242e+01	2.4784725242e+02	1.2753187746e+02
87               	Top	4.6253535944e+01	2.5389260916e+02	1.5525122202e+02
87               	e423_0	1.6223227631e+01	6.6066915845e+02	3.4875313218e+02
88               	Bottom	7.4870058644e+00	2.5655296864e+02	1.2937317083e+02
88               	Top	4.5835684839e+01	2.5996141890e+02	1.5684400931e+02
88               	e423_0	1.6212256814e+01	6.6072694217e+02	3.4893051752e+02
89               	Bottom	1.0496186662e+01	2.6456801179e+02	1.3169296942e+02
89               	Top	4.5451548165e+01	2.6669288177e+02	1.5844673435e+02
89               	e423_0	1.6201418852e+01	6.6078047141e+02	3.4909627108e+02
90               	Bottom	1.6373391966e+01	2.7125797152e+02	1.3392553666e+02
90               	Top	4.5109979107e+01	2.7374579178e+02	1.5998825131e+02
90               	e423_0	1.6190630013e+01	6.6082996813e+02	3.4925150903e+02
91               	Bottom	2.0351227848e+01	2.7728763858e+02	1.3584186329e+02
91               	Top	4.4800585933e+01	2.8066888096e+02	1.6142088274e+02
91               	e423_0	1.6179891548e+01	6.6087569735e+02	3.4939738167e+02
92               	Bottom	2.2888275684e+01	2.8240569920e+02	1.3743280854e+02
92               	Top	4.4525935246e+01	2.8705207020e+02	1.6267041945e+02
92               	e423_0	1.6169213069e+01	6.6091792447e+02	3.4953526472e+02
93               	Bottom	2.4339990115e+01	2.8648081930e+02	1.3870591770e+02
93               	Top	4.4316253181e+01	2.9296220884e+02	1.6371043911e+02
93               	e423_0	1.6158662217e+01	6.6095682095e+02	3.4966530298e+02
94               	Bottom	2.5099648506e+01	2.9108719438e+02	1.3964071083e+02
94               	Top	4.4155390982e+01	2.9796557029e+02	1.6457080684e+02
94               	e423_0	1.6148326040e+01	6.6099271671e+02	3.4978812199e+02
95               	Bottom	2.5385187601e+01	2.9524765998e+02	1.4032784581e+02
95               	Top	4.4061340245e+01	3.0222116094e+02	1.6525640957e+02
95               	e423_0	1.6138332632e+01	6.6102586189e+02	3.4990427893e+02
96               	Bottom	2.5343718609e+01	2.9847518249e+02	1.4076195205e+02
96               	Top	4.4003408362e+01	3.0566179227e+02	1.6579832894e+02
96               	e423_0	1.6128810314e+01	6.6105651275e+02	3.5001411366e+02
97               	Bottom	2.5081581645e+01	3.0077718931e+02	1.4097436483e+02
97               	Top	4.3974717747e+01	3.0826035239e+02	1.6622793642e+02
97               	e423_0	1.6119882124e+01	6.6108492201e+02	3.5011801145e+02
98               	Bottom	2.4623943421e+01	3.0221487284e+02	1.4098063684e+02
98               	Top	4.3982166946e+01	3.1012074012e+02	1.6653293084e+02
98               	e423_0	1.6111686431e+01	6.6111130851e+02	3.5021617720e+02
99               	Bottom	2.3974792427e+01	3.0285925027e+02	1.4080217755e+02
99               	Top	4.4018932887e+01	3.1116765401e+02	1.6672180140e+02
99               	e423_0	1.6104364471e+01	6.6113587936e+02	3.5030891574e+02
100              	Bottom	2.3151633442e+01	3.0273851744e+02	1.4046218927e+02
100              	Top	4.4076727430e+01	3.1139128826e+02	1.6680017986e+02
100              	e423_0	1.6098042365e+01	6.6115882476e+02	3.5039650760e+02
101              	Bottom	2.2187474952e+01	3.0187771568e+02	1.3998769072e+02
101              	Top	4.4149569131e+01	3.1092683982e+02	1.6676429202e+02
101              	e423_0	1.6092826807e+01	6.6118029346e+02	3.5047923096e+02
102              	Bottom	2.1116316833e+01	3.0037581403e+02	1.3941528483e+02
102              	Top	4.4232078427e+01	3.1033528454e+02	1.6663721574e+02
102              	e423_0	1.6088800736e+01	6.6120040617e+02	3.5055725795e+02
103              	Bottom	1.9961171813e+01	2.9838230721e+02	1.3877622941e+02
103              	Top	4.4325813306e+01	3.0944267952e+02	1.6640761730e+02
103              	e423_0	1.6086021250e+01	6.6121925782e+02	3.5063082839e+02
104              	Bottom	1.8726389842e+01	2.9610582467e+02	1.3810085156e+02
104              	Top	4.4422589667e+01	3.0820172806e+02	1.6607708237e+02
104              	e423_0	1.6084405408e+01	6.6123690984e+02	3.5070012708e+02
105              	Bottom	1.7414321222e+01	2.9384375995e+02	1.3742076571e+02
105              	Top	4.4519100346e+01	3.0662437392e+02	1.6566176180e+02
105              	e423_0	1.6083971351e+01	6.6125339924e+02	3.5076531971e+02
106              	Bottom	1.6031479607e+01	2.9162899286e+02	1.3674735086e+02
106              	Top	4.4614252709e+01	3.0477619141e+02	1.6518854039e+02
106              	e423_0	1.6084772716e+01	6.6126876868e+02	3.5082639375e+02
107              	Bottom	1.4585428627e+01	2.8950335514e+02	1.3608582689e+02
107              	Top	4.4705071257e+01	3.0275629516e+02	1.6468281133e+02
107              	e423_0	1.6086808441e+01	6.6128299309e+02	3.5088327598e+02
108              	Bottom	1.3080021055e+01	2.8755879698e+02	1.3544387916e+02
108              	Top	4.4789200390e+01	3.0065568417e+02	1.6416131458e+02
108              	e423_0	1.6090045483e+01	6.6129605694e+02	3.5093609090e+02
109              	Bottom	1.1523891426e+01	2.8567222904e+02	1.3482174096e+02
109              	Top	4.4864561837e+01	2.9857164616e+02	1.6364002307e+02
109              	e423_0	1.6094406383e+01	6.6130795104e+02	3.5098488146e+02
110              	Bottom	9.9089307687e+00	2.8370211093e+02	1.3423536357e+02
110              	Top	4.4932466269e+01	2.9658379169e+02	1.6312896663e+02
110              	e423_0	1.6099781588e+01	6.6131864696e+02	3.5102961322e+02
111              	Bottom	8.1884261907e+00	2.8183853047e+02	1.3369929662e+02
111              	Top	4.4991661053e+01	2.9473575872e+02	1.6263460989e+02
111              	e423_0	1.6105825018e+01	6.6132812066e+02	3.5107031179e+02
112              	Bottom	6.2656636010e+00	2.8018741612e+02	1.3320782105e+02
112              	Top	4.5043207227e+01	2.9304762115e+02	1.6216434734e+02
112              	e423_0	1.6112468688e+01	6.6133633260e+02	3.5110696344e+02
113              	Bottom	3.8953254184e-01	2.7875711160e+02	1.3254715193e+02
113              	Top	4.5087033201e+01	2.9155001445e+02	1.6172628805e+02
113              	e423_0	1.6119577725e+01	6.6134328076e+02	3.5113959078e+02
114              	Bottom	6.9590626892e+00	2.7753211339e+02	1.3262541589e+02
114              	Top	4.5125355497e+01	2.9025984404e+02	1.6132145686e+02
114              	e423_0	1.6127032075e+01	6.6134895370e+02	3.5116824416e+02
115              	Bottom	9.8407581569e+00	2.7648013573e+02	1.3254016042e+02
115              	Top	4.5159370938e+01	2.8915822042e+02	1.6094705460e+02
115              	e423_0	1.6134700316e+01	6.6135335630e+02	3.5119300204e+02
116              	Bottom	1.1888257518e+01	2.7556331984e+02	1.3244268498e+02
116              	Top	4.5189496642e+01	2.8821666701e+02	1.6060147169e+02
116              	e423_0	1.6142462656e+01	6.6135650734e+02	3.5121399785e+02
117              	Bottom	1.3466366763e+01	2.7474834691e+02	1.3234751488e+02
117              	Top	4.5217131808e+01	2.8740933647e+02	1.6028490301e+02
117              	e423_0	1.6150209784e+01	6.6135844210e+02	3.5123134224e+02
118              	Bottom	1.4757900669e+01	2.7401231379e+02	1.3226101859e+02
118              	Top	4.5242276285e+01	2.8671794053e+02	1.5999682229e+02
118              	e423_0	1.6157845764e+01	6.6135920256e+02	3.5124517077e+02
119              	Bottom	1.5867831853e+01	2.7333830908e+02	1.3218472055e+02
119              	Top	4.5265772618e+01	2.8612706077e+02	1.5973534554e+02
119              	e423_0	1.6165288533e+01	6.6135884777e+02	3.5125564980e+02
120              	Bottom	1.6851898655e+01	2.7271197336e+02	1.3211830853e+02
120              	Top	4.5287611656e+01	2.8560737404e+02	1.5950067074e+02
120              	e423_0	1.6172471946e+01	6.6135744999e+02	3.5126295881e+02
121              	Bottom	1.7739337391e+01	2.7212187957e+02	1.3205998757e+02
121              	Top	4.5308280316e+01	2.8513834746e+02	1.5928924939e+02
121              	e423_0	1.6179344766e+01	6.6135508934e+02	3.5126729030e+02
122              	Bottom	1.8545308759e+01	2.7156302988e+02	1.3200911313e+02
122              	Top	4.5327711061e+01	2.8472344612e+02	1.5909706177e+02
122              	e423_0	1.6185869349e+01	6.6135185592e+02	3.5126884270e+02
123              	Bottom	1.9282736604e+01	2.7100582068e+02	1.3196178347e+02
123              	Top	4.5346162951e+01	2.8434489380e+02	1.5891887863e+02
123              	e423_0	1.6192020940e+01	6.6134783615e+02	3.5126781377e+02
124              	Bottom	1.9958056266e+01	2.7046046305e+02	1.3192010681e+02
124              	Top	4.5363175871e+01	2.8396643436e+02	1.5875313548e+02
124              	e423_0	1.6197785211e+01	6.6134315304e+02	3.5126440674e+02
125              	Bottom	2.0580133427e+01	2.6992732402e+02	1.3187964069e+02
125              	Top	4.5379302565e+01	2.8361033024e+02	1.5859963657e+02
125              	e423_0	1.6203160901e+01	6.6133788694e+02	3.5125883635e+02
126              	Bottom	2.1155430672e+01	2.6939043278e+02	1.3183785911e+02
126              	Top	4.5394270494e+01	2.8330089847e+02	1.5846289703e+02
126              	e423_0	1.6208151857e+01	6.6133214529e+02	3.5125132676e+02
127              	Bottom	2.1689764215e+01	2.6883641862e+02	1.3179218742e+02
127              	Top	4.5408150541e+01	2.8305430167e+02	1.5834310716e+02
127              	e423_0	1.6212771287e+01	6.6132602843e+02	3.5124210777e+02
128              	Bottom	2.2189918999e+01	2.6824829594e+02	1.3174217070e+02
128              	Top	4.5421985495e+01	2.8287579407e+02	1.5823603970e+02
128              	e423_0	1.6217037271e+01	6.6131962990e+02	3.5123141045e+02
129              	Bottom	2.2659245645e+01	2.6762644335e+02	1.3168816562e+02
129              	Top	4.5434807288e+01	2.8274420832e+02	1.5813832141e+02
129              	e423_0	1.6220972015e+01	6.6131303885e+02	3.5121942147e+02
130              	Bottom	2.3105216378e+01	2.6697332643e+02	1.3163016954e+02
130              	Top	4.5447991951e+01	2.8264054434e+02	1.5804627038e+02
130              	e423_0	1.6224599510e+01	6.6130633663e+02	3.5120632877e+02
131              	Bottom	2.3523708772e+01	2.6628819940e+02	1.3156806021e+02
131              	Top	4.5458472284e+01	2.8254535476e+02	1.5796848993e+02
131              	e423_0	1.6227945076e+01	6.6129960074e+02	3.5119236366e+02
132              	Bottom	2.3914688578e+01	2.6557031809e+02	1.3150388939e+02
132              	Top	4.5468094113e+01	2.8252380464e+02	1.5790338341e+02
132              	e423_0	1.6231032549e+01	6.6129289175e+02	3.5117774423e+02
133              	Bottom	2.4278470374e+01	2.6483585143e+02	1.3144068498e+02
133              	Top	4.5476630674e+01	2.8256483637e+02	1.5784617107e+02
133              	e423_0	1.6233884977e+01	6.6128626548e+02	3.5116266904e+02
134              	Bottom	2.4615213197e+01	2.6410870927e+02	1.3137959091e+02
134              	Top	4.5483835335e+01	2.8262788565e+02	1.5779367960e+02
134              	e423_0	1.6236524289e+01	6.6127976941e+02	3.5114731051e+02
135              	Bottom	2.4923876927e+01	2.6341258629e+02	1.3132639774e+02
135              	Top	4.5489059686e+01	2.8271559004e+02	1.5774596460e+02
135              	e423_0	1.6238970763e+01	6.6127344035e+02	3.5113181533e+02
136              	Bottom	2.5206178835e+01	2.6277039765e+02	1.3128108218e+02
136              	Top	4.5493537488e+01	2.8281846946e+02	1.5769977714e+02
136              	e423_0	1.6241241152e+01	6.6126730813e+02	3.5111631232e+02
137              	Bottom	2.5462550050e+01	2.6215812896e+02	1.3124167329e+02
137              	Top	4.5496491245e+01	2.8286394396e+02	1.5765290657e+02
137              	e423_0	1.6243350382e+01	6.6126139551e+02	3.5110091679e+02
138              	Bottom	2.5695012863e+01	2.6157089708e+02	1.3120670587e+02
138              	Top	4.5498551552e+01	2.8284372831e+02	1.5760489824e+02
138              	e423_0	1.6245310883e+01	6.6125571913e+02	3.5108569428e+02
139              	Bottom	2.5913807175e+01	2.6100933030e+02	1.3117654176e+02
139              	Top	4.5498738019e+01	2.8276231732e+02	1.5756134199e+02
139              	e423_0	1.6247225860e+01	6.6125029192e+02	3.5107071751e+02
140              	Bottom	2.6108134428e+01	2.6048262619e+02	1.3115198966e+02
140              	Top	4.5497430084e+01	2.8265991392e+02	1.5752508101e+02
140              	e423_0	1.6248992328e+01	6.6124511162e+02	3.5105604178e+02
141              	Bottom	2.6276034534e+01	2.5999833501e+02	1.3113289631e+02
141              	Top	4.5494804196e+01	2.8258500075e+02	1.5749765933e+02
141              	e423_0	1.6250634700e+01	6.6124018832e+02	3.5104172099e+02
142              	Bottom	2.6417889513e+01	2.5977266094e+02	1.3111896349e+02
142              	Top	4.5490785927e+01	2.8254281969e+02	1.5747822637e+02
142              	e423_0	1.6252153005e+01	6.6123551868e+02	3.5102779965e+02
143              	Bottom	2.6535564509e+01	2.5971575513e+02	1.3110911509e+02
143              	Top	4.5485754310e+01	2.8251622450e+02	1.5746539439e+02
143              	e423_0	1.6253553628e+01	6.6123109604e+02	3.5101431480e+02
144              	Bottom	2.6629491920e+01	2.5967095492e+02	1.3110717987e+02
144              	Top	4.5479467265e+01	2.8249768052e+02	1.5745865738e+02
144              	e423_0	1.6254839067e+01	6.6122692191e+02	3.5100129653e+02
145              	Bottom	2.6700145887e+01	2.5963326687e+02	1.3111363589e+02
145              	Top	4.5472088136e+01	2.8248572191e+02	1.5745767374e+02
145              	e423_0	1.6256013508e+01	6.6122298281e+02	3.5098876591e+02
146              	Bottom	2.6749155888e+01	2.5959890724e+02	1.3112508787e+02
146              	Top	4.5463910496e+01	2.8248086776e+02	1.5746200086e+02
146              	e423_0	1.6257079109e+01	6.6121927485e+02	3.5097673769e+02
147              	Bottom	2.6778327555e+01	2.5957289552e+02	1.3114027606e+02
147              	Top	4.5454908667e+01	2.8248335929e+02	1.5747131517e+02
147              	e423_0	1.6258039516e+01	6.6121579012e+02	3.5096515075e+02
148              	Bottom	2.6789358148e+01	2.5955969301e+02	1.3115877906e+02
148              	Top	4.5445316568e+01	2.8249366294e+02	1.5748514676e+02
148              	e423_0	1.6258896654e+01	6.6121251586e+02	3.5095399705e+02
149              	Bottom	2.6783120284e+01	2.5956196416e+02	1.3118049773e+02
149              	Top	4.5434916820e+01	2.8251176520e+02	1.5750331926e+02
149              	e423_0	1.6259652751e+01	6.6120945028e+02	3.5094330334e+02
150              	Bottom	2.6764675838e+01	2.5958427967e+02	1.3120605623e+02
150              	Top	4.5425365440e+01	2.8254244387e+02	1.5751928908e+02
150              	e423_0	1.6260310705e+01	6.6120657996e+02	3.5093308021e+02
151              	Bottom	2.6734796388e+01	2.5961994255e+02	1.3123471944e+02
151              	Top	4.5415126081e+01	2.8252790147e+02	1.5753327510e+02
151              	e423_0	1.6260873970e+01	6.6120390197e+02	3.5092333443e+02
152              	Bottom	2.6694418072e+01	2.5966033696e+02	1.3126488469e+02
152              	Top	4.5404792547e+01	2.8247189183e+02	1.5754594515e+02
152              	e423_0	1.6261346649e+01	6.6120140373e+02	3.5091408836e+02
153              	Bottom	2.6643775747e+01	2.5971011775e+02	1.3129659185e+02
153              	Top	4.5393975067e+01	2.8239808859e+02	1.5756022912e+02
153              	e423_0	1.6261733024e+01	6.6119907857e+02	3.5090533893e+02
154              	Bottom	2.6583225657e+01	2.5977152456e+02	1.3133026378e+02
154              	Top	4.5382888459e+01	2.8232795203e+02	1.5757801501e+02
154              	e423_0	1.6262037573e+01	6.6119692042e+02	3.5089707241e+02
155              	Bottom	2.6513140029e+01	2.5984627514e+02	1.3136554260e+02
155              	Top	4.5371588631e+01	2.8229471018e+02	1.5759978084e+02
155              	e423_0	1.6262265623e+01	6.6119492301e+02	3.5088928573e+02
156              	Bottom	2.6434933227e+01	2.5993304346e+02	1.3140234146e+02
156              	Top	4.5360327555e+01	2.8229088855e+02	1.5762424914e+02
156              	e423_0	1.6262422849e+01	6.6119307990e+02	3.5088197249e+02
157              	Bottom	2.6350140499e+01	2.6002866119e+02	1.3143987337e+02
157              	Top	4.5349200340e+01	2.8230485702e+02	1.5765039902e+02
157              	e423_0	1.6262514735e+01	6.6119138615e+02	3.5087512594e+02
158              	Bottom	2.6260591392e+01	2.6013141169e+02	1.3147763783e+02
158              	Top	4.5338414073e+01	2.8233157161e+02	1.5767768339e+02
158              	e423_0	1.6262547005e+01	6.6118983440e+02	3.5086873769e+02
159              	Bottom	2.6168126116e+01	2.6023945104e+02	1.3151514968e+02
159              	Top	4.5328048650e+01	2.8236819191e+02	1.5770562233e+02
159              	e423_0	1.6262525672e+01	6.6118842114e+02	3.5086279849e+02
160              	Bottom	2.6074681394e+01	2.6035051977e+02	1.3155198857e+02
160              	Top	4.5318287340e+01	2.8241337429e+02	1.5773377326e+02
160              	e423_0	1.6262456922e+01	6.6118714035e+02	3.5085729664e+02
161              	Bottom	2.5981955593e+01	2.6046247629e+02	1.3158766852e+02
161              	Top	4.5309217672e+01	2.8246624503e+02	1.5776178905e+02
161              	e423_0	1.6262346800e+01	6.6118598665e+02	3.5085221821e+02
162              	Bottom	2.5893049485e+01	2.6057076669e+02	1.3162157662e+02
162              	Top	4.5300893906e+01	2.8252607126e+02	1.5778931185e+02
162              	e423_0	1.6262201203e+01	6.6118495470e+02	3.5084754728e+02
163              	Bottom	2.5811371806e+01	2.6067277699e+02	1.3165307446e+02
163              	Top	4.5293517967e+01	2.8259162641e+02	1.5781588845e+02
163              	e423_0	1.6262025804e+01	6.6118403890e+02	3.5084326655e+02
164              	Bottom	2.5734516678e+01	2.6077449955e+02	1.3168214726e+02
164              	Top	4.5287053107e+01	2.8266066428e+02	1.5784099329e+02
164              	e423_0	1.6261826072e+01	6.6118323382e+02	3.5083935800e+02
165              	Bottom	2.5663230560e+01	2.6087312859e+02	1.3170856416e+02
165              	Top	4.5281485658e+01	2.8273071284e+02	1.5786425662e+02
165              	e423_0	1.6261607141e+01	6.6118253383e+02	3.5083580357e+02
166              	Bottom	2.5598028852e+01	2.6096467505e+02	1.3173202791e+02
166              	Top	4.5276852095e+01	2.8279995162e+02	1.5788536251e+02
166              	e423_0	1.6261373818e+01	6.6118193302e+02	3.5083258564e+02
167              	Bottom	2.5539559524e+01	2.6104629968e+02	1.3175226356e+02
167              	Top	4.5273139012e+01	2.8286681793e+02	1.5790404708e+02
167              	e423_0	1.6261130613e+01	6.6118142553e+02	3.5082968730e+02
168              	Bottom	2.5488318306e+01	2.6111643482e+02	1.3176909851e+02
168              	Top	4.5270342122e+01	2.8292998395e+02	1.5792011424e+02
168              	e423_0	1.6260881708e+01	6.6118100521e+02	3.5082709279e+02
169              	Bottom	2.5444717718e+01	2.6117464196e+02	1.3178249339e+02
169              	Top	4.5268432724e+01	2.8298831305e+02	1.5793342520e+02
169              	e423_0	1.6260631033e+01	6.6118066612e+02	3.5082478654e+02
170              	Bottom	2.5408974635e+01	2.6122099611e+02	1.3179249657e+02
170              	Top	4.5267372474e+01	2.8304084082e+02	1.5794389306e+02
170              	e423_0	1.6260382060e+01	6.6118040209e+02	3.5082275183e+02
171              	Bottom	2.5381193759e+01	2.6125564682e+02	1.3179922972e+02
171              	Top	4.5267136905e+01	2.8308621669e+02	1.5795132944e+02
171              	e423_0	1.6260138073e+01	6.6118020693e+02	3.5082097297e+02
172              	Bottom	2.5361244597e+01	2.6127934308e+02	1.3180284056e+02
172              	Top	4.5267643133e+01	2.8312266161e+02	1.5795571238e+02
172              	e423_0	1.6259902022e+01	6.6118007454e+02	3.5081943365e+02
173              	Bottom	2.5348848919e+01	2.6129308850e+02	1.3180363988e+02
173              	Top	4.5268809322e+01	2.8315031212e+02	1.5795722025e+02
173              	e423_0	1.6259676440e+01	6.6117999891e+02	3.5081811743e+02
174              	Bottom	2.5343539732e+01	2.6129773138e+02	1.3180191563e+02
174              	Top	4.5270552002e+01	2.8316944925e+02	1.5795602041e+02
174              	e423_0	1.6259463663e+01	6.6117997414e+02	3.5081700681e+02
175              	Bottom	2.5344694641e+01	2.6129413178e+02	1.3179797557e+02
175              	Top	4.5272773277e+01	2.8318053715e+02	1.5795230488e+02
175              	e423_0	1.6259265494e+01	6.6117999465e+02	3.5081608411e+02
176              	Bottom	2.5351615380e+01	2.6128317080e+02	1.3179211553e+02
176              	Top	4.5275391958e+01	2.8318418162e+02	1.5794629729e+02
176              	e423_0	1.6259083349e+01	6.6118005503e+02	3.5081533189e+02
177              	Bottom	2.5363490805e+01	2.6126512415e+02	1.3178452264e+02
177              	Top	4.5278322389e+01	2.8318107454e+02	1.5793843557e+02
177              	e423_0	1.6258918238e+01	6.6118014992e+02	3.5081473302e+02
178              	Bottom	2.5379727663e+01	2.6124278043e+02	1.3177574289e+02
178              	Top	4.5281493879e+01	2.8317164906e+02	1.5792878234e+02
178              	e423_0	1.6258770768e+01	6.6118027439e+02	3.5081427101e+02
179              	Bottom	2.5399385351e+01	2.6121668772e+02	1.3176600285e+02
179              	Top	4.5284771424e+01	2.8315474301e+02	1.5791773458e+02
179              	e423_0	1.6258641140e+01	6.6118042375e+02	3.5081393018e+02
180              	Bottom	2.5421785580e+01	2.6118852463e+02	1.3175577344e+02
180              	Top	4.5288162293e+01	2.8313432473e+02	1.5790530795e+02
180              	e423_0	1.6258529168e+01	6.6118059264e+02	3.5081369604e+02
181              	Bottom	2.5446200076e+01	2.6115917694e+02	1.3174537723e+02
181              	Top	4.5291558746e+01	2.8311032357e+02	1.5789173136e+02
181              	e423_0	1.6258434226e+01	6.6118077789e+02	3.5081355520e+02
182              	Bottom	2.5471933678e+01	2.6112969888e+02	1.3173506585e+02
182              	Top	4.5294908804e+01	2.8308280222e+02	1.5787729837e+02
182              	e423_0	1.6258355520e+01	6.6118097481e+02	3.5081349539e+02
183              	Bottom	2.5498300699e+01	2.6110128905e+02	1.3172512994e+02
183              	Top	4.5298138422e+01	2.8305267436e+02	1.5786235986e+02
183              	e423_0	1.6258291849e+01	6.6118117976e+02	3.5081350528e+02
184              	Bottom	2.5524624708e+01	2.6107492103e+02	1.3171582614e+02
184              	Top	4.5301190546e+01	2.8302109527e+02	1.5784724549e+02
184              	e423_0	1.6258241832e+01	6.6118138936e+02	3.5081357438e+02
185              	Bottom	2.5550289309e+01	2.6105133661e+02	1.3170736298e+02
185              	Top	4.5304022010e+01	2.8298921684e+02	1.5783223623e+02
185              	e423_0	1.6258203907e+01	6.6118160050e+02	3.5081369288e+02
186              	Bottom	2.5574768329e+01	2.6103119184e+02	1.3169990754e+02
186              	Top	4.5306596268e+01	2.8295780813e+02	1.5781771826e+02
186              	e423_0	1.6258176393e+01	6.6118181055e+02	3.5081385156e+02
187              	Bottom	2.5597670625e+01	2.6101485947e+02	1.3169356715e+02
187              	Top	4.5308916231e+01	2.8292739084e+02	1.5780395686e+02
187              	e423_0	1.6258157546e+01	6.6118201679e+02	3.5081404195e+02
188              	Bottom	2.5618664132e+01	2.6100270809e+02	1.3168842916e+02
188              	Top	4.5310949780e+01	2.8289874977e+02	1.5779099796e+02
188              	e423_0	1.6258145542e+01	6.6118221748e+02	3.5081425607e+02
189              	Bottom	2.5637501401e+01	2.6099492564e+02	1.3168454543e+02
189              	Top	4.5312696406e+01	2.8287261125e+02	1.5777894351e+02
189              	e423_0	1.6258138635e+01	6.6118241086e+02	3.5081448660e+02
190              	Bottom	2.5654009776e+01	2.6099153161e+02	1.3168193049e+02
190              	Top	4.5314154416e+01	2.8284936806e+02	1.5776789266e+02
190              	e423_0	1.6258135089e+01	6.6118259559e+02	3.5081472718e+02
191              	Bottom	2.5668080582e+01	2.6099236181e+02	1.3168057084e+02
191              	Top	4.5315332725e+01	2.8282921568e+02	1.5775791471e+02
191              	e423_0	1.6258133259e+01	6.6118277071e+02	3.5081497240e+02
192              	Bottom	2.5679661277e+01	2.6099714554e+02	1.3168040406e+02
192              	Top	4.5316248448e+01	2.8281220130e+02	1.5774906144e+02
192              	e423_0	1.6258131610e+01	6.6118293554e+02	3.5081521786e+02
193              	Bottom	2.5688787527e+01	2.6100559377e+02	1.3168135345e+02
193              	Top	4.5316920747e+01	2.8279834157e+02	1.5774134994e+02
193              	e423_0	1.6258128752e+01	6.6118308974e+02	3.5081546016e+02
194              	Bottom	2.5695558157e+01	2.6101738142e+02	1.3168333348e+02
194              	Top	4.5317365107e+01	2.8278757542e+02	1.5773477259e+02
194              	e423_0	1.6258123455e+01	6.6118323324e+02	3.5081569688e+02
195              	Bottom	2.5700103711e+01	2.6103212612e+02	1.3168624769e+02
195              	Top	4.5317596649e+01	2.8277979338e+02	1.5772930042e+02
195              	e423_0	1.6258114665e+01	6.6118336619e+02	3.5081592644e+02
196              	Bottom	2.5702563012e+01	2.6104937419e+02	1.3168998650e+02
196              	Top	4.5317632586e+01	2.8277481061e+02	1.5772488458e+02
196              	e423_0	1.6258101514e+01	6.6118348901e+02	3.5081614801e+02
197              	Bottom	2.5703079710e+01	2.6106874968e+02	1.3169444728e+02
197              	Top	4.5317484950e+01	2.8277238566e+02	1.5772146415e+02
197              	e423_0	1.6258083325e+01	6.6118360223e+02	3.5081636129e+02
198              	Bottom	2.5702108459e+01	2.6108717598e+02	1.3169919169e+02
198              	Top	4.5317294398e+01	2.8276823392e+02	1.5771831767e+02
198              	e423_0	1.6258059609e+01	6.6118370653e+02	3.5081656639e+02
199              	Bottom	2.5699893879e+01	2.6110566641e+02	1.3170411950e+02
199              	Top	4.5316987364e+01	2.8276123714e+02	1.5771557714e+02
199              	e423_0	1.6258030097e+01	6.6118380279e+02	3.5081676373e+02
200              	Bottom	2.5696598453e+01	2.6112476934e+02	1.3170942430e+02
200              	Top	4.5316562593e+01	2.8275385695e+02	1.5771350341e+02
200              	e423_0	1.6257994673e+01	6.6118389189e+02	3.5081695388e+02
201              	Bottom	2.5692266865e+01	2.6114419278e+02	1.3171498685e+02
201              	Top	4.5316039848e+01	2.8274656780e+02	1.5771207209e+02
201              	e423_0	1.6257953367e+01	6.6118397487e+02	3.5081713760e+02
202              	Bottom	2.5686958230e+01	2.6116378868e+02	1.3172071561e+02
202              	Top	4.5315428242e+01	2.8273989401e+02	1.5771124569e+02
202              	e423_0	1.6257906409e+01	6.6118405268e+02	3.5081731570e+02
203              	Bottom	2.5680755098e+01	2.6118340634e+02	1.3172651605e+02
203              	Top	4.5314750915e+01	2.8273399771e+02	1.5771096884e+02
203              	e423_0	1.6257854108e+01	6.6118412639e+02	3.5081748914e+02
204              	Bottom	2.5673773265e+01	2.6120288163e+02	1.3173231305e+02
204              	Top	4.5314022600e+01	2.8272892589e+02	1.5771118677e+02
204              	e423_0	1.6257796926e+01	6.6118419684e+02	3.5081765894e+02
205              	Bottom	2.5666143684e+01	2.6122204291e+02	1.3173803991e+02
205              	Top	4.5313257992e+01	2.8272467780e+02	1.5771184391e+02
205              	e423_0	1.6257735377e+01	6.6118426510e+02	3.5081782627e+02
206              	Bottom	2.5658000195e+01	2.6124070973e+02	1.3174363868e+02
206              	Top	4.5312468229e+01	2.8272123214e+02	1.5771288333e+02
206              	e423_0	1.6257670092e+01	6.6118433200e+02	3.5081799237e+02
207              	Bottom	2.5649461658e+01	2.6125871159e+02	1.3174905962e+02
207              	Top	4.5311663067e+01	2.8271854250e+02	1.5771424788e+02
207              	e423_0	1.6257601729e+01	6.6118439831e+02	3.5081815853e+02
208              	Bottom	2.5640548697e+01	2.6127593474e+02	1.3175427818e+02
208              	Top	4.5310841909e+01	2.8271653715e+02	1.5771588248e+02
208              	e423_0	1.6257530977e+01	6.6118446471e+02	3.5081832602e+02
209              	Bottom	2.5631380145e+01	2.6129224347e+02	1.3175923385e+02
209              	Top	4.5310034305e+01	2.8271511034e+02	1.5771773971e+02
209              	e423_0	1.6257458522e+01	6.6118453179e+02	3.5081849605e+02
210              	Bottom	2.5622070175e+01	2.6130764057e+02	1.3176389814e+02
210              	Top	4.5309240323e+01	2.8271419909e+02	1.5771977678e+02
210              	e423_0	1.6257385043e+01	6.6118460001e+02	3.5081866968e+02
211              	Bottom	2.5612716173e+01	2.6132210792e+02	1.3176825754e+02
211              	Top	4.5308459066e+01	2.8271375027e+02	1.5772195302e+02
211              	e423_0	1.6257311192e+01	6.6118466965e+02	3.5081884778e+02
212              	Bottom	2.5603400624e+01	2.6133560166e+02	1.3177230173e+02
212              	Top	4.5307700770e+01	2.8271370931e+02	1.5772423150e+02
212              	e423_0	1.6257237566e+01	6.6118474117e+02	3.5081903099e+02
213              	Bottom	2.5594195795e+01	2.6134808124e+02	1.3177602500e+02
213              	Top	4.5306962978e+01	2.8271402875e+02	1.5772657885e+02
213              	e423_0	1.6257164753e+01	6.6118481449e+02	3.5081921968e+02
214              	Bottom	2.5585161809e+01	2.6135952549e+02	1.3177942580e+02
214              	Top	4.5306252167e+01	2.8271468347e+02	1.5772896827e+02
214              	e423_0	1.6257093232e+01	6.6118488972e+02	3.5081941396e+02
215              	Bottom	2.5576349530e+01	2.6136994800e+02	1.3178250902e+02
215              	Top	4.5305570645e+01	2.8271566738e+02	1.5773137740e+02
215              	e423_0	1.6257023446e+01	6.6118496679e+02	3.5081961375e+02
216              	Bottom	2.5567802044e+01	2.6137940115e+02	1.3178528655e+02
216              	Top	4.5304920510e+01	2.8271698662e+02	1.5773378561e+02
216              	e423_0	1.6256955775e+01	6.6118504556e+02	3.5081981875e+02
217              	Bottom	2.5559704317e+01	2.6138812341e+02	1.3178780656e+02
217              	Top	4.5304357863e+01	2.8271873285e+02	1.5773592814e+02
217              	e423_0	1.6256890538e+01	6.6118512580e+02	3.5082002854e+02
218              	Bottom	2.5552100233e+01	2.6139617980e+02	1.3179009949e+02
218              	Top	4.5303833907e+01	2.8271905712e+02	1.5773780537e+02
218              	e423_0	1.6256828016e+01	6.6118520725e+02	3.5082024259e+02
219              	Bottom	2.5544928664e+01	2.6140356610e+02	1.3179217004e+02
219              	Top	4.5303325908e+01	2.8271813434e+02	1.5773958124e+02
219              	e423_0	1.6256768427e+01	6.6118528961e+02	3.5082046032e+02
220              	Bottom	2.5538137604e+01	2.6141033398e+02	1.3179402640e+02
220              	Top	4.5302844627e+01	2.8271725207e+02	1.5774133086e+02
220              	e423_0	1.6256711933e+01	6.6118537253e+02	3.5082068109e+02
221              	Bottom	2.5531683461e+01	2.6141654074e+02	1.3179567814e+02
221              	Top	4.5302389977e+01	2.8271691773e+02	1.5774307607e+02
221              	e423_0	1.6256658656e+01	6.6118545565e+02	3.5082090427e+02
222              	Bottom	2.5525546329e+01	2.6142225127e+02	1.3179713656e+02
222              	Top	4.5301963860e+01	2.8271728629e+02	1.5774481374e+02
222              	e423_0	1.6256608684e+01	6.6118553861e+02	3.5082112915e+02
223              	Bottom	2.5519726815e+01	2.6142751534e+02	1.3179841423e+02
223              	Top	4.5301568108e+01	2.8271835797e+02	1.5774653049e+02
223              	e423_0	1.6256562069e+01	6.6118562104e+02	3.5082135504e+02
224              	Bottom	2.5514237236e+01	2.6143236111e+02	1.3179952277e+02
224              	Top	4.5301204508e+01	2.8272006319e+02	1.5774820927e+02
224              	e423_0	1.6256518834e+01	6.6118570257e+02	3.5082158118e+02
225              	Bottom	2.5509094250e+01	2.6143680042e+02	1.3180047231e+02
225              	Top	4.5300874698e+01	2.8272230674e+02	1.5774983282e+02
225              	e423_0	1.6256478976e+01	6.6118578286e+02	3.5082180679e+02
226              	Bottom	2.5504314714e+01	2.6144083588e+02	1.3180127149e+02
226              	Top	4.5300580036e+01	2.8272498741e+02	1.5775138537e+02
226              	e423_0	1.6256442464e+01	6.6118586159e+02	3.5082203103e+02
227              	Bottom	2.5499914381e+01	2.6144446711e+02	1.3180192791e+02
227              	Top	4.5300321378e+01	2.8272800800e+02	1.5775285326e+02
227              	e423_0	1.6256409244e+01	6.6118593845e+02	3.5082225308e+02
228              	Bottom	2.5495905857e+01	2.6144769293e+02	1.3180244851e+02
228              	Top	4.5300099486e+01	2.8273127965e+02	1.5775422549e+02
228              	e423_0	1.6256379242e+01	6.6118601316e+02	3.5082247208e+02
229              	Bottom	2.5492300519e+01	2.6145051182e+02	1.3180283966e+02
229              	Top	4.5299914085e+01	2.8273472426e+02	1.5775549282e+02
229              	e423_0	1.6256352362e+01	6.6118608548e+02	3.5082268721e+02
230              	Bottom	2.5489106001e+01	2.6145292191e+02	1.3180310746e+02
230              	Top	4.5299765254e+01	2.8273827018e+02	1.5775664786e+02
230              	e423_0	1.6256328494e+01	6.6118615523e+02	3.5082289770e+02
231              	Bottom	2.5486326416e+01	2.6145492240e+02	1.3180325759e+02
231              	Top	4.5299651984e+01	2.8274185223e+02	1.5775768504e+02
231              	e423_0	1.6256307518e+01	6.6118622208e+02	3.5082310284e+02
232              	Bottom	2.5483962313e+01	2.6145651435e+02	1.3180329586e+02
232              	Top	4.5299573950e+01	2.8274541370e+02	1.5775860092e+02
232              	e423_0	1.6256289291e+01	6.6118628600e+02	3.5082330199e+02
233              	Bottom	2.5482010642e+01	2.6145770103e+02	1.3180322792e+02
233              	Top	4.5299529920e+01	2.8274890604e+02	1.5775939324e+02
233              	e423_0	1.6256273681e+01	6.6118634678e+02	3.5082349463e+02
234              	Bottom	2.5480464378e+01	2.6145848724e+02	1.3180305939e+02
234              	Top	4.5299518650e+01	2.8275228594e+02	1.5776006089e+02
234              	e423_0	1.6256260539e+01	6.6118640442e+02	3.5082368031e+02
235              	Bottom	2.5479314736e+01	2.6145888033e+02	1.3180279580e+02
235              	Top	4.5299538740e+01	2.8275551490e+02	1.5776060371e+02
235              	e423_0	1.6256249726e+01	6.6118645874e+02	3.5082385867e+02
236              	Bottom	2.5478550987e+01	2.6145888965e+02	1.3180244259e+02
236              	Top	4.5299588982e+01	2.8275855890e+02	1.5776102275e+02
236              	e423_0	1.6256241091e+01	6.6118650972e+02	3.5082402940e+02
237              	Bottom	2.5478160708e+01	2.6145852747e+02	1.3180200553e+02
237              	Top	4.5299667383e+01	2.8276138933e+02	1.5776132016e+02
237              	e423_0	1.6256234494e+01	6.6118655736e+02	3.5082419229e+02
238              	Bottom	2.5478128789e+01	2.6145780938e+02	1.3180149043e+02
238              	Top	4.5299772618e+01	2.8276398320e+02	1.5776149936e+02
238              	e423_0	1.6256229804e+01	6.6118660158e+02	3.5082434712e+02
239              	Bottom	2.5478438292e+01	2.6145675264e+02	1.3180090379e+02
239              	Top	4.5299900865e+01	2.8276632244e+02	1.5776156461e+02
239              	e423_0	1.6256226890e+01	6.6118664251e+02	3.5082449377e+02
240              	Bottom	2.5479068556e+01	2.6145537674e+02	1.3180025214e+02
240              	Top	4.5300050893e+01	2.8276839395e+02	1.5776152139e+02
240              	e423_0	1.6256225636e+01	6.6118668013e+02	3.5082463212e+02
241              	Bottom	2.5479996902e+01	2.6145370372e+02	1.3179954245e+02
241              	Top	4.5300219659e+01	2.8277018900e+02	1.5776137605e+02
241              	e423_0	1.6256225920e+01	6.6118671451e+02	3.5082476209e+02
242              	Bottom	2.5481198391e+01	2.6145175773e+02	1.3179878200e+02
242              	Top	4.5300404664e+01	2.8277170370e+02	1.5776113578e+02
242              	e423_0	1.6256227631e+01	6.6118674574e+02	3.5082488364e+02
243              	Bottom	2.5482646757e+01	2.6144956530e+02	1.3179797835e+02
243              	Top	4.5300603252e+01	2.8277293851e+02	1.5776080848e+02
243              	e423_0	1.6256230660e+01	6.6118677390e+02	3.5082499677e+02
244              	Bottom	2.5484314767e+01	2.6144715484e+02	1.3179713931e+02
244              	Top	4.5300812815e+01	2.8277389816e+02	1.5776040272e+02
244              	e423_0	1.6256234901e+01	6.6118679910e+02	3.5082510154e+02
245              	Bottom	2.5486174405e+01	2.6144455672e+02	1.3179627289e+02
245              	Top	4.5301030652e+01	2.8277459162e+02	1.5775992756e+02
245              	e423_0	1.6256240248e+01	6.6118682145e+02	3.5082519804e+02
246              	Bottom	2.5488197154e+01	2.6144180268e+02	1.3179538730e+02
246              	Top	4.5301254123e+01	2.8277503163e+02	1.5775939246e+02
246              	e423_0	1.6256246596e+01	6.6118684106e+02	3.5082528641e+02
247              	Bottom	2.5490354148e+01	2.6143892571e+02	1.3179449082e+02
247              	Top	4.5301480571e+01	2.8277523428e+02	1.5775880714e+02
247              	e423_0	1.6256253842e+01	6.6118685806e+02	3.5082536685e+02
248              	Bottom	2.5492616356e+01	2.6143595937e+02	1.3179359174e+02
248              	Top	4.5301707410e+01	2.8277521835e+02	1.5775818143e+02
248              	e423_0	1.6256261880e+01	6.6118687258e+02	3.5082543957e+02
249              	Bottom	2.5494954835e+01	2.6143293719e+02	1.3179269820e+02
249              	Top	4.5301932187e+01	2.8277500479e+02	1.5775752516e+02
249              	e423_0	1.6256270607e+01	6.6118688473e+02	3.5082550483e+02
250              	Bottom	2.5497341166e+01	2.6142989211e+02	1.3179181807e+02
250              	Top	4.5302152626e+01	2.8277461610e+02	1.5775684798e+02
250              	e423_0	1.6256279921e+01	6.6118689465e+02	3.5082556291e+02
251              	Bottom	2.5499747947e+01	2.6142685592e+02	1.3179095879e+02
251              	Top	4.5302366660e+01	2.8277407596e+02	1.5775615926e+02
251              	e423_0	1.6256289720e+01	6.6118690246e+02	3.5082561407e+02
252              	Bottom	2.5502149265e+01	2.6142385883e+02	1.3179012729e+02
252              	Top	4.5302572441e+01	2.8277340871e+02	1.5775546800e+02
252              	e423_0	1.6256299902e+01	6.6118690828e+02	3.5082565862e+02
253              	Bottom	2.5504521027e+01	2.6142092910e+02	1.3178932991e+02
253              	Top	4.5302768322e+01	2.8277263896e+02	1.5775478266e+02
253              	e423_0	1.6256310371e+01	6.6118691225e+02	3.5082569684e+02
254              	Bottom	2.5506841140e+01	2.6141809267e+02	1.3178857235e+02
254              	Top	4.5302952852e+01	2.8277179117e+02	1.5775411116e+02
254              	e423_0	1.6256321032e+01	6.6118691448e+02	3.5082572903e+02
255              	Bottom	2.5509089536e+01	2.6141537289e+02	1.3178785961e+02
255              	Top	4.5303124774e+01	2.8277088923e+02	1.5775346076e+02
255              	e423_0	1.6256331794e+01	6.6118691509e+02	3.5082575548e+02
256              	Bottom	2.5511248160e+01	2.6141279031e+02	1.3178719596e+02
256              	Top	4.5303283035e+01	2.8276995601e+02	1.5775283803e+02
256              	e423_0	1.6256342568e+01	6.6118691421e+02	3.5082577648e+02
257              	Bottom	2.5513301003e+01	2.6141036247e+02	1.3178658492e+02
257              	Top	4.5303426809e+01	2.8276901302e+02	1.5775224878e+02
257              	e423_0	1.6256353272e+01	6.6118691196e+02	3.5082579235e+02
258              	Bottom	2.5515234208e+01	2.6140810381e+02	1.3178602914e+02
258              	Top	4.5303555523e+01	2.8276808014e+02	1.5775169806e+02
258              	e423_0	1.6256363827e+01	6.6118690845e+02	3.5082580341e+02
259              	Bottom	2.5517036228e+01	2.6140602560e+02	1.3178553049e+02
259              	Top	4.5303668849e+01	2.8276717543e+02	1.5775119009e+02
259              	e423_0	1.6256374162e+01	6.6118690381e+02	3.5082580997e+02
260              	Bottom	2.5518697986e+01	2.6140413602e+02	1.3178508997e+02
260              	Top	4.5303766701e+01	2.8276631500e+02	1.5775072829e+02
260              	e423_0	1.6256384210e+01	6.6118689816e+02	3.5082581239e+02
261              	Bottom	2.5520212936e+01	2.6140244023e+02	1.3178470781e+02
261              	Top	4.5303849201e+01	2.8276551293e+02	1.5775031523e+02
261              	e423_0	1.6256393910e+01	6.6118689159e+02	3.5082581099e+02
262              	Bottom	2.5521576992e+01	2.6140094046e+02	1.3178438346e+02
262              	Top	4.5303916643e+01	2.8276478127e+02	1.5774995270e+02
262              	e423_0	1.6256403208e+01	6.6118688424e+02	3.5082580612e+02
263              	Bottom	2.5522788326e+01	2.6139963620e+02	1.3178411573e+02
263              	Top	4.5303969467e+01	2.8276412988e+02	1.5774964169e+02
263              	e423_0	1.6256412059e+01	6.6118687620e+02	3.5082579812e+02
264              	Bottom	2.5523847114e+01	2.6139852425e+02	1.3178390277e+02
264              	Top	4.5304008249e+01	2.8276356649e+02	1.5774938247e+02
264              	e423_0	1.6256420423e+01	6.6118686757e+02	3.5082578733e+02
265              	Bottom	2.5524755241e+01	2.6139759922e+02	1.3178374220e+02
265              	Top	4.5304033685e+01	2.8276309658e+02	1.5774917465e+02
265              	e423_0	1.6256428265e+01	6.6118685848e+02	3.5082577406e+02
266              	Bottom	2.5525516133e+01	2.6139685349e+02	1.3178363113e+02
266              	Top	4.5304046516e+01	2.8276272369e+02	1.5774901715e+02
266              	e423_0	1.6256435565e+01	6.6118684902e+02	3.5082575863e+02
267              	Bottom	2.5526134752e+01	2.6139627724e+02	1.3178356619e+02
267              	Top	4.5304047768e+01	2.8276244916e+02	1.5774890833e+02
267              	e423_0	1.6256442302e+01	6.6118683926e+02	3.5082574132e+02
268              	Bottom	2.5526617311e+01	2.6139585932e+02	1.3178354366e+02
268              	Top	4.5304038395e+01	2.8276227248e+02	1.5774884604e+02
268              	e423_0	1.6256448462e+01	6.6118682931e+02	3.5082572244e+02
269              	Bottom	2.5526971332e+01	2.6139558739e+02	1.3178355952e+02
269              	Top	4.5304019474e+01	2.8276219169e+02	1.5774882765e+02
269              	e423_0	1.6256454042e+01	6.6118681926e+02	3.5082570224e+02
270              	Bottom	2.5527205406e+01	2.6139544810e+02	1.3178360954e+02
270              	Top	4.5303992111e+01	2.8276220326e+02	1.5774885017e+02
270              	e423_0	1.6256459045e+01	6.6118680919e+02	3.5082568098e+02
271              	Bottom	2.5527328963e+01	2.6139542755e+02	1.3178368940e+02
271              	Top	4.5303957424e+01	2.8276230250e+02	1.5774891028e+02
271              	e423_0	1.6256463477e+01	6.6118679917e+02	3.5082565891e+02
272              	Bottom	2.5527352061e+01	2.6139551144e+02	1.3178379473e+02
272              	Top	4.5303916532e+01	2.8276248364e+02	1.5774900444e+02
272              	e423_0	1.6256467352e+01	6.6118678926e+02	3.5082563627e+02
273              	Bottom	2.5527284812e+01	2.6139568549e+02	1.3178392127e+02
273              	Top	4.5303870379e+01	2.8276274006e+02	1.5774912896e+02
273              	e423_0	1.6256470686e+01	6.6118677955e+02	3.5082561328e+02
274              	Bottom	2.5527137606e+01	2.6139593559e+02	1.3178406483e+02
274              	Top	4.5303820079e+01	2.8276306447e+02	1.5774928006e+02
274              	e423_0	1.6256473504e+01	6.6118677008e+02	3.5082559016e+02
275              	Bottom	2.5526920672e+01	2.6139624792e+02	1.3178422139e+02
275              	Top	4.5303766595e+01	2.8276344902e+02	1.5774945393e+02
275              	e423_0	1.6256475830e+01	6.6118676091e+02	3.5082556710e+02
276              	Bottom	2.5526644088e+01	2.6139660921e+02	1.3178438711e+02
276              	Top	4.5303710885e+01	2.8276388561e+02	1.5774964675e+02
276              	e423_0	1.6256477693e+01	6.6118675208e+02	3.5082554429e+02
277              	Bottom	2.5526317735e+01	2.6139700698e+02	1.3178455838e+02
277              	Top	4.5303653847e+01	2.8276436598e+02	1.5774985480e+02
277              	e423_0	1.6256479126e+01	6.6118674363e+02	3.5082552189e+02
278              	Bottom	2.5525951225e+01	2.6139742964e+02	1.3178473188e+02
278              	Top	4.5303596314e+01	2.8276488196e+02	1.5775007446e+02
278              	e423_0	1.6256480163e+01	6.6118673560e+02	3.5082550005e+02
279              	Bottom	2.5525553794e+01	2.6139786662e+02	1.3178490460e+02
279              	Top	4.5303539040e+01	2.8276542560e+02	1.5775030228e+02
279              	e423_0	1.6256480839e+01	6.6118672800e+02	3.5082547889e+02
280              	Bottom	2.5525134173e+01	2.6139830840e+02	1.3178507386e+02
280              	Top	4.5303482692e+01	2.8276598923e+02	1.5775053499e+02
280              	e423_0	1.6256481192e+01	6.6118672087e+02	3.5082545852e+02
281              	Bottom	2.5524700427e+01	2.6139874659e+02	1.3178523733e+02
281              	Top	4.5303427844e+01	2.8276656560e+02	1.5775076955e+02
281              	e423_0	1.6256481257e+01	6.6118671421e+02	3.5082543903e+02
282              	Bottom	2.5524259875e+01	2.6139917387e+02	1.3178539303e+02
282              	Top	4.5303374990e+01	2.8276714789e+02	1.5775100319e+02
282              	e423_0	1.6256481072e+01	6.6118670804e+02	3.5082542048e+02
283              	Bottom	2.5523819045e+01	2.6139958401e+02	1.3178553934e+02
283              	Top	4.5303324554e+01	2.8276772977e+02	1.5775123338e+02
283              	e423_0	1.6256480672e+01	6.6118670236e+02	3.5082540294e+02
284              	Bottom	2.5523383704e+01	2.6139997184e+02	1.3178567492e+02
284              	Top	4.5303276894e+01	2.8276830546e+02	1.5775145785e+02
284              	e423_0	1.6256480093e+01	6.6118669717e+02	3.5082538644e+02
285              	Bottom	2.5522958929e+01	2.6140033319e+02	1.3178579876e+02
285              	Top	4.5303232311e+01	2.8276886974e+02	1.5775167461e+02
285              	e423_0	1.6256479369e+01	6.6118669247e+02	3.5082537101e+02
286              	Bottom	2.5522549164e+01	2.6140066489e+02	1.3178591013e+02
286              	Top	4.5303191039e+01	2.8276941806e+02	1.5775188195e+02
286              	e423_0	1.6256478530e+01	6.6118668823e+02	3.5082535667e+02
287              	Bottom	2.5522158245e+01	2.6140096468e+02	1.3178600857e+02
287              	Top	4.5303153251e+01	2.8276994647e+02	1.5775207842e+02
287              	e423_0	1.6256477607e+01	6.6118668446e+02	3.5082534342e+02
288              	Bottom	2.5521789522e+01	2.6140123126e+02	1.3178609388e+02
288              	Top	4.5303119067e+01	2.8277045167e+02	1.5775226283e+02
288              	e423_0	1.6256476628e+01	6.6118668113e+02	3.5082533126e+02
289              	Bottom	2.5521445413e+01	2.6140146378e+02	1.3178616609e+02
289              	Top	4.5303088459e+01	2.8277093096e+02	1.5775243424e+02
289              	e423_0	1.6256475618e+01	6.6118667822e+02	3.5082532018e+02
290              	Bottom	2.5521127946e+01	2.6140166232e+02	1.3178622544e+02
290              	Top	4.5303061502e+01	2.8277138216e+02	1.5775259195e+02
290              	e423_0	1.6256474599e+01	6.6118667571e+02	3.5082531016e+02
291              	Bottom	2.5520838537e+01	2.6140182749e+02	1.3178627234e+02
291              	Top	4.5303038079e+01	2.8277180359e+02	1.5775273549e+02
291              	e423_0	1.6256473594e+01	6.6118667358e+02	3.5082530115e+02
292              	Bottom	2.5520577959e+01	2.6140196028e+02	1.3178630735e+02
292              	Top	4.5303018141e+01	2.8277219406e+02	1.5775286460e+02
292              	e423_0	1.6256472618e+01	6.6118667180e+02	3.5082529313e+02
293              	Bottom	2.5520346562e+01	2.6140206209e+02	1.3178633116e+02
293              	Top	4.5303001564e+01	2.8277255281e+02	1.5775297922e+02
293              	e423_0	1.6256471687e+01	6.6118667034e+02	3.5082528603e+02
294              	Bottom	2.5520144322e+01	2.6140213462e+02	1.3178634449e+02
294              	Top	4.5302988223e+01	2.8277287948e+02	1.5775307942e+02
294              	e423_0	1.6256470815e+01	6.6118666917e+02	3.5082527982e+02
295              	Bottom	2.5519970895e+01	2.6140217983e+02	1.3178634818e+02
295              	Top	4.5302977977e+01	2.8277317409e+02	1.5775316546e+02
295              	e423_0	1.6256470010e+01	6.6118666827e+02	3.5082527442e+02
296              	Bottom	2.5519825729e+01	2.6140219979e+02	1.3178634309e+02
296              	Top	4.5302970637e+01	2.8277343700e+02	1.5775323769e+02
296              	e423_0	1.6256469283e+01	6.6118666761e+02	3.5082526978e+02
297              	Bottom	2.5519708012e+01	2.6140219691e+02	1.3178633012e+02
297              	Top	4.5302966008e+01	2.8277366884e+02	1.5775329661e+02
297              	e423_0	1.6256468637e+01	6.6118666715e+02	3.5082526583e+02
298              	Bottom	2.5519616659e+01	2.6140217342e+02	1.3178631018e+02
298              	Top	4.5302963906e+01	2.8277387045e+02	1.5775334280e+02
298              	e423_0	1.6256468078e+01	6.6118666688e+02	3.5082526252e+02
299              	Bottom	2.5519550377e+01	2.6140213162e+02	1.3178628419e+02
299              	Top	4.5302964099e+01	2.8277404286e+02	1.5775337692e+02
299              	e423_0	1.6256467606e+01	6.6118666677e+02	3.5082525979e+02
300              	Bottom	2.5519507656e+01	2.6140207375e+02	1.3178625304e+02
300              	Top	4.5302966381e+01	2.8277418723e+02	1.5775339969e+02
300              	e423_0	1.6256467224e+01	6.6118666679e+02	3.5082525756e+02
301              	Bottom	2.5519486902e+01	2.6140200209e+02	1.3178621761e+02
301              	Top	4.5302970470e+01	2.8277430484e+02	1.5775341191e+02
301              	e423_0	1.6256466929e+01	6.6118666692e+02	3.5082525579e+02
302              	Bottom	2.5519486405e+01	2.6140191850e+02	1.3178617864e+02
302              	Top	4.5302976350e+01	2.8277439711e+02	1.5775341434e+02
302              	e423_0	1.6256466719e+01	6.6118666713e+02	3.5082525441e+02
303              	Bottom	2.5519504475e+01	2.6140182503e+02	1.3178613693e+02
303              	Top	4.5302983642e+01	2.8277446526e+02	1.5775340781e+02
303              	e423_0	1.6256466591e+01	6.6118666741e+02	3.5082525338e+02
304              	Bottom	2.5519539424e+01	2.6140172357e+02	1.3178609319e+02
304              	Top	4.5302992220e+01	2.8277451095e+02	1.5775339317e+02
304              	e423_0	1.6256466540e+01	6.6118666774e+02	3.5082525265e+02
305              	Bottom	2.5519589565e+01	2.6140161586e+02	1.3178604808e+02
305              	Top	4.5303001880e+01	2.8277453566e+02	1.5775337124e+02
305              	e423_0	1.6256466562e+01	6.6118666809e+02	3.5082525215e+02
306              	Bottom	2.5519653224e+01	2.6140150348e+02	1.3178600221e+02
306              	Top	4.5303012432e+01	2.8277454094e+02	1.5775334285e+02
306              	e423_0	1.6256466651e+01	6.6118666847e+02	3.5082525186e+02
307              	Bottom	2.5519728693e+01	2.6140138790e+02	1.3178595612e+02
307              	Top	4.5303023699e+01	2.8277452833e+02	1.5775330883e+02
307              	e423_0	1.6256466800e+01	6.6118666884e+02	3.5082525172e+02
308              	Bottom	2.5519814285e+01	2.6140127047e+02	1.3178591032e+02
308              	Top	4.5303035498e+01	2.8277449932e+02	1.5775326996e+02
308              	e423_0	1.6256467004e+01	6.6118666920e+02	3.5082525169e+02
309              	Bottom	2.5519908365e+01	2.6140115238e+02	1.3178586525e+02
309              	Top	4.5303047672e+01	2.8277445539e+02	1.5775322701e+02
309              	e423_0	1.6256467256e+01	6.6118666955e+02	3.5082525174e+02
310              	Bottom	2.5520009290e+01	2.6140103470e+02	1.3178582130e+02
310              	Top	4.5303060082e+01	2.8277439800e+02	1.5775318072e+02
310              	e423_0	1.6256467548e+01	6.6118666987e+02	3.5082525184e+02
311              	Bottom	2.5520115540e+01	2.6140091842e+02	1.3178577880e+02
311              	Top	4.5303072584e+01	2.8277432856e+02	1.5775313179e+02
311              	e423_0	1.6256467875e+01	6.6118667015e+02	3.5082525197e+02
312              	Bottom	2.5520225689e+01	2.6140080440e+02	1.3178573803e+02
312              	Top	4.5303085059e+01	2.8277424848e+02	1.5775308090e+02
312              	e423_0	1.6256468231e+01	6.6118667040e+02	3.5082525208e+02
313              	Bottom	2.5520338405e+01	2.6140069346e+02	1.3178569924e+02
313              	Top	4.5303097388e+01	2.8277415915e+02	1.5775302866e+02
313              	e423_0	1.6256468608e+01	6.6118667060e+02	3.5082525217e+02
314              	Bottom	2.5520452443e+01	2.6140058631e+02	1.3178566263e+02
314              	Top	4.5303109460e+01	2.8277406191e+02	1.5775297566e+02
314              	e423_0	1.6256469001e+01	6.6118667076e+02	3.5082525223e+02
315              	Bottom	2.5520566547e+01	2.6140048356e+02	1.3178562838e+02
315              	Top	4.5303121140e+01	2.8277395807e+02	1.5775292246e+02
315              	e423_0	1.6256469404e+01	6.6118667087e+02	3.5082525223e+02
316              	Bottom	2.5520679719e+01	2.6140038585e+02	1.3178559663e+02
316              	Top	4.5303132449e+01	2.8277384888e+02	1.5775286956e+02
316              	e423_0	1.6256469812e+01	6.6118667094e+02	3.5082525217e+02
317              	Bottom	2.5520790874e+01	2.6140029366e+02	1.3178556749e+02
317              	Top	4.5303143174e+01	2.8277373555e+02	1.5775281743e+02
317              	e423_0	1.6256470221e+01	6.6118667096e+02	3.5082525205e+02
318              	Bottom	2.5520899076e+01	2.6140020744e+02	1.3178554105e+02
318              	Top	4.5303153295e+01	2.8277361926e+02	1.5775276648e+02
318              	e423_0	1.6256470625e+01	6.6118667094e+02	3.5082525185e+02
319              	Bottom	2.5521003328e+01	2.6140012751e+02	1.3178551735e+02
319              	Top	4.5303162796e+01	2.8277350107e+02	1.5775271710e+02
319              	e423_0	1.6256471020e+01	6.6118667087e+02	3.5082525157e+02
320              	Bottom	2.5521102908e+01	2.6140005423e+02	1.3178549642e+02
320              	Top	4.5303171591e+01	2.8277338207e+02	1.5775266963e+02
320              	e423_0	1.6256471403e+01	6.6118667077e+02	3.5082525122e+02
321              	Bottom	2.5521197159e+01	2.6139998786e+02	1.3178547825e+02
321              	Top	4.5303179657e+01	2.8277326325e+02	1.5775262435e+02
321              	e423_0	1.6256471771e+01	6.6118667063e+02	3.5082525080e+02
322              	Bottom	2.5521285529e+01	2.6139992862e+02	1.3178546282e+02
322              	Top	4.5303186964e+01	2.8277314557e+02	1.5775258153e+02
322              	e423_0	1.6256472120e+01	6.6118667046e+02	3.5082525030e+02
323              	Bottom	2.5521367547e+01	2.6139987667e+02	1.3178545012e+02
323              	Top	4.5303193489e+01	2.8277302992e+02	1.5775254137e+02
323              	e423_0	1.6256472448e+01	6.6118667026e+02	3.5082524974e+02
324              	Bottom	2.5521442817e+01	2.6139983213e+02	1.3178544008e+02
324              	Top	4.5303199216e+01	2.8277291713e+02	1.5775250406e+02
324              	e423_0	1.6256472754e+01	6.6118667003e+02	3.5082524911e+02
