# y+ ()          
# Time           	patch            	min              	max              	average          
1                	Bottom	9.1178297975e+01	4.4869804419e+02	2.5957083974e+02
1                	Top	1.5005628956e+02	4.7261840925e+02	3.0742824278e+02
1                	e423_0	2.6112192723e+01	7.1901497245e+02	3.5707786308e+02
2                	Bottom	4.8301617653e+01	4.0542364439e+02	2.3802978047e+02
2                	Top	1.1791262442e+02	5.7758221111e+02	3.2286206277e+02
2                	e423_0	1.0130890609e+02	7.7937283189e+02	3.7542898353e+02
3                	Bottom	4.0475458319e+01	4.3224506892e+02	2.2259555080e+02
3                	Top	1.1008419918e+02	6.3909511252e+02	3.2067349412e+02
3                	e423_0	7.1948312753e+01	7.1613491494e+02	3.7063475417e+02
4                	Bottom	3.7651635909e+01	4.5194968183e+02	2.0958353370e+02
4                	Top	5.0870700846e+01	6.7867679353e+02	3.1648713845e+02
4                	e423_0	6.1074300692e+01	7.1087756545e+02	3.6823463325e+02
5                	Bottom	4.0895061645e+01	4.5346035512e+02	2.2738382769e+02
5                	Top	1.1232550807e+02	7.0699307482e+02	3.2180872276e+02
5                	e423_0	5.0538234083e+01	7.4067790076e+02	3.6428591422e+02
6                	Bottom	5.1902532998e+01	4.7127367054e+02	2.4989351659e+02
6                	Top	1.1452968145e+02	7.2939597545e+02	3.2152250022e+02
6                	e423_0	3.7151113854e+01	7.6392893146e+02	3.6053278953e+02
7                	Bottom	4.5213858486e+01	4.8283168449e+02	2.6244496115e+02
7                	Top	1.1451622048e+02	7.4585436676e+02	3.2198567362e+02
7                	e423_0	2.2622492992e+01	7.8054349979e+02	3.5559577552e+02
8                	Bottom	3.7921503366e+01	4.9130650717e+02	2.6785262843e+02
8                	Top	1.0191134940e+02	7.5812194797e+02	3.2323958769e+02
8                	e423_0	8.3288823936e+00	7.9977588207e+02	3.5066045656e+02
9                	Bottom	1.5566863015e+01	4.9885400278e+02	2.6411241353e+02
9                	Top	9.3327704134e+01	7.7209621882e+02	3.2481511445e+02
9                	e423_0	4.1925348990e+00	8.1534989522e+02	3.4592003324e+02
10               	Bottom	3.3244372334e+01	5.0612325195e+02	2.7059076544e+02
10               	Top	8.1188404637e+01	7.7725079779e+02	3.2534319334e+02
10               	e423_0	2.2375406557e+01	8.2939064447e+02	3.4110337202e+02
11               	Bottom	3.1389697745e+01	5.1212842742e+02	2.7164535764e+02
11               	Top	6.3940606044e+01	7.7361858178e+02	3.2535657606e+02
11               	e423_0	7.9683220608e+01	8.3927240140e+02	3.3715847831e+02
12               	Bottom	1.7246993853e+01	5.1549905232e+02	2.6798069825e+02
12               	Top	2.1657124631e+01	7.6151433493e+02	3.2208227644e+02
12               	e423_0	1.0787730981e+02	8.5029188036e+02	3.3229323394e+02
13               	Bottom	8.2809434839e+00	5.1419488066e+02	2.6195301246e+02
13               	Top	5.9930508835e+01	7.4239141891e+02	3.2170405095e+02
13               	e423_0	1.0380375056e+02	8.5838785932e+02	3.2645367813e+02
14               	Bottom	4.4700992981e+00	5.0689791698e+02	2.5423195841e+02
14               	Top	8.7089160150e+01	7.1874949778e+02	3.1939222612e+02
14               	e423_0	1.0317892843e+02	8.6553824441e+02	3.2038973139e+02
15               	Bottom	2.9063108858e+00	4.9250579659e+02	2.4537374760e+02
15               	Top	1.0691542769e+02	6.9203104292e+02	3.1586420616e+02
15               	e423_0	9.4655136633e+01	8.7201536675e+02	3.1393450826e+02
16               	Bottom	2.2212382170e+00	4.7049383676e+02	2.4053617499e+02
16               	Top	1.1119984484e+02	6.6360016115e+02	3.1174519512e+02
16               	e423_0	8.4586735305e+01	8.7791495933e+02	3.0703989719e+02
17               	Bottom	1.9337090996e+00	4.4149373427e+02	2.3551554922e+02
17               	Top	9.0538824189e+01	6.3434055899e+02	3.0715859269e+02
17               	e423_0	7.2302451881e+01	8.8314672108e+02	2.9954786871e+02
18               	Bottom	1.8375362300e+00	4.0750676587e+02	2.2961501177e+02
18               	Top	6.7590808718e+01	6.0466211294e+02	3.0217616916e+02
18               	e423_0	5.6796712551e+01	8.8757219284e+02	2.9124027619e+02
19               	Bottom	1.8291623511e+00	3.6918641926e+02	2.2278921728e+02
19               	Top	3.4788301576e+01	5.7349032508e+02	2.9639916591e+02
19               	e423_0	3.6265900849e+01	8.9115814180e+02	2.8177894768e+02
20               	Bottom	1.8610423495e+00	3.6285407307e+02	2.1464147675e+02
20               	Top	4.8664194407e+01	5.4034980523e+02	2.9294314998e+02
20               	e423_0	4.6662113913e+00	8.9386488497e+02	2.7026436530e+02
21               	Bottom	1.9169317134e+00	3.6685548901e+02	2.0149448619e+02
21               	Top	7.6415232589e+01	5.0525518844e+02	2.8991832964e+02
21               	e423_0	2.5514183081e+01	8.9531562140e+02	2.7394219262e+02
22               	Bottom	1.9696109725e+00	3.7079184955e+02	2.0206765322e+02
22               	Top	9.6949257090e+01	4.6831628679e+02	2.8633322806e+02
22               	e423_0	4.8004444677e+00	8.9652016785e+02	2.7438865268e+02
23               	Bottom	1.8305466609e+01	3.7447951283e+02	2.0074526772e+02
23               	Top	8.3236939366e+01	4.5200531318e+02	2.8255939846e+02
23               	e423_0	5.6475426558e+00	8.9711726679e+02	2.7473893410e+02
24               	Bottom	1.8393233625e+01	3.7774365094e+02	1.9991189111e+02
24               	Top	6.1472238378e+01	4.5692050451e+02	2.7836089165e+02
24               	e423_0	1.5929283950e+01	8.9706704243e+02	2.7428765287e+02
25               	Bottom	1.6314392484e+01	3.8131350848e+02	2.0689403288e+02
25               	Top	2.3540126881e+01	4.6133297646e+02	2.7253235704e+02
25               	e423_0	2.1359712258e+01	8.9639101081e+02	2.7347736568e+02
26               	Bottom	3.5139236521e+01	3.8495417762e+02	2.1297548104e+02
26               	Top	5.5605802665e+01	4.6516824595e+02	2.6925449745e+02
26               	e423_0	7.6469912402e+00	8.9507664297e+02	2.7216353476e+02
27               	Bottom	3.5212352562e+01	3.8855768322e+02	2.1634737823e+02
27               	Top	7.3035165915e+01	4.6848044225e+02	2.6631000172e+02
27               	e423_0	1.7540496765e+01	8.9321878032e+02	2.7172760299e+02
28               	Bottom	1.8318199651e+01	3.9168914777e+02	2.2138814189e+02
28               	Top	6.9277326119e+01	4.7112806556e+02	2.6928490927e+02
28               	e423_0	1.7965260751e+01	8.9085404243e+02	2.7138568967e+02
29               	Bottom	5.3990837170e+01	3.9519840048e+02	2.2952111728e+02
29               	Top	3.5084112277e+01	4.7580280096e+02	2.6824983030e+02
29               	e423_0	4.3749647368e+00	8.8786818312e+02	2.7027900713e+02
30               	Bottom	7.4554274050e+01	3.9920076348e+02	2.3615395840e+02
30               	Top	2.9447551879e+01	4.7992170656e+02	2.6542199862e+02
30               	e423_0	1.4940525018e+01	8.8430989969e+02	2.6938382484e+02
31               	Bottom	7.2916699695e+01	4.0374712814e+02	2.4129616268e+02
31               	Top	6.8686679644e+01	4.8341682466e+02	2.7576278829e+02
31               	e423_0	1.3771996360e+01	8.8030545317e+02	2.6789570474e+02
32               	Bottom	4.0357305772e+01	4.0854033385e+02	2.4355478354e+02
32               	Top	3.6420240605e+01	4.8628847996e+02	2.8130041504e+02
32               	e423_0	8.9272959640e+00	8.7582707047e+02	2.6677740861e+02
33               	Bottom	1.4257904103e+01	4.1298714887e+02	2.4666829339e+02
33               	Top	4.7167301573e+01	4.8847313124e+02	2.8766543560e+02
33               	e423_0	5.4433108467e+00	8.7082957232e+02	2.6547038735e+02
34               	Bottom	5.4571979621e+01	4.1781205916e+02	2.5110096082e+02
34               	Top	6.6754997218e+01	4.9010178475e+02	2.9401694393e+02
34               	e423_0	1.9779674360e+00	8.6557464183e+02	2.6361888242e+02
35               	Bottom	6.5852034646e+01	4.2605791620e+02	2.5501015205e+02
35               	Top	3.2342052767e+01	4.9129408772e+02	2.9855905781e+02
35               	e423_0	6.7526693287e+00	8.6005581243e+02	2.6347798950e+02
36               	Bottom	2.8782037041e+01	4.3766962696e+02	2.6071276623e+02
36               	Top	3.8975041284e+01	4.9183006913e+02	3.0449041965e+02
36               	e423_0	6.8594521282e+00	8.5431595847e+02	2.6222812635e+02
37               	Bottom	5.6755624195e+01	4.5359476644e+02	2.7089622878e+02
37               	Top	4.7482053148e+01	4.9168452092e+02	3.1278317966e+02
37               	e423_0	5.5075811614e+00	8.4838707339e+02	2.6029656593e+02
38               	Bottom	8.5963922170e+01	4.7142766355e+02	2.7895263803e+02
38               	Top	7.6684821168e+01	4.9353839779e+02	3.2153194095e+02
38               	e423_0	1.4299600453e+00	8.4244016200e+02	2.5819458092e+02
39               	Bottom	7.5474992096e+01	4.8969936670e+02	2.8453277311e+02
39               	Top	9.7126929325e+01	4.9488649593e+02	3.2934664096e+02
39               	e423_0	6.3441046503e+00	8.3627619864e+02	2.5573992968e+02
40               	Bottom	3.6549405549e+01	5.0890563181e+02	2.8944179981e+02
40               	Top	1.1214631590e+02	4.9524580470e+02	3.3681433887e+02
40               	e423_0	8.4569093233e+00	8.3007262963e+02	2.5436399447e+02
41               	Bottom	8.3689119016e+01	5.2846480769e+02	2.9861609960e+02
41               	Top	1.0852317243e+02	4.9467657550e+02	3.4374372052e+02
41               	e423_0	1.0237082904e+01	8.2396317231e+02	2.5401612276e+02
42               	Bottom	1.0746866255e+02	5.4822047401e+02	3.0511231157e+02
42               	Top	1.0513072772e+02	5.0699972284e+02	3.5028445457e+02
42               	e423_0	1.1810056023e+01	8.1784160119e+02	2.5409158273e+02
43               	Bottom	1.1799068469e+02	5.6898835183e+02	3.1174875508e+02
43               	Top	1.0100701317e+02	5.3070167513e+02	3.5625779443e+02
43               	e423_0	8.9046040408e+00	8.1199354527e+02	2.5249154719e+02
44               	Bottom	1.2111543605e+02	5.9068359473e+02	3.1886621821e+02
44               	Top	9.6490544739e+01	5.5385741512e+02	3.6158160003e+02
44               	e423_0	5.2435737787e+00	8.0648682795e+02	2.5096942157e+02
45               	Bottom	1.1745127648e+02	6.1124361537e+02	3.2498636121e+02
45               	Top	9.1931774961e+01	5.7592303973e+02	3.6623038896e+02
45               	e423_0	3.9228247075e+00	8.0132104562e+02	2.4959204316e+02
46               	Bottom	8.3678436631e+01	6.3407388924e+02	3.3006561882e+02
46               	Top	8.6819399463e+01	6.0109570191e+02	3.7046887218e+02
46               	e423_0	8.4162749011e+00	7.9667046971e+02	2.4913161345e+02
47               	Bottom	1.1105180132e+01	6.6227953147e+02	3.3256629862e+02
47               	Top	8.1898914770e+01	6.2358880674e+02	3.7395268564e+02
47               	e423_0	1.0890935369e+01	7.9246523295e+02	2.4928444106e+02
48               	Bottom	8.3065071601e+01	6.9193835488e+02	3.4222796890e+02
48               	Top	7.7545919092e+01	6.5080003386e+02	3.7675074372e+02
48               	e423_0	5.5246814350e+00	7.8862011296e+02	2.4884357550e+02
49               	Bottom	1.1045281496e+02	7.2200463828e+02	3.4663326703e+02
49               	Top	7.3340246931e+01	6.8073017824e+02	3.7903965344e+02
49               	e423_0	1.2991832377e+01	7.8513734202e+02	2.4893777972e+02
50               	Bottom	1.2312481745e+02	7.5149956159e+02	3.5123463052e+02
50               	Top	6.9579608298e+01	7.1276459231e+02	3.8093638143e+02
50               	e423_0	6.7597529102e+00	7.8199512566e+02	2.4860463921e+02
51               	Bottom	1.3222397146e+02	7.8172592924e+02	3.5508882517e+02
51               	Top	6.5163111099e+01	7.4543599843e+02	3.8224539064e+02
51               	e423_0	8.6834852708e+00	7.7940673399e+02	2.4868318854e+02
52               	Bottom	1.0318339790e+02	8.0870731950e+02	3.5743816027e+02
52               	Top	6.1847594400e+01	7.7822570545e+02	3.8278187058e+02
52               	e423_0	8.5797243771e+00	7.7731063387e+02	2.4859462211e+02
53               	Bottom	6.1528292880e+01	8.3219878252e+02	3.5787885273e+02
53               	Top	5.9069897181e+01	8.0849561074e+02	3.8280594366e+02
53               	e423_0	1.5224590669e+00	7.7567326255e+02	2.4819494738e+02
54               	Bottom	5.1833929922e+01	8.5280395152e+02	3.5885028255e+02
54               	Top	5.6927650414e+01	8.3694438259e+02	3.8240492363e+02
54               	e423_0	3.0622592830e+00	7.7445088950e+02	2.4821242332e+02
55               	Bottom	9.0004180769e+01	8.7022637509e+02	3.6085912756e+02
55               	Top	5.5976799961e+01	8.6390246688e+02	3.8158376465e+02
55               	e423_0	6.0533466283e+00	7.7356479980e+02	2.4799987941e+02
56               	Bottom	1.0944663694e+02	8.8373055580e+02	3.6008709417e+02
56               	Top	5.6258831819e+01	8.8993752346e+02	3.8026761379e+02
56               	e423_0	5.5173601415e+00	7.7298373444e+02	2.4760083521e+02
57               	Bottom	1.2118117941e+02	8.9309428686e+02	3.5737226369e+02
57               	Top	5.8765895371e+01	9.1393096800e+02	3.7845127967e+02
57               	e423_0	6.6522057355e+00	7.7274843109e+02	2.4713790522e+02
58               	Bottom	8.4584422570e+01	8.9892729749e+02	3.5153566253e+02
58               	Top	6.1154938385e+01	9.3538672115e+02	3.7602225194e+02
58               	e423_0	3.2403850332e+00	7.7275092853e+02	2.4695134317e+02
59               	Bottom	3.9278597485e+01	9.0136118057e+02	3.4388470178e+02
59               	Top	6.3446892020e+01	9.5410778055e+02	3.7306994444e+02
59               	e423_0	4.4538793855e+00	7.7297237746e+02	2.4694849562e+02
60               	Bottom	3.2987672244e+01	8.9930693171e+02	3.3708513431e+02
60               	Top	6.7226579217e+01	9.7032910389e+02	3.6923378737e+02
60               	e423_0	4.4415454154e+00	7.7332503732e+02	2.4690794072e+02
61               	Bottom	1.2399727324e+01	8.9293652658e+02	3.2916180317e+02
61               	Top	7.1131708226e+01	9.8317248513e+02	3.6416408027e+02
61               	e423_0	2.6984238582e+00	7.7381969319e+02	2.4676798205e+02
62               	Bottom	4.8784835421e+01	8.8251738364e+02	3.2362130479e+02
62               	Top	7.5247156223e+01	9.9201114031e+02	3.5829786078e+02
62               	e423_0	1.8282037471e+00	7.7441097862e+02	2.4684203576e+02
63               	Bottom	7.5685580941e+01	8.6778260464e+02	3.1628832601e+02
63               	Top	7.9568902717e+01	9.9739578208e+02	3.5156212135e+02
63               	e423_0	1.7315358103e+00	7.7509774005e+02	2.4712189471e+02
64               	Bottom	9.4880256196e+01	8.4966627915e+02	3.0727071463e+02
64               	Top	8.4436587170e+01	9.9771341689e+02	3.4335893392e+02
64               	e423_0	3.1583327279e+00	7.7589927086e+02	2.4732575698e+02
65               	Bottom	9.4142186541e+01	8.2963389765e+02	2.9703168923e+02
65               	Top	8.8667041506e+01	9.9066722818e+02	3.3413354603e+02
65               	e423_0	4.4521181009e+00	7.7678974442e+02	2.4753627728e+02
66               	Bottom	6.8368678706e+01	8.0832683687e+02	2.8470112841e+02
66               	Top	9.2681693944e+01	9.7727174571e+02	3.2416480835e+02
66               	e423_0	5.5024962559e+00	7.7777859798e+02	2.4762104813e+02
67               	Bottom	4.2051484666e+01	7.8436406113e+02	2.6938819478e+02
67               	Top	9.6841638509e+01	9.5826718821e+02	3.1350258608e+02
67               	e423_0	4.4367059911e+00	7.7881507346e+02	2.4770317675e+02
68               	Bottom	5.2794450698e+01	7.5791750121e+02	2.5727782337e+02
68               	Top	1.0138072200e+02	9.3446443592e+02	3.0223015321e+02
68               	e423_0	9.6690428466e+00	7.7982366510e+02	2.4807176305e+02
69               	Bottom	5.3962405983e+01	7.2817429016e+02	2.4445040500e+02
69               	Top	1.0581315929e+02	9.0708207506e+02	2.9041399966e+02
69               	e423_0	8.9720329631e+00	7.8080092386e+02	2.4819530350e+02
70               	Bottom	5.0079239326e+01	6.9845815852e+02	2.3070825741e+02
70               	Top	8.9459226305e+01	8.7723390302e+02	2.7792802913e+02
70               	e423_0	7.8134857956e+00	7.8172197858e+02	2.4833875896e+02
71               	Bottom	4.9169874079e+01	6.6797570873e+02	2.1662826898e+02
71               	Top	5.4533873958e+01	8.4529658659e+02	2.6433755979e+02
71               	e423_0	7.0656091925e+00	7.8261806951e+02	2.4843360994e+02
72               	Bottom	5.1098275804e+01	6.3705993560e+02	2.0305047769e+02
72               	Top	2.6084374818e+01	8.1103959234e+02	2.4912364706e+02
72               	e423_0	6.2679690450e+00	7.8347251260e+02	2.4852916072e+02
73               	Bottom	2.5291108934e+01	6.0783410190e+02	1.8907278927e+02
73               	Top	4.8409047269e+01	7.6885313299e+02	2.3821480588e+02
73               	e423_0	5.5234798031e+00	7.8429534738e+02	2.4845129259e+02
74               	Bottom	4.9407872270e+01	5.8035068003e+02	1.7730309489e+02
74               	Top	4.1302178540e+01	7.1813535739e+02	2.2803327463e+02
74               	e423_0	2.7707782453e+00	7.8507950794e+02	2.4854325910e+02
75               	Bottom	4.3973334130e+01	5.4757624690e+02	1.6668199126e+02
75               	Top	4.6206501959e+01	6.6047494834e+02	2.2043759003e+02
75               	e423_0	1.4834065223e+00	7.8584543233e+02	2.4867146969e+02
76               	Bottom	7.1018743744e+01	5.0915117461e+02	1.5765066823e+02
76               	Top	6.5739643379e+01	5.9959371518e+02	2.1501104550e+02
76               	e423_0	2.3811021985e+00	7.8660159550e+02	2.4883686206e+02
77               	Bottom	4.0140484111e+01	4.6717644783e+02	1.4636919169e+02
77               	Top	2.7727983029e+01	5.4111639538e+02	2.0796549596e+02
77               	e423_0	3.6364771573e+00	7.8732745584e+02	2.4901315241e+02
78               	Bottom	5.4000928427e+01	4.2129759322e+02	1.3590943057e+02
78               	Top	8.0839502782e+01	4.8291652717e+02	2.0458753516e+02
78               	e423_0	3.1604251689e+00	7.8801042017e+02	2.4917331403e+02
79               	Bottom	2.6268055583e+01	3.7025056016e+02	1.2288011786e+02
79               	Top	4.7074871675e+01	4.2182608098e+02	1.9914259244e+02
79               	e423_0	1.8056715235e+00	7.8862559897e+02	2.4927495348e+02
80               	Bottom	7.9393329868e+00	3.1428971076e+02	1.1055782154e+02
80               	Top	3.0998287937e+01	3.5783474644e+02	1.9387769811e+02
80               	e423_0	2.8180658804e+00	7.8917396355e+02	2.4941978563e+02
81               	Bottom	3.4374858750e+01	2.4616396061e+02	1.0298206483e+02
81               	Top	6.9232560162e+01	3.2694218246e+02	1.9389061359e+02
81               	e423_0	3.8935178934e+00	7.8964815957e+02	2.4956412733e+02
82               	Bottom	2.3930285695e+01	1.9648715058e+02	1.0734689597e+02
82               	Top	3.0167001820e+01	3.3387851198e+02	1.9904725241e+02
82               	e423_0	3.7887407091e+00	7.9005825122e+02	2.4965421664e+02
83               	Bottom	5.5325102305e+01	2.0949796623e+02	1.2431596342e+02
83               	Top	6.4752616384e+01	3.4032871004e+02	2.1189352801e+02
83               	e423_0	3.0943430157e+00	7.9039919676e+02	2.4969797231e+02
84               	Bottom	6.8147701207e+01	2.2790524819e+02	1.4001635124e+02
84               	Top	1.0026420147e+02	3.4630751417e+02	2.2453853266e+02
84               	e423_0	2.6852203366e+00	7.9067636725e+02	2.4977864700e+02
85               	Bottom	7.0273400501e+01	2.7180419324e+02	1.5441671698e+02
85               	Top	1.0926778506e+02	3.5180026359e+02	2.3721349501e+02
85               	e423_0	2.2501305319e+00	7.9089375239e+02	2.4980812312e+02
86               	Bottom	6.9429605420e+01	3.1298961919e+02	1.6685535447e+02
86               	Top	9.2396869733e+01	3.6933849575e+02	2.4722082336e+02
86               	e423_0	1.8564754726e+00	7.9106700821e+02	2.4979390624e+02
87               	Bottom	6.5927205558e+01	3.5324009518e+02	1.7756638871e+02
87               	Top	6.1417698847e+01	3.9909023130e+02	2.5421208546e+02
87               	e423_0	1.4093504878e+00	7.9120841152e+02	2.4974709470e+02
88               	Bottom	6.2055233200e+01	3.9031038155e+02	1.8630115926e+02
88               	Top	4.7139463108e+01	4.3278431854e+02	2.6034869944e+02
88               	e423_0	9.9122145866e-01	7.9133573122e+02	2.4968784390e+02
89               	Bottom	3.8818489381e+01	4.2349603289e+02	1.9209773577e+02
89               	Top	9.6155218050e+01	4.5994260142e+02	2.6822531767e+02
89               	e423_0	6.4955747582e-01	7.9145739173e+02	2.4964797564e+02
90               	Bottom	4.5150368855e+01	4.4798721864e+02	1.9818303022e+02
90               	Top	1.0643589001e+02	4.8076415978e+02	2.7352874014e+02
90               	e423_0	2.1645041021e-01	7.9158350954e+02	2.4962709688e+02
91               	Bottom	6.8653465713e+01	4.6947233926e+02	2.0495002788e+02
91               	Top	8.2061577932e+01	4.9701016030e+02	2.7685893208e+02
91               	e423_0	5.6314937324e-01	7.9172317643e+02	2.4964043818e+02
92               	Bottom	7.0855856527e+01	4.8811894120e+02	2.1086685005e+02
92               	Top	3.1654599282e+01	5.0855119556e+02	2.7720250036e+02
92               	e423_0	9.0183518753e-01	7.9188359298e+02	2.4967407061e+02
93               	Bottom	7.2200008388e+01	5.0217645651e+02	2.1594348879e+02
93               	Top	7.7701276240e+01	5.1502648722e+02	2.8101844025e+02
93               	e423_0	1.1928256619e+00	7.9206873571e+02	2.4972563599e+02
94               	Bottom	7.4090847539e+01	5.1035503867e+02	2.1958903706e+02
94               	Top	1.0813682005e+02	5.1617202528e+02	2.8201536607e+02
94               	e423_0	1.4087811624e+00	7.9227912449e+02	2.4979170345e+02
95               	Bottom	4.0829781803e+01	5.1204765900e+02	2.2126638314e+02
95               	Top	7.8556774432e+01	5.1014941047e+02	2.8096675296e+02
95               	e423_0	1.5216034790e+00	7.9251097921e+02	2.4986530858e+02
96               	Bottom	6.2743124529e+01	5.0720419633e+02	2.2517692893e+02
96               	Top	2.8999558598e+01	4.9788143525e+02	2.7653462385e+02
96               	e423_0	1.5103358024e+00	7.9276139201e+02	2.4993810948e+02
97               	Bottom	8.2441713703e+01	4.9677253265e+02	2.2737246930e+02
97               	Top	9.3752732088e+01	4.7932179824e+02	2.7662462225e+02
97               	e423_0	1.3654530803e+00	7.9302861111e+02	2.4999791852e+02
98               	Bottom	7.8851628742e+01	4.8139264412e+02	2.2645054542e+02
98               	Top	8.5305011587e+01	4.5476614870e+02	2.7282310646e+02
98               	e423_0	1.1290132999e+00	7.9330783015e+02	2.5002374291e+02
99               	Bottom	4.5198476790e+01	4.5921892669e+02	2.2182395782e+02
99               	Top	1.0158913134e+01	4.2255940096e+02	2.6372199847e+02
99               	e423_0	8.7149201343e-01	7.9359419732e+02	2.5005472171e+02
100              	Bottom	2.9289049050e+01	4.2946588484e+02	2.1864053176e+02
100              	Top	7.7090385974e+01	3.8987909357e+02	2.5896858698e+02
100              	e423_0	5.9163947286e-01	7.9388397613e+02	2.5007027353e+02
101              	Bottom	3.8489530601e+01	3.9347980660e+02	2.1476387050e+02
101              	Top	3.0376674635e+01	3.8916922690e+02	2.4552973874e+02
101              	e423_0	2.3669505372e-01	7.9417221109e+02	2.5006758155e+02
102              	Bottom	2.2695126848e+01	3.5272001005e+02	2.0773337724e+02
102              	Top	8.5541191911e+01	3.8782772009e+02	2.5236259116e+02
102              	e423_0	3.3047593956e-01	7.9445696032e+02	2.5005477638e+02
103              	Bottom	7.8445771856e+01	3.5463248107e+02	2.1640970334e+02
103              	Top	3.0759430015e+01	3.8598385934e+02	2.4954636553e+02
103              	e423_0	3.1362411377e-01	7.9473586079e+02	2.5002157039e+02
104              	Bottom	7.6373224616e+01	3.5539688882e+02	2.1710112662e+02
104              	Top	5.2675196370e+01	3.8371116399e+02	2.6059397591e+02
104              	e423_0	1.7932891851e-01	7.9500775237e+02	2.4996873220e+02
105              	Bottom	4.5687803658e+01	3.7460266475e+02	2.1699223247e+02
105              	Top	1.0108349115e+02	3.8353743017e+02	2.7614207094e+02
105              	e423_0	4.6140869351e-01	7.9527172199e+02	2.4990698283e+02
106              	Bottom	6.3699854284e+01	4.3041385471e+02	2.3147790232e+02
106              	Top	1.1321842990e+02	4.1170731140e+02	2.8722208651e+02
106              	e423_0	6.3307699029e-01	7.9552681326e+02	2.4982792791e+02
107              	Bottom	7.2209865377e+01	4.7614392536e+02	2.4528714472e+02
107              	Top	1.1182417887e+02	4.4626681324e+02	2.9640040707e+02
107              	e423_0	7.4406725969e-01	7.9577299519e+02	2.4973293654e+02
108              	Bottom	1.0920280274e+02	5.1063175420e+02	2.5784435413e+02
108              	Top	1.1069095994e+02	4.8133951191e+02	3.0424940762e+02
108              	e423_0	8.1896259366e-01	7.9601004544e+02	2.4962274680e+02
109              	Bottom	1.0925046630e+02	5.2771206095e+02	2.6597931528e+02
109              	Top	1.0971231088e+02	5.0924660755e+02	3.1050674808e+02
109              	e423_0	2.0324878260e-01	7.9623470299e+02	2.4947924778e+02
110              	Bottom	9.2579594594e+01	5.4156330413e+02	2.7163964948e+02
110              	Top	1.0889225064e+02	5.2853882160e+02	3.1523493269e+02
110              	e423_0	8.6141388638e-01	7.9644623021e+02	2.4940670121e+02
111              	Bottom	7.7568272858e+01	5.5517110806e+02	2.7577388969e+02
111              	Top	1.0826314790e+02	5.4361452245e+02	3.1880614097e+02
111              	e423_0	8.5108856242e-01	7.9664288956e+02	2.4930090100e+02
112              	Bottom	6.4029072077e+01	5.6653240373e+02	2.7871435167e+02
112              	Top	1.0782034503e+02	5.5515262473e+02	3.2124456974e+02
112              	e423_0	8.5569788735e-01	7.9682217114e+02	2.4917319997e+02
113              	Bottom	5.0509391071e+01	5.7434086043e+02	2.8041011605e+02
113              	Top	1.0758639888e+02	5.7105094271e+02	3.2280045129e+02
113              	e423_0	8.7831260509e-01	7.9698164224e+02	2.4903836998e+02
114              	Bottom	3.4530725252e+01	5.7924633247e+02	2.8087223576e+02
114              	Top	1.0749369597e+02	5.8653971158e+02	3.2371039097e+02
114              	e423_0	9.5957595005e-01	7.9711894314e+02	2.4889820390e+02
115              	Bottom	1.2590187819e+01	5.8325354248e+02	2.8030455888e+02
115              	Top	1.0751799650e+02	5.9936368569e+02	3.2386399979e+02
115              	e423_0	1.0876191226e+00	7.9723197903e+02	2.4875458315e+02
116              	Bottom	2.2534794430e+01	5.8659519113e+02	2.8097251321e+02
116              	Top	1.0763241265e+02	6.0826959857e+02	3.2346201426e+02
116              	e423_0	1.1929721998e+00	7.9731988868e+02	2.4860738710e+02
117              	Bottom	2.9927683711e+01	5.9151948573e+02	2.8093739010e+02
117              	Top	1.0783641338e+02	6.1383338993e+02	3.2267936626e+02
117              	e423_0	1.2788819287e+00	7.9738018277e+02	2.4846233808e+02
118              	Bottom	3.3079642016e+01	5.9494047967e+02	2.8011039905e+02
118              	Top	1.0810428441e+02	6.1736137966e+02	3.2160333967e+02
118              	e423_0	1.3572834733e+00	7.9741256024e+02	2.4831743384e+02
119              	Bottom	3.4167557168e+01	5.9582503646e+02	2.7859828255e+02
119              	Top	1.0844402393e+02	6.1913042712e+02	3.2020973297e+02
119              	e423_0	1.4334743671e+00	7.9741686573e+02	2.4817216817e+02
120              	Bottom	3.3891167839e+01	5.9421188410e+02	2.7654616867e+02
120              	Top	1.0882099065e+02	6.1886748311e+02	3.1854417090e+02
120              	e423_0	1.5060064521e+00	7.9739281475e+02	2.4804712243e+02
121              	Bottom	3.2341289720e+01	5.9087855496e+02	2.7409981866e+02
121              	Top	1.0924058893e+02	6.1675434296e+02	3.1662998045e+02
121              	e423_0	1.5746725499e+00	7.9734224863e+02	2.4792475892e+02
122              	Bottom	2.9561078786e+01	5.8638844581e+02	2.7138133540e+02
122              	Top	1.0968593012e+02	6.1284560709e+02	3.1454720900e+02
122              	e423_0	1.6349273370e+00	7.9726487856e+02	2.4780413691e+02
123              	Bottom	2.5528481809e+01	5.8105260597e+02	2.6847324015e+02
123              	Top	1.1013462875e+02	6.0765168460e+02	3.1236798025e+02
123              	e423_0	1.6462931837e+00	7.9716205950e+02	2.4768300283e+02
124              	Bottom	1.9998085332e+01	5.7508421639e+02	2.6540313358e+02
124              	Top	1.1058361212e+02	6.0196196269e+02	3.1021205720e+02
124              	e423_0	1.6298287678e+00	7.9703516153e+02	2.4756509525e+02
125              	Bottom	1.1647836336e+01	5.6892035077e+02	2.6221131964e+02
125              	Top	1.1103032875e+02	5.9605149186e+02	3.0804126710e+02
125              	e423_0	1.6131616167e+00	7.9688503031e+02	2.4745285672e+02
126              	Bottom	1.1383769071e+01	5.6297176117e+02	2.5955135772e+02
126              	Top	1.1146491012e+02	5.8992272301e+02	3.0585390402e+02
126              	e423_0	1.5937240723e+00	7.9671294394e+02	2.4734683970e+02
127              	Bottom	1.9621944930e+01	5.5735375785e+02	2.5746164067e+02
127              	Top	1.1188680792e+02	5.8348946523e+02	3.0367567013e+02
127              	e423_0	1.5694101127e+00	7.9652118222e+02	2.4724812909e+02
128              	Bottom	2.4987523894e+01	5.5208322370e+02	2.5532297998e+02
128              	Top	1.1227843670e+02	5.7684124064e+02	3.0154910340e+02
128              	e423_0	1.5273457041e+00	7.9631154926e+02	2.4715753421e+02
129              	Bottom	2.9087854100e+01	5.4713021585e+02	2.5321530204e+02
129              	Top	1.1264923081e+02	5.7019776570e+02	2.9949650845e+02
129              	e423_0	1.4532192348e+00	7.9608614158e+02	2.4707478980e+02
130              	Bottom	3.2372248778e+01	5.4237179193e+02	2.5116666562e+02
130              	Top	1.1299243490e+02	5.6370594547e+02	2.9753973096e+02
130              	e423_0	1.3327243679e+00	7.9584881620e+02	2.4699955078e+02
131              	Bottom	3.5164753800e+01	5.3782291813e+02	2.4922432195e+02
131              	Top	1.1331178537e+02	5.5750929377e+02	2.9568691997e+02
131              	e423_0	1.1584282468e+00	7.9560182687e+02	2.4693241623e+02
132              	Bottom	3.7711505882e+01	5.3343216226e+02	2.4738790878e+02
132              	Top	1.1361889337e+02	5.5152389375e+02	2.9395051861e+02
132              	e423_0	9.0753219634e-01	7.9534854901e+02	2.4687271899e+02
133              	Bottom	4.0099256588e+01	5.2818116508e+02	2.4558488076e+02
133              	Top	1.1391604453e+02	5.4607840194e+02	2.9229308376e+02
133              	e423_0	4.9067742288e-01	7.9509236970e+02	2.4681909594e+02
134              	Bottom	4.2374780157e+01	5.2270938272e+02	2.4388222373e+02
134              	Top	1.1419924678e+02	5.4098478752e+02	2.9071425781e+02
134              	e423_0	6.2974763854e-01	7.9483591945e+02	2.4678528932e+02
135              	Bottom	4.4521730232e+01	5.1725488379e+02	2.4227102220e+02
135              	Top	1.1446365877e+02	5.3599508580e+02	2.8920893158e+02
135              	e423_0	1.0080493429e+00	7.9458187692e+02	2.4676535070e+02
136              	Bottom	4.6523279967e+01	5.1191835117e+02	2.4072147915e+02
136              	Top	1.1470823046e+02	5.3107548474e+02	2.8779640748e+02
136              	e423_0	1.2663188167e+00	7.9433365233e+02	2.4675184184e+02
137              	Bottom	4.8386300356e+01	5.0687084516e+02	2.3921924947e+02
137              	Top	1.1494583149e+02	5.2637678009e+02	2.8646644318e+02
137              	e423_0	1.4724276489e+00	7.9409442058e+02	2.4674628998e+02
138              	Bottom	5.0145322717e+01	5.0180910292e+02	2.3778922198e+02
138              	Top	1.1517232528e+02	5.2183893079e+02	2.8519951210e+02
138              	e423_0	1.6417590528e+00	7.9386538225e+02	2.4674819973e+02
139              	Bottom	5.1791972293e+01	4.9655676876e+02	2.3644902159e+02
139              	Top	1.1537584321e+02	5.1738229126e+02	2.8400333587e+02
139              	e423_0	1.7690331320e+00	7.9364893458e+02	2.4675888073e+02
140              	Bottom	5.3357144379e+01	4.9111705724e+02	2.3520950474e+02
140              	Top	1.1555721604e+02	5.1306278368e+02	2.8288413716e+02
140              	e423_0	1.8479134540e+00	7.9344652543e+02	2.4677705889e+02
141              	Bottom	5.4878589638e+01	4.8594952849e+02	2.3410537885e+02
141              	Top	1.1572846441e+02	5.0909807029e+02	2.8182679142e+02
141              	e423_0	1.9090987024e+00	7.9325956819e+02	2.4680263076e+02
142              	Bottom	5.6327125264e+01	4.8126365629e+02	2.3312045196e+02
142              	Top	1.1588394087e+02	5.0517414455e+02	2.8084227813e+02
142              	e423_0	1.9592528419e+00	7.9308935084e+02	2.4683364917e+02
143              	Bottom	5.7687951871e+01	4.7704523367e+02	2.3221754058e+02
143              	Top	1.1602762642e+02	5.0140952985e+02	2.7994139410e+02
143              	e423_0	1.9984601857e+00	7.9293619513e+02	2.4686882019e+02
144              	Bottom	5.8960923823e+01	4.7296436398e+02	2.3138668483e+02
144              	Top	1.1615712915e+02	4.9791859815e+02	2.7913404377e+02
144              	e423_0	2.0279527533e+00	7.9280121616e+02	2.4690775498e+02
145              	Bottom	6.0147857309e+01	4.6903430628e+02	2.3063940810e+02
145              	Top	1.1627423614e+02	4.9473805711e+02	2.7841436299e+02
145              	e423_0	2.0479466322e+00	7.9268461678e+02	2.4695229199e+02
146              	Bottom	6.1264045395e+01	4.6545409034e+02	2.2999082638e+02
146              	Top	1.1637797783e+02	4.9129127281e+02	2.7774628437e+02
146              	e423_0	2.0568976908e+00	7.9258643977e+02	2.4700058333e+02
147              	Bottom	6.2727916508e+01	4.6224231345e+02	2.2940627309e+02
147              	Top	1.1646428511e+02	4.8777459102e+02	2.7713919374e+02
147              	e423_0	2.0552567761e+00	7.9250606345e+02	2.4705105178e+02
148              	Bottom	6.4688057589e+01	4.5944424715e+02	2.2884843136e+02
148              	Top	1.1654223394e+02	4.8432346477e+02	2.7659188404e+02
148              	e423_0	2.0402839341e+00	7.9244365005e+02	2.4710606799e+02
149              	Bottom	6.6756661284e+01	4.5669695218e+02	2.2835532102e+02
149              	Top	1.1661356497e+02	4.8097910812e+02	2.7610517805e+02
149              	e423_0	2.0157031382e+00	7.9239891834e+02	2.4716367465e+02
150              	Bottom	6.8701600870e+01	4.5426779987e+02	2.2794553714e+02
150              	Top	1.1668011248e+02	4.7780300993e+02	2.7569481185e+02
150              	e423_0	1.9780518114e+00	7.9236973460e+02	2.4721797872e+02
151              	Bottom	7.0455829162e+01	4.5234341535e+02	2.2762860206e+02
151              	Top	1.1673646371e+02	4.7491291030e+02	2.7536459817e+02
151              	e423_0	1.9324938792e+00	7.9235579097e+02	2.4726630797e+02
152              	Bottom	7.2032385440e+01	4.5089191808e+02	2.2739631400e+02
152              	Top	1.1678647710e+02	4.7235716371e+02	2.7511255062e+02
152              	e423_0	1.6817701689e+00	7.9235525506e+02	2.4731077424e+02
153              	Bottom	7.3467494039e+01	4.4952110427e+02	2.2721613702e+02
153              	Top	1.1683088382e+02	4.7017234341e+02	2.7493401655e+02
153              	e423_0	1.4588749422e+00	7.9236680058e+02	2.4735281360e+02
154              	Bottom	7.4797545529e+01	4.4840810842e+02	2.2708919802e+02
154              	Top	1.1686911583e+02	4.6833615972e+02	2.7482344069e+02
154              	e423_0	1.2989618536e+00	7.9238913530e+02	2.4739262121e+02
155              	Bottom	7.6037969606e+01	4.4750523544e+02	2.2701481924e+02
155              	Top	1.1690235573e+02	4.6683757875e+02	2.7477661099e+02
155              	e423_0	1.1733370115e+00	7.9242112913e+02	2.4743110291e+02
156              	Bottom	7.7181973668e+01	4.4680118692e+02	2.2698969548e+02
156              	Top	1.1693212851e+02	4.6571657601e+02	2.7478453594e+02
156              	e423_0	1.0454626820e+00	7.9246136802e+02	2.4746568718e+02
157              	Bottom	7.8224746053e+01	4.4623039539e+02	2.2700748030e+02
157              	Top	1.1695859603e+02	4.6480700116e+02	2.7483485635e+02
157              	e423_0	9.1291200027e-01	7.9250848940e+02	2.4749618809e+02
158              	Bottom	7.9168758478e+01	4.4574447999e+02	2.2705888413e+02
158              	Top	1.1698259509e+02	4.6400834669e+02	2.7491715665e+02
158              	e423_0	7.8741677036e-01	7.9256102864e+02	2.4752232013e+02
159              	Bottom	8.0014518866e+01	4.4537367591e+02	2.2714176249e+02
159              	Top	1.1700272816e+02	4.6328787198e+02	2.7502095833e+02
159              	e423_0	7.0640461954e-01	7.9261760715e+02	2.4754485931e+02
160              	Bottom	8.0762495212e+01	4.4514715521e+02	2.2726068146e+02
160              	Top	1.1701671839e+02	4.6257964140e+02	2.7514633507e+02
160              	e423_0	7.1444224615e-01	7.9267689452e+02	2.4756476912e+02
161              	Bottom	8.1412517159e+01	4.4499540447e+02	2.2740821385e+02
161              	Top	1.1702549991e+02	4.6189847212e+02	2.7530016136e+02
161              	e423_0	8.0797066134e-01	7.9273765622e+02	2.4758210480e+02
162              	Bottom	8.1965877603e+01	4.4488543986e+02	2.2757695299e+02
162              	Top	1.1702957952e+02	4.6133273723e+02	2.7548085709e+02
162              	e423_0	9.5257215226e-01	7.9279865839e+02	2.4759641421e+02
163              	Bottom	8.2423794454e+01	4.4481617408e+02	2.2775923139e+02
163              	Top	1.1702968975e+02	4.6091129515e+02	2.7568286872e+02
163              	e423_0	1.1037988807e+00	7.9285910261e+02	2.4760717022e+02
164              	Bottom	8.2795979101e+01	4.4481236521e+02	2.2795263192e+02
164              	Top	1.1701960041e+02	4.6061539453e+02	2.7590175709e+02
164              	e423_0	1.0490558775e+00	7.9291899591e+02	2.4761431482e+02
165              	Bottom	8.3082453046e+01	4.4488875041e+02	2.2815673889e+02
165              	Top	1.1700447426e+02	4.6041713081e+02	2.7613480009e+02
165              	e423_0	9.7975425317e-01	7.9297744373e+02	2.4761847059e+02
166              	Bottom	8.3280864328e+01	4.4504923518e+02	2.2837176254e+02
166              	Top	1.1698605240e+02	4.6030416218e+02	2.7637966840e+02
166              	e423_0	9.1008554249e-01	7.9303421296e+02	2.4762003466e+02
167              	Bottom	8.3397393226e+01	4.4529507481e+02	2.2859779888e+02
167              	Top	1.1696159527e+02	4.6031768043e+02	2.7663887149e+02
167              	e423_0	8.3706828071e-01	7.9308894494e+02	2.4761950415e+02
168              	Bottom	8.3433879852e+01	4.4562429295e+02	2.2883677583e+02
168              	Top	1.1693216402e+02	4.6050814682e+02	2.7691503118e+02
168              	e423_0	7.6127265480e-01	7.9314127033e+02	2.4761736591e+02
169              	Bottom	8.3390310264e+01	4.4604365158e+02	2.2909016151e+02
169              	Top	1.1689904441e+02	4.6087459671e+02	2.7720738139e+02
169              	e423_0	6.8660589534e-01	7.9319097689e+02	2.4761374768e+02
170              	Bottom	8.3268069127e+01	4.4656189532e+02	2.2935945025e+02
170              	Top	1.1686211531e+02	4.6141944794e+02	2.7751640509e+02
170              	e423_0	6.1947898723e-01	7.9323794241e+02	2.4760901665e+02
171              	Bottom	8.3069375127e+01	4.4718874087e+02	2.2964440999e+02
171              	Top	1.1682226962e+02	4.6214207029e+02	2.7784304842e+02
171              	e423_0	5.5147115967e-01	7.9328207170e+02	2.4760328831e+02
172              	Bottom	8.2797202723e+01	4.4789338834e+02	2.2994248451e+02
172              	Top	1.1677995507e+02	4.6303799444e+02	2.7818603077e+02
172              	e423_0	4.7620880913e-01	7.9332337623e+02	2.4759667663e+02
173              	Bottom	8.2455615839e+01	4.4860580371e+02	2.3024717578e+02
173              	Top	1.1673432856e+02	4.6408978223e+02	2.7854262907e+02
173              	e423_0	3.9027800797e-01	7.9336182999e+02	2.4758934375e+02
174              	Bottom	8.2050145518e+01	4.4936343391e+02	2.3055692478e+02
174              	Top	1.1668778464e+02	4.6526809982e+02	2.7890897585e+02
174              	e423_0	2.8584768051e-01	7.9339746268e+02	2.4758131500e+02
175              	Bottom	8.1585482453e+01	4.5017281891e+02	2.3087128028e+02
175              	Top	1.1664119605e+02	4.6656793277e+02	2.7927301726e+02
175              	e423_0	1.2661744979e-01	7.9343033270e+02	2.4757202419e+02
176              	Bottom	8.1068492332e+01	4.5102947208e+02	2.3118921699e+02
176              	Top	1.1659591571e+02	4.6789377598e+02	2.7962987647e+02
176              	e423_0	2.0644896901e-01	7.9346050571e+02	2.4756735416e+02
177              	Bottom	8.0502797866e+01	4.5193223881e+02	2.3150910804e+02
177              	Top	1.1655103120e+02	4.6919121639e+02	2.7997708567e+02
177              	e423_0	3.1631511677e-01	7.9348808634e+02	2.4756328690e+02
178              	Bottom	7.9894363492e+01	4.5284350048e+02	2.3182870004e+02
178              	Top	1.1650598450e+02	4.7044591206e+02	2.8031505264e+02
178              	e423_0	3.9388860076e-01	7.9351315288e+02	2.4755866889e+02
179              	Bottom	7.9246822820e+01	4.5377639904e+02	2.3214883087e+02
179              	Top	1.1646076064e+02	4.7166520352e+02	2.8064269138e+02
179              	e423_0	4.5235000498e-01	7.9353583534e+02	2.4755378591e+02
180              	Bottom	7.8562740641e+01	4.5473348550e+02	2.3246839419e+02
180              	Top	1.1641454710e+02	4.7284925788e+02	2.8096554348e+02
180              	e423_0	4.9721974527e-01	7.9355621642e+02	2.4754877112e+02
181              	Bottom	7.7848267272e+01	4.5569677447e+02	2.3278353226e+02
181              	Top	1.1636893943e+02	4.7402793060e+02	2.8128353431e+02
181              	e423_0	5.3110061318e-01	7.9357438694e+02	2.4754367241e+02
182              	Bottom	7.7108662173e+01	4.5665146483e+02	2.3308870588e+02
182              	Top	1.1632487734e+02	4.7519867756e+02	2.8159494574e+02
182              	e423_0	5.5583140466e-01	7.9359043277e+02	2.4753851317e+02
183              	Bottom	7.6358164110e+01	4.5758658906e+02	2.3337928496e+02
183              	Top	1.1628463106e+02	4.7631807826e+02	2.8189366866e+02
183              	e423_0	5.7305946991e-01	7.9360445560e+02	2.4753331193e+02
184              	Bottom	7.5604285843e+01	4.5850906572e+02	2.3365717955e+02
184              	Top	1.1624648011e+02	4.7738330433e+02	2.8217532654e+02
184              	e423_0	5.8405014712e-01	7.9361658067e+02	2.4752809083e+02
185              	Bottom	7.4848995633e+01	4.5942707045e+02	2.3392388244e+02
185              	Top	1.1620986247e+02	4.7839746131e+02	2.8243860023e+02
185              	e423_0	5.9009362831e-01	7.9362694870e+02	2.4752288566e+02
186              	Bottom	7.4093302983e+01	4.6032714051e+02	2.3417763041e+02
186              	Top	1.1617520945e+02	4.7936423813e+02	2.8268250988e+02
186              	e423_0	5.9203191411e-01	7.9363571687e+02	2.4751773534e+02
187              	Bottom	7.3339437690e+01	4.6119848472e+02	2.3441632605e+02
187              	Top	1.1614256757e+02	4.8028245200e+02	2.8290612114e+02
187              	e423_0	5.9066352825e-01	7.9364305166e+02	2.4751269070e+02
188              	Bottom	7.2593024749e+01	4.6203926501e+02	2.3463881612e+02
188              	Top	1.1611247897e+02	4.8114447447e+02	2.8310875924e+02
188              	e423_0	5.8634350765e-01	7.9364910927e+02	2.4750774980e+02
189              	Bottom	7.1861388657e+01	4.6284568818e+02	2.3484359209e+02
189              	Top	1.1608539994e+02	4.8194240423e+02	2.8329040241e+02
189              	e423_0	5.7941552680e-01	7.9365403882e+02	2.4750288360e+02
190              	Bottom	7.1151469201e+01	4.6370252592e+02	2.3504026239e+02
190              	Top	1.1606068265e+02	4.8267374155e+02	2.8345176816e+02
190              	e423_0	5.6997710297e-01	7.9365797975e+02	2.4749814349e+02
191              	Bottom	7.0469277842e+01	4.6465335149e+02	2.3523485793e+02
191              	Top	1.1603875300e+02	4.8334469353e+02	2.8359305957e+02
191              	e423_0	5.5821161831e-01	7.9366104440e+02	2.4749358795e+02
192              	Bottom	6.9818261881e+01	4.6565764573e+02	2.3542585883e+02
192              	Top	1.1601863626e+02	4.8395449877e+02	2.8371556656e+02
192              	e423_0	5.4257808855e-01	7.9366331588e+02	2.4748922915e+02
193              	Bottom	6.9201294091e+01	4.6663740579e+02	2.3560537874e+02
193              	Top	1.1600149897e+02	4.8451011437e+02	2.8382124102e+02
193              	e423_0	5.2119334386e-01	7.9366486137e+02	2.4748502324e+02
194              	Bottom	6.8622088355e+01	4.6755806804e+02	2.3576776848e+02
194              	Top	1.1598768959e+02	4.8501772426e+02	2.8391033874e+02
194              	e423_0	4.9275570375e-01	7.9366573483e+02	2.4748092327e+02
195              	Bottom	6.8084087767e+01	4.6839544999e+02	2.3590923823e+02
195              	Top	1.1597736114e+02	4.8547333149e+02	2.8398419336e+02
195              	e423_0	4.5649298116e-01	7.9366596963e+02	2.4747688515e+02
196              	Bottom	6.7590088591e+01	4.6913985341e+02	2.3602772557e+02
196              	Top	1.1597030107e+02	4.8588010200e+02	2.8404451847e+02
196              	e423_0	4.1154251983e-01	7.9366559249e+02	2.4747286481e+02
197              	Bottom	6.7143018746e+01	4.6979444400e+02	2.3612269219e+02
197              	Top	1.1596633879e+02	4.8624293541e+02	2.8409279055e+02
197              	e423_0	3.5605270164e-01	7.9366462962e+02	2.4746879245e+02
198              	Bottom	6.6744276902e+01	4.7036611359e+02	2.3619490856e+02
198              	Top	1.1596500975e+02	4.8656399961e+02	2.8413016717e+02
198              	e423_0	2.8568634473e-01	7.9366310829e+02	2.4746454827e+02
199              	Bottom	6.6396244955e+01	4.7114928607e+02	2.3624453735e+02
199              	Top	1.1596618442e+02	4.8684511444e+02	2.8415703530e+02
199              	e423_0	1.8660936528e-01	7.9366105822e+02	2.4745983856e+02
200              	Bottom	6.6099960252e+01	4.7185895349e+02	2.3627164347e+02
200              	Top	1.1596929676e+02	4.8708587258e+02	2.8417429358e+02
200              	e423_0	1.1360116455e-01	7.9365851568e+02	2.4745570864e+02
201              	Bottom	6.5855711872e+01	4.7245485959e+02	2.3627625285e+02
201              	Top	1.1597450932e+02	4.8728932108e+02	2.8418184737e+02
201              	e423_0	2.4359956549e-01	7.9365552214e+02	2.4745562948e+02
202              	Bottom	6.5663236512e+01	4.7293295462e+02	2.3625843001e+02
202              	Top	1.1598211250e+02	4.8745525539e+02	2.8417943392e+02
202              	e423_0	3.1412590419e-01	7.9365212296e+02	2.4745445472e+02
203              	Bottom	6.5522571675e+01	4.7329033118e+02	2.3621881542e+02
203              	Top	1.1599161049e+02	4.8758226827e+02	2.8416698699e+02
203              	e423_0	3.6624455959e-01	7.9364836703e+02	2.4745301617e+02
204              	Bottom	6.5433454399e+01	4.7352643966e+02	2.3615812848e+02
204              	Top	1.1600292532e+02	4.8766805390e+02	2.8414440318e+02
204              	e423_0	4.0894772886e-01	7.9364430293e+02	2.4745151153e+02
205              	Bottom	6.5395712042e+01	4.7364234652e+02	2.3607839356e+02
205              	Top	1.1601596312e+02	4.8770926470e+02	2.8411147368e+02
205              	e423_0	4.4562064808e-01	7.9363997347e+02	2.4745002819e+02
206              	Bottom	6.5407106523e+01	4.7364132941e+02	2.3598175412e+02
206              	Top	1.1603046128e+02	4.8770224834e+02	2.8406829743e+02
206              	e423_0	4.7754909013e-01	7.9363541891e+02	2.4744861041e+02
207              	Bottom	6.5463571181e+01	4.7352643861e+02	2.3587050481e+02
207              	Top	1.1604574318e+02	4.8764409190e+02	2.8401572074e+02
207              	e423_0	5.0579585421e-01	7.9363067322e+02	2.4744729605e+02
208              	Bottom	6.5561462831e+01	4.7330290734e+02	2.3574655420e+02
208              	Top	1.1606183794e+02	4.8753578207e+02	2.8395446317e+02
208              	e423_0	5.3075621401e-01	7.9362576305e+02	2.4744610203e+02
209              	Bottom	6.5696222545e+01	4.7297662959e+02	2.3561190878e+02
209              	Top	1.1607834118e+02	4.8737892057e+02	2.8388526205e+02
209              	e423_0	5.5318877564e-01	7.9362071232e+02	2.4744504914e+02
210              	Bottom	6.5863070372e+01	4.7255513586e+02	2.3546827736e+02
210              	Top	1.1609496557e+02	4.8717433858e+02	2.8380919251e+02
210              	e423_0	5.7323524969e-01	7.9361554211e+02	2.4744414056e+02
211              	Bottom	6.6057494813e+01	4.7204628795e+02	2.3531695636e+02
211              	Top	1.1611179729e+02	4.8692650610e+02	2.8372760395e+02
211              	e423_0	5.9144301962e-01	7.9361027111e+02	2.4744338551e+02
212              	Bottom	6.6274998129e+01	4.7145819302e+02	2.3515967396e+02
212              	Top	1.1612832491e+02	4.8664275849e+02	2.8364223463e+02
212              	e423_0	6.0776803087e-01	7.9360492019e+02	2.4744277812e+02
213              	Bottom	6.6510856638e+01	4.7080191630e+02	2.3499796363e+02
213              	Top	1.1614432867e+02	4.8633268552e+02	2.8355471553e+02
213              	e423_0	6.2258680742e-01	7.9359951304e+02	2.4744232066e+02
214              	Bottom	6.6760884160e+01	4.7008787042e+02	2.3483302124e+02
214              	Top	1.1615937753e+02	4.8600519648e+02	2.8346698727e+02
214              	e423_0	6.3571001885e-01	7.9359407612e+02	2.4744200444e+02
215              	Bottom	6.7020841422e+01	4.6932330390e+02	2.3466667411e+02
215              	Top	1.1617333959e+02	4.8567198150e+02	2.8338079230e+02
215              	e423_0	6.4745726006e-01	7.9358863902e+02	2.4744183228e+02
216              	Bottom	6.7286573411e+01	4.6851673143e+02	2.3450058013e+02
216              	Top	1.1618625295e+02	4.8534488502e+02	2.8329727355e+02
216              	e423_0	6.5758915179e-01	7.9358323422e+02	2.4744179723e+02
217              	Bottom	6.7554425607e+01	4.6767823685e+02	2.3433636562e+02
217              	Top	1.1619788776e+02	4.8502920910e+02	2.8321753401e+02
217              	e423_0	6.6642603799e-01	7.9357789768e+02	2.4744190515e+02
218              	Bottom	6.7820793813e+01	4.6681861516e+02	2.3417566257e+02
218              	Top	1.1620799896e+02	4.8472882938e+02	2.8314276469e+02
218              	e423_0	6.7373734406e-01	7.9357266452e+02	2.4744215158e+02
219              	Bottom	6.8082415369e+01	4.6594978154e+02	2.3402033596e+02
219              	Top	1.1621650911e+02	4.8444773347e+02	2.8307399825e+02
219              	e423_0	6.7986683024e-01	7.9356757175e+02	2.4744254450e+02
220              	Bottom	6.8336571060e+01	4.6508374698e+02	2.3387197760e+02
220              	Top	1.1622347983e+02	4.8419021322e+02	2.8301191707e+02
220              	e423_0	6.8463466367e-01	7.9356265415e+02	2.4744307923e+02
221              	Bottom	6.8581046410e+01	4.6423756123e+02	2.3373409736e+02
221              	Top	1.1622904643e+02	4.8395956068e+02	2.8295696897e+02
221              	e423_0	6.8842025364e-01	7.9355794418e+02	2.4744376048e+02
222              	Bottom	6.8814737471e+01	4.6345315999e+02	2.3361576628e+02
222              	Top	1.1623346386e+02	4.8375804957e+02	2.8290937314e+02
222              	e423_0	6.9102472570e-01	7.9355347111e+02	2.4744458061e+02
223              	Bottom	6.9035890212e+01	4.6303954581e+02	2.3351768065e+02
223              	Top	1.1623645185e+02	4.8358662045e+02	2.8286889088e+02
223              	e423_0	6.9283811055e-01	7.9354926114e+02	2.4744553932e+02
224              	Bottom	6.9242838869e+01	4.6276696980e+02	2.3344042643e+02
224              	Top	1.1623773075e+02	4.8344414895e+02	2.8283431267e+02
224              	e423_0	6.9365346158e-01	7.9354533838e+02	2.4744661666e+02
225              	Bottom	6.9434186769e+01	4.6255966407e+02	2.3338066603e+02
225              	Top	1.1623770861e+02	4.8332377569e+02	2.8280536411e+02
225              	e423_0	6.9383928054e-01	7.9354172078e+02	2.4744780788e+02
226              	Bottom	6.9608869154e+01	4.6239270872e+02	2.3333494903e+02
226              	Top	1.1623670039e+02	4.8322533225e+02	2.8278202631e+02
226              	e423_0	6.9318068750e-01	7.9353842323e+02	2.4744908969e+02
227              	Bottom	6.9766243997e+01	4.6225741709e+02	2.3330090912e+02
227              	Top	1.1623489561e+02	4.8314916894e+02	2.8276409928e+02
227              	e423_0	6.9202707488e-01	7.9353545769e+02	2.4745045070e+02
228              	Bottom	6.9906304689e+01	4.6214837031e+02	2.3327678669e+02
228              	Top	1.1623238307e+02	4.8309458184e+02	2.8275111996e+02
228              	e423_0	6.9011744669e-01	7.9353283364e+02	2.4745186557e+02
229              	Bottom	7.0029442727e+01	4.6206147973e+02	2.3326099036e+02
229              	Top	1.1622939617e+02	4.8305910960e+02	2.8274242609e+02
229              	e423_0	6.8777116617e-01	7.9353055754e+02	2.4745332157e+02
230              	Bottom	7.0136523833e+01	4.6199603482e+02	2.3325242886e+02
230              	Top	1.1622605864e+02	4.8303907092e+02	2.8273735630e+02
230              	e423_0	6.8472296938e-01	7.9352863351e+02	2.4745479447e+02
231              	Bottom	7.0228651656e+01	4.6195179921e+02	2.3325035033e+02
231              	Top	1.1622247817e+02	4.8302151125e+02	2.8273496318e+02
231              	e423_0	6.8129356999e-01	7.9352706294e+02	2.4745627306e+02
232              	Bottom	7.0306857419e+01	4.6192690122e+02	2.3325406284e+02
232              	Top	1.1621865301e+02	4.8300897112e+02	2.8273508854e+02
232              	e423_0	6.7722420376e-01	7.9352584453e+02	2.4745773573e+02
233              	Bottom	7.0372190828e+01	4.6191862301e+02	2.3326286209e+02
233              	Top	1.1621465282e+02	4.8300319096e+02	2.8273745094e+02
233              	e423_0	6.7284029600e-01	7.9352497392e+02	2.4745917395e+02
234              	Bottom	7.0425686932e+01	4.6192412941e+02	2.3327604620e+02
234              	Top	1.1621055758e+02	4.8300406159e+02	2.8274170561e+02
234              	e423_0	6.6789728547e-01	7.9352444342e+02	2.4746056917e+02
235              	Bottom	7.0468303048e+01	4.6194102605e+02	2.3329295647e+02
235              	Top	1.1620642449e+02	4.8301086122e+02	2.8274755684e+02
235              	e423_0	6.6273222654e-01	7.9352424201e+02	2.4746191568e+02
236              	Bottom	7.0500926652e+01	4.6196754149e+02	2.3331298581e+02
236              	Top	1.1620230091e+02	4.8302284082e+02	2.8275475334e+02
236              	e423_0	6.5711928999e-01	7.9352435513e+02	2.4746319746e+02
237              	Bottom	7.0524421926e+01	4.6200231070e+02	2.3333556786e+02
237              	Top	1.1619825517e+02	4.8303935879e+02	2.8276305270e+02
237              	e423_0	6.5140529446e-01	7.9352476489e+02	2.4746441081e+02
238              	Bottom	7.0539612705e+01	4.6204426731e+02	2.3336019071e+02
238              	Top	1.1619432161e+02	4.8305977230e+02	2.8277221303e+02
238              	e423_0	6.4537579754e-01	7.9352545032e+02	2.4746554164e+02
239              	Bottom	7.0547302437e+01	4.6209239710e+02	2.3338637745e+02
239              	Top	1.1619055462e+02	4.8308338891e+02	2.8278197376e+02
239              	e423_0	6.3937433624e-01	7.9352638762e+02	2.4746658782e+02
240              	Bottom	7.0548260642e+01	4.6214576688e+02	2.3341368243e+02
240              	Top	1.1618700075e+02	4.8310943202e+02	2.8279206518e+02
240              	e423_0	6.3318919040e-01	7.9352755061e+02	2.4746753752e+02
241              	Bottom	7.0543256168e+01	4.6220328842e+02	2.3344168601e+02
241              	Top	1.1618368398e+02	4.8313705210e+02	2.8280223538e+02
241              	e423_0	6.2715345828e-01	7.9352890995e+02	2.4746838274e+02
242              	Bottom	7.0533041734e+01	4.6226384747e+02	2.3346999733e+02
242              	Top	1.1618061416e+02	4.8316542124e+02	2.8281226296e+02
242              	e423_0	6.2104261740e-01	7.9353043361e+02	2.4746906664e+02
243              	Bottom	7.0518335565e+01	4.6232634364e+02	2.3349826652e+02
243              	Top	1.1617779159e+02	4.8319381596e+02	2.8282195954e+02
243              	e423_0	6.1515952366e-01	7.9353209668e+02	2.4746961908e+02
244              	Bottom	7.0499815124e+01	4.6238969983e+02	2.3352617617e+02
244              	Top	1.1617522623e+02	4.8322157373e+02	2.8283116569e+02
244              	e423_0	6.0926743976e-01	7.9353386924e+02	2.4747005498e+02
245              	Bottom	7.0478119809e+01	4.6245293547e+02	2.3355345226e+02
245              	Top	1.1617291700e+02	4.8324813912e+02	2.8283976938e+02
245              	e423_0	6.0370292526e-01	7.9353572267e+02	2.4747039556e+02
246              	Bottom	7.0453833938e+01	4.6251523668e+02	2.3357988914e+02
246              	Top	1.1617084849e+02	4.8327312460e+02	2.8284771982e+02
246              	e423_0	5.9827231263e-01	7.9353762905e+02	2.4747064233e+02
247              	Bottom	7.0427461240e+01	4.6257598504e+02	2.3360531027e+02
247              	Top	1.1616900967e+02	4.8329634660e+02	2.8285501914e+02
247              	e423_0	5.9328619415e-01	7.9353956186e+02	2.4747080740e+02
248              	Bottom	7.0399426475e+01	4.6263467639e+02	2.3362955855e+02
248              	Top	1.1616742855e+02	4.8331793555e+02	2.8286164443e+02
248              	e423_0	5.8851868811e-01	7.9354149607e+02	2.4747088999e+02
249              	Bottom	7.0370099374e+01	4.6269074934e+02	2.3365239935e+02
249              	Top	1.1616620751e+02	4.8333768546e+02	2.8286755772e+02
249              	e423_0	5.8424485478e-01	7.9354340838e+02	2.4747089999e+02
250              	Bottom	7.0339942632e+01	4.6274426899e+02	2.3367379165e+02
250              	Top	1.1616525452e+02	4.8335533530e+02	2.8287278749e+02
250              	e423_0	5.8021405521e-01	7.9354527810e+02	2.4747083673e+02
251              	Bottom	7.0309346989e+01	4.6279495860e+02	2.3369369862e+02
251              	Top	1.1616450921e+02	4.8337188144e+02	2.8287741570e+02
251              	e423_0	5.7667195581e-01	7.9354708677e+02	2.4747071075e+02
252              	Bottom	7.0278639550e+01	4.6284249217e+02	2.3371209457e+02
252              	Top	1.1616394668e+02	4.8338764685e+02	2.8288149550e+02
252              	e423_0	5.7335572556e-01	7.9354881825e+02	2.4747052316e+02
253              	Bottom	7.0248081982e+01	4.6288667293e+02	2.3372897849e+02
253              	Top	1.1616355045e+02	4.8340238321e+02	2.8288505722e+02
253              	e423_0	5.7050873821e-01	7.9355045868e+02	2.4747028607e+02
254              	Bottom	7.0217882318e+01	4.6292745911e+02	2.3374437383e+02
254              	Top	1.1616330330e+02	4.8341607478e+02	2.8288814809e+02
254              	e423_0	5.6787456156e-01	7.9355199661e+02	2.4747000184e+02
255              	Bottom	7.0188205014e+01	4.6296492570e+02	2.3375832625e+02
255              	Top	1.1616318258e+02	4.8342883287e+02	2.8289081404e+02
255              	e423_0	5.6569712444e-01	7.9355342291e+02	2.4746968308e+02
256              	Bottom	7.0159188455e+01	4.6299919586e+02	2.3377088589e+02
256              	Top	1.1616317102e+02	4.8344072426e+02	2.8289308905e+02
256              	e423_0	5.6372278685e-01	7.9355473063e+02	2.4746933249e+02
257              	Bottom	7.0130943157e+01	4.6303043217e+02	2.3378211457e+02
257              	Top	1.1616324732e+02	4.8345180370e+02	2.8289500987e+02
257              	e423_0	5.6219356435e-01	7.9355591435e+02	2.4746895758e+02
258              	Bottom	7.0103549871e+01	4.6305885547e+02	2.3379208460e+02
258              	Top	1.1616339552e+02	4.8346209283e+02	2.8289662111e+02
258              	e423_0	5.6085228974e-01	7.9355697044e+02	2.4746854678e+02
259              	Bottom	7.0077063719e+01	4.6308472090e+02	2.3380087574e+02
259              	Top	1.1616359738e+02	4.8347164625e+02	2.8289797276e+02
259              	e423_0	5.5992889835e-01	7.9355789873e+02	2.4746811317e+02
260              	Bottom	7.0051523344e+01	4.6310830398e+02	2.3380857505e+02
260              	Top	1.1616383699e+02	4.8348054504e+02	2.8289911564e+02
260              	e423_0	5.5915871528e-01	7.9355869988e+02	2.4746766046e+02
261              	Bottom	7.0026949160e+01	4.6312984890e+02	2.3381527267e+02
261              	Top	1.1616409960e+02	4.8348889588e+02	2.8290009983e+02
261              	e423_0	5.5877886857e-01	7.9355937632e+02	2.4746720289e+02
262              	Bottom	7.0003364385e+01	4.6314957070e+02	2.3382105124e+02
262              	Top	1.1616437505e+02	4.8349683761e+02	2.8290097199e+02
262              	e423_0	5.5853735615e-01	7.9355993188e+02	2.4746674382e+02
263              	Bottom	6.9980784042e+01	4.6316775081e+02	2.3382599541e+02
263              	Top	1.1616465308e+02	4.8350452021e+02	2.8290177344e+02
263              	e423_0	5.5867079975e-01	7.9356037159e+02	2.4746629643e+02
264              	Bottom	6.9959217813e+01	4.6318459506e+02	2.3383018950e+02
264              	Top	1.1616492499e+02	4.8351208459e+02	2.8290253680e+02
264              	e423_0	5.5892194381e-01	7.9356070154e+02	2.4746586282e+02
265              	Bottom	6.9938669585e+01	4.6320022224e+02	2.3383370792e+02
265              	Top	1.1616518515e+02	4.8351963158e+02	2.8290328510e+02
265              	e423_0	5.5951929136e-01	7.9356092871e+02	2.4746545380e+02
266              	Bottom	6.9919144253e+01	4.6321470670e+02	2.3383661476e+02
266              	Top	1.1616542953e+02	4.8352721522e+02	2.8290403334e+02
266              	e423_0	5.6019536177e-01	7.9356106082e+02	2.4746506880e+02
267              	Bottom	6.9900649679e+01	4.6322810549e+02	2.3383896633e+02
267              	Top	1.1616565560e+02	4.8353484820e+02	2.8290479032e+02
267              	e423_0	5.6116877913e-01	7.9356110611e+02	2.4746471579e+02
268              	Bottom	6.9883191598e+01	4.6324046027e+02	2.3384081386e+02
268              	Top	1.1616586368e+02	4.8354251424e+02	2.8290555976e+02
268              	e423_0	5.6216353229e-01	7.9356107326e+02	2.4746439167e+02
269              	Bottom	6.9866778936e+01	4.6325181111e+02	2.3384220274e+02
269              	Top	1.1616605269e+02	4.8355017954e+02	2.8290634208e+02
269              	e423_0	5.6339426385e-01	7.9356097119e+02	2.4746410236e+02
270              	Bottom	6.9851418539e+01	4.6326219953e+02	2.3384317323e+02
270              	Top	1.1616622427e+02	4.8355779699e+02	2.8290713571e+02
270              	e423_0	5.6458394801e-01	7.9356080891e+02	2.4746384320e+02
271              	Bottom	6.9837116977e+01	4.6327167329e+02	2.3384376234e+02
271              	Top	1.1616637935e+02	4.8356531561e+02	2.8290793788e+02
271              	e423_0	5.6595130785e-01	7.9356059537e+02	2.4746361899e+02
272              	Bottom	6.9823879525e+01	4.6328028479e+02	2.3384400441e+02
272              	Top	1.1616651947e+02	4.8357268775e+02	2.8290874404e+02
272              	e423_0	5.6722486273e-01	7.9356033932e+02	2.4746342426e+02
273              	Bottom	6.9811708466e+01	4.6328808015e+02	2.3384393139e+02
273              	Top	1.1616664697e+02	4.8357986652e+02	2.8290954844e+02
273              	e423_0	5.6863200724e-01	7.9356004918e+02	2.4746326317e+02
274              	Bottom	6.9800603743e+01	4.6329508740e+02	2.3384357201e+02
274              	Top	1.1616676266e+02	4.8358680652e+02	2.8291034538e+02
274              	e423_0	5.6990885647e-01	7.9355973297e+02	2.4746312971e+02
275              	Bottom	6.9790565455e+01	4.6330131777e+02	2.3384294989e+02
275              	Top	1.1616687095e+02	4.8359347395e+02	2.8291112722e+02
275              	e423_0	5.7129150573e-01	7.9355939810e+02	2.4746302752e+02
276              	Bottom	6.9781591605e+01	4.6330676128e+02	2.3384208541e+02
276              	Top	1.1616697468e+02	4.8359982744e+02	2.8291188380e+02
276              	e423_0	5.7252205188e-01	7.9355905145e+02	2.4746295006e+02
277              	Bottom	6.9773677550e+01	4.6331139033e+02	2.3384099310e+02
277              	Top	1.1616707970e+02	4.8360582012e+02	2.8291260262e+02
277              	e423_0	5.7384288446e-01	7.9355869915e+02	2.4746290049e+02
278              	Bottom	6.9766816121e+01	4.6331517095e+02	2.3383968552e+02
278              	Top	1.1616718801e+02	4.8361140501e+02	2.8291327085e+02
278              	e423_0	5.7499933367e-01	7.9355834669e+02	2.4746287174e+02
279              	Bottom	6.9760996459e+01	4.6331806886e+02	2.3383817422e+02
279              	Top	1.1616730052e+02	4.8361652750e+02	2.8291387515e+02
279              	e423_0	5.7623722950e-01	7.9355799883e+02	2.4746286658e+02
280              	Bottom	6.9756204340e+01	4.6332005204e+02	2.3383646834e+02
280              	Top	1.1616742046e+02	4.8362112644e+02	2.8291440143e+02
280              	e423_0	5.7730243109e-01	7.9355765961e+02	2.4746287757e+02
281              	Bottom	6.9752420813e+01	4.6332110076e+02	2.3383457750e+02
281              	Top	1.1616754957e+02	4.8362514157e+02	2.8291483768e+02
281              	e423_0	5.7844242473e-01	7.9355733241e+02	2.4746290724e+02
282              	Bottom	6.9749622800e+01	4.6332120941e+02	2.3383251234e+02
282              	Top	1.1616768847e+02	4.8362852343e+02	2.8291517431e+02
282              	e423_0	5.7940255534e-01	7.9355701998e+02	2.4746294803e+02
283              	Bottom	6.9747782225e+01	4.6332038409e+02	2.3383028468e+02
283              	Top	1.1616783729e+02	4.8363123624e+02	2.8291540446e+02
283              	e423_0	5.8043056917e-01	7.9355672446e+02	2.4746300250e+02
284              	Bottom	6.9746865797e+01	4.6331864347e+02	2.3382790968e+02
284              	Top	1.1616799430e+02	4.8363325953e+02	2.8291552486e+02
284              	e423_0	5.8127118606e-01	7.9355644748e+02	2.4746306322e+02
285              	Bottom	6.9746831334e+01	4.6331601413e+02	2.3382539851e+02
285              	Top	1.1616816340e+02	4.8363458934e+02	2.8291553369e+02
285              	e423_0	5.8217311370e-01	7.9355619015e+02	2.4746313301e+02
286              	Bottom	6.9747635065e+01	4.6331253769e+02	2.3382276824e+02
286              	Top	1.1616834123e+02	4.8363523986e+02	2.8291543362e+02
286              	e423_0	5.8288152310e-01	7.9355595318e+02	2.4746320478e+02
287              	Bottom	6.9749229147e+01	4.6330826166e+02	2.3382003585e+02
287              	Top	1.1616852638e+02	4.8363523837e+02	2.8291522905e+02
287              	e423_0	5.8364705104e-01	7.9355573686e+02	2.4746328178e+02
288              	Bottom	6.9751559340e+01	4.6330324126e+02	2.3381721904e+02
288              	Top	1.1616871829e+02	4.8363462467e+02	2.8291492648e+02
288              	e423_0	5.8421593461e-01	7.9355554113e+02	2.4746335734e+02
289              	Bottom	6.9754569340e+01	4.6329753723e+02	2.3381433706e+02
289              	Top	1.1616891477e+02	4.8363344567e+02	2.8291453671e+02
289              	e423_0	5.8484103920e-01	7.9355536565e+02	2.4746343516e+02
290              	Bottom	6.9758200148e+01	4.6329121480e+02	2.3381140965e+02
290              	Top	1.1616911446e+02	4.8363177490e+02	2.8291406978e+02
290              	e423_0	5.8527015528e-01	7.9355520980e+02	2.4746350902e+02
291              	Bottom	6.9762390549e+01	4.6328434666e+02	2.3380845692e+02
291              	Top	1.1616931656e+02	4.8362968304e+02	2.8291352579e+02
291              	e423_0	5.8575831641e-01	7.9355507272e+02	2.4746358305e+02
292              	Bottom	6.9767075674e+01	4.6327701452e+02	2.3380549977e+02
292              	Top	1.1616951844e+02	4.8362716565e+02	2.8291291123e+02
292              	e423_0	5.8605479756e-01	7.9355495340e+02	2.4746365141e+02
293              	Bottom	6.9772188042e+01	4.6326930074e+02	2.3380255883e+02
293              	Top	1.1616971756e+02	4.8362425026e+02	2.8291223767e+02
293              	e423_0	5.8641631520e-01	7.9355485064e+02	2.4746371859e+02
294              	Bottom	6.9777658678e+01	4.6326128773e+02	2.3379965412e+02
294              	Top	1.1616991174e+02	4.8362099240e+02	2.8291151814e+02
294              	e423_0	5.8659313509e-01	7.9355476317e+02	2.4746377905e+02
295              	Bottom	6.9783417807e+01	4.6325305832e+02	2.3379680501e+02
295              	Top	1.1617009890e+02	4.8361745698e+02	2.8291076551e+02
295              	e423_0	5.8684292587e-01	7.9355468961e+02	2.4746383757e+02
296              	Bottom	6.9789396593e+01	4.6324469610e+02	2.3379403014e+02
296              	Top	1.1617027694e+02	4.8361370957e+02	2.8290999199e+02
296              	e423_0	5.8691630372e-01	7.9355462859e+02	2.4746388887e+02
297              	Bottom	6.9795526642e+01	4.6323628308e+02	2.3379134726e+02
297              	Top	1.1617044404e+02	4.8360981321e+02	2.8290920908e+02
297              	e423_0	5.8707112609e-01	7.9355457871e+02	2.4746393792e+02
298              	Bottom	6.9801742025e+01	4.6322789936e+02	2.3378877297e+02
298              	Top	1.1617059828e+02	4.8360582735e+02	2.8290842747e+02
298              	e423_0	5.8705783901e-01	7.9355453863e+02	2.4746397965e+02
299              	Bottom	6.9807979580e+01	4.6321962171e+02	2.3378632273e+02
299              	Top	1.1617073799e+02	4.8360180707e+02	2.8290765700e+02
299              	e423_0	5.8713399430e-01	7.9355450708e+02	2.4746401922e+02
300              	Bottom	6.9814179464e+01	4.6321152325e+02	2.3378401055e+02
300              	Top	1.1617086174e+02	4.8359780306e+02	2.8290690675e+02
300              	e423_0	5.8704973988e-01	7.9355448286e+02	2.4746405171e+02
301              	Bottom	6.9820285647e+01	4.6320367273e+02	2.3378184900e+02
301              	Top	1.1617096835e+02	4.8359386182e+02	2.8290618504e+02
301              	e423_0	5.8706216417e-01	7.9355446488e+02	2.4746408243e+02
302              	Bottom	6.9826246154e+01	4.6319613409e+02	2.3377984903e+02
302              	Top	1.1617105683e+02	4.8359002603e+02	2.8290549950e+02
302              	e423_0	5.8692115192e-01	7.9355445217e+02	2.4746410658e+02
303              	Bottom	6.9832013431e+01	4.6318896612e+02	2.3377802000e+02
303              	Top	1.1617112657e+02	4.8358633475e+02	2.8290485705e+02
303              	e423_0	5.8688331251e-01	7.9355444388e+02	2.4746412959e+02
304              	Bottom	6.9837544501e+01	4.6318222169e+02	2.3377636954e+02
304              	Top	1.1617117725e+02	4.8358282364e+02	2.8290426378e+02
304              	e423_0	5.8669833198e-01	7.9355443926e+02	2.4746414674e+02
305              	Bottom	6.9842801166e+01	4.6317594749e+02	2.3377490346e+02
305              	Top	1.1617120879e+02	4.8357952476e+02	2.8290372488e+02
305              	e423_0	5.8662239562e-01	7.9355443770e+02	2.4746416350e+02
306              	Bottom	6.9847750051e+01	4.6317018324e+02	2.3377362572e+02
306              	Top	1.1617122152e+02	4.8357646623e+02	2.8290324466e+02
306              	e423_0	5.8640514220e-01	7.9355443868e+02	2.4746417518e+02
307              	Bottom	6.9852362958e+01	4.6316496178e+02	2.3377253841e+02
307              	Top	1.1617121592e+02	4.8357367203e+02	2.8290282647e+02
307              	e423_0	5.8630234664e-01	7.9355444178e+02	2.4746418725e+02
308              	Bottom	6.9856616895e+01	4.6316030762e+02	2.3377164182e+02
308              	Top	1.1617119258e+02	4.8357116136e+02	2.8290247447e+02
308              	e423_0	5.8606358266e-01	7.9355444667e+02	2.4746419501e+02
309              	Bottom	6.9860494571e+01	4.6315623654e+02	2.3377093424e+02
309              	Top	1.1617115282e+02	4.8356896306e+02	2.8290218924e+02
309              	e423_0	5.8594416105e-01	7.9355445309e+02	2.4746420388e+02
310              	Bottom	6.9863984071e+01	4.6315275884e+02	2.3377041221e+02
310              	Top	1.1617109815e+02	4.8356708651e+02	2.8290196742e+02
310              	e423_0	5.8569359260e-01	7.9355446085e+02	2.4746420909e+02
311              	Bottom	6.9867078050e+01	4.6314987918e+02	2.3377007077e+02
311              	Top	1.1617102974e+02	4.8356551516e+02	2.8290180645e+02
311              	e423_0	5.8556670118e-01	7.9355446981e+02	2.4746421599e+02
312              	Bottom	6.9869773563e+01	4.6314759378e+02	2.3376990316e+02
312              	Top	1.1617094882e+02	4.8356423624e+02	2.8290170453e+02
312              	e423_0	5.8531278201e-01	7.9355447988e+02	2.4746421973e+02
313              	Bottom	6.9872072058e+01	4.6314589107e+02	2.3376990090e+02
313              	Top	1.1617085695e+02	4.8356324182e+02	2.8290165967e+02
313              	e423_0	5.8518601496e-01	7.9355449102e+02	2.4746422556e+02
314              	Bottom	6.9873979243e+01	4.6314475209e+02	2.3377005397e+02
314              	Top	1.1617075569e+02	4.8356252442e+02	2.8290166920e+02
314              	e423_0	5.8493551667e-01	7.9355450321e+02	2.4746422858e+02
315              	Bottom	6.9875504593e+01	4.6314415109e+02	2.3377035097e+02
315              	Top	1.1617064687e+02	4.8356207447e+02	2.8290172971e+02
315              	e423_0	5.8481486650e-01	7.9355451644e+02	2.4746423393e+02
316              	Bottom	6.9876661609e+01	4.6314405677e+02	2.3377077935e+02
316              	Top	1.1617053207e+02	4.8356187949e+02	2.8290183704e+02
316              	e423_0	5.8457303583e-01	7.9355453074e+02	2.4746423664e+02
317              	Bottom	6.9877467190e+01	4.6314443272e+02	2.3377132572e+02
317              	Top	1.1617041323e+02	4.8356192371e+02	2.8290198640e+02
317              	e423_0	5.8446307596e-01	7.9355454612e+02	2.4746424180e+02
318              	Bottom	6.9877940866e+01	4.6314523831e+02	2.3377197586e+02
318              	Top	1.1617029158e+02	4.8356218818e+02	2.8290217240e+02
318              	e423_0	5.8423385899e-01	7.9355456262e+02	2.4746424438e+02
319              	Bottom	6.9878105016e+01	4.6314643031e+02	2.3377271533e+02
319              	Top	1.1617016942e+02	4.8356265140e+02	2.8290238945e+02
319              	e423_0	5.8413785607e-01	7.9355458023e+02	2.4746424943e+02
320              	Bottom	6.9877983956e+01	4.6314796332e+02	2.3377352943e+02
320              	Top	1.1617004814e+02	4.8356328993e+02	2.8290263166e+02
320              	e423_0	5.8392396157e-01	7.9355459897e+02	2.4746425186e+02
321              	Bottom	6.9877603603e+01	4.6314979076e+02	2.3377440351e+02
321              	Top	1.1616992926e+02	4.8356407907e+02	2.8290289312e+02
321              	e423_0	5.8384426710e-01	7.9355461883e+02	2.4746425668e+02
322              	Bottom	6.9876991056e+01	4.6315186577e+02	2.3377532314e+02
322              	Top	1.1616981420e+02	4.8356499356e+02	2.8290316800e+02
322              	e423_0	5.8364756869e-01	7.9355463977e+02	2.4746425881e+02
323              	Bottom	6.9876174031e+01	4.6315414174e+02	2.3377627432e+02
323              	Top	1.1616970425e+02	4.8356600817e+02	2.8290345067e+02
323              	e423_0	5.8358564067e-01	7.9355466173e+02	2.4746426321e+02
324              	Bottom	6.9875180639e+01	4.6315657322e+02	2.3377724365e+02
324              	Top	1.1616960050e+02	4.8356709826e+02	2.8290373577e+02
324              	e423_0	5.8340729681e-01	7.9355468464e+02	2.4746426479e+02
325              	Bottom	6.9874038467e+01	4.6315911611e+02	2.3377821846e+02
325              	Top	1.1616950402e+02	4.8356824002e+02	2.8290401833e+02
325              	e423_0	5.8336396849e-01	7.9355470838e+02	2.4746426852e+02
326              	Bottom	6.9872774969e+01	4.6316172857e+02	2.3377918692e+02
326              	Top	1.1616941555e+02	4.8356941089e+02	2.8290429375e+02
326              	e423_0	5.8320447828e-01	7.9355473282e+02	2.4746426927e+02
327              	Bottom	6.9871416607e+01	4.6316437100e+02	2.3378013813e+02
327              	Top	1.1616933575e+02	4.8357058970e+02	2.8290455788e+02
327              	e423_0	5.8317995501e-01	7.9355475782e+02	2.4746427204e+02
328              	Bottom	6.9869988556e+01	4.6316700656e+02	2.3378106220e+02
328              	Top	1.1616926510e+02	4.8357175695e+02	2.8290480708e+02
328              	e423_0	5.8303921050e-01	7.9355478320e+02	2.4746427171e+02
329              	Bottom	6.9868514843e+01	4.6316960166e+02	2.3378195035e+02
329              	Top	1.1616920394e+02	4.8357289489e+02	2.8290503819e+02
329              	e423_0	5.8303309109e-01	7.9355480877e+02	2.4746427327e+02
330              	Bottom	6.9867017802e+01	4.6317212589e+02	2.3378279487e+02
330              	Top	1.1616915240e+02	4.8357398766e+02	2.8290524857e+02
330              	e423_0	5.8291041242e-01	7.9355483435e+02	2.4746427163e+02
331              	Bottom	6.9865518025e+01	4.6317455238e+02	2.3378358918e+02
331              	Top	1.1616911049e+02	4.8357502136e+02	2.8290543610e+02
331              	e423_0	5.8292177505e-01	7.9355485972e+02	2.4746427180e+02
332              	Bottom	6.9864034219e+01	4.6317685784e+02	2.3378432794e+02
332              	Top	1.1616907813e+02	4.8357598411e+02	2.8290559920e+02
332              	e423_0	5.8281604666e-01	7.9355488469e+02	2.4746426873e+02
333              	Bottom	6.9862583201e+01	4.6317902281e+02	2.3378500685e+02
333              	Top	1.1616905498e+02	4.8357686611e+02	2.8290573674e+02
333              	e423_0	5.8284360039e-01	7.9355490904e+02	2.4746426745e+02
334              	Bottom	6.9861179795e+01	4.6318103138e+02	2.3378562280e+02
334              	Top	1.1616904071e+02	4.8357765955e+02	2.8290584813e+02
334              	e423_0	5.8275334969e-01	7.9355493258e+02	2.4746426292e+02
335              	Bottom	6.9859836719e+01	4.6318287124e+02	2.3378617372e+02
335              	Top	1.1616903484e+02	4.8357835875e+02	2.8290593326e+02
335              	e423_0	5.8279555392e-01	7.9355495512e+02	2.4746426022e+02
336              	Bottom	6.9858564672e+01	4.6318453368e+02	2.3378665858e+02
336              	Top	1.1616903679e+02	4.8357896004e+02	2.8290599247e+02
336              	e423_0	5.8271916221e-01	7.9355497648e+02	2.4746425433e+02
337              	Bottom	6.9857372227e+01	4.6318601363e+02	2.3378707732e+02
337              	Top	1.1616904592e+02	4.8357946167e+02	2.8290602646e+02
337              	e423_0	5.8277431776e-01	7.9355499648e+02	2.4746425035e+02
338              	Bottom	6.9856266216e+01	4.6318730833e+02	2.3378743082e+02
338              	Top	1.1616906159e+02	4.8357986376e+02	2.8290603645e+02
338              	e423_0	5.8271004533e-01	7.9355501500e+02	2.4746424331e+02
339              	Bottom	6.9855251398e+01	4.6318841903e+02	2.3378772074e+02
339              	Top	1.1616908297e+02	4.8358016852e+02	2.8290602390e+02
339              	e423_0	5.8277646345e-01	7.9355503190e+02	2.4746423830e+02
340              	Bottom	6.9854330824e+01	4.6318934940e+02	2.3378794945e+02
340              	Top	1.1616910932e+02	4.8358037937e+02	2.8290599062e+02
340              	e423_0	5.8272254144e-01	7.9355504707e+02	2.4746423038e+02
341              	Bottom	6.9853505872e+01	4.6319010549e+02	2.3378812000e+02
341              	Top	1.1616913985e+02	4.8358050129e+02	2.8290593861e+02
341              	e423_0	5.8279829100e-01	7.9355506042e+02	2.4746422465e+02
342              	Bottom	6.9852776430e+01	4.6319069537e+02	2.3378823595e+02
342              	Top	1.1616917377e+02	4.8358054057e+02	2.8290587014e+02
342              	e423_0	5.8275292829e-01	7.9355507190e+02	2.4746421618e+02
343              	Bottom	6.9852141007e+01	4.6319112896e+02	2.3378830130e+02
343              	Top	1.1616921030e+02	4.8358050456e+02	2.8290578755e+02
343              	e423_0	5.8283634774e-01	7.9355508147e+02	2.4746421008e+02
344              	Bottom	6.9851596931e+01	4.6319141756e+02	2.3378832037e+02
344              	Top	1.1616924867e+02	4.8358040140e+02	2.8290569333e+02
344              	e423_0	5.8279778951e-01	7.9355508911e+02	2.4746420142e+02
345              	Bottom	6.9851140481e+01	4.6319157355e+02	2.3378829775e+02
345              	Top	1.1616928814e+02	4.8358023982e+02	2.8290558996e+02
345              	e423_0	5.8288707649e-01	7.9355509483e+02	2.4746419530e+02
346              	Bottom	6.9850767191e+01	4.6319161045e+02	2.3378823817e+02
346              	Top	1.1616932812e+02	4.8358002897e+02	2.8290547992e+02
346              	e423_0	5.8285353330e-01	7.9355509867e+02	2.4746418679e+02
347              	Bottom	6.9850471780e+01	4.6319154177e+02	2.3378814640e+02
347              	Top	1.1616936789e+02	4.8357977795e+02	2.8290536561e+02
347              	e423_0	5.8294689088e-01	7.9355510068e+02	2.4746418100e+02
348              	Bottom	6.9850248470e+01	4.6319138140e+02	2.3378802720e+02
348              	Top	1.1616940691e+02	4.8357949595e+02	2.8290524935e+02
348              	e423_0	5.8291663127e-01	7.9355510094e+02	2.4746417297e+02
349              	Bottom	6.9850091364e+01	4.6319114320e+02	2.3378788523e+02
349              	Top	1.1616944463e+02	4.8357919182e+02	2.8290513328e+02
349              	e423_0	5.8301248021e-01	7.9355509954e+02	2.4746416781e+02
350              	Bottom	6.9849994031e+01	4.6319084051e+02	2.3378772500e+02
350              	Top	1.1616948069e+02	4.8357887400e+02	2.8290501939e+02
350              	e423_0	5.8298391746e-01	7.9355509660e+02	2.4746416055e+02
351              	Bottom	6.9849950061e+01	4.6319048628e+02	2.3378755078e+02
351              	Top	1.1616951471e+02	4.8357855036e+02	2.8290490948e+02
351              	e423_0	5.8308067140e-01	7.9355509224e+02	2.4746415627e+02
352              	Bottom	6.9849953088e+01	4.6319009272e+02	2.3378736658e+02
352              	Top	1.1616954634e+02	4.8357822807e+02	2.8290480509e+02
352              	e423_0	5.8305234224e-01	7.9355508661e+02	2.4746415000e+02
353              	Bottom	6.9849996798e+01	4.6318967121e+02	2.3378717614e+02
353              	Top	1.1616957541e+02	4.8357791356e+02	2.8290470758e+02
353              	e423_0	5.8314866736e-01	7.9355507985e+02	2.4746414679e+02
354              	Bottom	6.9850075151e+01	4.6318923216e+02	2.3378698283e+02
354              	Top	1.1616960171e+02	4.8357761239e+02	2.8290461803e+02
354              	e423_0	5.8311935743e-01	7.9355507212e+02	2.4746414165e+02
355              	Bottom	6.9850182358e+01	4.6318878493e+02	2.3378678968e+02
355              	Top	1.1616962517e+02	4.8357732930e+02	2.8290453732e+02
355              	e423_0	5.8321413452e-01	7.9355506357e+02	2.4746413963e+02
356              	Bottom	6.9850312995e+01	4.6318833782e+02	2.3378659937e+02
356              	Top	1.1616964571e+02	4.8357706813e+02	2.8290446605e+02
356              	e423_0	5.8318281497e-01	7.9355505437e+02	2.4746413570e+02
357              	Bottom	6.9850462020e+01	4.6318789801e+02	2.3378641421e+02
357              	Top	1.1616966336e+02	4.8357683187e+02	2.8290440464e+02
357              	e423_0	5.8327511624e-01	7.9355504468e+02	2.4746413490e+02
358              	Bottom	6.9850624842e+01	4.6318747161e+02	2.3378623614e+02
358              	Top	1.1616967817e+02	4.8357662266e+02	2.8290435328e+02
358              	e423_0	5.8324096805e-01	7.9355503465e+02	2.4746413219e+02
359              	Bottom	6.9850797341e+01	4.6318706365e+02	2.3378606677e+02
359              	Top	1.1616969022e+02	4.8357644186e+02	2.8290431194e+02
359              	e423_0	5.8333008057e-01	7.9355502444e+02	2.4746413258e+02
360              	Bottom	6.9850975812e+01	4.6318667805e+02	2.3378590734e+02
360              	Top	1.1616969965e+02	4.8357629008e+02	2.8290428044e+02
360              	e423_0	5.8329249799e-01	7.9355501419e+02	2.4746413101e+02
361              	Bottom	6.9851157049e+01	4.6318631781e+02	2.3378575879e+02
361              	Top	1.1616970660e+02	4.8357616724e+02	2.8290425843e+02
361              	e423_0	5.8337791893e-01	7.9355500403e+02	2.4746413248e+02
362              	Bottom	6.9851338291e+01	4.6318598500e+02	2.3378562177e+02
362              	Top	1.1616971129e+02	4.8357607268e+02	2.8290424542e+02
362              	e423_0	5.8333649984e-01	7.9355499409e+02	2.4746413194e+02
363              	Bottom	6.9851517224e+01	4.6318568088e+02	2.3378549664e+02
363              	Top	1.1616971390e+02	4.8357600519e+02	2.8290424080e+02
363              	e423_0	5.8341792233e-01	7.9355498449e+02	2.4746413435e+02
364              	Bottom	6.9851691963e+01	4.6318540595e+02	2.3378538354e+02
364              	Top	1.1616971463e+02	4.8357596312e+02	2.8290424386e+02
364              	e423_0	5.8337245383e-01	7.9355497532e+02	2.4746413466e+02
365              	Bottom	6.9851860998e+01	4.6318516002e+02	2.3378528238e+02
365              	Top	1.1616971371e+02	4.8357594444e+02	2.8290425383e+02
365              	e423_0	5.8344975780e-01	7.9355496667e+02	2.4746413783e+02
366              	Bottom	6.9852023165e+01	4.6318494236e+02	2.3378519289e+02
366              	Top	1.1616971137e+02	4.8357594686e+02	2.8290426987e+02
366              	e423_0	5.8340021779e-01	7.9355495861e+02	2.4746413879e+02
367              	Bottom	6.9852177678e+01	4.6318475178e+02	2.3378511463e+02
367              	Top	1.1616970783e+02	4.8357596786e+02	2.8290429113e+02
367              	e423_0	5.8347346820e-01	7.9355495122e+02	2.4746414252e+02
368              	Bottom	6.9852323980e+01	4.6318458670e+02	2.3378504706e+02
368              	Top	1.1616970330e+02	4.8357600482e+02	2.8290431672e+02
368              	e423_0	5.8342000369e-01	7.9355494453e+02	2.4746414393e+02
369              	Bottom	6.9852461776e+01	4.6318444522e+02	2.3378498951e+02
369              	Top	1.1616969800e+02	4.8357605505e+02	2.8290434581e+02
369              	e423_0	5.8348941640e-01	7.9355493857e+02	2.4746414800e+02
370              	Bottom	6.9852590993e+01	4.6318432529e+02	2.3378494126e+02
370              	Top	1.1616969211e+02	4.8357611587e+02	2.8290437752e+02
370              	e423_0	5.8343230716e-01	7.9355493337e+02	2.4746414967e+02
371              	Bottom	6.9852711715e+01	4.6318422470e+02	2.3378490151e+02
371              	Top	1.1616968583e+02	4.8357618467e+02	2.8290441107e+02
371              	e423_0	5.8349822664e-01	7.9355492894e+02	2.4746415388e+02
372              	Bottom	6.9852824175e+01	4.6318414120e+02	2.3378486948e+02
372              	Top	1.1616967931e+02	4.8357625895e+02	2.8290444570e+02
372              	e423_0	5.8343787246e-01	7.9355492526e+02	2.4746415560e+02
373              	Bottom	6.9852928708e+01	4.6318407251e+02	2.3378484433e+02
373              	Top	1.1616967270e+02	4.8357633638e+02	2.8290448070e+02
373              	e423_0	5.8350073475e-01	7.9355492233e+02	2.4746415979e+02
374              	Bottom	6.9853025721e+01	4.6318401644e+02	2.3378482527e+02
374              	Top	1.1616966614e+02	4.8357641481e+02	2.8290451544e+02
374              	e423_0	5.8343760630e-01	7.9355492012e+02	2.4746416139e+02
375              	Bottom	6.9853115670e+01	4.6318397089e+02	2.3378481151e+02
375              	Top	1.1616965973e+02	4.8357649233e+02	2.8290454936e+02
375              	e423_0	5.8349790638e-01	7.9355491859e+02	2.4746416539e+02
376              	Bottom	6.9853199004e+01	4.6318393393e+02	2.3378480228e+02
376              	Top	1.1616965358e+02	4.8357656724e+02	2.8290458196e+02
376              	e423_0	5.8343251486e-01	7.9355491770e+02	2.4746416675e+02
377              	Bottom	6.9853276281e+01	4.6318390375e+02	2.3378479695e+02
377              	Top	1.1616964771e+02	4.8357663806e+02	2.8290461285e+02
377              	e423_0	5.8349075133e-01	7.9355491742e+02	2.4746417045e+02
378              	Bottom	6.9853347948e+01	4.6318387877e+02	2.3378479485e+02
378              	Top	1.1616964225e+02	4.8357670374e+02	2.8290464170e+02
378              	e423_0	5.8342368045e-01	7.9355491768e+02	2.4746417146e+02
379              	Bottom	6.9853414439e+01	4.6318385760e+02	2.3378479540e+02
379              	Top	1.1616963721e+02	4.8357676329e+02	2.8290466824e+02
379              	e423_0	5.8348041653e-01	7.9355491843e+02	2.4746417476e+02
380              	Bottom	6.9853476175e+01	4.6318383911e+02	2.3378479807e+02
380              	Top	1.1616963261e+02	4.8357681601e+02	2.8290469228e+02
380              	e423_0	5.8341202926e-01	7.9355491962e+02	2.4746417535e+02
381              	Bottom	6.9853533501e+01	4.6318382233e+02	2.3378480242e+02
381              	Top	1.1616962846e+02	4.8357686146e+02	2.8290471371e+02
381              	e423_0	5.8346771187e-01	7.9355492118e+02	2.4746417822e+02
382              	Bottom	6.9853586733e+01	4.6318380654e+02	2.3378480805e+02
382              	Top	1.1616962477e+02	4.8357689942e+02	2.8290473247e+02
382              	e423_0	5.8339859006e-01	7.9355492305e+02	2.4746417836e+02
383              	Bottom	6.9853636123e+01	4.6318379120e+02	2.3378481465e+02
383              	Top	1.1616962153e+02	4.8357692986e+02	2.8290474856e+02
383              	e423_0	5.8345372119e-01	7.9355492518e+02	2.4746418078e+02
