# Time           	flap1            	mainPlane        
1	9.6327296815e-01	2.0221118900e+00	
2	8.1111300907e-02	2.1061294437e-01	
3	2.2319288819e-02	8.4999884569e-02	
4	2.3911586681e-02	8.1979367671e-02	
5	2.7976031881e-02	8.5299629018e-02	
6	2.9940953691e-02	8.7727789424e-02	
7	3.1470265408e-02	9.0235209059e-02	
8	3.2746640880e-02	9.2180214750e-02	
9	3.3826892774e-02	9.3607727474e-02	
10	3.4627030796e-02	9.4548112345e-02	
11	3.5177044656e-02	9.5110643415e-02	
12	3.5464642501e-02	9.5340122044e-02	
13	3.5568565335e-02	9.5342932479e-02	
14	3.5489566512e-02	9.5266245807e-02	
15	3.5316116076e-02	9.5143842957e-02	
16	3.5061889454e-02	9.4994810835e-02	
17	3.4766324455e-02	9.4825207674e-02	
18	3.4415331055e-02	9.4625745806e-02	
19	3.4043313227e-02	9.4459806819e-02	
20	3.3633149349e-02	9.4294571660e-02	
21	3.3201078005e-02	9.4149397264e-02	
22	3.2754852715e-02	9.4011958352e-02	
23	3.2308421783e-02	9.3898216629e-02	
24	3.1867528695e-02	9.3804299793e-02	
25	3.1456367943e-02	9.3744759163e-02	
26	3.1054933870e-02	9.3705674581e-02	
27	3.0671833929e-02	9.3686262173e-02	
28	3.0312355190e-02	9.3693689475e-02	
29	2.9957226597e-02	9.3705343615e-02	
30	2.9620754413e-02	9.3729642669e-02	
31	2.9293429616e-02	9.3758361416e-02	
32	2.8980044231e-02	9.3798336706e-02	
33	2.8674228703e-02	9.3843817235e-02	
34	2.8375653975e-02	9.3890656604e-02	
35	2.8082786445e-02	9.3944549001e-02	
36	2.7796948967e-02	9.3998201959e-02	
37	2.7511262073e-02	9.4054923955e-02	
38	2.7229195878e-02	9.4115148598e-02	
39	2.6950724491e-02	9.4175877329e-02	
40	2.6674917040e-02	9.4240690770e-02	
41	2.6404811817e-02	9.4305666481e-02	
42	2.6140349303e-02	9.4374420968e-02	
43	2.5877283097e-02	9.4443480331e-02	
44	2.5619444805e-02	9.4517264604e-02	
45	2.5368684602e-02	9.4592413845e-02	
46	2.5126696412e-02	9.4671552501e-02	
47	2.4890538278e-02	9.4756587352e-02	
48	2.4664987424e-02	9.4844818926e-02	
49	2.4447592835e-02	9.4937403534e-02	
50	2.4242741266e-02	9.5036548607e-02	
51	2.4050423895e-02	9.5142322006e-02	
52	2.3871581235e-02	9.5255116611e-02	
53	2.3704695749e-02	9.5375130085e-02	
54	2.3551090172e-02	9.5503074591e-02	
55	2.3411206722e-02	9.5637113340e-02	
56	2.3286247888e-02	9.5779468509e-02	
57	2.3173806841e-02	9.5928107841e-02	
58	2.3075220144e-02	9.6083980254e-02	
59	2.2990839289e-02	9.6248775308e-02	
60	2.2920385663e-02	9.6420308059e-02	
61	2.2863033652e-02	9.6598225963e-02	
62	2.2816859681e-02	9.6782714026e-02	
63	2.2781665855e-02	9.6973193616e-02	
64	2.2757278734e-02	9.7169988427e-02	
65	2.2740949884e-02	9.7371692659e-02	
66	2.2733138090e-02	9.7578376270e-02	
67	2.2732260604e-02	9.7789736263e-02	
68	2.2736213285e-02	9.8003810813e-02	
69	2.2743790095e-02	9.8220440443e-02	
70	2.2754470491e-02	9.8439220003e-02	
71	2.2767749436e-02	9.8660083443e-02	
72	2.2783164381e-02	9.8882042270e-02	
73	2.2800432815e-02	9.9105522946e-02	
74	2.2818927630e-02	9.9330296992e-02	
75	2.2838515883e-02	9.9556722361e-02	
76	2.2858848233e-02	9.9784506735e-02	
77	2.2879448679e-02	1.0001302835e-01	
78	2.2900216200e-02	1.0024263141e-01	
79	2.2920741188e-02	1.0047321152e-01	
80	2.2941677084e-02	1.0070487383e-01	
81	2.2961952845e-02	1.0093687428e-01	
82	2.2981731357e-02	1.0116921866e-01	
83	2.3001037076e-02	1.0140215995e-01	
84	2.3020555903e-02	1.0163621252e-01	
85	2.3039739233e-02	1.0187106435e-01	
86	2.3058122828e-02	1.0210648215e-01	
87	2.3075490226e-02	1.0234237382e-01	
88	2.3092027254e-02	1.0257856036e-01	
89	2.3107114462e-02	1.0281507001e-01	
90	2.3121149084e-02	1.0305206657e-01	
91	2.3133545162e-02	1.0328945495e-01	
92	2.3145098900e-02	1.0352724072e-01	
93	2.3156018313e-02	1.0376586339e-01	
94	2.3166221696e-02	1.0400488309e-01	
95	2.3175019354e-02	1.0424415317e-01	
96	2.3182598461e-02	1.0448333695e-01	
97	2.3188770153e-02	1.0472273680e-01	
98	2.3193729914e-02	1.0496235061e-01	
99	2.3196796550e-02	1.0520195090e-01	
100	2.3198703449e-02	1.0544142926e-01	
101	2.3199011357e-02	1.0568096682e-01	
102	2.3198182688e-02	1.0592050559e-01	
103	2.3195797132e-02	1.0616011577e-01	
104	2.3191935901e-02	1.0639914848e-01	
105	2.3186004493e-02	1.0663798679e-01	
106	2.3178531032e-02	1.0687647312e-01	
107	2.3168766961e-02	1.0711453829e-01	
108	2.3158572753e-02	1.0735248987e-01	
109	2.3146445352e-02	1.0758987034e-01	
110	2.3132853218e-02	1.0782672480e-01	
111	2.3117951267e-02	1.0806336615e-01	
112	2.3100991980e-02	1.0829918415e-01	
113	2.3081947245e-02	1.0853427315e-01	
114	2.3061503453e-02	1.0876840527e-01	
115	2.3039417977e-02	1.0900153191e-01	
116	2.3015997638e-02	1.0923344517e-01	
117	2.2990683934e-02	1.0946471914e-01	
118	2.2964207254e-02	1.0969486101e-01	
119	2.2936228339e-02	1.0992293199e-01	
120	2.2907084163e-02	1.1014937603e-01	
121	2.2876515186e-02	1.1037470922e-01	
122	2.2845442333e-02	1.1059857052e-01	
123	2.2813152482e-02	1.1082051345e-01	
124	2.2780356314e-02	1.1104088586e-01	
125	2.2746706404e-02	1.1125990254e-01	
126	2.2712704711e-02	1.1147631879e-01	
127	2.2677893374e-02	1.1169044659e-01	
128	2.2643177672e-02	1.1190158215e-01	
129	2.2607970307e-02	1.1211058065e-01	
130	2.2572895944e-02	1.1231748308e-01	
131	2.2537842112e-02	1.1252184213e-01	
132	2.2503174996e-02	1.1272333481e-01	
133	2.2468713057e-02	1.1292244132e-01	
134	2.2434760383e-02	1.1311886781e-01	
135	2.2401491191e-02	1.1331049726e-01	
136	2.2369296767e-02	1.1349741028e-01	
137	2.2338037984e-02	1.1367879997e-01	
138	2.2308310866e-02	1.1385357099e-01	
139	2.2279924283e-02	1.1402186232e-01	
140	2.2254185444e-02	1.1417896412e-01	
141	2.2232272385e-02	1.1431972678e-01	
142	2.2202990179e-02	1.1450412076e-01	
143	2.2164310228e-02	1.1473993784e-01	
144	2.2125604895e-02	1.1498145159e-01	
145	2.2087554351e-02	1.1521938143e-01	
146	2.2051767707e-02	1.1545102835e-01	
147	2.2017813706e-02	1.1567674829e-01	
148	2.1985087734e-02	1.1590008644e-01	
149	2.1952962146e-02	1.1612331858e-01	
150	2.1921707275e-02	1.1634879698e-01	
151	2.1891159293e-02	1.1657543297e-01	
152	2.1862295253e-02	1.1680093990e-01	
153	2.1834280560e-02	1.1702678139e-01	
154	2.1808122700e-02	1.1725052642e-01	
155	2.1782701331e-02	1.1747613210e-01	
156	2.1758865111e-02	1.1770144284e-01	
157	2.1736466128e-02	1.1792535554e-01	
158	2.1716027161e-02	1.1814816549e-01	
159	2.1696907411e-02	1.1837184975e-01	
160	2.1680053521e-02	1.1859311215e-01	
161	2.1664543528e-02	1.1881805380e-01	
162	2.1652226438e-02	1.1903749067e-01	
163	2.1641497721e-02	1.1925941640e-01	
164	2.1633454599e-02	1.1948071660e-01	
165	2.1628154515e-02	1.1970109091e-01	
166	2.1625499550e-02	1.1992368583e-01	
167	2.1625034222e-02	1.2014876693e-01	
168	2.1628300139e-02	1.2037383782e-01	
169	2.1632399994e-02	1.2061050328e-01	
170	2.1638897817e-02	1.2085443306e-01	
171	2.1646966609e-02	1.2110740984e-01	
172	2.1656586738e-02	1.2137237838e-01	
173	2.1667030249e-02	1.2165068551e-01	
174	2.1677635591e-02	1.2194110177e-01	
175	2.1689064872e-02	1.2223806708e-01	
176	2.1699567836e-02	1.2254870073e-01	
177	2.1708058605e-02	1.2287242734e-01	
178	2.1714944661e-02	1.2320719472e-01	
179	2.1719691892e-02	1.2354989149e-01	
180	2.1721196005e-02	1.2390062773e-01	
181	2.1718916448e-02	1.2425583117e-01	
182	2.1714172759e-02	1.2461366654e-01	
183	2.1706768788e-02	1.2497335163e-01	
184	2.1697398573e-02	1.2532893574e-01	
185	2.1686513918e-02	1.2567280891e-01	
186	2.1675463279e-02	1.2599795532e-01	
187	2.1662769465e-02	1.2631663240e-01	
188	2.1649711513e-02	1.2663353120e-01	
189	2.1636000450e-02	1.2694520863e-01	
190	2.1622087730e-02	1.2725047453e-01	
191	2.1606920404e-02	1.2755104184e-01	
192	2.1590706659e-02	1.2784687453e-01	
193	2.1573125721e-02	1.2813888504e-01	
194	2.1554715331e-02	1.2842645147e-01	
195	2.1535941636e-02	1.2871049568e-01	
196	2.1516828405e-02	1.2899033366e-01	
197	2.1497517874e-02	1.2926684093e-01	
198	2.1478366106e-02	1.2954036681e-01	
199	2.1459006298e-02	1.2981293151e-01	
200	2.1439679309e-02	1.3008475409e-01	
201	2.1419979517e-02	1.3035564191e-01	
202	2.1400546260e-02	1.3062566035e-01	
203	2.1381045523e-02	1.3089498004e-01	
204	2.1362181608e-02	1.3116362278e-01	
205	2.1343558015e-02	1.3143201101e-01	
206	2.1325617723e-02	1.3169977544e-01	
207	2.1308095872e-02	1.3196736504e-01	
208	2.1291123305e-02	1.3223449703e-01	
209	2.1274295660e-02	1.3250162885e-01	
210	2.1258102904e-02	1.3276892045e-01	
211	2.1241961825e-02	1.3303629655e-01	
212	2.1226581143e-02	1.3330386447e-01	
213	2.1211618629e-02	1.3357142618e-01	
214	2.1197476246e-02	1.3383866052e-01	
215	2.1183849327e-02	1.3410668593e-01	
216	2.1171312779e-02	1.3437471924e-01	
217	2.1159308076e-02	1.3464309325e-01	
218	2.1148389753e-02	1.3491157599e-01	
219	2.1138194912e-02	1.3518045325e-01	
220	2.1129234994e-02	1.3544943202e-01	
221	2.1121183848e-02	1.3571885534e-01	
222	2.1114392751e-02	1.3598870665e-01	
223	2.1108591057e-02	1.3625875484e-01	
224	2.1104212707e-02	1.3652934520e-01	
225	2.1100753816e-02	1.3680011495e-01	
226	2.1098652892e-02	1.3707118175e-01	
227	2.1097403446e-02	1.3734277072e-01	
228	2.1097589178e-02	1.3761470136e-01	
229	2.1098745939e-02	1.3788678629e-01	
230	2.1101226772e-02	1.3815931955e-01	
231	2.1104617878e-02	1.3843228859e-01	
232	2.1109379676e-02	1.3870607163e-01	
233	2.1114954100e-02	1.3897987764e-01	
234	2.1121681595e-02	1.3925416934e-01	
235	2.1129213638e-02	1.3952865178e-01	
236	2.1137855631e-02	1.3980379008e-01	
237	2.1147212029e-02	1.4007889805e-01	
238	2.1157631238e-02	1.4035424778e-01	
239	2.1168715684e-02	1.4062989765e-01	
240	2.1180783333e-02	1.4090573386e-01	
241	2.1193527243e-02	1.4118164032e-01	
242	2.1207257907e-02	1.4145781399e-01	
243	2.1221551080e-02	1.4173425007e-01	
244	2.1236817580e-02	1.4201057341e-01	
245	2.1252538750e-02	1.4228689934e-01	
246	2.1269282122e-02	1.4256351582e-01	
247	2.1286658846e-02	1.4284038196e-01	
248	2.1304971355e-02	1.4311738894e-01	
249	2.1323918640e-02	1.4339487756e-01	
250	2.1343867509e-02	1.4367245240e-01	
251	2.1364577244e-02	1.4394996768e-01	
252	2.1386421065e-02	1.4422783561e-01	
253	2.1408977512e-02	1.4450618547e-01	
254	2.1432693429e-02	1.4478467930e-01	
255	2.1457240557e-02	1.4506335090e-01	
256	2.1483069172e-02	1.4534262577e-01	
257	2.1509687524e-02	1.4562194150e-01	
258	2.1537557314e-02	1.4590137014e-01	
259	2.1566303440e-02	1.4618121468e-01	
260	2.1596330522e-02	1.4646102739e-01	
261	2.1627165336e-02	1.4674140568e-01	
262	2.1659237034e-02	1.4702217005e-01	
263	2.1692063704e-02	1.4730319117e-01	
264	2.1726006115e-02	1.4758420005e-01	
265	2.1760726608e-02	1.4786564809e-01	
266	2.1796548115e-02	1.4814722330e-01	
267	2.1833021202e-02	1.4842883368e-01	
268	2.1870505966e-02	1.4871069748e-01	
269	2.1908528591e-02	1.4899254722e-01	
270	2.1947446029e-02	1.4927448627e-01	
271	2.1986790682e-02	1.4955631631e-01	
272	2.2026916401e-02	1.4983793375e-01	
273	2.2067383890e-02	1.5011963942e-01	
274	2.2108514232e-02	1.5040100134e-01	
275	2.2149867645e-02	1.5068204582e-01	
276	2.2191771661e-02	1.5096273439e-01	
277	2.2233746001e-02	1.5124300943e-01	
278	2.2276105996e-02	1.5152298564e-01	
279	2.2318342683e-02	1.5180258333e-01	
280	2.2360876856e-02	1.5208187146e-01	
281	2.2403153660e-02	1.5236054435e-01	
282	2.2445648300e-02	1.5263900650e-01	
283	2.2487942214e-02	1.5291710246e-01	
284	2.2530434838e-02	1.5319448189e-01	
285	2.2572699024e-02	1.5347116079e-01	
286	2.2615131857e-02	1.5374723350e-01	
287	2.2657190789e-02	1.5402282221e-01	
288	2.2699311544e-02	1.5429745831e-01	
289	2.2741053176e-02	1.5457154401e-01	
290	2.2782770592e-02	1.5484511286e-01	
291	2.2824158154e-02	1.5511816262e-01	
292	2.2865633390e-02	1.5539049926e-01	
293	2.2906694763e-02	1.5566231322e-01	
294	2.2947838126e-02	1.5593349426e-01	
295	2.2988538499e-02	1.5620390990e-01	
296	2.3029192938e-02	1.5647431731e-01	
297	2.3069528685e-02	1.5674424751e-01	
298	2.3110004840e-02	1.5701365475e-01	
299	2.3150155113e-02	1.5728243227e-01	
300	2.3190419729e-02	1.5755083220e-01	
301	2.3230319423e-02	1.5781902309e-01	
302	2.3270384717e-02	1.5808698946e-01	
303	2.3310204202e-02	1.5835445513e-01	
304	2.3350194202e-02	1.5862204459e-01	
305	2.3389888186e-02	1.5888912011e-01	
306	2.3429786474e-02	1.5915632056e-01	
307	2.3469501669e-02	1.5942301921e-01	
308	2.3509465999e-02	1.5968985265e-01	
309	2.3549215851e-02	1.5995650261e-01	
310	2.3589263995e-02	1.6022306898e-01	
311	2.3629140927e-02	1.6048961055e-01	
312	2.3669302633e-02	1.6075589957e-01	
313	2.3709349069e-02	1.6102207731e-01	
314	2.3749650384e-02	1.6128812163e-01	
315	2.3789860416e-02	1.6155396232e-01	
316	2.3830393530e-02	1.6181992711e-01	
317	2.3870801239e-02	1.6208576336e-01	
318	2.3911489109e-02	1.6235143044e-01	
319	2.3951935065e-02	1.6261728125e-01	
320	2.3992667106e-02	1.6288298655e-01	
321	2.4033224448e-02	1.6314868757e-01	
322	2.4074049679e-02	1.6341440149e-01	
323	2.4114742817e-02	1.6368003330e-01	
324	2.4155656655e-02	1.6394540983e-01	
325	2.4196407109e-02	1.6421095500e-01	
326	2.4237428387e-02	1.6447653681e-01	
327	2.4278229193e-02	1.6474141149e-01	
328	2.4319335919e-02	1.6500712721e-01	
329	2.4360239551e-02	1.6527276708e-01	
330	2.4401354856e-02	1.6553838690e-01	
331	2.4442275900e-02	1.6580409604e-01	
332	2.4483371840e-02	1.6607001775e-01	
333	2.4524247142e-02	1.6633614006e-01	
334	2.4565352730e-02	1.6660255469e-01	
335	2.4606229355e-02	1.6686875188e-01	
336	2.4647319080e-02	1.6713527130e-01	
337	2.4688162526e-02	1.6740180538e-01	
338	2.4729198173e-02	1.6766892351e-01	
339	2.4769939940e-02	1.6793602798e-01	
340	2.4810818939e-02	1.6820300600e-01	
341	2.4851498632e-02	1.6847018945e-01	
342	2.4892285933e-02	1.6873705832e-01	
343	2.4932806943e-02	1.6900422248e-01	
344	2.4973480501e-02	1.6927163272e-01	
345	2.5013844491e-02	1.6953864841e-01	
346	2.5054375899e-02	1.6980570160e-01	
347	2.5094553399e-02	1.7007222874e-01	
348	2.5134843730e-02	1.7033817401e-01	
349	2.5174812224e-02	1.7060401138e-01	
350	2.5214872748e-02	1.7086952170e-01	
351	2.5254608071e-02	1.7113547249e-01	
352	2.5294426383e-02	1.7140093419e-01	
353	2.5333888724e-02	1.7166603932e-01	
354	2.5373391350e-02	1.7193081844e-01	
355	2.5412497297e-02	1.7219522411e-01	
356	2.5451663268e-02	1.7245908053e-01	
357	2.5490405393e-02	1.7272252936e-01	
358	2.5529221080e-02	1.7298574046e-01	
359	2.5567638486e-02	1.7324818238e-01	
360	2.5606076019e-02	1.7350987742e-01	
361	2.5644147487e-02	1.7377144386e-01	
362	2.5682230813e-02	1.7403188861e-01	
363	2.5719913003e-02	1.7429167934e-01	
364	2.5757620749e-02	1.7455076745e-01	
365	2.5794915020e-02	1.7480906402e-01	
366	2.5832254298e-02	1.7506654062e-01	
367	2.5869180707e-02	1.7532339391e-01	
368	2.5906190245e-02	1.7557949238e-01	
369	2.5942810838e-02	1.7583500359e-01	
370	2.5979497896e-02	1.7608977359e-01	
371	2.6015790470e-02	1.7634378048e-01	
372	2.6052143467e-02	1.7659710128e-01	
373	2.6088123292e-02	1.7684944626e-01	
374	2.6124186513e-02	1.7710093960e-01	
375	2.6159900132e-02	1.7735163710e-01	
376	2.6195701376e-02	1.7760164198e-01	
377	2.6231160644e-02	1.7785109766e-01	
378	2.6266724876e-02	1.7809970483e-01	
379	2.6301960004e-02	1.7834775883e-01	
380	2.6337304451e-02	1.7859527768e-01	
381	2.6372297052e-02	1.7884200139e-01	
382	2.6407432001e-02	1.7908820705e-01	
383	2.6442240551e-02	1.7933367204e-01	
384	2.6477176896e-02	1.7957851987e-01	
385	2.6511808026e-02	1.7982290449e-01	
386	2.6546581596e-02	1.8006663728e-01	
387	2.6581011560e-02	1.8030944854e-01	
388	2.6615594453e-02	1.8055180174e-01	
389	2.6649807675e-02	1.8079325505e-01	
390	2.6684188093e-02	1.8103421707e-01	
391	2.6718256834e-02	1.8127463921e-01	
392	2.6752462274e-02	1.8151464580e-01	
393	2.6786345988e-02	1.8175404645e-01	
394	2.6820369415e-02	1.8199287721e-01	
395	2.6854091835e-02	1.8223117945e-01	
396	2.6887936043e-02	1.8246903141e-01	
397	2.6921465347e-02	1.8270658332e-01	
398	2.6955133371e-02	1.8294367743e-01	
399	2.6988482171e-02	1.8318010480e-01	
400	2.7021968353e-02	1.8341612881e-01	
401	2.7055126724e-02	1.8365200627e-01	
402	2.7088411302e-02	1.8388730027e-01	
403	2.7121361606e-02	1.8412202571e-01	
404	2.7154432133e-02	1.8435614943e-01	
405	2.7187165548e-02	1.8458976279e-01	
406	2.7220008208e-02	1.8482268715e-01	
407	2.7252530253e-02	1.8505544955e-01	
408	2.7285163150e-02	1.8528779074e-01	
409	2.7317432865e-02	1.8551956652e-01	
410	2.7349826941e-02	1.8575108728e-01	
411	2.7381850952e-02	1.8598216258e-01	
412	2.7413963662e-02	1.8621267059e-01	
413	2.7445714083e-02	1.8644275092e-01	
414	2.7477561445e-02	1.8667263286e-01	
415	2.7509020285e-02	1.8690183264e-01	
416	2.7540580791e-02	1.8713076627e-01	
417	2.7571770475e-02	1.8735931206e-01	
418	2.7603039489e-02	1.8758739445e-01	
419	2.7633927733e-02	1.8781499180e-01	
420	2.7664898157e-02	1.8804241165e-01	
421	2.7695484978e-02	1.8826908595e-01	
422	2.7726162856e-02	1.8849558167e-01	
423	2.7756451978e-02	1.8872139281e-01	
424	2.7786819167e-02	1.8894706048e-01	
425	2.7816818280e-02	1.8917236080e-01	
426	2.7846876323e-02	1.8939696086e-01	
427	2.7876548149e-02	1.8962093740e-01	
428	2.7906334452e-02	1.8984475288e-01	
429	2.7935707704e-02	1.9006784316e-01	
430	2.7965161179e-02	1.9029058626e-01	
431	2.7994249854e-02	1.9051292490e-01	
432	2.8023414358e-02	1.9073476496e-01	
433	2.8052177823e-02	1.9095592134e-01	
434	2.8081023815e-02	1.9117680539e-01	
435	2.8109496425e-02	1.9139737049e-01	
436	2.8138046981e-02	1.9161731320e-01	
437	2.8166221166e-02	1.9183688154e-01	
438	2.8194479701e-02	1.9205624471e-01	
439	2.8222345797e-02	1.9227457989e-01	
440	2.8250299213e-02	1.9249263299e-01	
441	2.8277864766e-02	1.9271013000e-01	
442	2.8305519720e-02	1.9292736520e-01	
443	2.8332795388e-02	1.9314407509e-01	
444	2.8360155997e-02	1.9336045766e-01	
445	2.8387126672e-02	1.9357632273e-01	
446	2.8414187586e-02	1.9379181697e-01	
447	2.8440871752e-02	1.9400675442e-01	
448	2.8467634907e-02	1.9422115194e-01	
449	2.8494026657e-02	1.9443504487e-01	
450	2.8520510301e-02	1.9464854754e-01	
451	2.8546622680e-02	1.9486155368e-01	
452	2.8572824957e-02	1.9507406578e-01	
453	2.8598649956e-02	1.9528589588e-01	
454	2.8624568956e-02	1.9549727569e-01	
455	2.8650124055e-02	1.9570810583e-01	
456	2.8675790435e-02	1.9591865987e-01	
457	2.8701085950e-02	1.9612856130e-01	
458	2.8726479091e-02	1.9633804367e-01	
459	2.8751510609e-02	1.9654698283e-01	
460	2.8776652026e-02	1.9675536090e-01	
461	2.8801435686e-02	1.9696318258e-01	
462	2.8826337686e-02	1.9717059288e-01	
463	2.8850880624e-02	1.9737739919e-01	
464	2.8875547587e-02	1.9758379005e-01	
465	2.8899861691e-02	1.9778953723e-01	
466	2.8924307668e-02	1.9799494234e-01	
467	2.8948415613e-02	1.9819973133e-01	
468	2.8972637207e-02	1.9840394058e-01	
469	2.8996526571e-02	1.9860755140e-01	
470	2.9020548003e-02	1.9881055677e-01	
471	2.9044247253e-02	1.9901316587e-01	
472	2.9068087003e-02	1.9921526834e-01	
473	2.9091610325e-02	1.9941676195e-01	
474	2.9115271193e-02	1.9961756913e-01	
475	2.9138608488e-02	1.9981771813e-01	
476	2.9162089027e-02	2.0001715690e-01	
477	2.9185255603e-02	2.0021603040e-01	
478	2.9208589557e-02	2.0041433091e-01	
479	2.9231606967e-02	2.0061192215e-01	
480	2.9254785170e-02	2.0080889013e-01	
481	2.9277667281e-02	2.0100528531e-01	
482	2.9300717925e-02	2.0120098208e-01	
483	2.9323476821e-02	2.0139599941e-01	
484	2.9346403617e-02	2.0159028876e-01	
485	2.9369029413e-02	2.0178393866e-01	
486	2.9391822140e-02	2.0197696299e-01	
487	2.9414326404e-02	2.0216926533e-01	
488	2.9437004809e-02	2.0236079732e-01	
489	2.9459399289e-02	2.0255174816e-01	
490	2.9481968488e-02	2.0274198832e-01	
491	2.9504243894e-02	2.0293145450e-01	
492	2.9526700253e-02	2.0312015188e-01	
493	2.9548864536e-02	2.0330812746e-01	
494	2.9571205890e-02	2.0349538717e-01	
495	2.9593255275e-02	2.0368192131e-01	
496	2.9615475238e-02	2.0386764815e-01	
497	2.9637392284e-02	2.0405251737e-01	
498	2.9659494897e-02	2.0423672819e-01	
499	2.9681304304e-02	2.0442028650e-01	
500	2.9703255393e-02	2.0460273400e-01	
501	2.9724926351e-02	2.0478456708e-01	
502	2.9746764361e-02	2.0496559996e-01	
503	2.9768282154e-02	2.0514587458e-01	
504	2.9789971573e-02	2.0532550459e-01	
505	2.9811358060e-02	2.0550427714e-01	
506	2.9832890628e-02	2.0568230183e-01	
507	2.9854105398e-02	2.0585950278e-01	
508	2.9875487713e-02	2.0603601249e-01	
509	2.9896523272e-02	2.0621169718e-01	
510	2.9917701674e-02	2.0638660676e-01	
511	2.9938541589e-02	2.0656067477e-01	
512	2.9959504978e-02	2.0673386510e-01	
513	2.9980118681e-02	2.0690632537e-01	
514	3.0000849012e-02	2.0707801082e-01	
515	3.0021222437e-02	2.0724883081e-01	
516	3.0041688716e-02	2.0741888036e-01	
517	3.0061794228e-02	2.0758819503e-01	
518	3.0081981230e-02	2.0775670411e-01	
519	3.0101779942e-02	2.0792441559e-01	
520	3.0121655352e-02	2.0809127738e-01	
521	3.0141097078e-02	2.0825730610e-01	
522	3.0160626099e-02	2.0842263883e-01	
523	3.0179733336e-02	2.0858717938e-01	
524	3.0198880226e-02	2.0875095496e-01	
525	3.0217585766e-02	2.0891387630e-01	
526	3.0236317633e-02	2.0907600856e-01	
527	3.0254602169e-02	2.0923732037e-01	
528	3.0272911500e-02	2.0939789429e-01	
529	3.0290772782e-02	2.0955769127e-01	
530	3.0308619418e-02	2.0971666075e-01	
531	3.0326001071e-02	2.0987479424e-01	
532	3.0343368852e-02	2.1003214451e-01	
533	3.0360262611e-02	2.1018883106e-01	
534	3.0377127594e-02	2.1034479421e-01	
535	3.0393492535e-02	2.1050003329e-01	
536	3.0409814517e-02	2.1065453058e-01	
537	3.0425626156e-02	2.1080825764e-01	
538	3.0441386263e-02	2.1096124689e-01	
539	3.0456633703e-02	2.1111344323e-01	
540	3.0471839586e-02	2.1126494349e-01	
541	3.0486541177e-02	2.1141573061e-01	
542	3.0501192611e-02	2.1156576933e-01	
543	3.0515337407e-02	2.1171511600e-01	
544	3.0529432128e-02	2.1186381073e-01	
545	3.0543011609e-02	2.1201165104e-01	
546	3.0556545802e-02	2.1215886576e-01	
547	3.0569573071e-02	2.1230533661e-01	
548	3.0582554061e-02	2.1245111718e-01	
549	3.0595036258e-02	2.1259632021e-01	
550	3.0607475073e-02	2.1274080955e-01	
551	3.0619392172e-02	2.1288449106e-01	
552	3.0631270468e-02	2.1302747775e-01	
553	3.0642649074e-02	2.1316985776e-01	
554	3.0653993341e-02	2.1331149553e-01	
555	3.0664841769e-02	2.1345240320e-01	
556	3.0675665848e-02	2.1359259600e-01	
557	3.0685996807e-02	2.1373207051e-01	
558	3.0696298793e-02	2.1387081580e-01	
559	3.0706115212e-02	2.1400884648e-01	
560	3.0715913311e-02	2.1414622876e-01	
561	3.0725242046e-02	2.1428291661e-01	
562	3.0734563438e-02	2.1441905730e-01	
563	3.0743408316e-02	2.1455424650e-01	
564	3.0752226370e-02	2.1468876293e-01	
565	3.0760564290e-02	2.1482265096e-01	
566	3.0768884464e-02	2.1495586513e-01	
567	3.0776737313e-02	2.1508840091e-01	
568	3.0784586660e-02	2.1522024196e-01	
569	3.0791967942e-02	2.1535138129e-01	
570	3.0799340685e-02	2.1548186355e-01	
571	3.0806235883e-02	2.1561165332e-01	
572	3.0813123047e-02	2.1574068678e-01	
573	3.0819517874e-02	2.1586896854e-01	
574	3.0825911653e-02	2.1599667944e-01	
575	3.0831831302e-02	2.1612372683e-01	
576	3.0837718840e-02	2.1625003631e-01	
577	3.0843157027e-02	2.1637565525e-01	
578	3.0848592142e-02	2.1650057212e-01	
579	3.0853553142e-02	2.1662483951e-01	
580	3.0858506774e-02	2.1674848521e-01	
581	3.0863016167e-02	2.1687149028e-01	
582	3.0867540630e-02	2.1699378803e-01	
583	3.0871621833e-02	2.1711544060e-01	
584	3.0875702423e-02	2.1723644689e-01	
585	3.0879350533e-02	2.1735689015e-01	
586	3.0883040219e-02	2.1747668052e-01	
587	3.0886311419e-02	2.1759591577e-01	
588	3.0889616071e-02	2.1771446235e-01	
589	3.0892514237e-02	2.1783237433e-01	
590	3.0895465054e-02	2.1794969799e-01	
591	3.0898036947e-02	2.1806642853e-01	
592	3.0900708861e-02	2.1818257995e-01	
593	3.0902996885e-02	2.1829816235e-01	
594	3.0905375608e-02	2.1841320515e-01	
595	3.0907392990e-02	2.1852780741e-01	
596	3.0909526068e-02	2.1864188702e-01	
597	3.0911314212e-02	2.1875551550e-01	
598	3.0913214794e-02	2.1886866840e-01	
599	3.0914789868e-02	2.1898133716e-01	
600	3.0916512833e-02	2.1909361388e-01	
601	3.0917914475e-02	2.1920534850e-01	
602	3.0919472530e-02	2.1931665181e-01	
603	3.0920741990e-02	2.1942760806e-01	
604	3.0922181121e-02	2.1953815368e-01	
605	3.0923335933e-02	2.1964829610e-01	
606	3.0924671130e-02	2.1975813597e-01	
607	3.0925730344e-02	2.1986762284e-01	
608	3.0926982726e-02	2.1997677710e-01	
609	3.0927981235e-02	2.2008564357e-01	
610	3.0929188467e-02	2.2019416879e-01	
611	3.0930151695e-02	2.2030244356e-01	
612	3.0931338276e-02	2.2041045537e-01	
613	3.0932290998e-02	2.2051819032e-01	
614	3.0933475475e-02	2.2062565508e-01	
615	3.0934443729e-02	2.2073291835e-01	
616	3.0935649834e-02	2.2083990735e-01	
617	3.0936643185e-02	2.2094670922e-01	
618	3.0937899231e-02	2.2105337383e-01	
619	3.0938959650e-02	2.2115980473e-01	
620	3.0940288548e-02	2.2126601577e-01	
621	3.0941408715e-02	2.2137205773e-01	
622	3.0942798869e-02	2.2147786441e-01	
623	3.0944003719e-02	2.2158345962e-01	
624	3.0945480347e-02	2.2168899899e-01	
625	3.0946728941e-02	2.2179409469e-01	
626	3.0948261874e-02	2.2189909212e-01	
627	3.0949588585e-02	2.2200382187e-01	
628	3.0951157506e-02	2.2210825102e-01	
629	3.0952534096e-02	2.2221249649e-01	
630	3.0954162757e-02	2.2231644802e-01	
631	3.0955562883e-02	2.2242015112e-01	
632	3.0957217399e-02	2.2252357837e-01	
633	3.0958642591e-02	2.2262665591e-01	
634	3.0960306521e-02	2.2272936922e-01	
635	3.0961732321e-02	2.2283181101e-01	
636	3.0963392997e-02	2.2293388947e-01	
637	3.0964812039e-02	2.2303563429e-01	
638	3.0966454354e-02	2.2313696056e-01	
639	3.0967843824e-02	2.2323791039e-01	
640	3.0969432152e-02	2.2333850028e-01	
641	3.0970771048e-02	2.2343874915e-01	
642	3.0972301270e-02	2.2353853843e-01	
643	3.0973569112e-02	2.2363792250e-01	
644	3.0975018434e-02	2.2373690287e-01	
645	3.0976210376e-02	2.2383551406e-01	
646	3.0977574099e-02	2.2393364948e-01	
647	3.0978668299e-02	2.2403134590e-01	
648	3.0979925455e-02	2.2412854927e-01	
649	3.0980900155e-02	2.2422534450e-01	
650	3.0982025406e-02	2.2432153906e-01	
651	3.0982847298e-02	2.2441727099e-01	
652	3.0983805106e-02	2.2451244291e-01	
653	3.0984461182e-02	2.2460710743e-01	
654	3.0985256892e-02	2.2470117860e-01	
655	3.0985730015e-02	2.2479473724e-01	
656	3.0986322673e-02	2.2488774874e-01	
657	3.0986583003e-02	2.2498020362e-01	
658	3.0986968271e-02	2.2507202033e-01	
659	3.0987023409e-02	2.2516322847e-01	
660	3.0987179553e-02	2.2525377692e-01	
661	3.0986991492e-02	2.2534372995e-01	
662	3.0986890003e-02	2.2543297445e-01	
663	3.0986427494e-02	2.2552169080e-01	
664	3.0986033991e-02	2.2560972156e-01	
665	3.0985279550e-02	2.2569711913e-01	
666	3.0984612840e-02	2.2578376165e-01	
667	3.0983575502e-02	2.2586990818e-01	
668	3.0982608148e-02	2.2595522588e-01	
669	3.0981250579e-02	2.2603988722e-01	
670	3.0979949259e-02	2.2612378680e-01	
671	3.0978252364e-02	2.2620699228e-01	
672	3.0976622943e-02	2.2628944819e-01	
673	3.0974607510e-02	2.2637118452e-01	
674	3.0972673170e-02	2.2645222204e-01	
675	3.0970368109e-02	2.2653239655e-01	
676	3.0968126558e-02	2.2661194841e-01	
677	3.0965510639e-02	2.2669074820e-01	
678	3.0962966044e-02	2.2676874994e-01	
679	3.0960047368e-02	2.2684605434e-01	
680	3.0957187920e-02	2.2692245406e-01	
681	3.0953946467e-02	2.2699815915e-01	
682	3.0950782741e-02	2.2707317897e-01	
683	3.0947251729e-02	2.2714744799e-01	
684	3.0943801387e-02	2.2722083760e-01	
685	3.0939995928e-02	2.2729350861e-01	
686	3.0936269891e-02	2.2736533772e-01	
687	3.0932188306e-02	2.2743649897e-01	
688	3.0928201496e-02	2.2750683253e-01	
689	3.0923844492e-02	2.2757643949e-01	
690	3.0919587487e-02	2.2764523134e-01	
691	3.0914972309e-02	2.2771328917e-01	
692	3.0910471411e-02	2.2778052457e-01	
693	3.0905636554e-02	2.2784703044e-01	
694	3.0900929362e-02	2.2791274109e-01	
695	3.0895883580e-02	2.2797770927e-01	
696	3.0890950191e-02	2.2804188802e-01	
697	3.0885685101e-02	2.2810534148e-01	
698	3.0880545169e-02	2.2816800117e-01	
699	3.0875070486e-02	2.2822998136e-01	
700	3.0869731869e-02	2.2829111477e-01	
701	3.0864098491e-02	2.2835149849e-01	
702	3.0858609917e-02	2.2841107590e-01	
703	3.0852831208e-02	2.2846994427e-01	
704	3.0847191391e-02	2.2852803143e-01	
705	3.0841261381e-02	2.2858540903e-01	
706	3.0835477269e-02	2.2864204490e-01	
707	3.0829408951e-02	2.2869800627e-01	
708	3.0823489593e-02	2.2875322704e-01	
709	3.0817283621e-02	2.2880780358e-01	
710	3.0811238601e-02	2.2886163219e-01	
711	3.0804921632e-02	2.2891481358e-01	
712	3.0798792052e-02	2.2896724182e-01	
713	3.0792392846e-02	2.2901901414e-01	
714	3.0786156064e-02	2.2907007940e-01	
715	3.0779695928e-02	2.2912058506e-01	
716	3.0773413140e-02	2.2917038503e-01	
717	3.0766858979e-02	2.2921959026e-01	
718	3.0760491225e-02	2.2926813033e-01	
719	3.0753875769e-02	2.2931609373e-01	
720	3.0747437354e-02	2.2936338375e-01	
721	3.0740745220e-02	2.2941006819e-01	
722	3.0734242361e-02	2.2945609187e-01	
723	3.0727482027e-02	2.2950154027e-01	
724	3.0720880671e-02	2.2954634072e-01	
725	3.0714019859e-02	2.2959059418e-01	
726	3.0707377203e-02	2.2963418794e-01	
727	3.0700520584e-02	2.2967720584e-01	
728	3.0693865564e-02	2.2971958866e-01	
729	3.0686997932e-02	2.2976138591e-01	
730	3.0680339182e-02	2.2980260260e-01	
731	3.0673445023e-02	2.2984323356e-01	
732	3.0666746013e-02	2.2988326729e-01	
733	3.0659818834e-02	2.2992278650e-01	
734	3.0653081879e-02	2.2996168487e-01	
735	3.0646122418e-02	2.3000006909e-01	
736	3.0639377410e-02	2.3003786637e-01	
737	3.0632407275e-02	2.3007513233e-01	
738	3.0625650565e-02	2.3011180583e-01	
739	3.0618671219e-02	2.3014796611e-01	
740	3.0611915616e-02	2.3018351893e-01	
741	3.0604948227e-02	2.3021858830e-01	
742	3.0598218829e-02	2.3025305230e-01	
743	3.0591271242e-02	2.3028701510e-01	
744	3.0584525460e-02	2.3032042843e-01	
745	3.0577549279e-02	2.3035336902e-01	
746	3.0570759259e-02	2.3038577955e-01	
747	3.0563747278e-02	2.3041772122e-01	
748	3.0556955149e-02	2.3044913564e-01	
749	3.0549944943e-02	2.3048008385e-01	
750	3.0543157215e-02	2.3051050396e-01	
751	3.0536174228e-02	2.3054043060e-01	
752	3.0529386597e-02	2.3056986661e-01	
753	3.0522378843e-02	2.3059881223e-01	
754	3.0515579720e-02	2.3062723301e-01	
755	3.0508564027e-02	2.3065522612e-01	
756	3.0501752112e-02	2.3068269862e-01	
757	3.0494719663e-02	2.3070974152e-01	
758	3.0487917929e-02	2.3073628400e-01	
759	3.0480923488e-02	2.3076238873e-01	
760	3.0474151786e-02	2.3078799679e-01	
761	3.0467173272e-02	2.3081318898e-01	
762	3.0460416538e-02	2.3083789394e-01	
763	3.0453470391e-02	2.3086218211e-01	
764	3.0446721480e-02	2.3088601079e-01	
765	3.0439730063e-02	2.3090948315e-01	
766	3.0432960143e-02	2.3093250249e-01	
767	3.0425982288e-02	2.3095516441e-01	
768	3.0419220486e-02	2.3097738989e-01	
769	3.0412257776e-02	2.3099928332e-01	
770	3.0405522276e-02	2.3102078308e-01	
771	3.0398578940e-02	2.3104196766e-01	
772	3.0391872796e-02	2.3106275906e-01	
773	3.0384963826e-02	2.3108325702e-01	
774	3.0378261232e-02	2.3110340510e-01	
775	3.0371367658e-02	2.3112326496e-01	
776	3.0364720685e-02	2.3114276019e-01	
777	3.0357899290e-02	2.3116200805e-01	
778	3.0351320485e-02	2.3118092219e-01	
779	3.0344556019e-02	2.3119959001e-01	
780	3.0338033481e-02	2.3121795371e-01	
781	3.0331323978e-02	2.3123607756e-01	
782	3.0324863596e-02	2.3125395143e-01	
783	3.0318221535e-02	2.3127160434e-01	
784	3.0311854685e-02	2.3128894223e-01	
785	3.0305297558e-02	2.3130609694e-01	
786	3.0298984968e-02	2.3132298585e-01	
787	3.0292499553e-02	2.3133970154e-01	
788	3.0286272633e-02	2.3135615591e-01	
789	3.0279871343e-02	2.3137243844e-01	
790	3.0273716426e-02	2.3138848370e-01	
791	3.0267393005e-02	2.3140439694e-01	
792	3.0261327549e-02	2.3142008156e-01	
793	3.0255093033e-02	2.3143566555e-01	
794	3.0249110466e-02	2.3145105917e-01	
795	3.0242966246e-02	2.3146636400e-01	
796	3.0237080187e-02	2.3148150038e-01	
797	3.0231036799e-02	2.3149653879e-01	
798	3.0225268729e-02	2.3151142321e-01	
799	3.0219308562e-02	2.3152626120e-01	
800	3.0213591239e-02	2.3154097812e-01	
801	3.0207722944e-02	2.3155564641e-01	
802	3.0202120815e-02	2.3157020181e-01	
803	3.0196366993e-02	2.3158472080e-01	
804	3.0190881806e-02	2.3159908928e-01	
805	3.0185248560e-02	2.3161351167e-01	
806	3.0179888556e-02	2.3162782446e-01	
807	3.0174386251e-02	2.3164213809e-01	
808	3.0169160530e-02	2.3165637741e-01	
809	3.0163777928e-02	2.3167059667e-01	
810	3.0158670754e-02	2.3168482048e-01	
811	3.0153408153e-02	2.3169903737e-01	
812	3.0148411282e-02	2.3171323181e-01	
813	3.0143266594e-02	2.3172748238e-01	
814	3.0138408540e-02	2.3174168602e-01	
815	3.0133392954e-02	2.3175593542e-01	
816	3.0128648729e-02	2.3177013551e-01	
817	3.0123750199e-02	2.3178436939e-01	
818	3.0119110831e-02	2.3179855131e-01	
819	3.0114315054e-02	2.3181275941e-01	
820	3.0109777441e-02	2.3182688593e-01	
821	3.0105080864e-02	2.3184101730e-01	
822	3.0100642099e-02	2.3185506786e-01	
823	3.0096029952e-02	2.3186913541e-01	
824	3.0091663891e-02	2.3188311677e-01	
825	3.0087119677e-02	2.3189709169e-01	
826	3.0082810194e-02	2.3191097031e-01	
827	3.0078319875e-02	2.3192481868e-01	
828	3.0074059359e-02	2.3193853116e-01	
829	3.0069604727e-02	2.3195218399e-01	
830	3.0065368457e-02	2.3196571108e-01	
831	3.0060932803e-02	2.3197920227e-01	
832	3.0056714777e-02	2.3199254733e-01	
833	3.0052288808e-02	2.3200583163e-01	
834	3.0048101595e-02	2.3201892295e-01	
835	3.0043698623e-02	2.3203196720e-01	
836	3.0039509280e-02	2.3204484845e-01	
837	3.0035128010e-02	2.3205762503e-01	
838	3.0030941143e-02	2.3207021691e-01	
839	3.0026534148e-02	2.3208270448e-01	
840	3.0022325104e-02	2.3209499294e-01	
841	3.0017893796e-02	2.3210716717e-01	
842	3.0013667646e-02	2.3211915715e-01	
843	3.0009205192e-02	2.3213102472e-01	
844	3.0004936358e-02	2.3214268437e-01	
845	3.0000441657e-02	2.3215421914e-01	
846	2.9996133675e-02	2.3216554205e-01	
847	2.9991600385e-02	2.3217670613e-01	
848	2.9987258087e-02	2.3218764813e-01	
849	2.9982681609e-02	2.3219843812e-01	
850	2.9978296098e-02	2.3220901969e-01	
851	2.9973672770e-02	2.3221943898e-01	
852	2.9969237623e-02	2.3222962257e-01	
853	2.9964573711e-02	2.3223966159e-01	
854	2.9960078287e-02	2.3224946654e-01	
855	2.9955348492e-02	2.3225910660e-01	
856	2.9950810042e-02	2.3226853342e-01	
857	2.9946016587e-02	2.3227778279e-01	
858	2.9941418855e-02	2.3228682266e-01	
859	2.9936582723e-02	2.3229570285e-01	
860	2.9931906312e-02	2.3230433830e-01	
861	2.9927013201e-02	2.3231282556e-01	
862	2.9922302092e-02	2.3232108593e-01	
863	2.9917351397e-02	2.3232918779e-01	
864	2.9912577884e-02	2.3233704967e-01	
865	2.9907564856e-02	2.3234474367e-01	
866	2.9902733044e-02	2.3235221617e-01	
867	2.9897668490e-02	2.3235952864e-01	
868	2.9892775153e-02	2.3236657805e-01	
869	2.9887658892e-02	2.3237348678e-01	
870	2.9882702889e-02	2.3238012169e-01	
871	2.9877527796e-02	2.3238663012e-01	
872	2.9872519201e-02	2.3239287351e-01	
873	2.9867286344e-02	2.3239895654e-01	
874	2.9862229290e-02	2.3240480082e-01	
875	2.9856936471e-02	2.3241048922e-01	
876	2.9851832772e-02	2.3241593335e-01	
877	2.9846491189e-02	2.3242120202e-01	
878	2.9841336551e-02	2.3242624236e-01	
879	2.9835948126e-02	2.3243110398e-01	
880	2.9830749487e-02	2.3243573978e-01	
881	2.9825310345e-02	2.3244018821e-01	
882	2.9820058384e-02	2.3244439071e-01	
883	2.9814578160e-02	2.3244842454e-01	
884	2.9809287263e-02	2.3245221221e-01	
885	2.9803767226e-02	2.3245582321e-01	
886	2.9798430015e-02	2.3245918758e-01	
887	2.9792865724e-02	2.3246237868e-01	
888	2.9787487959e-02	2.3246530750e-01	
889	2.9781877255e-02	2.3246804704e-01	
890	2.9776444979e-02	2.3247050805e-01	
891	2.9770790330e-02	2.3247278573e-01	
892	2.9765313702e-02	2.3247478276e-01	
893	2.9759605475e-02	2.3247656646e-01	
894	2.9754079227e-02	2.3247807068e-01	
895	2.9748319678e-02	2.3247935647e-01	
896	2.9742742737e-02	2.3248035074e-01	
897	2.9736934115e-02	2.3248112613e-01	
898	2.9731303260e-02	2.3248159105e-01	
899	2.9725432774e-02	2.3248179491e-01	
900	2.9719741850e-02	2.3248168890e-01	
901	2.9713812830e-02	2.3248132702e-01	
902	2.9708048231e-02	2.3248060844e-01	
903	2.9702046950e-02	2.3247962398e-01	
904	2.9696218050e-02	2.3247829483e-01	
905	2.9690148214e-02	2.3247668347e-01	
906	2.9684249159e-02	2.3247471791e-01	
907	2.9678109463e-02	2.3247245814e-01	
908	2.9672133372e-02	2.3246980548e-01	
909	2.9665909331e-02	2.3246683817e-01	
910	2.9659867199e-02	2.3246353484e-01	
911	2.9653577883e-02	2.3245991114e-01	
912	2.9647457250e-02	2.3245591248e-01	
913	2.9641094827e-02	2.3245160807e-01	
914	2.9634902595e-02	2.3244692529e-01	
915	2.9628469560e-02	2.3244193175e-01	
916	2.9622205856e-02	2.3243655885e-01	
917	2.9615702275e-02	2.3243088433e-01	
918	2.9609369597e-02	2.3242483002e-01	
919	2.9602801630e-02	2.3241848409e-01	
920	2.9596407174e-02	2.3241176560e-01	
921	2.9589769344e-02	2.3240473343e-01	
922	2.9583328151e-02	2.3239739995e-01	
923	2.9576627246e-02	2.3238970363e-01	
924	2.9570131029e-02	2.3238173376e-01	
925	2.9563380407e-02	2.3237341570e-01	
926	2.9556831585e-02	2.3236481745e-01	
927	2.9550050894e-02	2.3235594376e-01	
928	2.9543455573e-02	2.3234674505e-01	
929	2.9536637754e-02	2.3233729681e-01	
930	2.9530008500e-02	2.3232754227e-01	
931	2.9523159927e-02	2.3231755616e-01	
932	2.9516495476e-02	2.3230725894e-01	
933	2.9509632289e-02	2.3229679831e-01	
934	2.9502957529e-02	2.3228603954e-01	
935	2.9496070146e-02	2.3227507554e-01	
936	2.9489382730e-02	2.3226385327e-01	
937	2.9482488255e-02	2.3225245059e-01	
938	2.9475798220e-02	2.3224081643e-01	
939	2.9468906566e-02	2.3222902937e-01	
940	2.9462223704e-02	2.3221703286e-01	
941	2.9455343241e-02	2.3220490638e-01	
942	2.9448669085e-02	2.3219256872e-01	
943	2.9441816167e-02	2.3218016285e-01	
944	2.9435175067e-02	2.3216757189e-01	
945	2.9428347910e-02	2.3215491562e-01	
946	2.9421745294e-02	2.3214211378e-01	
947	2.9414959942e-02	2.3212927009e-01	
948	2.9408404082e-02	2.3211633080e-01	
949	2.9401672382e-02	2.3210336820e-01	
950	2.9395176384e-02	2.3209033614e-01	
951	2.9388512301e-02	2.3207731951e-01	
952	2.9382090081e-02	2.3206427440e-01	
953	2.9375506081e-02	2.3205128079e-01	
954	2.9369170027e-02	2.3203828855e-01	
955	2.9362676336e-02	2.3202537719e-01	
956	2.9356436268e-02	2.3201247606e-01	
957	2.9350049095e-02	2.3199973708e-01	
958	2.9343923091e-02	2.3198706627e-01	
959	2.9337654088e-02	2.3197454988e-01	
960	2.9331652324e-02	2.3196214677e-01	
961	2.9325514193e-02	2.3194993432e-01	
962	2.9319650371e-02	2.3193787287e-01	
963	2.9313656074e-02	2.3192603867e-01	
964	2.9307938063e-02	2.3191438944e-01	
965	2.9302095407e-02	2.3190300144e-01	
966	2.9296536819e-02	2.3189183039e-01	
967	2.9290856139e-02	2.3188095475e-01	
968	2.9285465679e-02	2.3187032987e-01	
969	2.9279959964e-02	2.3186002885e-01	
970	2.9274746703e-02	2.3185000400e-01	
971	2.9269422283e-02	2.3184033009e-01	
972	2.9264393941e-02	2.3183096143e-01	
973	2.9259257936e-02	2.3182197147e-01	
974	2.9254423915e-02	2.3181331348e-01	
975	2.9249485793e-02	2.3180505814e-01	
976	2.9244850412e-02	2.3179715760e-01	
977	2.9240105713e-02	2.3178968238e-01	
978	2.9235672444e-02	2.3178260630e-01	
979	2.9231138410e-02	2.3177596808e-01	
980	2.9226908276e-02	2.3176973073e-01	
981	2.9222587135e-02	2.3176395081e-01	
982	2.9218581529e-02	2.3175861584e-01	
983	2.9214474770e-02	2.3175376099e-01	
984	2.9210679709e-02	2.3174934162e-01	
985	2.9206785474e-02	2.3174542226e-01	
986	2.9203200385e-02	2.3174195773e-01	
987	2.9199518231e-02	2.3173900676e-01	
988	2.9196144534e-02	2.3173652168e-01	
989	2.9192677673e-02	2.3173455942e-01	
990	2.9189515689e-02	2.3173306994e-01	
991	2.9186258372e-02	2.3173212729e-01	
992	2.9183302008e-02	2.3173166944e-01	
993	2.9180240344e-02	2.3173175631e-01	
994	2.9177483003e-02	2.3173234068e-01	
995	2.9174629394e-02	2.3173347457e-01	
996	2.9172079044e-02	2.3173511848e-01	
997	2.9169423504e-02	2.3173732651e-01	
998	2.9167068865e-02	2.3174005243e-01	
999	2.9164607142e-02	2.3174334698e-01	
1000	2.9162442597e-02	2.3174716295e-01	
1001	2.9160170629e-02	2.3175154742e-01	
1002	2.9158195374e-02	2.3175645664e-01	
1003	2.9156110618e-02	2.3176193844e-01	
1004	2.9154323210e-02	2.3176794102e-01	
1005	2.9152420964e-02	2.3177451877e-01	
1006	2.9150814193e-02	2.3178162356e-01	
1007	2.9149088737e-02	2.3178930745e-01	
1008	2.9147653424e-02	2.3179752575e-01	
1009	2.9146102222e-02	2.3180633288e-01	
1010	2.9144835743e-02	2.3181568469e-01	
1011	2.9143447274e-02	2.3182562176e-01	
1012	2.9142343066e-02	2.3183609292e-01	
1013	2.9141117839e-02	2.3184714701e-01	
1014	2.9140174435e-02	2.3185874117e-01	
1015	2.9139110951e-02	2.3187091599e-01	
1016	2.9138331396e-02	2.3188362938e-01	
1017	2.9137426995e-02	2.3189692296e-01	
1018	2.9136801514e-02	2.3191075917e-01	
1019	2.9136050699e-02	2.3192517954e-01	
1020	2.9135570506e-02	2.3194014481e-01	
1021	2.9134963624e-02	2.3195569745e-01	
1022	2.9134628300e-02	2.3197179166e-01	
1023	2.9134169774e-02	2.3198846899e-01	
1024	2.9133982114e-02	2.3200568917e-01	
1025	2.9133659997e-02	2.3202349802e-01	
1026	2.9133596819e-02	2.3204186565e-01	
1027	2.9133398591e-02	2.3206083564e-01	
1028	2.9133470474e-02	2.3208032756e-01	
1029	2.9133398201e-02	2.3210041606e-01	
1030	2.9133596186e-02	2.3212104167e-01	
1031	2.9133652954e-02	2.3214225247e-01	
1032	2.9133970925e-02	2.3216400513e-01	
1033	2.9134154770e-02	2.3218635893e-01	
1034	2.9134599435e-02	2.3220927373e-01	
1035	2.9134899681e-02	2.3223275747e-01	
1036	2.9135461468e-02	2.3225679352e-01	
1037	2.9135877099e-02	2.3228141516e-01	
1038	2.9136557054e-02	2.3230657209e-01	
1039	2.9137091162e-02	2.3233229793e-01	
1040	2.9137881173e-02	2.3235854266e-01	
1041	2.9138529179e-02	2.3238534016e-01	
1042	2.9139437618e-02	2.3241264564e-01	
1043	2.9140197462e-02	2.3244049380e-01	
1044	2.9141213527e-02	2.3246885556e-01	
1045	2.9142078557e-02	2.3249771717e-01	
1046	2.9143197960e-02	2.3252707583e-01	
1047	2.9144177494e-02	2.3255694619e-01	
1048	2.9145407236e-02	2.3258729418e-01	
1049	2.9146481205e-02	2.3261816109e-01	
1050	2.9147806692e-02	2.3264946704e-01	
1051	2.9148991902e-02	2.3268128900e-01	
1052	2.9150429992e-02	2.3271356145e-01	
1053	2.9151717714e-02	2.3274630518e-01	
1054	2.9153254280e-02	2.3277947821e-01	
1055	2.9154641537e-02	2.3281311983e-01	
1056	2.9156280982e-02	2.3284717800e-01	
1057	2.9157763161e-02	2.3288168136e-01	
1058	2.9159493926e-02	2.3291661568e-01	
1059	2.9161077075e-02	2.3295192497e-01	
1060	2.9162916922e-02	2.3298763503e-01	
1061	2.9164605040e-02	2.3302376869e-01	
1062	2.9166536403e-02	2.3306026736e-01	
1063	2.9168294412e-02	2.3309716824e-01	
1064	2.9170301093e-02	2.3313442794e-01	
1065	2.9172156511e-02	2.3317205310e-01	
1066	2.9174257346e-02	2.3321000976e-01	
1067	2.9176206026e-02	2.3324833855e-01	
1068	2.9178406308e-02	2.3328696306e-01	
1069	2.9180443831e-02	2.3332591553e-01	
1070	2.9182725328e-02	2.3336516299e-01	
1071	2.9184850738e-02	2.3340473130e-01	
1072	2.9187213713e-02	2.3344456498e-01	
1073	2.9189410449e-02	2.3348468383e-01	
1074	2.9191854488e-02	2.3352506249e-01	
1075	2.9194146581e-02	2.3356571589e-01	
1076	2.9196681888e-02	2.3360659922e-01	
1077	2.9199053259e-02	2.3364775620e-01	
1078	2.9201671370e-02	2.3368914644e-01	
1079	2.9204128506e-02	2.3373068082e-01	
1080	2.9206838223e-02	2.3377248462e-01	
1081	2.9209396143e-02	2.3381446542e-01	
1082	2.9212215177e-02	2.3385663724e-01	
1083	2.9214870360e-02	2.3389890565e-01	
1084	2.9217807897e-02	2.3394137345e-01	
1085	2.9220605363e-02	2.3398396770e-01	
1086	2.9223647290e-02	2.3402670791e-01	
1087	2.9226534436e-02	2.3406954810e-01	
1088	2.9229720338e-02	2.3411247972e-01	
1089	2.9232763840e-02	2.3415550811e-01	
1090	2.9236076059e-02	2.3419869145e-01	
1091	2.9239260987e-02	2.3424184952e-01	
1092	2.9242726684e-02	2.3428510187e-01	
1093	2.9246080970e-02	2.3432842095e-01	
1094	2.9249697729e-02	2.3437177889e-01	
1095	2.9253183950e-02	2.3441520735e-01	
1096	2.9256932164e-02	2.3445866282e-01	
1097	2.9260562614e-02	2.3450208657e-01	
1098	2.9264507862e-02	2.3454555428e-01	
1099	2.9268337975e-02	2.3458892903e-01	
1100	2.9272452502e-02	2.3463230524e-01	
1101	2.9276442426e-02	2.3467564066e-01	
1102	2.9280709838e-02	2.3471893949e-01	
1103	2.9284853711e-02	2.3476223206e-01	
1104	2.9289251170e-02	2.3480547041e-01	
1105	2.9293553349e-02	2.3484865601e-01	
1106	2.9298133864e-02	2.3489178397e-01	
1107	2.9302585297e-02	2.3493488262e-01	
1108	2.9307307115e-02	2.3497790927e-01	
1109	2.9311901735e-02	2.3502090012e-01	
1110	2.9316782087e-02	2.3506378352e-01	
1111	2.9321544812e-02	2.3510658363e-01	
1112	2.9326595407e-02	2.3514926365e-01	
1113	2.9331569482e-02	2.3519182246e-01	
1114	2.9336828668e-02	2.3523425075e-01	
1115	2.9341960180e-02	2.3527655859e-01	
1116	2.9347361155e-02	2.3531879621e-01	
1117	2.9352599592e-02	2.3536083727e-01	
1118	2.9358137864e-02	2.3540274715e-01	
1119	2.9363518917e-02	2.3544453937e-01	
1120	2.9369189515e-02	2.3548615193e-01	
1121	2.9374746086e-02	2.3552760955e-01	
1122	2.9380581714e-02	2.3556888423e-01	
1123	2.9386290717e-02	2.3561000147e-01	
1124	2.9392284911e-02	2.3565090457e-01	
1125	2.9398160361e-02	2.3569160879e-01	
1126	2.9404311276e-02	2.3573207860e-01	
1127	2.9410336082e-02	2.3577234469e-01	
1128	2.9416638415e-02	2.3581236264e-01	
1129	2.9422831000e-02	2.3585216569e-01	
1130	2.9429306443e-02	2.3589170374e-01	
1131	2.9435668001e-02	2.3593099657e-01	
1132	2.9442307596e-02	2.3597001318e-01	
1133	2.9448828536e-02	2.3600878449e-01	
1134	2.9455635634e-02	2.3604726422e-01	
1135	2.9462339322e-02	2.3608548653e-01	
1136	2.9469297770e-02	2.3612344193e-01	
1137	2.9476118322e-02	2.3616114957e-01	
1138	2.9483213992e-02	2.3619854869e-01	
1139	2.9490185797e-02	2.3623565261e-01	
1140	2.9497430943e-02	2.3627242910e-01	
1141	2.9504546066e-02	2.3630895312e-01	
1142	2.9511928341e-02	2.3634511477e-01	
1143	2.9519182156e-02	2.3638093819e-01	
1144	2.9526716795e-02	2.3641640362e-01	
1145	2.9534131891e-02	2.3645152841e-01	
1146	2.9541808008e-02	2.3648629336e-01	
1147	2.9549349959e-02	2.3652072346e-01	
1148	2.9557148633e-02	2.3655478211e-01	
1149	2.9564807462e-02	2.3658850006e-01	
1150	2.9572720978e-02	2.3662184524e-01	
1151	2.9580490847e-02	2.3665484235e-01	
1152	2.9588513952e-02	2.3668745604e-01	
1153	2.9596389351e-02	2.3671971492e-01	
1154	2.9604500107e-02	2.3675158563e-01	
1155	2.9612462571e-02	2.3678309009e-01	
1156	2.9620670583e-02	2.3681419007e-01	
1157	2.9628722639e-02	2.3684492087e-01	
1158	2.9637015632e-02	2.3687523870e-01	
1159	2.9645148554e-02	2.3690518398e-01	
1160	2.9653516685e-02	2.3693471662e-01	
1161	2.9661716196e-02	2.3696387130e-01	
1162	2.9670149985e-02	2.3699260630e-01	
1163	2.9678414795e-02	2.3702094918e-01	
1164	2.9686904539e-02	2.3704886730e-01	
1165	2.9695215976e-02	2.3707637833e-01	
1166	2.9703755423e-02	2.3710348510e-01	
1167	2.9712120602e-02	2.3713018138e-01	
1168	2.9720698553e-02	2.3715645902e-01	
1169	2.9729094838e-02	2.3718233714e-01	
1170	2.9737708254e-02	2.3720777798e-01	
1171	2.9746128296e-02	2.3723282125e-01	
1172	2.9754750841e-02	2.3725743085e-01	
1173	2.9763180723e-02	2.3728164646e-01	
1174	2.9771815669e-02	2.3730542855e-01	
1175	2.9780249632e-02	2.3732881783e-01	
1176	2.9788885689e-02	2.3735177663e-01	
1177	2.9797322519e-02	2.3737434265e-01	
1178	2.9805952272e-02	2.3739647478e-01	
1179	2.9814384463e-02	2.3741823701e-01	
1180	2.9823007385e-02	2.3743957040e-01	
1181	2.9831423197e-02	2.3746052396e-01	
1182	2.9840025832e-02	2.3748106433e-01	
1183	2.9848415980e-02	2.3750123253e-01	
1184	2.9856991590e-02	2.3752099280e-01	
1185	2.9865351998e-02	2.3754038837e-01	
1186	2.9873894745e-02	2.3755938633e-01	
1187	2.9882215099e-02	2.3757802053e-01	
1188	2.9890717145e-02	2.3759627687e-01	
1189	2.9898994702e-02	2.3761417726e-01	
1190	2.9907447005e-02	2.3763168966e-01	
1191	2.9915673037e-02	2.3764886048e-01	
1192	2.9924069443e-02	2.3766565868e-01	
1193	2.9932236024e-02	2.3768212970e-01	
1194	2.9940567859e-02	2.3769824040e-01	
1195	2.9948671486e-02	2.3771403030e-01	
1196	2.9956938055e-02	2.3772946412e-01	
1197	2.9964973655e-02	2.3774459986e-01	
1198	2.9973165780e-02	2.3775939471e-01	
1199	2.9981115940e-02	2.3777389879e-01	
1200	2.9989221630e-02	2.3778807757e-01	
1201	2.9997083441e-02	2.3780197276e-01	
1202	3.0005097776e-02	2.3781555116e-01	
1203	3.0012863479e-02	2.3782884444e-01	
1204	3.0020775306e-02	2.3784183080e-01	
1205	3.0028432250e-02	2.3785455650e-01	
1206	3.0036238921e-02	2.3786697813e-01	
1207	3.0043797182e-02	2.3787915370e-01	
1208	3.0051495015e-02	2.3789103981e-01	
1209	3.0058937174e-02	2.3790268468e-01	
1210	3.0066519776e-02	2.3791405438e-01	
1211	3.0073836526e-02	2.3792520383e-01	
1212	3.0081290530e-02	2.3793609820e-01	
1213	3.0088478533e-02	2.3794677442e-01	
1214	3.0095797947e-02	2.3795720537e-01	
1215	3.0102852448e-02	2.3796742925e-01	
1216	3.0110029906e-02	2.3797741919e-01	
1217	3.0116907981e-02	2.3798723624e-01	
1218	3.0123923650e-02	2.3799682421e-01	
1219	3.0130672029e-02	2.3800621797e-01	
1220	3.0137542552e-02	2.3801538949e-01	
1221	3.0144125786e-02	2.3802438799e-01	
1222	3.0150825203e-02	2.3803316794e-01	
1223	3.0157262389e-02	2.3804175586e-01	
1224	3.0163813779e-02	2.3805013652e-01	
1225	3.0170071968e-02	2.3805835740e-01	
1226	3.0176443168e-02	2.3806637255e-01	
1227	3.0182529624e-02	2.3807423153e-01	
1228	3.0188725118e-02	2.3808190176e-01	
1229	3.0194627299e-02	2.3808942287e-01	
1230	3.0200632025e-02	2.3809675830e-01	
1231	3.0206363811e-02	2.3810393731e-01	
1232	3.0212204577e-02	2.3811092533e-01	
1233	3.0217749618e-02	2.3811777740e-01	
1234	3.0223392131e-02	2.3812446265e-01	
1235	3.0228730512e-02	2.3813101752e-01	
1236	3.0234175297e-02	2.3813741962e-01	
1237	3.0239335497e-02	2.3814368112e-01	
1238	3.0244612545e-02	2.3814977460e-01	
1239	3.0249574904e-02	2.3815573369e-01	
1240	3.0254644020e-02	2.3816154155e-01	
1241	3.0259412362e-02	2.3816721304e-01	
1242	3.0264266393e-02	2.3817274186e-01	
1243	3.0268802402e-02	2.3817816301e-01	
1244	3.0273417913e-02	2.3818343333e-01	
1245	3.0277732709e-02	2.3818858620e-01	
1246	3.0282122427e-02	2.3819361248e-01	
1247	3.0286200065e-02	2.3819852791e-01	
1248	3.0290403940e-02	2.3820328967e-01	
1249	3.0294290893e-02	2.3820794169e-01	
1250	3.0298258497e-02	2.3821247357e-01	
1251	3.0301898055e-02	2.3821689582e-01	
1252	3.0305626941e-02	2.3822116264e-01	
1253	3.0309043613e-02	2.3822532418e-01	
1254	3.0312536225e-02	2.3822936354e-01	
1255	3.0315712107e-02	2.3823331186e-01	
1256	3.0319006302e-02	2.3823711741e-01	
1257	3.0321977842e-02	2.3824083125e-01	
1258	3.0325028605e-02	2.3824441868e-01	
1259	3.0327753769e-02	2.3824793147e-01	
1260	3.0330558311e-02	2.3825132987e-01	
1261	3.0333042736e-02	2.3825464776e-01	
1262	3.0335619659e-02	2.3825785706e-01	
1263	3.0337893076e-02	2.3826098033e-01	
1264	3.0340255143e-02	2.3826399201e-01	
1265	3.0342293785e-02	2.3826694860e-01	
1266	3.0344402518e-02	2.3826982583e-01	
1267	3.0346196786e-02	2.3827264305e-01	
1268	3.0348091096e-02	2.3827535024e-01	
1269	3.0349676656e-02	2.3827799863e-01	
1270	3.0351341456e-02	2.3828056305e-01	
1271	3.0352681697e-02	2.3828309431e-01	
1272	3.0354100404e-02	2.3828555042e-01	
1273	3.0355203586e-02	2.3828796445e-01	
1274	3.0356407492e-02	2.3829028353e-01	
1275	3.0357322421e-02	2.3829255133e-01	
1276	3.0358328405e-02	2.3829474867e-01	
1277	3.0359074923e-02	2.3829687530e-01	
1278	3.0359908538e-02	2.3829892873e-01	
1279	3.0360411597e-02	2.3830096630e-01	
1280	3.0360977339e-02	2.3830294780e-01	
1281	3.0361197041e-02	2.3830492806e-01	
1282	3.0361478930e-02	2.3830686021e-01	
1283	3.0361461037e-02	2.3830877027e-01	
1284	3.0361533500e-02	2.3831063455e-01	
1285	3.0361303789e-02	2.3831248039e-01	
1286	3.0361176714e-02	2.3831427451e-01	
1287	3.0360743264e-02	2.3831606956e-01	
1288	3.0360412736e-02	2.3831781185e-01	
1289	3.0359793258e-02	2.3831954699e-01	
1290	3.0359241525e-02	2.3832126482e-01	
1291	3.0358379545e-02	2.3832300278e-01	
1292	3.0357622761e-02	2.3832471403e-01	
1293	3.0356571286e-02	2.3832643706e-01	
1294	3.0355622423e-02	2.3832814094e-01	
1295	3.0354387219e-02	2.3832986299e-01	
1296	3.0353257384e-02	2.3833157695e-01	
1297	3.0351839103e-02	2.3833331067e-01	
1298	3.0350527093e-02	2.3833503950e-01	
1299	3.0348925577e-02	2.3833680738e-01	
1300	3.0347434317e-02	2.3833857295e-01	
1301	3.0345669094e-02	2.3834037331e-01	
1302	3.0344016064e-02	2.3834217693e-01	
1303	3.0342091692e-02	2.3834402097e-01	
1304	3.0340283643e-02	2.3834587528e-01	
1305	3.0338208508e-02	2.3834776738e-01	
1306	3.0336252321e-02	2.3834967321e-01	
1307	3.0334033047e-02	2.3835162761e-01	
1308	3.0331945293e-02	2.3835359676e-01	
1309	3.0329595366e-02	2.3835561854e-01	
1310	3.0327373252e-02	2.3835766408e-01	
1311	3.0324898127e-02	2.3835976577e-01	
1312	3.0322555522e-02	2.3836189726e-01	
1313	3.0319963706e-02	2.3836408914e-01	
1314	3.0317506465e-02	2.3836631334e-01	
1315	3.0314804865e-02	2.3836859929e-01	
1316	3.0312243447e-02	2.3837092151e-01	
1317	3.0309437323e-02	2.3837330989e-01	
1318	3.0306780293e-02	2.3837573757e-01	
1319	3.0303882131e-02	2.3837823532e-01	
1320	3.0301137780e-02	2.3838077456e-01	
1321	3.0298156230e-02	2.3838338729e-01	
1322	3.0295333505e-02	2.3838604409e-01	
1323	3.0292278085e-02	2.3838877694e-01	
1324	3.0289385781e-02	2.3839155628e-01	
1325	3.0286265351e-02	2.3839441291e-01	
1326	3.0283312602e-02	2.3839731790e-01	
1327	3.0280135900e-02	2.3840030306e-01	
1328	3.0277131056e-02	2.3840333958e-01	
1329	3.0273907577e-02	2.3840645787e-01	
1330	3.0270859784e-02	2.3840962997e-01	
1331	3.0267597190e-02	2.3841288605e-01	
1332	3.0264515745e-02	2.3841619636e-01	
1333	3.0261224508e-02	2.3841959153e-01	
1334	3.0258114178e-02	2.3842304491e-01	
1335	3.0254802018e-02	2.3842658045e-01	
1336	3.0251673088e-02	2.3843017641e-01	
1337	3.0248345920e-02	2.3843385438e-01	
1338	3.0245210573e-02	2.3843759048e-01	
1339	3.0241875449e-02	2.3844141433e-01	
1340	3.0238736681e-02	2.3844529753e-01	
1341	3.0235403653e-02	2.3844926662e-01	
1342	3.0232267219e-02	2.3845329688e-01	
1343	3.0228944222e-02	2.3845740966e-01	
1344	3.0225821669e-02	2.3846158331e-01	
1345	3.0222516360e-02	2.3846583882e-01	
1346	3.0219415182e-02	2.3847015526e-01	
1347	3.0216134949e-02	2.3847455180e-01	
1348	3.0213062129e-02	2.3847900990e-01	
1349	3.0209812064e-02	2.3848354974e-01	
1350	3.0206773575e-02	2.3848814968e-01	
1351	3.0203562261e-02	2.3849282833e-01	
1352	3.0200565622e-02	2.3849756632e-01	
1353	3.0197399406e-02	2.3850238198e-01	
1354	3.0194450190e-02	2.3850725599e-01	
1355	3.0191333749e-02	2.3851220885e-01	
1356	3.0188442724e-02	2.3851721306e-01	
1357	3.0185385667e-02	2.3852229542e-01	
1358	3.0182555532e-02	2.3852742790e-01	
1359	3.0179562516e-02	2.3853263706e-01	
1360	3.0176799029e-02	2.3853789447e-01	
1361	3.0173874935e-02	2.3854322645e-01	
1362	3.0171182411e-02	2.3854860792e-01	
1363	3.0168331417e-02	2.3855406517e-01	
1364	3.0165714956e-02	2.3855956959e-01	
1365	3.0162942048e-02	2.3856514616e-01	
1366	3.0160405919e-02	2.3857076671e-01	
1367	3.0157716371e-02	2.3857645873e-01	
1368	3.0155266646e-02	2.3858219237e-01	
1369	3.0152664150e-02	2.3858799568e-01	
1370	3.0150302251e-02	2.3859383892e-01	
1371	3.0147789390e-02	2.3859974873e-01	
1372	3.0145520526e-02	2.3860569449e-01	
1373	3.0143102867e-02	2.3861170534e-01	
1374	3.0140928252e-02	2.3861775133e-01	
1375	3.0138606371e-02	2.3862385878e-01	
1376	3.0136530287e-02	2.3862999488e-01	
1377	3.0134314288e-02	2.3863618992e-01	
1378	3.0132343665e-02	2.3864241718e-01	
1379	3.0130225536e-02	2.3864870410e-01	
1380	3.0128353431e-02	2.3865501949e-01	
1381	3.0126339582e-02	2.3866138630e-01	
1382	3.0124572390e-02	2.3866777810e-01	
1383	3.0122662981e-02	2.3867422287e-01	
1384	3.0121001838e-02	2.3868069136e-01	
1385	3.0119194792e-02	2.3868721083e-01	
1386	3.0117632394e-02	2.3869375340e-01	
1387	3.0115928244e-02	2.3870034372e-01	
1388	3.0114471371e-02	2.3870695229e-01	
1389	3.0112872115e-02	2.3871360451e-01	
1390	3.0111518758e-02	2.3872027607e-01	
1391	3.0110021378e-02	2.3872698875e-01	
1392	3.0108768051e-02	2.3873371656e-01	
1393	3.0107369221e-02	2.3874048599e-01	
1394	3.0106215154e-02	2.3874726925e-01	
1395	3.0104915997e-02	2.3875409170e-01	
1396	3.0103859825e-02	2.3876092355e-01	
1397	3.0102650025e-02	2.3876779732e-01	
1398	3.0101682437e-02	2.3877467943e-01	
1399	3.0100567546e-02	2.3878159524e-01	
1400	3.0099693379e-02	2.3878851700e-01	
1401	3.0098671393e-02	2.3879547026e-01	
1402	3.0097888077e-02	2.3880242695e-01	
1403	3.0096955271e-02	2.3880941277e-01	
1404	3.0096260695e-02	2.3881639812e-01	
1405	3.0095419999e-02	2.3882340634e-01	
1406	3.0094821783e-02	2.3883040077e-01	
1407	3.0094067544e-02	2.3883742315e-01	
1408	3.0093545603e-02	2.3884445592e-01	
1409	3.0092870137e-02	2.3885150231e-01	
1410	3.0092429358e-02	2.3885854564e-01	
1411	3.0091835532e-02	2.3886560754e-01	
1412	3.0091473441e-02	2.3887266168e-01	
1413	3.0090956024e-02	2.3887973123e-01	
1414	3.0090671698e-02	2.3888678568e-01	
1415	3.0090228459e-02	2.3889385564e-01	
1416	3.0090012175e-02	2.3890091395e-01	
1417	3.0089635239e-02	2.3890798600e-01	
1418	3.0089484025e-02	2.3891504429e-01	
1419	3.0089170828e-02	2.3892211400e-01	
1420	3.0089081352e-02	2.3892916724e-01	
1421	3.0088827587e-02	2.3893622968e-01	
1422	3.0088795982e-02	2.3894327313e-01	
1423	3.0088598426e-02	2.3895032360e-01	
1424	3.0088620745e-02	2.3895735044e-01	
1425	3.0088475536e-02	2.3896438095e-01	
1426	3.0088547573e-02	2.3897138580e-01	
1427	3.0088449786e-02	2.3897839132e-01	
1428	3.0088569143e-02	2.3898537184e-01	
1429	3.0088517937e-02	2.3899235300e-01	
1430	3.0088681999e-02	2.3899930855e-01	
1431	3.0088671527e-02	2.3900626598e-01	
1432	3.0088874779e-02	2.3901319434e-01	
1433	3.0088904744e-02	2.3902012089e-01	
1434	3.0089146623e-02	2.3902701647e-01	
1435	3.0089213472e-02	2.3903390839e-01	
1436	3.0089492800e-02	2.3904076560e-01	
1437	3.0089598217e-02	2.3904761599e-01	
1438	3.0089912648e-02	2.3905443335e-01	
1439	3.0090048466e-02	2.3906124593e-01	
1440	3.0090391530e-02	2.3906802862e-01	
1441	3.0090554589e-02	2.3907479109e-01	
1442	3.0090924625e-02	2.3908153496e-01	
1443	3.0091113273e-02	2.3908825319e-01	
1444	3.0091507743e-02	2.3909495051e-01	
1445	3.0091719958e-02	2.3910162475e-01	
1446	3.0092134600e-02	2.3910826525e-01	
1447	3.0092364974e-02	2.3911489067e-01	
1448	3.0092798248e-02	2.3912148966e-01	
1449	3.0093047723e-02	2.3912806314e-01	
1450	3.0093498802e-02	2.3913460002e-01	
1451	3.0093764997e-02	2.3914111867e-01	
1452	3.0094232747e-02	2.3914760988e-01	
1453	3.0094514569e-02	2.3915407338e-01	
1454	3.0094996160e-02	2.3916049843e-01	
1455	3.0095292004e-02	2.3916690791e-01	
1456	3.0095786436e-02	2.3917327404e-01	
1457	3.0096094884e-02	2.3917962446e-01	
1458	3.0096601971e-02	2.3918593020e-01	
1459	3.0096922422e-02	2.3919221925e-01	
1460	3.0097440188e-02	2.3919846445e-01	
1461	3.0097770961e-02	2.3920469393e-01	
1462	3.0098298475e-02	2.3921087805e-01	
1463	3.0098638042e-02	2.3921704531e-01	
1464	3.0099173605e-02	2.3922316725e-01	
1465	3.0099521004e-02	2.3922927217e-01	
1466	3.0100064411e-02	2.3923533187e-01	
1467	3.0100419872e-02	2.3924137423e-01	
1468	3.0100970437e-02	2.3924737127e-01	
1469	3.0101332323e-02	2.3925335095e-01	
1470	3.0101889202e-02	2.3925928488e-01	
1471	3.0102257719e-02	2.3926520126e-01	
1472	3.0102821124e-02	2.3927107202e-01	
1473	3.0103195406e-02	2.3927692111e-01	
1474	3.0103765291e-02	2.3928273753e-01	
1475	3.0104145014e-02	2.3928852311e-01	
1476	3.0104719290e-02	2.3929426697e-01	
1477	3.0105104606e-02	2.3929999388e-01	
1478	3.0105683824e-02	2.3930567497e-01	
1479	3.0106073749e-02	2.3931133881e-01	
1480	3.0106656309e-02	2.3931695746e-01	
1481	3.0107049861e-02	2.3932255933e-01	
1482	3.0107636925e-02	2.3932811584e-01	
1483	3.0108034798e-02	2.3933365549e-01	
1484	3.0108625948e-02	2.3933915022e-01	
1485	3.0109027814e-02	2.3934462815e-01	
1486	3.0109622940e-02	2.3935006209e-01	
1487	3.0110028847e-02	2.3935547988e-01	
1488	3.0110627768e-02	2.3936085357e-01	
1489	3.0111037426e-02	2.3936621078e-01	
1490	3.0111639887e-02	2.3937152460e-01	
1491	3.0112052976e-02	2.3937682265e-01	
1492	3.0112659210e-02	2.3938208153e-01	
1493	3.0113074810e-02	2.3938731455e-01	
1494	3.0113684541e-02	2.3939251835e-01	
1495	3.0114103540e-02	2.3939769713e-01	
1496	3.0114715342e-02	2.3940283685e-01	
1497	3.0115137606e-02	2.3940796156e-01	
1498	3.0115752301e-02	2.3941304645e-01	
1499	3.0116177300e-02	2.3941811606e-01	
1500	3.0116794434e-02	2.3942314559e-01	
1501	3.0117221746e-02	2.3942816003e-01	
1502	3.0117841120e-02	2.3943313539e-01	
1503	3.0118270551e-02	2.3943809595e-01	
1504	3.0118891676e-02	2.3944301716e-01	
1505	3.0119322790e-02	2.3944792420e-01	
1506	3.0119945412e-02	2.3945279263e-01	
1507	3.0120377877e-02	2.3945764724e-01	
1508	3.0121001619e-02	2.3946246413e-01	
1509	3.0121435016e-02	2.3946726773e-01	
1510	3.0122059455e-02	2.3947203437e-01	
1511	3.0122493333e-02	2.3947678796e-01	
1512	3.0123118006e-02	2.3948150493e-01	
1513	3.0123552012e-02	2.3948620909e-01	
1514	3.0124176602e-02	2.3949087705e-01	
1515	3.0124610278e-02	2.3949553253e-01	
1516	3.0125234324e-02	2.3950015236e-01	
1517	3.0125667312e-02	2.3950475966e-01	
1518	3.0126290310e-02	2.3950933143e-01	
1519	3.0126722058e-02	2.3951389078e-01	
1520	3.0127343609e-02	2.3951841503e-01	
1521	3.0127773581e-02	2.3952292687e-01	
1522	3.0128392904e-02	2.3952740399e-01	
1523	3.0128820581e-02	2.3953186938e-01	
1524	3.0129437343e-02	2.3953630015e-01	
1525	3.0129862178e-02	2.3954071908e-01	
1526	3.0130475821e-02	2.3954510459e-01	
1527	3.0130897302e-02	2.3954947832e-01	
1528	3.0131507293e-02	2.3955381882e-01	
1529	3.0131924983e-02	2.3955814771e-01	
1530	3.0132530464e-02	2.3956244338e-01	
1531	3.0132942598e-02	2.3956672832e-01	
1532	3.0133543121e-02	2.3957097959e-01	
1533	3.0133951186e-02	2.3957521913e-01	
1534	3.0134546797e-02	2.3957942601e-01	
1535	3.0134949434e-02	2.3958362156e-01	
1536	3.0135539144e-02	2.3958778472e-01	
1537	3.0135935481e-02	2.3959193521e-01	
1538	3.0136519522e-02	2.3959605930e-01	
1539	3.0136909220e-02	2.3960016613e-01	
1540	3.0137485745e-02	2.3960424274e-01	
1541	3.0137868347e-02	2.3960830637e-01	
1542	3.0138438112e-02	2.3961234441e-01	
1543	3.0138812915e-02	2.3961636342e-01	
1544	3.0139374989e-02	2.3962035891e-01	
1545	3.0139741686e-02	2.3962433637e-01	
1546	3.0140294912e-02	2.3962828814e-01	
1547	3.0140653577e-02	2.3963222468e-01	
1548	3.0141197882e-02	2.3963613183e-01	
1549	3.0141547258e-02	2.3964002442e-01	
1550	3.0142082051e-02	2.3964388736e-01	
1551	3.0142421987e-02	2.3964773731e-01	
1552	3.0142947523e-02	2.3965156176e-01	
1553	3.0143276680e-02	2.3965536802e-01	
1554	3.0143791540e-02	2.3965915044e-01	
1555	3.0144110581e-02	2.3966291381e-01	
1556	3.0144614737e-02	2.3966665113e-01	
1557	3.0144923628e-02	2.3967037583e-01	
1558	3.0145416910e-02	2.3967407058e-01	
1559	3.0145714256e-02	2.3967774827e-01	
1560	3.0146196156e-02	2.3968140249e-01	
1561	3.0146481749e-02	2.3968503736e-01	
1562	3.0146951751e-02	2.3968864632e-01	
1563	3.0147226015e-02	2.3969224223e-01	
1564	3.0147683459e-02	2.3969580591e-01	
1565	3.0147945516e-02	2.3969935843e-01	
1566	3.0148390808e-02	2.3970287882e-01	
1567	3.0148640546e-02	2.3970638788e-01	
1568	3.0149073347e-02	2.3970986473e-01	
1569	3.0149310445e-02	2.3971332992e-01	
1570	3.0149730380e-02	2.3971676260e-01	
1571	3.0149954583e-02	2.3972018367e-01	
1572	3.0150360777e-02	2.3972357294e-01	
1573	3.0150570843e-02	2.3972695079e-01	
1574	3.0150963509e-02	2.3973029560e-01	
1575	3.0151160445e-02	2.3973362835e-01	
1576	3.0151539948e-02	2.3973692852e-01	
1577	3.0151723596e-02	2.3974021618e-01	
1578	3.0152089590e-02	2.3974347099e-01	
1579	3.0152259706e-02	2.3974671332e-01	
1580	3.0152612087e-02	2.3974992287e-01	
1581	3.0152768704e-02	2.3975311987e-01	
1582	3.0153107474e-02	2.3975628373e-01	
1583	3.0153250336e-02	2.3975943462e-01	
1584	3.0153575309e-02	2.3976255252e-01	
1585	3.0153704402e-02	2.3976565721e-01	
1586	3.0154015517e-02	2.3976872875e-01	
1587	3.0154130409e-02	2.3977178698e-01	
1588	3.0154427139e-02	2.3977481230e-01	
1589	3.0154528157e-02	2.3977782398e-01	
1590	3.0154811115e-02	2.3978080241e-01	
1591	3.0154898315e-02	2.3978376698e-01	
1592	3.0155167381e-02	2.3978669817e-01	
1593	3.0155240824e-02	2.3978961499e-01	
1594	3.0155496446e-02	2.3979249852e-01	
1595	3.0155556248e-02	2.3979536787e-01	
1596	3.0155797846e-02	2.3979820354e-01	
1597	3.0155843846e-02	2.3980102468e-01	
1598	3.0156071639e-02	2.3980381219e-01	
1599	3.0156104414e-02	2.3980658460e-01	
1600	3.0156321119e-02	2.3980932345e-01	
1601	3.0156341801e-02	2.3981204246e-01	
1602	3.0156544864e-02	2.3981473474e-01	
1603	3.0156552170e-02	2.3981740610e-01	
1604	3.0156741835e-02	2.3982005028e-01	
1605	3.0156735994e-02	2.3982267304e-01	
1606	3.0156912506e-02	2.3982526829e-01	
1607	3.0156893301e-02	2.3982784167e-01	
1608	3.0157056306e-02	2.3983038650e-01	
1609	3.0157024134e-02	2.3983291431e-01	
1610	3.0157173886e-02	2.3983540825e-01	
1611	3.0157128727e-02	2.3983788640e-01	
1612	3.0157265285e-02	2.3984033108e-01	
1613	3.0157207178e-02	2.3984275819e-01	
1614	3.0157330770e-02	2.3984515618e-01	
1615	3.0157259690e-02	2.3984753321e-01	
1616	3.0157370765e-02	2.3984987780e-01	
1617	3.0157287203e-02	2.3985220610e-01	
1618	3.0157385077e-02	2.3985450113e-01	
1619	3.0157288273e-02	2.3985677978e-01	
1620	3.0157373742e-02	2.3985902312e-01	
1621	3.0157264971e-02	2.3986124965e-01	
1622	3.0157338442e-02	2.3986344158e-01	
1623	3.0157218601e-02	2.3986561423e-01	
1624	3.0157281262e-02	2.3986775661e-01	
1625	3.0157149688e-02	2.3986987726e-01	
1626	3.0157201509e-02	2.3987196914e-01	
1627	3.0157060322e-02	2.3987403854e-01	
1628	3.0157101765e-02	2.3987607770e-01	
1629	3.0156949891e-02	2.3987809995e-01	
1630	3.0156980718e-02	2.3988008811e-01	
1631	3.0156818995e-02	2.3988206034e-01	
1632	3.0156839962e-02	2.3988399928e-01	
1633	3.0156667893e-02	2.3988591856e-01	
1634	3.0156678759e-02	2.3988780936e-01	
1635	3.0156497359e-02	2.3988967861e-01	
1636	3.0156500631e-02	2.3989151619e-01	
1637	3.0156311167e-02	2.3989333772e-01	
1638	3.0156304318e-02	2.3989512537e-01	
1639	3.0156104910e-02	2.3989689849e-01	
1640	3.0156088292e-02	2.3989863934e-01	
1641	3.0155879349e-02	2.3990036154e-01	
1642	3.0155853387e-02	2.3990205538e-01	
1643	3.0155635526e-02	2.3990372961e-01	
1644	3.0155600977e-02	2.3990537566e-01	
1645	3.0155376135e-02	2.3990700068e-01	
1646	3.0155335263e-02	2.3990859637e-01	
1647	3.0155102840e-02	2.3991017259e-01	
1648	3.0155053754e-02	2.3991172034e-01	
1649	3.0154813322e-02	2.3991324918e-01	
1650	3.0154756333e-02	2.3991474964e-01	
1651	3.0154508273e-02	2.3991623126e-01	
1652	3.0154443756e-02	2.3991768434e-01	
1653	3.0154188326e-02	2.3991911901e-01	
1654	3.0154116479e-02	2.3992052519e-01	
1655	3.0153853881e-02	2.3992191313e-01	
1656	3.0153774969e-02	2.3992327266e-01	
1657	3.0153505542e-02	2.3992461446e-01	
1658	3.0153419854e-02	2.3992592793e-01	
1659	3.0153143767e-02	2.3992722461e-01	
1660	3.0153051672e-02	2.3992849000e-01	
1661	3.0152769120e-02	2.3992974302e-01	
1662	3.0152670637e-02	2.3993096374e-01	
1663	3.0152382011e-02	2.3993217100e-01	
1664	3.0152277502e-02	2.3993334719e-01	
1665	3.0151982928e-02	2.3993450968e-01	
1666	3.0151872548e-02	2.3993564156e-01	
1667	3.0151572240e-02	2.3993675986e-01	
1668	3.0151456215e-02	2.3993784790e-01	
1669	3.0151150461e-02	2.3993892252e-01	
1670	3.0151028984e-02	2.3993996726e-01	
1671	3.0150717504e-02	2.3994099857e-01	
1672	3.0150590508e-02	2.3994200111e-01	
1673	3.0150274233e-02	2.3994298839e-01	
1674	3.0150142338e-02	2.3994394909e-01	
1675	3.0149819666e-02	2.3994489521e-01	
1676	3.0149681024e-02	2.3994581549e-01	
1677	3.0149353433e-02	2.3994672026e-01	
1678	3.0149210124e-02	2.3994759906e-01	
1679	3.0148877722e-02	2.3994846266e-01	
1680	3.0148729789e-02	2.3994930018e-01	
1681	3.0148392892e-02	2.3995012402e-01	
1682	3.0148240664e-02	2.3995092075e-01	
1683	3.0147899341e-02	2.3995170407e-01	
1684	3.0147742850e-02	2.3995246104e-01	
1685	3.0147397376e-02	2.3995320478e-01	
1686	3.0147236758e-02	2.3995392211e-01	
1687	3.0146887331e-02	2.3995462632e-01	
1688	3.0146722734e-02	2.3995530473e-01	
1689	3.0146369343e-02	2.3995597019e-01	
1690	3.0146200809e-02	2.3995661030e-01	
1691	3.0145843592e-02	2.3995723764e-01	
1692	3.0145671273e-02	2.3995784004e-01	
1693	3.0145310546e-02	2.3995842961e-01	
1694	3.0145134492e-02	2.3995899494e-01	
1695	3.0144770437e-02	2.3995954735e-01	
1696	3.0144590871e-02	2.3996007587e-01	
1697	3.0144223386e-02	2.3996059181e-01	
1698	3.0144040440e-02	2.3996108425e-01	
1699	3.0143669778e-02	2.3996156462e-01	
1700	3.0143483461e-02	2.3996202191e-01	
1701	3.0143109393e-02	2.3996246736e-01	
1702	3.0142919810e-02	2.3996288981e-01	
1703	3.0142542176e-02	2.3996330087e-01	
1704	3.0142349539e-02	2.3996368897e-01	
1705	3.0141968735e-02	2.3996406604e-01	
1706	3.0141772923e-02	2.3996442047e-01	
1707	3.0141389172e-02	2.3996476414e-01	
1708	3.0141189930e-02	2.3996508555e-01	
1709	3.0140803483e-02	2.3996539651e-01	
1710	3.0140601250e-02	2.3996568550e-01	
1711	3.0140211781e-02	2.3996596450e-01	
1712	3.0140006605e-02	2.3996622189e-01	
1713	3.0139614253e-02	2.3996646948e-01	
1714	3.0139406044e-02	2.3996669588e-01	
1715	3.0139010645e-02	2.3996691274e-01	
1716	3.0138799412e-02	2.3996710929e-01	
1717	3.0138400628e-02	2.3996729602e-01	
1718	3.0138186833e-02	2.3996746265e-01	
1719	3.0137785167e-02	2.3996761993e-01	
1720	3.0137568440e-02	2.3996775761e-01	
1721	3.0137163860e-02	2.3996788595e-01	
1722	3.0136944200e-02	2.3996799518e-01	
1723	3.0136536957e-02	2.3996809587e-01	
1724	3.0136313766e-02	2.3996817698e-01	
1725	3.0135903735e-02	2.3996825047e-01	
1726	3.0135677564e-02	2.3996830462e-01	
1727	3.0135264564e-02	2.3996835137e-01	
1728	3.0135035392e-02	2.3996837914e-01	
1729	3.0134619419e-02	2.3996839981e-01	
1730	3.0134387264e-02	2.3996840212e-01	
1731	3.0133968280e-02	2.3996839740e-01	
1732	3.0133733083e-02	2.3996837492e-01	
1733	3.0133311023e-02	2.3996834561e-01	
1734	3.0133072584e-02	2.3996829898e-01	
1735	3.0132647366e-02	2.3996824555e-01	
1736	3.0132406150e-02	2.3996817575e-01	
1737	3.0131977200e-02	2.3996809824e-01	
1738	3.0131732961e-02	2.3996800641e-01	
1739	3.0131301129e-02	2.3996790765e-01	
1740	3.0131053015e-02	2.3996779280e-01	
1741	3.0130618415e-02	2.3996767272e-01	
1742	3.0130367160e-02	2.3996753671e-01	
1743	3.0129929387e-02	2.3996739564e-01	
1744	3.0129674888e-02	2.3996723914e-01	
1745	3.0129233908e-02	2.3996707771e-01	
1746	3.0128976450e-02	2.3996690181e-01	
1747	3.0128531918e-02	2.3996672019e-01	
1748	3.0128270699e-02	2.3996652404e-01	
1749	3.0127823432e-02	2.3996632445e-01	
1750	3.0127558873e-02	2.3996610978e-01	
1751	3.0127108341e-02	2.3996589185e-01	
1752	3.0126840531e-02	2.3996565943e-01	
1753	3.0126386783e-02	2.3996542409e-01	
1754	3.0126115604e-02	2.3996517452e-01	
1755	3.0125658632e-02	2.3996492231e-01	
1756	3.0125384178e-02	2.3996465626e-01	
1757	3.0124923944e-02	2.3996438779e-01	
1758	3.0124646255e-02	2.3996410624e-01	
1759	3.0124183083e-02	2.3996382229e-01	
1760	3.0123902480e-02	2.3996352564e-01	
1761	3.0123436172e-02	2.3996322701e-01	
1762	3.0123152506e-02	2.3996291608e-01	
1763	3.0122683120e-02	2.3996260360e-01	
1764	3.0122395677e-02	2.3996228012e-01	
1765	3.0121922236e-02	2.3996195538e-01	
1766	3.0121631366e-02	2.3996161931e-01	
1767	3.0121155116e-02	2.3996128205e-01	
1768	3.0120861222e-02	2.3996093396e-01	
1769	3.0120382027e-02	2.3996058516e-01	
1770	3.0120085121e-02	2.3996022595e-01	
1771	3.0119602968e-02	2.3995986634e-01	
1772	3.0119303609e-02	2.3995949660e-01	
1773	3.0118819325e-02	2.3995912667e-01	
1774	3.0118517257e-02	2.3995874733e-01	
1775	3.0118030119e-02	2.3995836809e-01	
1776	3.0117725247e-02	2.3995797948e-01	
1777	3.0117235440e-02	2.3995759139e-01	
1778	3.0116927872e-02	2.3995719442e-01	
1779	3.0116435496e-02	2.3995679824e-01	
1780	3.0116125338e-02	2.3995639349e-01	
1781	3.0115630516e-02	2.3995598986e-01	
1782	3.0115317896e-02	2.3995557810e-01	
1783	3.0114820311e-02	2.3995516708e-01	
1784	3.0114506179e-02	2.3995475009e-01	
1785	3.0114006535e-02	2.3995433177e-01	
1786	3.0113690366e-02	2.3995390841e-01	
1787	3.0113188574e-02	2.3995348451e-01	
1788	3.0112870267e-02	2.3995305611e-01	
1789	3.0112366550e-02	2.3995262750e-01	
1790	3.0112046288e-02	2.3995219449e-01	
1791	3.0111540888e-02	2.3995176185e-01	
1792	3.0111218883e-02	2.3995132500e-01	
1793	3.0110711929e-02	2.3995088886e-01	
1794	3.0110388436e-02	2.3995044902e-01	
1795	3.0109880044e-02	2.3995000988e-01	
1796	3.0109555177e-02	2.3994956737e-01	
1797	3.0109045543e-02	2.3994912597e-01	
1798	3.0108719404e-02	2.3994868146e-01	
1799	3.0108208720e-02	2.3994823831e-01	
1800	3.0107881579e-02	2.3994779236e-01	
1801	3.0107370079e-02	2.3994734804e-01	
1802	3.0107042149e-02	2.3994690118e-01	
1803	3.0106529972e-02	2.3994645627e-01	
1804	3.0106201377e-02	2.3994600901e-01	
1805	3.0105688782e-02	2.3994556398e-01	
1806	3.0105359786e-02	2.3994511688e-01	
1807	3.0104846951e-02	2.3994467225e-01	
1808	3.0104517732e-02	2.3994422574e-01	
1809	3.0104004873e-02	2.3994378198e-01	
1810	3.0103675664e-02	2.3994333657e-01	
1811	3.0103163002e-02	2.3994289417e-01	
1812	3.0102834004e-02	2.3994245024e-01	
1813	3.0102321745e-02	2.3994200956e-01	
1814	3.0101993192e-02	2.3994156762e-01	
1815	3.0101481575e-02	2.3994112917e-01	
1816	3.0101153439e-02	2.3994068922e-01	
1817	3.0100642915e-02	2.3994025368e-01	
1818	3.0100315977e-02	2.3993981733e-01	
1819	3.0099806285e-02	2.3993938434e-01	
1820	3.0099480733e-02	2.3993895163e-01	
1821	3.0098972142e-02	2.3993852182e-01	
1822	3.0098647655e-02	2.3993809192e-01	
1823	3.0098140598e-02	2.3993766577e-01	
1824	3.0097818278e-02	2.3993724101e-01	
1825	3.0097312746e-02	2.3993681850e-01	
1826	3.0096992249e-02	2.3993639800e-01	
1827	3.0096488715e-02	2.3993597993e-01	
1828	3.0096169993e-02	2.3993556355e-01	
1829	3.0095669240e-02	2.3993515114e-01	
1830	3.0095352536e-02	2.3993473923e-01	
1831	3.0094854254e-02	2.3993433185e-01	
1832	3.0094540061e-02	2.3993392512e-01	
1833	3.0094044512e-02	2.3993352313e-01	
1834	3.0093733337e-02	2.3993312233e-01	
1835	3.0093240105e-02	2.3993272495e-01	
1836	3.0092932254e-02	2.3993233051e-01	
1837	3.0092442173e-02	2.3993193907e-01	
1838	3.0092137223e-02	2.3993155010e-01	
1839	3.0091651156e-02	2.3993116581e-01	
1840	3.0091349275e-02	2.3993078247e-01	
1841	3.0090866774e-02	2.3993040438e-01	
1842	3.0090568496e-02	2.3993002734e-01	
1843	3.0090089783e-02	2.3992965566e-01	
1844	3.0089795308e-02	2.3992928509e-01	
1845	3.0089320582e-02	2.3992892001e-01	
1846	3.0089030112e-02	2.3992855607e-01	
1847	3.0088559305e-02	2.3992819715e-01	
1848	3.0088273556e-02	2.3992784109e-01	
1849	3.0087806860e-02	2.3992748853e-01	
1850	3.0087525491e-02	2.3992713935e-01	
1851	3.0087063346e-02	2.3992679376e-01	
1852	3.0086786557e-02	2.3992645165e-01	
1853	3.0086329143e-02	2.3992611321e-01	
1854	3.0086057083e-02	2.3992577821e-01	
1855	3.0085604545e-02	2.3992544685e-01	
1856	3.0085337385e-02	2.3992511900e-01	
1857	3.0084889900e-02	2.3992479486e-01	
1858	3.0084627797e-02	2.3992447427e-01	
1859	3.0084185529e-02	2.3992415742e-01	
1860	3.0083928638e-02	2.3992384414e-01	
1861	3.0083491729e-02	2.3992353465e-01	
1862	3.0083239961e-02	2.3992322835e-01	
1863	3.0082808999e-02	2.3992292699e-01	
1864	3.0082562506e-02	2.3992262778e-01	
1865	3.0082137154e-02	2.3992233384e-01	
1866	3.0081896278e-02	2.3992204209e-01	
1867	3.0081476674e-02	2.3992175560e-01	
1868	3.0081241565e-02	2.3992147138e-01	
1869	3.0080827820e-02	2.3992119234e-01	
1870	3.0080598526e-02	2.3992091549e-01	
1871	3.0080190544e-02	2.3992064339e-01	
1872	3.0079967572e-02	2.3992037476e-01	
1873	3.0079565474e-02	2.3992010968e-01	
1874	3.0079348541e-02	2.3991984844e-01	
1875	3.0078952571e-02	2.3991959072e-01	
1876	3.0078741746e-02	2.3991933685e-01	
1877	3.0078351988e-02	2.3991908646e-01	
1878	3.0078147347e-02	2.3991883991e-01	
1879	3.0077763877e-02	2.3991859681e-01	
1880	3.0077565477e-02	2.3991835750e-01	
1881	3.0077188335e-02	2.3991812157e-01	
1882	3.0076996236e-02	2.3991788947e-01	
1883	3.0076625474e-02	2.3991766064e-01	
1884	3.0076439721e-02	2.3991743564e-01	
1885	3.0076075382e-02	2.3991721386e-01	
1886	3.0075895999e-02	2.3991699590e-01	
1887	3.0075538107e-02	2.3991678107e-01	
1888	3.0075365132e-02	2.3991657003e-01	
1889	3.0075013720e-02	2.3991636206e-01	
1890	3.0074847177e-02	2.3991615786e-01	
1891	3.0074502259e-02	2.3991595664e-01	
1892	3.0074342161e-02	2.3991575919e-01	
1893	3.0074003730e-02	2.3991556459e-01	
1894	3.0073850075e-02	2.3991537381e-01	
1895	3.0073518157e-02	2.3991518578e-01	
1896	3.0073370943e-02	2.3991500148e-01	
1897	3.0073045689e-02	2.3991482021e-01	
1898	3.0072904763e-02	2.3991464191e-01	
1899	3.0072585817e-02	2.3991446676e-01	
1900	3.0072451293e-02	2.3991429466e-01	
1901	3.0072138912e-02	2.3991412564e-01	
1902	3.0072010898e-02	2.3991395999e-01	
1903	3.0071704815e-02	2.3991379673e-01	
1904	3.0071583165e-02	2.3991363705e-01	
1905	3.0071283492e-02	2.3991347967e-01	
1906	3.0071168171e-02	2.3991332583e-01	
1907	3.0070874854e-02	2.3991317417e-01	
1908	3.0070765817e-02	2.3991302603e-01	
1909	3.0070478821e-02	2.3991287998e-01	
1910	3.0070376021e-02	2.3991273741e-01	
1911	3.0070095264e-02	2.3991259681e-01	
1912	3.0069998646e-02	2.3991245967e-01	
1913	3.0069724101e-02	2.3991232440e-01	
1914	3.0069633597e-02	2.3991219254e-01	
1915	3.0069365205e-02	2.3991206246e-01	
1916	3.0069280766e-02	2.3991193577e-01	
1917	3.0069018458e-02	2.3991181077e-01	
1918	3.0068940021e-02	2.3991168921e-01	
1919	3.0068683735e-02	2.3991156912e-01	
1920	3.0068611262e-02	2.3991145246e-01	
1921	3.0068360930e-02	2.3991133718e-01	
1922	3.0068294301e-02	2.3991122526e-01	
1923	3.0068049833e-02	2.3991111459e-01	
1924	3.0067988983e-02	2.3991100727e-01	
1925	3.0067750297e-02	2.3991090111e-01	
1926	3.0067695134e-02	2.3991079824e-01	
1927	3.0067462152e-02	2.3991069643e-01	
1928	3.0067412591e-02	2.3991059786e-01	
1929	3.0067185218e-02	2.3991050026e-01	
1930	3.0067141177e-02	2.3991040587e-01	
1931	3.0066919319e-02	2.3991031236e-01	
1932	3.0066880700e-02	2.3991022201e-01	
1933	3.0066664278e-02	2.3991013245e-01	
1934	3.0066630988e-02	2.3991004603e-01	
1935	3.0066419904e-02	2.3990996030e-01	
1936	3.0066391852e-02	2.3990987767e-01	
1937	3.0066186011e-02	2.3990979565e-01	
1938	3.0066163086e-02	2.3990971671e-01	
1939	3.0065962397e-02	2.3990963828e-01	
1940	3.0065944540e-02	2.3990956289e-01	
1941	3.0065748894e-02	2.3990948794e-01	
1942	3.0065735980e-02	2.3990941601e-01	
1943	3.0065545285e-02	2.3990934445e-01	
1944	3.0065537220e-02	2.3990927586e-01	
1945	3.0065351379e-02	2.3990920757e-01	
1946	3.0065348063e-02	2.3990914224e-01	
1947	3.0065166966e-02	2.3990907715e-01	
1948	3.0065168303e-02	2.3990901499e-01	
1949	3.0064991857e-02	2.3990895302e-01	
1950	3.0064997726e-02	2.3990889395e-01	
1951	3.0064825827e-02	2.3990883505e-01	
1952	3.0064836173e-02	2.3990877905e-01	
1953	3.0064668747e-02	2.3990872311e-01	
1954	3.0064683434e-02	2.3990867002e-01	
1955	3.0064520354e-02	2.3990861695e-01	
1956	3.0064539234e-02	2.3990856672e-01	
1957	3.0064380438e-02	2.3990851633e-01	
1958	3.0064403557e-02	2.3990846920e-01	
1959	3.0064248840e-02	2.3990842143e-01	
1960	3.0064276010e-02	2.3990837705e-01	
1961	3.0064125341e-02	2.3990833197e-01	
1962	3.0064156462e-02	2.3990829029e-01	
1963	3.0064009746e-02	2.3990824787e-01	
1964	3.0064044722e-02	2.3990820884e-01	
1965	3.0063901863e-02	2.3990816904e-01	
1966	3.0063940606e-02	2.3990813260e-01	
1967	3.0063801460e-02	2.3990809531e-01	
1968	3.0063843938e-02	2.3990806170e-01	
1969	3.0063708425e-02	2.3990802687e-01	
1970	3.0063754477e-02	2.3990799582e-01	
1971	3.0063622548e-02	2.3990796353e-01	
1972	3.0063672058e-02	2.3990793505e-01	
1973	3.0063543664e-02	2.3990790525e-01	
1974	3.0063596548e-02	2.3990787935e-01	
1975	3.0063471554e-02	2.3990785210e-01	
1976	3.0063527744e-02	2.3990782876e-01	
1977	3.0063406064e-02	2.3990780406e-01	
1978	3.0063465476e-02	2.3990778330e-01	
1979	3.0063347025e-02	2.3990776116e-01	
1980	3.0063409577e-02	2.3990774300e-01	
1981	3.0063294268e-02	2.3990772349e-01	
1982	3.0063359868e-02	2.3990770800e-01	
1983	3.0063247632e-02	2.3990769106e-01	
1984	3.0063316218e-02	2.3990767816e-01	
1985	3.0063206968e-02	2.3990766386e-01	
1986	3.0063278453e-02	2.3990765366e-01	
1987	3.0063172110e-02	2.3990764207e-01	
1988	3.0063246420e-02	2.3990763462e-01	
1989	3.0063142912e-02	2.3990762576e-01	
1990	3.0063219974e-02	2.3990762109e-01	
1991	3.0063119228e-02	2.3990761501e-01	
1992	3.0063198973e-02	2.3990761319e-01	
1993	3.0063100938e-02	2.3990760992e-01	
1994	3.0063183403e-02	2.3990761083e-01	
1995	3.0063088083e-02	2.3990761026e-01	
1996	3.0063173076e-02	2.3990761408e-01	
1997	3.0063080284e-02	2.3990761645e-01	
1998	3.0063167745e-02	2.3990762329e-01	
1999	3.0063077380e-02	2.3990762876e-01	
2000	3.0063167174e-02	2.3990763879e-01	
2001	3.0063079223e-02	2.3990764729e-01	
2002	3.0063171421e-02	2.3990766055e-01	
2003	3.0063085856e-02	2.3990767214e-01	
2004	3.0063180366e-02	2.3990768862e-01	
2005	3.0063097131e-02	2.3990770345e-01	
2006	3.0063193892e-02	2.3990772325e-01	
2007	3.0063112925e-02	2.3990774141e-01	
2008	3.0063211930e-02	2.3990776457e-01	
2009	3.0063133344e-02	2.3990778602e-01	
2010	3.0063234610e-02	2.3990781261e-01	
2011	3.0063158192e-02	2.3990783754e-01	
2012	3.0063261558e-02	2.3990786782e-01	
2013	3.0063187234e-02	2.3990789620e-01	
2014	3.0063292666e-02	2.3990793026e-01	
2015	3.0063220402e-02	2.3990796233e-01	
2016	3.0063327842e-02	2.3990800019e-01	
2017	3.0063257598e-02	2.3990803602e-01	
2018	3.0063366990e-02	2.3990807775e-01	
2019	3.0063298717e-02	2.3990811744e-01	
2020	3.0063410018e-02	2.3990816314e-01	
2021	3.0063343671e-02	2.3990820677e-01	
2022	3.0063456820e-02	2.3990825644e-01	
2023	3.0063392395e-02	2.3990830429e-01	
2024	3.0063507346e-02	2.3990835803e-01	
2025	3.0063444764e-02	2.3990841000e-01	
2026	3.0063561493e-02	2.3990846797e-01	
2027	3.0063500713e-02	2.3990852415e-01	
2028	3.0063619181e-02	2.3990858643e-01	
2029	3.0063560164e-02	2.3990864690e-01	
2030	3.0063680331e-02	2.3990871358e-01	
2031	3.0063623038e-02	2.3990877842e-01	
2032	3.0063744868e-02	2.3990884957e-01	
2033	3.0063689263e-02	2.3990891886e-01	
2034	3.0063812720e-02	2.3990899456e-01	
2035	3.0063758580e-02	2.3990906841e-01	
2036	3.0063883524e-02	2.3990914879e-01	
2037	3.0063831057e-02	2.3990922717e-01	
2038	3.0063957575e-02	2.3990931224e-01	
2039	3.0063906686e-02	2.3990939525e-01	
2040	3.0064034724e-02	2.3990948508e-01	
2041	3.0063985378e-02	2.3990957278e-01	
2042	3.0064114911e-02	2.3990966740e-01	
2043	3.0064067059e-02	2.3990975983e-01	
2044	3.0064198046e-02	2.3990985933e-01	
2045	3.0064151684e-02	2.3990995657e-01	
2046	3.0064284080e-02	2.3991006098e-01	
2047	3.0064239161e-02	2.3991016306e-01	
2048	3.0064372948e-02	2.3991027240e-01	
2049	3.0064329444e-02	2.3991037934e-01	
2050	3.0064464588e-02	2.3991049364e-01	
2051	3.0064422465e-02	2.3991060547e-01	
2052	3.0064558933e-02	2.3991072476e-01	
2053	3.0064518158e-02	2.3991084151e-01	
2054	3.0064655917e-02	2.3991096581e-01	
2055	3.0064616459e-02	2.3991108750e-01	
2056	3.0064755472e-02	2.3991121681e-01	
2057	3.0064717294e-02	2.3991134343e-01	
2058	3.0064857620e-02	2.3991147774e-01	
2059	3.0064820857e-02	2.3991160921e-01	
2060	3.0064962497e-02	2.3991174863e-01	
2061	3.0064926904e-02	2.3991188498e-01	
2062	3.0065069682e-02	2.3991202941e-01	
2063	3.0065035269e-02	2.3991217068e-01	
2064	3.0065179172e-02	2.3991232008e-01	
2065	3.0065145917e-02	2.3991246622e-01	
2066	3.0065290914e-02	2.3991262056e-01	
2067	3.0065258766e-02	2.3991277158e-01	
2068	3.0065404814e-02	2.3991293082e-01	
2069	3.0065373763e-02	2.3991308664e-01	
2070	3.0065520849e-02	2.3991325072e-01	
2071	3.0065490861e-02	2.3991341130e-01	
2072	3.0065638927e-02	2.3991358017e-01	
2073	3.0065609961e-02	2.3991374547e-01	
2074	3.0065758988e-02	2.3991391905e-01	
2075	3.0065731014e-02	2.3991408899e-01	
2076	3.0065880959e-02	2.3991426722e-01	
2077	3.0065853915e-02	2.3991444167e-01	
2078	3.0066004755e-02	2.3991462445e-01	
2079	3.0065978693e-02	2.3991480371e-01	
2080	3.0066130341e-02	2.3991499079e-01	
2081	3.0066105170e-02	2.3991517448e-01	
2082	3.0066257635e-02	2.3991536594e-01	
2083	3.0066233327e-02	2.3991555398e-01	
2084	3.0066386570e-02	2.3991574973e-01	
2085	3.0066363085e-02	2.3991594204e-01	
2086	3.0066517071e-02	2.3991614197e-01	
2087	3.0066494384e-02	2.3991633843e-01	
2088	3.0066649082e-02	2.3991654243e-01	
2089	3.0066627161e-02	2.3991674294e-01	
2090	3.0066782589e-02	2.3991695113e-01	
2091	3.0066761305e-02	2.3991715515e-01	
2092	3.0066917434e-02	2.3991736739e-01	
2093	3.0066896853e-02	2.3991757524e-01	
2094	3.0067053604e-02	2.3991779121e-01	
2095	3.0067033663e-02	2.3991800264e-01	
2096	3.0067191076e-02	2.3991822246e-01	
2097	3.0067171749e-02	2.3991843735e-01	
2098	3.0067329730e-02	2.3991866067e-01	
2099	3.0067311018e-02	2.3991887901e-01	
2100	3.0067469538e-02	2.3991910568e-01	
2101	3.0067451419e-02	2.3991932736e-01	
2102	3.0067610450e-02	2.3991955725e-01	
2103	3.0067592855e-02	2.3991978220e-01	
2104	3.0067752294e-02	2.3992001529e-01	
2105	3.0067735218e-02	2.3992024336e-01	
2106	3.0067895137e-02	2.3992047942e-01	
2107	3.0067878576e-02	2.3992071045e-01	
2108	3.0068038903e-02	2.3992094932e-01	
2109	3.0068022824e-02	2.3992118315e-01	
2110	3.0068183567e-02	2.3992142473e-01	
2111	3.0068167956e-02	2.3992166125e-01	
2112	3.0068329090e-02	2.3992190540e-01	
2113	3.0068313930e-02	2.3992214447e-01	
2114	3.0068475442e-02	2.3992239106e-01	
2115	3.0068460718e-02	2.3992263254e-01	
2116	3.0068622591e-02	2.3992288144e-01	
2117	3.0068608285e-02	2.3992312521e-01	
2118	3.0068770506e-02	2.3992337628e-01	
2119	3.0068756604e-02	2.3992362220e-01	
2120	3.0068919155e-02	2.3992387532e-01	
2121	3.0068905644e-02	2.3992412326e-01	
2122	3.0069068514e-02	2.3992437831e-01	
2123	3.0069055379e-02	2.3992462814e-01	
2124	3.0069218557e-02	2.3992488500e-01	
2125	3.0069205788e-02	2.3992513660e-01	
2126	3.0069369263e-02	2.3992539513e-01	
2127	3.0069356850e-02	2.3992564837e-01	
2128	3.0069520615e-02	2.3992590847e-01	
2129	3.0069508549e-02	2.3992616323e-01	
2130	3.0069672597e-02	2.3992642478e-01	
2131	3.0069660871e-02	2.3992668095e-01	
2132	3.0069825197e-02	2.3992694383e-01	
2133	3.0069813804e-02	2.3992720129e-01	
2134	3.0069978405e-02	2.3992746539e-01	
2135	3.0069967339e-02	2.3992772403e-01	
2136	3.0070132211e-02	2.3992798925e-01	
2137	3.0070121471e-02	2.3992824895e-01	
2138	3.0070286612e-02	2.3992851520e-01	
2139	3.0070276194e-02	2.3992877586e-01	
2140	3.0070441605e-02	2.3992904302e-01	
2141	3.0070431503e-02	2.3992930454e-01	
2142	3.0070597183e-02	2.3992957253e-01	
2143	3.0070587404e-02	2.3992983480e-01	
2144	3.0070753352e-02	2.3993010353e-01	
2145	3.0070743890e-02	2.3993036646e-01	
2146	3.0070910110e-02	2.3993063583e-01	
2147	3.0070900968e-02	2.3993089933e-01	
2148	3.0071067459e-02	2.3993116925e-01	
2149	3.0071058639e-02	2.3993143323e-01	
2150	3.0071225409e-02	2.3993170362e-01	
2151	3.0071216914e-02	2.3993196799e-01	
2152	3.0071383955e-02	2.3993223879e-01	
2153	3.0071375785e-02	2.3993250347e-01	
2154	3.0071543106e-02	2.3993277458e-01	
2155	3.0071535263e-02	2.3993303950e-01	
2156	3.0071702868e-02	2.3993331086e-01	
2157	3.0071695355e-02	2.3993357593e-01	
2158	3.0071863246e-02	2.3993384746e-01	
2159	3.0071856066e-02	2.3993411262e-01	
2160	3.0072024247e-02	2.3993438425e-01	
2161	3.0072017402e-02	2.3993464943e-01	
2162	3.0072185876e-02	2.3993492110e-01	
2163	3.0072179369e-02	2.3993518623e-01	
2164	3.0072348136e-02	2.3993545787e-01	
2165	3.0072341977e-02	2.3993572288e-01	
2166	3.0072511061e-02	2.3993599444e-01	
2167	3.0072505248e-02	2.3993625928e-01	
2168	3.0072674634e-02	2.3993653070e-01	
2169	3.0072669173e-02	2.3993679529e-01	
2170	3.0072838875e-02	2.3993706649e-01	
2171	3.0072833754e-02	2.3993733080e-01	
2172	3.0073003799e-02	2.3993760199e-01	
2173	3.0072998918e-02	2.3993786555e-01	
2174	3.0073169319e-02	2.3993813664e-01	
2175	3.0073164784e-02	2.3993839982e-01	
2176	3.0073335489e-02	2.3993867056e-01	
2177	3.0073331298e-02	2.3993893329e-01	
2178	3.0073502296e-02	2.3993920363e-01	
2179	3.0073498447e-02	2.3993946594e-01	
2180	3.0073669742e-02	2.3993973592e-01	
2181	3.0073666224e-02	2.3993999776e-01	
2182	3.0073837816e-02	2.3994026728e-01	
2183	3.0073834641e-02	2.3994052858e-01	
2184	3.0074006524e-02	2.3994079760e-01	
2185	3.0074003675e-02	2.3994105832e-01	
2186	3.0074175839e-02	2.3994132678e-01	
2187	3.0074173310e-02	2.3994158687e-01	
2188	3.0074345748e-02	2.3994185475e-01	
2189	3.0074343540e-02	2.3994211416e-01	
2190	3.0074516242e-02	2.3994238141e-01	
2191	3.0074514322e-02	2.3994264015e-01	
2192	3.0074687273e-02	2.3994290674e-01	
2193	3.0074685646e-02	2.3994316475e-01	
2194	3.0074858839e-02	2.3994343064e-01	
2195	3.0074857490e-02	2.3994368789e-01	
2196	3.0075030911e-02	2.3994395306e-01	
2197	3.0075029827e-02	2.3994420951e-01	
2198	3.0075203463e-02	2.3994447393e-01	
2199	3.0075202628e-02	2.3994472956e-01	
2200	3.0075376465e-02	2.3994499320e-01	
2201	3.0075375861e-02	2.3994524800e-01	
2202	3.0075549867e-02	2.3994551085e-01	
2203	3.0075549485e-02	2.3994576478e-01	
2204	3.0075723663e-02	2.3994602678e-01	
2205	3.0075723474e-02	2.3994627981e-01	
2206	3.0075897784e-02	2.3994654097e-01	
2207	3.0075897752e-02	2.3994679313e-01	
2208	3.0076072173e-02	2.3994705344e-01	
2209	3.0076072312e-02	2.3994730465e-01	
2210	3.0076246848e-02	2.3994756404e-01	
2211	3.0076247121e-02	2.3994781430e-01	
2212	3.0076421764e-02	2.3994807293e-01	
2213	3.0076422072e-02	2.3994832197e-01	
2214	3.0076596793e-02	2.3994857981e-01	
2215	3.0076597178e-02	2.3994882789e-01	
2216	3.0076771917e-02	2.3994908481e-01	
2217	3.0076772351e-02	2.3994933192e-01	
2218	3.0076947079e-02	2.3994958789e-01	
2219	3.0076947536e-02	2.3994983402e-01	
2220	3.0077122226e-02	2.3995008904e-01	
2221	3.0077122676e-02	2.3995033417e-01	
2222	3.0077297295e-02	2.3995058823e-01	
2223	3.0077297708e-02	2.3995083237e-01	
2224	3.0077472226e-02	2.3995108547e-01	
2225	3.0077472568e-02	2.3995132860e-01	
2226	3.0077646952e-02	2.3995158074e-01	
2227	3.0077647190e-02	2.3995182287e-01	
2228	3.0077821406e-02	2.3995207404e-01	
2229	3.0077821505e-02	2.3995231516e-01	
2230	3.0077995516e-02	2.3995256536e-01	
2231	3.0077995443e-02	2.3995280548e-01	
2232	3.0078169214e-02	2.3995305471e-01	
2233	3.0078168931e-02	2.3995329384e-01	
2234	3.0078342426e-02	2.3995354210e-01	
2235	3.0078341898e-02	2.3995378023e-01	
2236	3.0078515082e-02	2.3995402754e-01	
2237	3.0078514263e-02	2.3995426468e-01	
2238	3.0078687098e-02	2.3995451104e-01	
2239	3.0078685958e-02	2.3995474720e-01	
2240	3.0078858406e-02	2.3995499262e-01	
2241	3.0078856908e-02	2.3995522780e-01	
2242	3.0079028933e-02	2.3995547228e-01	
2243	3.0079027039e-02	2.3995570651e-01	
2244	3.0079198601e-02	2.3995595007e-01	
2245	3.0079196276e-02	2.3995618336e-01	
2246	3.0079367345e-02	2.3995642599e-01	
2247	3.0079364552e-02	2.3995665835e-01	
2248	3.0079535104e-02	2.3995690021e-01	
2249	3.0079531754e-02	2.3995713144e-01	
2250	3.0079701758e-02	2.3995737253e-01	
2251	3.0079697868e-02	2.3995760286e-01	
2252	3.0079867266e-02	2.3995784309e-01	
2253	3.0079862798e-02	2.3995807254e-01	
2254	3.0080031555e-02	2.3995831193e-01	
2255	3.0080026498e-02	2.3995854057e-01	
2256	3.0080194539e-02	2.3995877904e-01	
2257	3.0080188858e-02	2.3995900690e-01	
2258	3.0080356189e-02	2.3995924457e-01	
2259	3.0080349832e-02	2.3995947161e-01	
2260	3.0080516425e-02	2.3995970851e-01	
2261	3.0080509360e-02	2.3995993476e-01	
2262	3.0080675181e-02	2.3996017091e-01	
2263	3.0080667378e-02	2.3996039639e-01	
2264	3.0080832399e-02	2.3996063182e-01	
2265	3.0080823830e-02	2.3996085657e-01	
2266	3.0080988024e-02	2.3996109130e-01	
2267	3.0080978661e-02	2.3996131534e-01	
2268	3.0081142001e-02	2.3996154941e-01	
2269	3.0081131821e-02	2.3996177276e-01	
