# Time           	flap1            	mainPlane        
1	6.7797469698e-01	7.7227298450e-01	
2	5.8291960884e-02	6.5586128963e-02	
3	1.6454726575e-02	2.0155208497e-02	
4	1.7876906282e-02	1.8326541987e-02	
5	2.0536680952e-02	1.8827242540e-02	
6	2.1821754401e-02	1.9142572673e-02	
7	2.2958336853e-02	1.9580623214e-02	
8	2.3880599107e-02	1.9891431583e-02	
9	2.4606264231e-02	2.0080469732e-02	
10	2.5102083357e-02	2.0148869140e-02	
11	2.5377474676e-02	2.0122356812e-02	
12	2.5427014015e-02	2.0009897637e-02	
13	2.5329651703e-02	1.9837086181e-02	
14	2.5124523808e-02	1.9648349153e-02	
15	2.4861997707e-02	1.9452513987e-02	
16	2.4571905277e-02	1.9249833970e-02	
17	2.4268705114e-02	1.9043820814e-02	
18	2.3934612306e-02	1.8833730971e-02	
19	2.3599857105e-02	1.8635682819e-02	
20	2.3255920375e-02	1.8441766308e-02	
21	2.2910606936e-02	1.8259222444e-02	
22	2.2566541842e-02	1.8081750636e-02	
23	2.2235418467e-02	1.7913645232e-02	
24	2.1918479531e-02	1.7752420560e-02	
25	2.1624296343e-02	1.7605144163e-02	
26	2.1346015553e-02	1.7464425387e-02	
27	2.1085818636e-02	1.7331283173e-02	
28	2.0841372771e-02	1.7208098385e-02	
29	2.0605610915e-02	1.7088474348e-02	
30	2.0380697084e-02	1.6974975114e-02	
31	2.0165768710e-02	1.6864270310e-02	
32	1.9955977091e-02	1.6759838160e-02	
33	1.9752034569e-02	1.6659652577e-02	
34	1.9553374792e-02	1.6560386166e-02	
35	1.9356241460e-02	1.6466493265e-02	
36	1.9164102486e-02	1.6373563964e-02	
37	1.8972557611e-02	1.6283921791e-02	
38	1.8781518047e-02	1.6196112844e-02	
39	1.8593443345e-02	1.6110778158e-02	
40	1.8405439285e-02	1.6027847261e-02	
41	1.8221920820e-02	1.5946821143e-02	
42	1.8040705144e-02	1.5867321943e-02	
43	1.7860014889e-02	1.5790691487e-02	
44	1.7680734899e-02	1.5716195037e-02	
45	1.7506581990e-02	1.5643915232e-02	
46	1.7337125269e-02	1.5573279430e-02	
47	1.7170369342e-02	1.5506364350e-02	
48	1.7009743491e-02	1.5440820509e-02	
49	1.6854552298e-02	1.5378305618e-02	
50	1.6706338652e-02	1.5318207109e-02	
51	1.6566777531e-02	1.5261702758e-02	
52	1.6435236826e-02	1.5207688358e-02	
53	1.6312124932e-02	1.5157539876e-02	
54	1.6196960033e-02	1.5109960625e-02	
55	1.6092426957e-02	1.5065647120e-02	
56	1.5997028610e-02	1.5023971446e-02	
57	1.5911427413e-02	1.4985417883e-02	
58	1.5835252269e-02	1.4948929774e-02	
59	1.5769263875e-02	1.4916449857e-02	
60	1.5712616839e-02	1.4885869326e-02	
61	1.5666160509e-02	1.4858281267e-02	
62	1.5627329154e-02	1.4832311289e-02	
63	1.5597352620e-02	1.4809269443e-02	
64	1.5574371553e-02	1.4787837874e-02	
65	1.5558134002e-02	1.4768770354e-02	
66	1.5547583685e-02	1.4750888983e-02	
67	1.5542657945e-02	1.4735313552e-02	
68	1.5540904313e-02	1.4720094548e-02	
69	1.5542746538e-02	1.4706484863e-02	
70	1.5546662132e-02	1.4692910632e-02	
71	1.5553293299e-02	1.4680744749e-02	
72	1.5561213344e-02	1.4668331612e-02	
73	1.5571284887e-02	1.4657177349e-02	
74	1.5581820777e-02	1.4645797691e-02	
75	1.5593924846e-02	1.4635590167e-02	
76	1.5606204082e-02	1.4625116530e-02	
77	1.5619583559e-02	1.4615540174e-02	
78	1.5632787598e-02	1.4605697549e-02	
79	1.5646684618e-02	1.4596836108e-02	
80	1.5660437338e-02	1.4587567783e-02	
81	1.5674523397e-02	1.4579227918e-02	
82	1.5687859287e-02	1.4570214687e-02	
83	1.5701572368e-02	1.4562093395e-02	
84	1.5715037712e-02	1.4553548091e-02	
85	1.5729075686e-02	1.4545949762e-02	
86	1.5742144973e-02	1.4537744132e-02	
87	1.5755286829e-02	1.4530345097e-02	
88	1.5767501848e-02	1.4522332379e-02	
89	1.5779439589e-02	1.4515115652e-02	
90	1.5790245094e-02	1.4507227220e-02	
91	1.5800696067e-02	1.4500118360e-02	
92	1.5810265442e-02	1.4492458941e-02	
93	1.5820057004e-02	1.4485778442e-02	
94	1.5828906659e-02	1.4478574955e-02	
95	1.5837542094e-02	1.4472095559e-02	
96	1.5845003412e-02	1.4464911547e-02	
97	1.5852283956e-02	1.4458558991e-02	
98	1.5858291520e-02	1.4451618798e-02	
99	1.5863789333e-02	1.4445378682e-02	
100	1.5867994275e-02	1.4438377988e-02	
101	1.5871874048e-02	1.4432149814e-02	
102	1.5874541771e-02	1.4425221197e-02	
103	1.5876717668e-02	1.4419106691e-02	
104	1.5877422917e-02	1.4412249675e-02	
105	1.5877356534e-02	1.4406120194e-02	
106	1.5875713581e-02	1.4399311023e-02	
107	1.5873079441e-02	1.4393094184e-02	
108	1.5869594361e-02	1.4386312993e-02	
109	1.5865317154e-02	1.4380166130e-02	
110	1.5859509255e-02	1.4373259587e-02	
111	1.5853320398e-02	1.4367129560e-02	
112	1.5845119941e-02	1.4360191413e-02	
113	1.5835991971e-02	1.4353937839e-02	
114	1.5825275193e-02	1.4346756721e-02	
115	1.5813860285e-02	1.4340255382e-02	
116	1.5800774870e-02	1.4332994545e-02	
117	1.5786887920e-02	1.4326471767e-02	
118	1.5771363068e-02	1.4318912148e-02	
119	1.5755077735e-02	1.4311757068e-02	
120	1.5737245354e-02	1.4303561365e-02	
121	1.5718694829e-02	1.4295994010e-02	
122	1.5698996891e-02	1.4287337027e-02	
123	1.5678734687e-02	1.4279150918e-02	
124	1.5657267114e-02	1.4269958327e-02	
125	1.5635486288e-02	1.4261358691e-02	
126	1.5612534321e-02	1.4251426092e-02	
127	1.5589194641e-02	1.4241900384e-02	
128	1.5564800608e-02	1.4230964941e-02	
129	1.5540230836e-02	1.4220361822e-02	
130	1.5514790380e-02	1.4208711766e-02	
131	1.5489397867e-02	1.4197314889e-02	
132	1.5463241577e-02	1.4184609661e-02	
133	1.5437219616e-02	1.4172181684e-02	
134	1.5410587552e-02	1.4158451526e-02	
135	1.5384263610e-02	1.4144170420e-02	
136	1.5357511213e-02	1.4127939886e-02	
137	1.5331113380e-02	1.4110977963e-02	
138	1.5304459801e-02	1.4091273271e-02	
139	1.5278242173e-02	1.4070799080e-02	
140	1.5251902773e-02	1.4046516495e-02	
141	1.5226840817e-02	1.4018667046e-02	
142	1.5200896329e-02	1.4007240481e-02	
143	1.5174038538e-02	1.4013573594e-02	
144	1.5147289159e-02	1.4020642961e-02	
145	1.5121125878e-02	1.4026340695e-02	
146	1.5095316134e-02	1.4028748086e-02	
147	1.5070559603e-02	1.4029963794e-02	
148	1.5045887633e-02	1.4029269325e-02	
149	1.5022150916e-02	1.4029047570e-02	
150	1.4998675256e-02	1.4028460514e-02	
151	1.4976265201e-02	1.4028760779e-02	
152	1.4954320594e-02	1.4027333959e-02	
153	1.4933481685e-02	1.4026392707e-02	
154	1.4912926588e-02	1.4023496282e-02	
155	1.4893431707e-02	1.4021349075e-02	
156	1.4874300148e-02	1.4017804581e-02	
157	1.4856308328e-02	1.4014034741e-02	
158	1.4838696696e-02	1.4008232232e-02	
159	1.4822204327e-02	1.4002914758e-02	
160	1.4806161210e-02	1.3995194602e-02	
161	1.4791496038e-02	1.3988600121e-02	
162	1.4777561047e-02	1.3978420513e-02	
163	1.4764943038e-02	1.3969224725e-02	
164	1.4753208187e-02	1.3957639210e-02	
165	1.4743243005e-02	1.3945804355e-02	
166	1.4734336490e-02	1.3933273423e-02	
167	1.4727350747e-02	1.3921518116e-02	
168	1.4721809830e-02	1.3908106381e-02	
169	1.4718281883e-02	1.3899008893e-02	
170	1.4716157948e-02	1.3890910580e-02	
171	1.4716554159e-02	1.3886193905e-02	
172	1.4718982218e-02	1.3884055944e-02	
173	1.4723992655e-02	1.3887042922e-02	
174	1.4730031216e-02	1.3892848055e-02	
175	1.4738345401e-02	1.3901496998e-02	
176	1.4747870385e-02	1.3913566096e-02	
177	1.4758633525e-02	1.3931189981e-02	
178	1.4770089630e-02	1.3951478047e-02	
179	1.4782826743e-02	1.3975355458e-02	
180	1.4795410677e-02	1.4001122033e-02	
181	1.4808417675e-02	1.4029310018e-02	
182	1.4821383903e-02	1.4057185357e-02	
183	1.4835093297e-02	1.4086587927e-02	
184	1.4848134304e-02	1.4113469925e-02	
185	1.4860273780e-02	1.4137238670e-02	
186	1.4870079891e-02	1.4153758168e-02	
187	1.4879661567e-02	1.4168881439e-02	
188	1.4889346706e-02	1.4181929057e-02	
189	1.4899209714e-02	1.4193859668e-02	
190	1.4908367719e-02	1.4202243583e-02	
191	1.4916989689e-02	1.4209939407e-02	
192	1.4923951857e-02	1.4215262779e-02	
193	1.4930349873e-02	1.4220428684e-02	
194	1.4935300246e-02	1.4223434301e-02	
195	1.4939825789e-02	1.4226273820e-02	
196	1.4943021669e-02	1.4226978106e-02	
197	1.4946008748e-02	1.4227827050e-02	
198	1.4948069899e-02	1.4226975410e-02	
199	1.4950270095e-02	1.4226649272e-02	
200	1.4951959924e-02	1.4225341295e-02	
201	1.4953827213e-02	1.4224799867e-02	
202	1.4955264152e-02	1.4223027095e-02	
203	1.4957116550e-02	1.4221948771e-02	
204	1.4958659885e-02	1.4219744691e-02	
205	1.4960726647e-02	1.4218277677e-02	
206	1.4962565082e-02	1.4215683098e-02	
207	1.4965026393e-02	1.4214031963e-02	
208	1.4967249479e-02	1.4211185243e-02	
209	1.4969997732e-02	1.4209349866e-02	
210	1.4972557617e-02	1.4206580777e-02	
211	1.4975660893e-02	1.4204877433e-02	
212	1.4978643168e-02	1.4202286901e-02	
213	1.4982265979e-02	1.4200688839e-02	
214	1.4985766193e-02	1.4198186897e-02	
215	1.4990012946e-02	1.4196836514e-02	
216	1.4994271275e-02	1.4194551385e-02	
217	1.4999309531e-02	1.4193339214e-02	
218	1.5004438372e-02	1.4191203363e-02	
219	1.5010462583e-02	1.4190151332e-02	
220	1.5016603503e-02	1.4188254891e-02	
221	1.5023731681e-02	1.4187303728e-02	
222	1.5031000064e-02	1.4185470302e-02	
223	1.5039283768e-02	1.4184759855e-02	
224	1.5047841265e-02	1.4183130179e-02	
225	1.5057371684e-02	1.4182621589e-02	
226	1.5067110903e-02	1.4181240898e-02	
227	1.5077786072e-02	1.4180921263e-02	
228	1.5088710294e-02	1.4179672547e-02	
229	1.5100641035e-02	1.4179629734e-02	
230	1.5112733806e-02	1.4178670274e-02	
231	1.5125794975e-02	1.4178881210e-02	
232	1.5139094922e-02	1.4178231571e-02	
233	1.5153264570e-02	1.4178695968e-02	
234	1.5167486490e-02	1.4178196838e-02	
235	1.5182588398e-02	1.4178728023e-02	
236	1.5197722302e-02	1.4178359265e-02	
237	1.5213663310e-02	1.4178971830e-02	
238	1.5229530982e-02	1.4178565695e-02	
239	1.5246138582e-02	1.4179193281e-02	
240	1.5262647823e-02	1.4178729095e-02	
241	1.5279915762e-02	1.4179239304e-02	
242	1.5297055965e-02	1.4178726185e-02	
243	1.5314883471e-02	1.4179231117e-02	
244	1.5332589160e-02	1.4178570229e-02	
245	1.5350932560e-02	1.4178816231e-02	
246	1.5369187472e-02	1.4177966533e-02	
247	1.5388143232e-02	1.4178179094e-02	
248	1.5406948537e-02	1.4177255138e-02	
249	1.5426457429e-02	1.4177264088e-02	
250	1.5445860870e-02	1.4176090271e-02	
251	1.5466068099e-02	1.4176069723e-02	
252	1.5486226080e-02	1.4174831169e-02	
253	1.5507168643e-02	1.4174567951e-02	
254	1.5528089951e-02	1.4173212821e-02	
255	1.5549868853e-02	1.4172735974e-02	
256	1.5571697551e-02	1.4171131656e-02	
257	1.5594389055e-02	1.4170583211e-02	
258	1.5617090809e-02	1.4168823483e-02	
259	1.5640664408e-02	1.4167972906e-02	
260	1.5664300611e-02	1.4165967042e-02	
261	1.5688777706e-02	1.4164945465e-02	
262	1.5713284781e-02	1.4162774309e-02	
263	1.5738618756e-02	1.4161632136e-02	
264	1.5763916493e-02	1.4159202366e-02	
265	1.5790055771e-02	1.4157758646e-02	
266	1.5816139698e-02	1.4155063130e-02	
267	1.5842986690e-02	1.4153271741e-02	
268	1.5869726410e-02	1.4150216311e-02	
269	1.5897150349e-02	1.4147933685e-02	
270	1.5924402073e-02	1.4144455059e-02	
271	1.5952258955e-02	1.4141910329e-02	
272	1.5979872288e-02	1.4138148015e-02	
273	1.6008052547e-02	1.4135094618e-02	
274	1.6035898573e-02	1.4130735748e-02	
275	1.6064235788e-02	1.4127248581e-02	
276	1.6092197482e-02	1.4122414088e-02	
277	1.6120588974e-02	1.4118365230e-02	
278	1.6148509058e-02	1.4112953955e-02	
279	1.6176733917e-02	1.4108385165e-02	
280	1.6204445777e-02	1.4102402614e-02	
281	1.6232384319e-02	1.4097263092e-02	
282	1.6259761899e-02	1.4090724230e-02	
283	1.6287399741e-02	1.4084920850e-02	
284	1.6314424359e-02	1.4077613580e-02	
285	1.6341728110e-02	1.4071059529e-02	
286	1.6368400630e-02	1.4063055191e-02	
287	1.6395269942e-02	1.4055781794e-02	
288	1.6421425773e-02	1.4046891177e-02	
289	1.6447747339e-02	1.4038788210e-02	
290	1.6473372025e-02	1.4029273602e-02	
291	1.6499214958e-02	1.4020529074e-02	
292	1.6524504734e-02	1.4010223651e-02	
293	1.6549930983e-02	1.4000652509e-02	
294	1.6574729324e-02	1.3989617743e-02	
295	1.6599693745e-02	1.3979351580e-02	
296	1.6624066346e-02	1.3967635828e-02	
297	1.6648676200e-02	1.3956643880e-02	
298	1.6672663290e-02	1.3944126284e-02	
299	1.6696869253e-02	1.3932404916e-02	
300	1.6720524653e-02	1.3919119656e-02	
301	1.6744506499e-02	1.3906624496e-02	
302	1.6767940116e-02	1.3892647986e-02	
303	1.6791641182e-02	1.3879556890e-02	
304	1.6814844721e-02	1.3864927006e-02	
305	1.6838394688e-02	1.3851242561e-02	
306	1.6861469598e-02	1.3835929710e-02	
307	1.6884928327e-02	1.3821511973e-02	
308	1.6907929078e-02	1.3805593184e-02	
309	1.6931297076e-02	1.3790467591e-02	
310	1.6954236081e-02	1.3773945006e-02	
311	1.6977570459e-02	1.3758252948e-02	
312	1.7000442060e-02	1.3741059173e-02	
313	1.7023716551e-02	1.3724614128e-02	
314	1.7046554150e-02	1.3706743001e-02	
315	1.7069860296e-02	1.3689740194e-02	
316	1.7092733919e-02	1.3671302163e-02	
317	1.7116008099e-02	1.3653587484e-02	
318	1.7138860722e-02	1.3634149158e-02	
319	1.7162089897e-02	1.3615452893e-02	
320	1.7184916231e-02	1.3595211910e-02	
321	1.7208156869e-02	1.3575762488e-02	
322	1.7230993675e-02	1.3554799435e-02	
323	1.7254275609e-02	1.3534455685e-02	
324	1.7277096365e-02	1.3512526256e-02	
325	1.7300352561e-02	1.3491348010e-02	
326	1.7323179614e-02	1.3468535973e-02	
327	1.7346412679e-02	1.3446431037e-02	
328	1.7369245055e-02	1.3422731526e-02	
329	1.7392455861e-02	1.3399709083e-02	
330	1.7415224467e-02	1.3375133908e-02	
331	1.7438429984e-02	1.3351363181e-02	
332	1.7461164665e-02	1.3325911265e-02	
333	1.7484290873e-02	1.3301129458e-02	
334	1.7506975155e-02	1.3274797636e-02	
335	1.7530052671e-02	1.3249229537e-02	
336	1.7552682982e-02	1.3222121068e-02	
337	1.7575709267e-02	1.3195707105e-02	
338	1.7598264382e-02	1.3167392316e-02	
339	1.7621201985e-02	1.3139836108e-02	
340	1.7643650239e-02	1.3110625929e-02	
341	1.7666489008e-02	1.3082309908e-02	
342	1.7688800282e-02	1.3052291084e-02	
343	1.7711496793e-02	1.3023003520e-02	
344	1.7733701467e-02	1.2991937137e-02	
345	1.7756260866e-02	1.2961687627e-02	
346	1.7778328854e-02	1.2929730346e-02	
347	1.7800732191e-02	1.2898404024e-02	
348	1.7822616132e-02	1.2865819531e-02	
349	1.7844856759e-02	1.2834124015e-02	
350	1.7866556716e-02	1.2800621117e-02	
351	1.7888621116e-02	1.2767691578e-02	
352	1.7910156872e-02	1.2733025375e-02	
353	1.7932017757e-02	1.2699122938e-02	
354	1.7953326472e-02	1.2663638853e-02	
355	1.7974939324e-02	1.2628768052e-02	
356	1.7996013460e-02	1.2592184330e-02	
357	1.8017390006e-02	1.2556149570e-02	
358	1.8038224065e-02	1.2518551676e-02	
359	1.8059373875e-02	1.2482150746e-02	
360	1.8079936242e-02	1.2444521502e-02	
361	1.8100819259e-02	1.2407809475e-02	
362	1.8121118079e-02	1.2369802511e-02	
363	1.8141715667e-02	1.2332683610e-02	
364	1.8161732708e-02	1.2294059260e-02	
365	1.8182053623e-02	1.2256318771e-02	
366	1.8201800999e-02	1.2217301475e-02	
367	1.8221847714e-02	1.2179170835e-02	
368	1.8241332089e-02	1.2139454767e-02	
369	1.8261122602e-02	1.2100398810e-02	
370	1.8280348390e-02	1.2059857048e-02	
371	1.8299869978e-02	1.2020227231e-02	
372	1.8318823374e-02	1.1979175562e-02	
373	1.8338098503e-02	1.1939041852e-02	
374	1.8356814724e-02	1.1897697554e-02	
375	1.8375859810e-02	1.1857684586e-02	
376	1.8394351195e-02	1.1816111399e-02	
377	1.8413185725e-02	1.1775439184e-02	
378	1.8431475324e-02	1.1733340209e-02	
379	1.8450115708e-02	1.1692384887e-02	
380	1.8468215816e-02	1.1650075924e-02	
381	1.8486650595e-02	1.1608709192e-02	
382	1.8504568998e-02	1.1565965339e-02	
383	1.8522843704e-02	1.1524231971e-02	
384	1.8540587935e-02	1.1480981581e-02	
385	1.8558692404e-02	1.1438845389e-02	
386	1.8576276475e-02	1.1395364993e-02	
387	1.8594196864e-02	1.1352996835e-02	
388	1.8611610241e-02	1.1309403949e-02	
389	1.8629349093e-02	1.1267097397e-02	
390	1.8646601373e-02	1.1223536330e-02	
391	1.8664223064e-02	1.1181095322e-02	
392	1.8681325839e-02	1.1137349665e-02	
393	1.8698800087e-02	1.1094688654e-02	
394	1.8715761958e-02	1.1050652177e-02	
395	1.8733104420e-02	1.1007766347e-02	
396	1.8749918005e-02	1.0963578321e-02	
397	1.8767115603e-02	1.0920495272e-02	
398	1.8783793514e-02	1.0876211025e-02	
399	1.8800838654e-02	1.0832962725e-02	
400	1.8817365943e-02	1.0788395813e-02	
401	1.8834262617e-02	1.0744961791e-02	
402	1.8850633214e-02	1.0700137454e-02	
403	1.8867362721e-02	1.0656521477e-02	
404	1.8883566548e-02	1.0611796885e-02	
405	1.8900125953e-02	1.0568185638e-02	
406	1.8916149928e-02	1.0523311782e-02	
407	1.8932543652e-02	1.0479672960e-02	
408	1.8948407422e-02	1.0434725248e-02	
409	1.8964614719e-02	1.0390865797e-02	
410	1.8980293537e-02	1.0345663952e-02	
411	1.8996315916e-02	1.0301575207e-02	
412	1.9011785894e-02	1.0256111831e-02	
413	1.9027598626e-02	1.0211758714e-02	
414	1.9042869970e-02	1.0166065953e-02	
415	1.9058473949e-02	1.0121523543e-02	
416	1.9073520855e-02	1.0075703411e-02	
417	1.9088902707e-02	1.0030994032e-02	
418	1.9103736494e-02	9.9849133947e-03	
419	1.9118909306e-02	9.9399487168e-03	
420	1.9133530848e-02	9.8936245394e-03	
421	1.9148483566e-02	9.8485450219e-03	
422	1.9162887732e-02	9.8022288362e-03	
423	1.9177621421e-02	9.7570454094e-03	
424	1.9191797120e-02	9.7103130353e-03	
425	1.9206313651e-02	9.6647333310e-03	
426	1.9220259525e-02	9.6178417009e-03	
427	1.9234535661e-02	9.5721673479e-03	
428	1.9248272711e-02	9.5251060429e-03	
429	1.9262324960e-02	9.4791463768e-03	
430	1.9275817110e-02	9.4318890198e-03	
431	1.9289655166e-02	9.3857716274e-03	
432	1.9302936628e-02	9.3384179080e-03	
433	1.9316541682e-02	9.2923110043e-03	
434	1.9329591803e-02	9.2448436361e-03	
435	1.9342983797e-02	9.1984190955e-03	
436	1.9355816006e-02	9.1506481465e-03	
437	1.9368989107e-02	9.1039853121e-03	
438	1.9381608799e-02	9.0558789265e-03	
439	1.9394559441e-02	9.0092212677e-03	
440	1.9406958136e-02	8.9612001742e-03	
441	1.9419690133e-02	8.9144211522e-03	
442	1.9431869726e-02	8.8662901120e-03	
443	1.9444389317e-02	8.8193346680e-03	
444	1.9456354385e-02	8.7710296135e-03	
445	1.9468656063e-02	8.7239109737e-03	
446	1.9480404065e-02	8.6755509561e-03	
447	1.9492492590e-02	8.6283619108e-03	
448	1.9504020813e-02	8.5798701455e-03	
449	1.9515891845e-02	8.5325753069e-03	
450	1.9527209370e-02	8.4840060057e-03	
451	1.9538870992e-02	8.4366546371e-03	
452	1.9549977922e-02	8.3880278130e-03	
453	1.9561426553e-02	8.3405715298e-03	
454	1.9572322240e-02	8.2918648579e-03	
455	1.9583563728e-02	8.2443236442e-03	
456	1.9594259823e-02	8.1955132995e-03	
457	1.9605297381e-02	8.1478427917e-03	
458	1.9615782646e-02	8.0989155689e-03	
459	1.9626611129e-02	8.0512002075e-03	
460	1.9636889637e-02	8.0021964658e-03	
461	1.9647513863e-02	7.9543990460e-03	
462	1.9657589228e-02	7.9053369001e-03	
463	1.9668009958e-02	7.8573895316e-03	
464	1.9677882299e-02	7.8081079826e-03	
465	1.9688099066e-02	7.7600687840e-03	
466	1.9697772524e-02	7.7107621252e-03	
467	1.9707798091e-02	7.6626314920e-03	
468	1.9717264166e-02	7.6132572257e-03	
469	1.9727083752e-02	7.5651036635e-03	
470	1.9736353123e-02	7.5156585814e-03	
471	1.9745978798e-02	7.4672808544e-03	
472	1.9755055551e-02	7.4176378166e-03	
473	1.9764486062e-02	7.3691844699e-03	
474	1.9773361444e-02	7.3194801638e-03	
475	1.9782583651e-02	7.2710383158e-03	
476	1.9791256867e-02	7.2214018593e-03	
477	1.9800282827e-02	7.1728827847e-03	
478	1.9808767576e-02	7.1231258315e-03	
479	1.9817596664e-02	7.0745588904e-03	
480	1.9825877097e-02	7.0247285813e-03	
481	1.9834511986e-02	6.9761044884e-03	
482	1.9842600516e-02	6.9262043921e-03	
483	1.9851042667e-02	6.8775161457e-03	
484	1.9858934235e-02	6.8275942311e-03	
485	1.9867179789e-02	6.7788602900e-03	
486	1.9874872650e-02	6.7288153419e-03	
487	1.9882912388e-02	6.6799580701e-03	
488	1.9890401450e-02	6.6298219309e-03	
489	1.9898247465e-02	6.5808360952e-03	
490	1.9905540968e-02	6.5305933871e-03	
491	1.9913179053e-02	6.4815421823e-03	
492	1.9920265861e-02	6.4312510246e-03	
493	1.9927699245e-02	6.3821548806e-03	
494	1.9934582030e-02	6.3318004752e-03	
495	1.9941811234e-02	6.2826323801e-03	
496	1.9948483496e-02	6.2321908952e-03	
497	1.9955497248e-02	6.1829200207e-03	
498	1.9961961981e-02	6.1323311901e-03	
499	1.9968775478e-02	6.0829473303e-03	
500	1.9975017980e-02	6.0322186851e-03	
501	1.9981613513e-02	5.9827208828e-03	
502	1.9987649180e-02	5.9319503190e-03	
503	1.9994028293e-02	5.8823897983e-03	
504	1.9999856241e-02	5.8315303652e-03	
505	2.0006024543e-02	5.7818662686e-03	
506	2.0011631718e-02	5.7309201833e-03	
507	2.0017576809e-02	5.6811994456e-03	
508	2.0022971133e-02	5.6302028931e-03	
509	2.0028693123e-02	5.5804008095e-03	
510	2.0033854438e-02	5.5293252710e-03	
511	2.0039356706e-02	5.4794382135e-03	
512	2.0044295136e-02	5.4283641553e-03	
513	2.0049572113e-02	5.3784921072e-03	
514	2.0054282820e-02	5.3273436057e-03	
515	2.0059326267e-02	5.2773423506e-03	
516	2.0063791449e-02	5.2260946918e-03	
517	2.0068597187e-02	5.1760395137e-03	
518	2.0072832964e-02	5.1247431015e-03	
519	2.0077394690e-02	5.0746310686e-03	
520	2.0081387724e-02	5.0232726974e-03	
521	2.0085697896e-02	4.9731205438e-03	
522	2.0089434999e-02	4.9217232077e-03	
523	2.0093500120e-02	4.8715160479e-03	
524	2.0096991108e-02	4.8200610803e-03	
525	2.0100797689e-02	4.7698145741e-03	
526	2.0104027206e-02	4.7183062987e-03	
527	2.0107579122e-02	4.6679876268e-03	
528	2.0110550013e-02	4.6164237204e-03	
529	2.0113839642e-02	4.5661237970e-03	
530	2.0116536104e-02	4.5146537615e-03	
531	2.0119547208e-02	4.4644402740e-03	
532	2.0121969052e-02	4.4129981421e-03	
533	2.0124709144e-02	4.3627757545e-03	
534	2.0126867664e-02	4.3113392523e-03	
535	2.0129335692e-02	4.2611344182e-03	
536	2.0131216090e-02	4.2097352871e-03	
537	2.0133414013e-02	4.1595651773e-03	
538	2.0135017356e-02	4.1082018224e-03	
539	2.0136929062e-02	4.0580622826e-03	
540	2.0138255064e-02	4.0067304742e-03	
541	2.0139896995e-02	3.9566631512e-03	
542	2.0140944022e-02	3.9053745021e-03	
543	2.0142299658e-02	3.8553400075e-03	
544	2.0143068934e-02	3.8041056017e-03	
545	2.0144138821e-02	3.7541202486e-03	
546	2.0144624909e-02	3.7029280846e-03	
547	2.0145418445e-02	3.6530131323e-03	
548	2.0145620880e-02	3.6019054178e-03	
549	2.0146131785e-02	3.5520636227e-03	
550	2.0146055430e-02	3.5010293394e-03	
551	2.0146279428e-02	3.4512572391e-03	
552	2.0145914520e-02	3.4002730736e-03	
553	2.0145860291e-02	3.3505369783e-03	
554	2.0145219144e-02	3.2995873192e-03	
555	2.0144888614e-02	3.2499184624e-03	
556	2.0143976674e-02	3.1990661201e-03	
557	2.0143381308e-02	3.1494869175e-03	
558	2.0142199768e-02	3.0987128544e-03	
559	2.0141339042e-02	3.0492226114e-03	
560	2.0139912113e-02	2.9985926750e-03	
561	2.0138802714e-02	2.9492323377e-03	
562	2.0137125135e-02	2.8986643648e-03	
563	2.0135762872e-02	2.8493452740e-03	
564	2.0133830579e-02	2.7988402102e-03	
565	2.0132214869e-02	2.7495945608e-03	
566	2.0130031860e-02	2.6991702871e-03	
567	2.0128166770e-02	2.6500095491e-03	
568	2.0125744461e-02	2.5996722509e-03	
569	2.0123650216e-02	2.5506326786e-03	
570	2.0120989891e-02	2.5003995382e-03	
571	2.0118657801e-02	2.4514626685e-03	
572	2.0115753852e-02	2.4013327160e-03	
573	2.0113171642e-02	2.3524914559e-03	
574	2.0110042146e-02	2.3024570813e-03	
575	2.0107249879e-02	2.2537302577e-03	
576	2.0103881318e-02	2.2038259536e-03	
577	2.0100839144e-02	2.1552161202e-03	
578	2.0097249398e-02	2.1054302300e-03	
579	2.0094003053e-02	2.0569375023e-03	
580	2.0090176123e-02	2.0072976840e-03	
581	2.0086698080e-02	1.9589504787e-03	
582	2.0082678425e-02	1.9094225561e-03	
583	2.0079009207e-02	1.8612004658e-03	
584	2.0074790683e-02	1.8118135499e-03	
585	2.0070937259e-02	1.7637403697e-03	
586	2.0066528798e-02	1.7145010935e-03	
587	2.0062507969e-02	1.6665641888e-03	
588	2.0057959114e-02	1.6174524858e-03	
589	2.0053783304e-02	1.5696412327e-03	
590	2.0049093310e-02	1.5206542367e-03	
591	2.0044783463e-02	1.4730067353e-03	
592	2.0039978357e-02	1.4242065894e-03	
593	2.0035565281e-02	1.3767432321e-03	
594	2.0030666327e-02	1.3281355213e-03	
595	2.0026171473e-02	1.2808567545e-03	
596	2.0021198479e-02	1.2324219945e-03	
597	2.0016637794e-02	1.1853250042e-03	
598	2.0011610761e-02	1.1371089184e-03	
599	2.0007004103e-02	1.0902479909e-03	
600	2.0001943889e-02	1.0422655215e-03	
601	1.9997311026e-02	9.9569658425e-04	
602	1.9992231790e-02	9.4802126429e-04	
603	1.9987596574e-02	9.0169495077e-04	
604	1.9982528457e-02	8.5424188572e-04	
605	1.9977910657e-02	8.0816630163e-04	
606	1.9972865416e-02	7.6098583337e-04	
607	1.9968280483e-02	7.1516715945e-04	
608	1.9963278984e-02	6.6823734069e-04	
609	1.9958745113e-02	6.2266864480e-04	
610	1.9953804867e-02	5.7600542993e-04	
611	1.9949343652e-02	5.3073286808e-04	
612	1.9944479025e-02	4.8436352687e-04	
613	1.9940102600e-02	4.3936549362e-04	
614	1.9935334910e-02	3.9326833859e-04	
615	1.9931065839e-02	3.4855391927e-04	
616	1.9926407645e-02	3.0274188766e-04	
617	1.9922251712e-02	2.5829345510e-04	
618	1.9917724134e-02	2.1268726550e-04	
619	1.9913698959e-02	1.6848951766e-04	
620	1.9909308077e-02	1.2318960740e-04	
621	1.9905425033e-02	7.9283375278e-05	
622	1.9901171926e-02	3.4257466246e-05	
623	1.9897425467e-02	-9.4078486863e-06	
624	1.9893327207e-02	-5.4152526209e-05	
625	1.9889733008e-02	-9.7509817890e-05	
626	1.9885778505e-02	-1.4197256494e-04	
627	1.9882328444e-02	-1.8506106159e-04	
628	1.9878502942e-02	-2.2927448466e-04	
629	1.9875177776e-02	-2.7213641125e-04	
630	1.9871483741e-02	-3.1611955815e-04	
631	1.9868260710e-02	-3.5875635538e-04	
632	1.9864653198e-02	-4.0251609081e-04	
633	1.9861534049e-02	-4.4495306135e-04	
634	1.9858031870e-02	-4.8853013101e-04	
635	1.9855011575e-02	-5.3076494680e-04	
636	1.9851609570e-02	-5.7415821875e-04	
637	1.9848693559e-02	-6.1623406377e-04	
638	1.9845402740e-02	-6.5944213856e-04	
639	1.9842576827e-02	-7.0131522974e-04	
640	1.9839349061e-02	-7.4433503347e-04	
641	1.9836594496e-02	-7.8603513369e-04	
642	1.9833432204e-02	-8.2890507323e-04	
643	1.9830728744e-02	-8.7046976005e-04	
644	1.9827613451e-02	-9.1322088764e-04	
645	1.9824955288e-02	-9.5467918597e-04	
646	1.9821875703e-02	-9.9729256968e-04	
647	1.9819246251e-02	-1.0385920407e-03	
648	1.9816188342e-02	-1.0810433920e-03	
649	1.9813570873e-02	-1.1221813264e-03	
650	1.9810513642e-02	-1.1644954246e-03	
651	1.9807883584e-02	-1.2055041183e-03	
652	1.9804809967e-02	-1.2476843058e-03	
653	1.9802140899e-02	-1.2885436513e-03	
654	1.9799011275e-02	-1.3305741407e-03	
655	1.9796289062e-02	-1.3713019600e-03	
656	1.9793105081e-02	-1.4131759420e-03	
657	1.9790322072e-02	-1.4537344299e-03	
658	1.9787076259e-02	-1.4954706084e-03	
659	1.9784220825e-02	-1.5359264986e-03	
660	1.9780886029e-02	-1.5775519609e-03	
661	1.9777934430e-02	-1.6178818722e-03	
662	1.9774503457e-02	-1.6593803875e-03	
663	1.9771459491e-02	-1.6995766167e-03	
664	1.9767924535e-02	-1.7409434000e-03	
665	1.9764760468e-02	-1.7809952317e-03	
666	1.9761106495e-02	-1.8222119539e-03	
667	1.9757809971e-02	-1.8621083024e-03	
668	1.9754021484e-02	-1.9031514215e-03	
669	1.9750582044e-02	-1.9428713331e-03	
670	1.9746644150e-02	-1.9837422521e-03	
671	1.9743063436e-02	-2.0232946380e-03	
672	1.9738987532e-02	-2.0639939199e-03	
673	1.9735259703e-02	-2.1033665041e-03	
674	1.9731038950e-02	-2.1438842641e-03	
675	1.9727186084e-02	-2.1830655110e-03	
676	1.9722829941e-02	-2.2233930638e-03	
677	1.9718837601e-02	-2.2623672483e-03	
678	1.9714353156e-02	-2.3024697613e-03	
679	1.9710227858e-02	-2.3412295982e-03	
680	1.9705609078e-02	-2.3811134775e-03	
681	1.9701354198e-02	-2.4196421805e-03	
682	1.9696608347e-02	-2.4592826291e-03	
683	1.9692222838e-02	-2.4975576833e-03	
684	1.9687350766e-02	-2.5369378767e-03	
685	1.9682846746e-02	-2.5749606494e-03	
686	1.9677858206e-02	-2.6140819281e-03	
687	1.9673240138e-02	-2.6518313282e-03	
688	1.9668135269e-02	-2.6906593945e-03	
689	1.9663399206e-02	-2.7280961713e-03	
690	1.9658190454e-02	-2.7666205634e-03	
691	1.9653362199e-02	-2.8037478167e-03	
692	1.9648067897e-02	-2.8419555515e-03	
693	1.9643162073e-02	-2.8787737828e-03	
694	1.9637791199e-02	-2.9166559348e-03	
695	1.9632803754e-02	-2.9531307161e-03	
696	1.9627343570e-02	-2.9906583316e-03	
697	1.9622272052e-02	-3.0267691971e-03	
698	1.9616739843e-02	-3.0639388461e-03	
699	1.9611599727e-02	-3.0996874702e-03	
700	1.9605998789e-02	-3.1364863409e-03	
701	1.9600796294e-02	-3.1718608864e-03	
702	1.9595141426e-02	-3.2082803426e-03	
703	1.9589886131e-02	-3.2432638837e-03	
704	1.9584181589e-02	-3.2792689581e-03	
705	1.9578886396e-02	-3.3138244247e-03	
706	1.9573142296e-02	-3.3494071203e-03	
707	1.9567805993e-02	-3.3835375325e-03	
708	1.9562019388e-02	-3.4186641217e-03	
709	1.9556634578e-02	-3.4523171201e-03	
710	1.9550808348e-02	-3.4869696284e-03	
711	1.9545397033e-02	-3.5201454480e-03	
712	1.9539567926e-02	-3.5543182184e-03	
713	1.9534161992e-02	-3.5870029056e-03	
714	1.9528319644e-02	-3.6206648335e-03	
715	1.9522911169e-02	-3.6528506549e-03	
716	1.9517080021e-02	-3.6860128591e-03	
717	1.9511663666e-02	-3.7176861626e-03	
718	1.9505825134e-02	-3.7503282520e-03	
719	1.9500415260e-02	-3.7814641372e-03	
720	1.9494586798e-02	-3.8135652032e-03	
721	1.9489184247e-02	-3.8441619546e-03	
722	1.9483355768e-02	-3.8757069738e-03	
723	1.9477949371e-02	-3.9057323182e-03	
724	1.9472112189e-02	-3.9366845237e-03	
725	1.9466700505e-02	-3.9661344123e-03	
726	1.9460876955e-02	-3.9965370648e-03	
727	1.9455493562e-02	-4.0254236151e-03	
728	1.9449686145e-02	-4.0552497654e-03	
729	1.9444338688e-02	-4.0835758515e-03	
730	1.9438565153e-02	-4.1128297709e-03	
731	1.9433213466e-02	-4.1405523020e-03	
732	1.9427440876e-02	-4.1692202324e-03	
733	1.9422102094e-02	-4.1963472113e-03	
734	1.9416359989e-02	-4.2244083751e-03	
735	1.9411052429e-02	-4.2509234937e-03	
736	1.9405334323e-02	-4.2783576248e-03	
737	1.9400045734e-02	-4.3042549369e-03	
738	1.9394348894e-02	-4.3310790276e-03	
739	1.9389082392e-02	-4.3563638088e-03	
740	1.9383406300e-02	-4.3825878056e-03	
741	1.9378160084e-02	-4.4072658120e-03	
742	1.9372505569e-02	-4.4328677161e-03	
743	1.9367274759e-02	-4.4569203761e-03	
744	1.9361633080e-02	-4.4818816772e-03	
745	1.9356426326e-02	-4.5052888784e-03	
746	1.9350802273e-02	-4.5295970446e-03	
747	1.9345610779e-02	-4.5523501684e-03	
748	1.9340011113e-02	-4.5760076440e-03	
749	1.9334843478e-02	-4.5981135203e-03	
750	1.9329274640e-02	-4.6211256883e-03	
751	1.9324151658e-02	-4.6425966881e-03	
752	1.9318618719e-02	-4.6649778271e-03	
753	1.9313519179e-02	-4.6858027887e-03	
754	1.9308002882e-02	-4.7075376262e-03	
755	1.9302915012e-02	-4.7277197737e-03	
756	1.9297411881e-02	-4.7488079922e-03	
757	1.9292343081e-02	-4.7683402552e-03	
758	1.9286870110e-02	-4.7887721688e-03	
759	1.9281836645e-02	-4.8076509401e-03	
760	1.9276396790e-02	-4.8274364055e-03	
761	1.9271393564e-02	-4.8456713614e-03	
762	1.9265986385e-02	-4.8648136251e-03	
763	1.9261037446e-02	-4.8824191564e-03	
764	1.9255667130e-02	-4.9009259112e-03	
765	1.9250702028e-02	-4.9178628720e-03	
766	1.9245330493e-02	-4.9357064464e-03	
767	1.9240390154e-02	-4.9519899508e-03	
768	1.9235044245e-02	-4.9691774303e-03	
769	1.9230134060e-02	-4.9848096983e-03	
770	1.9224819451e-02	-5.0013412127e-03	
771	1.9219938522e-02	-5.0163182532e-03	
772	1.9214664502e-02	-5.0322026866e-03	
773	1.9209818535e-02	-5.0465283519e-03	
774	1.9204562189e-02	-5.0617510272e-03	
775	1.9199746255e-02	-5.0754281303e-03	
776	1.9194544484e-02	-5.0900231234e-03	
777	1.9189795842e-02	-5.1030698719e-03	
778	1.9184654765e-02	-5.1170270632e-03	
779	1.9179954270e-02	-5.1294368871e-03	
780	1.9174858812e-02	-5.1427566568e-03	
781	1.9170204745e-02	-5.1545330409e-03	
782	1.9165161220e-02	-5.1672220314e-03	
783	1.9160558561e-02	-5.1783690378e-03	
784	1.9155574111e-02	-5.1904439241e-03	
785	1.9151023978e-02	-5.2009801384e-03	
786	1.9146080266e-02	-5.2124392505e-03	
787	1.9141580319e-02	-5.2223670395e-03	
788	1.9136692246e-02	-5.2332276410e-03	
789	1.9132246484e-02	-5.2425641361e-03	
790	1.9127410529e-02	-5.2528344579e-03	
791	1.9123020199e-02	-5.2615819357e-03	
792	1.9118242067e-02	-5.2712699758e-03	
793	1.9113912795e-02	-5.2794343050e-03	
794	1.9109192696e-02	-5.2885362667e-03	
795	1.9104924176e-02	-5.2961183203e-03	
796	1.9100271187e-02	-5.3046476825e-03	
797	1.9096068229e-02	-5.3116767532e-03	
798	1.9091491199e-02	-5.3196619964e-03	
799	1.9087338619e-02	-5.3261350732e-03	
800	1.9082791587e-02	-5.3335574661e-03	
801	1.9078699718e-02	-5.3394872758e-03	
802	1.9074228160e-02	-5.3463814182e-03	
803	1.9070208530e-02	-5.3517913293e-03	
804	1.9065806914e-02	-5.3581804960e-03	
805	1.9061862435e-02	-5.3630820829e-03	
806	1.9057537865e-02	-5.3689623293e-03	
807	1.9053669430e-02	-5.3733724412e-03	
808	1.9049421226e-02	-5.3787718852e-03	
809	1.9045624992e-02	-5.3827074586e-03	
810	1.9041451020e-02	-5.3876295665e-03	
811	1.9037727284e-02	-5.3910914011e-03	
812	1.9033623953e-02	-5.3955487837e-03	
813	1.9029976757e-02	-5.3985538919e-03	
814	1.9025968634e-02	-5.4025789670e-03	
815	1.9022404822e-02	-5.4051613209e-03	
816	1.9018465432e-02	-5.4087709331e-03	
817	1.9014974766e-02	-5.4109534974e-03	
818	1.9011098793e-02	-5.4141699291e-03	
819	1.9007671385e-02	-5.4159717402e-03	
820	1.9003863977e-02	-5.4188265898e-03	
821	1.9000499637e-02	-5.4202793755e-03	
822	1.8996751150e-02	-5.4227943561e-03	
823	1.8993442230e-02	-5.4239153968e-03	
824	1.8989744704e-02	-5.4261084696e-03	
825	1.8986481719e-02	-5.4269197795e-03	
826	1.8982823759e-02	-5.4288101457e-03	
827	1.8979600727e-02	-5.4293348333e-03	
828	1.8975980255e-02	-5.4309592511e-03	
829	1.8972787428e-02	-5.4312311074e-03	
830	1.8969195719e-02	-5.4326066128e-03	
831	1.8966035475e-02	-5.4326286377e-03	
832	1.8962478663e-02	-5.4337658631e-03	
833	1.8959344805e-02	-5.4335601607e-03	
834	1.8955821644e-02	-5.4344932608e-03	
835	1.8952719415e-02	-5.4340816470e-03	
836	1.8949218843e-02	-5.4348008861e-03	
837	1.8946144330e-02	-5.4342010101e-03	
838	1.8942659784e-02	-5.4347406253e-03	
839	1.8939596506e-02	-5.4339652131e-03	
840	1.8936127997e-02	-5.4343371792e-03	
841	1.8933077385e-02	-5.4334003073e-03	
842	1.8929626225e-02	-5.4336087172e-03	
843	1.8926585889e-02	-5.4325116153e-03	
844	1.8923139409e-02	-5.4325705922e-03	
845	1.8920111200e-02	-5.4313274013e-03	
846	1.8916673317e-02	-5.4312408638e-03	
847	1.8913651949e-02	-5.4298661618e-03	
848	1.8910223023e-02	-5.4296546668e-03	
849	1.8907203275e-02	-5.4281494668e-03	
850	1.8903776640e-02	-5.4277997592e-03	
851	1.8900760496e-02	-5.4261635796e-03	
852	1.8897336789e-02	-5.4256982154e-03	
853	1.8894327507e-02	-5.4239383550e-03	
854	1.8890900436e-02	-5.4233426984e-03	
855	1.8887885529e-02	-5.4214584708e-03	
856	1.8884466480e-02	-5.4207353561e-03	
857	1.8881448945e-02	-5.4187234355e-03	
858	1.8878030524e-02	-5.4178736363e-03	
859	1.8875021848e-02	-5.4157269677e-03	
860	1.8871591375e-02	-5.4147463248e-03	
861	1.8868581611e-02	-5.4124702923e-03	
862	1.8865163177e-02	-5.4113526574e-03	
863	1.8862154749e-02	-5.4089374034e-03	
864	1.8858737796e-02	-5.4076848175e-03	
865	1.8855731420e-02	-5.4051318891e-03	
866	1.8852317358e-02	-5.4037334125e-03	
867	1.8849317962e-02	-5.4010299088e-03	
868	1.8845906830e-02	-5.3994881231e-03	
869	1.8842914622e-02	-5.3966351614e-03	
870	1.8839504170e-02	-5.3949400894e-03	
871	1.8836516567e-02	-5.3919276173e-03	
872	1.8833114274e-02	-5.3900694038e-03	
873	1.8830130640e-02	-5.3868992830e-03	
874	1.8826739060e-02	-5.3848737922e-03	
875	1.8823759681e-02	-5.3815301089e-03	
876	1.8820378137e-02	-5.3793278094e-03	
877	1.8817407337e-02	-5.3758037488e-03	
878	1.8814034694e-02	-5.3734155154e-03	
879	1.8811074238e-02	-5.3697024790e-03	
880	1.8807712943e-02	-5.3671191165e-03	
881	1.8804761607e-02	-5.3632078159e-03	
882	1.8801408833e-02	-5.3604284287e-03	
883	1.8798472939e-02	-5.3563133532e-03	
884	1.8795137130e-02	-5.3533242762e-03	
885	1.8792216707e-02	-5.3489970470e-03	
886	1.8788891987e-02	-5.3457924610e-03	
887	1.8785983016e-02	-5.3412454142e-03	
888	1.8782672883e-02	-5.3378203884e-03	
889	1.8779774536e-02	-5.3330514181e-03	
890	1.8776470710e-02	-5.3294047379e-03	
891	1.8773583452e-02	-5.3244075495e-03	
892	1.8770290136e-02	-5.3205298505e-03	
893	1.8767409111e-02	-5.3153061403e-03	
894	1.8764123613e-02	-5.3111974404e-03	
895	1.8761248892e-02	-5.3057393678e-03	
896	1.8757970929e-02	-5.3013963101e-03	
897	1.8755104528e-02	-5.2957001422e-03	
898	1.8751831811e-02	-5.2911207331e-03	
899	1.8748966029e-02	-5.2851942260e-03	
900	1.8745695180e-02	-5.2803807747e-03	
901	1.8742830831e-02	-5.2742159320e-03	
902	1.8739553559e-02	-5.2691790967e-03	
903	1.8736683446e-02	-5.2627926942e-03	
904	1.8733404053e-02	-5.2575223211e-03	
905	1.8730528852e-02	-5.2509017533e-03	
906	1.8727243431e-02	-5.2453981016e-03	
907	1.8724361975e-02	-5.2385442453e-03	
908	1.8721066239e-02	-5.2328136741e-03	
909	1.8718169741e-02	-5.2257374685e-03	
910	1.8714868734e-02	-5.2197741919e-03	
911	1.8711966971e-02	-5.2124626876e-03	
912	1.8708653089e-02	-5.2062722194e-03	
913	1.8705740224e-02	-5.1987336843e-03	
914	1.8702416228e-02	-5.1923154921e-03	
915	1.8699493319e-02	-5.1845498003e-03	
916	1.8696157606e-02	-5.1779077295e-03	
917	1.8693222555e-02	-5.1699199608e-03	
918	1.8689875357e-02	-5.1630584530e-03	
919	1.8686930746e-02	-5.1548505731e-03	
920	1.8683575123e-02	-5.1477704036e-03	
921	1.8680617024e-02	-5.1393529271e-03	
922	1.8677259561e-02	-5.1320526455e-03	
923	1.8674289409e-02	-5.1234278262e-03	
924	1.8670923869e-02	-5.1159253828e-03	
925	1.8667948310e-02	-5.1070962714e-03	
926	1.8664575136e-02	-5.0993950400e-03	
927	1.8661602428e-02	-5.0903567783e-03	
928	1.8658222734e-02	-5.0824583720e-03	
929	1.8655247644e-02	-5.0732270385e-03	
930	1.8651866442e-02	-5.0651388272e-03	
931	1.8648890434e-02	-5.0557230477e-03	
932	1.8645505446e-02	-5.0474688231e-03	
933	1.8642536161e-02	-5.0378809745e-03	
934	1.8639159288e-02	-5.0294457649e-03	
935	1.8636189285e-02	-5.0196941739e-03	
936	1.8632818266e-02	-5.0110999165e-03	
937	1.8629855914e-02	-5.0011934451e-03	
938	1.8626493530e-02	-4.9924504055e-03	
939	1.8623541923e-02	-4.9824005440e-03	
940	1.8620192182e-02	-4.9735194384e-03	
941	1.8617253984e-02	-4.9633358806e-03	
942	1.8613915691e-02	-4.9543337616e-03	
943	1.8610998227e-02	-4.9440304525e-03	
944	1.8607682953e-02	-4.9349122179e-03	
945	1.8604783515e-02	-4.9245050650e-03	
946	1.8601491700e-02	-4.9152864603e-03	
947	1.8598616384e-02	-4.9047893643e-03	
948	1.8595351597e-02	-4.8954912645e-03	
949	1.8592505959e-02	-4.8849200801e-03	
950	1.8589273377e-02	-4.8755535843e-03	
951	1.8586462743e-02	-4.8649207085e-03	
952	1.8583267255e-02	-4.8554991700e-03	
953	1.8580496289e-02	-4.8448185464e-03	
954	1.8577343314e-02	-4.8353608144e-03	
955	1.8574615809e-02	-4.8246541235e-03	
956	1.8571508200e-02	-4.8151730957e-03	
957	1.8568830773e-02	-4.8044614858e-03	
958	1.8565777141e-02	-4.7949839571e-03	
959	1.8563154425e-02	-4.7842717044e-03	
960	1.8560158404e-02	-4.7748052758e-03	
961	1.8557596264e-02	-4.7641139935e-03	
962	1.8554663637e-02	-4.7546783308e-03	
963	1.8552166771e-02	-4.7440274545e-03	
964	1.8549299774e-02	-4.7346410400e-03	
965	1.8546871351e-02	-4.7240478388e-03	
966	1.8544076549e-02	-4.7147300513e-03	
967	1.8541720512e-02	-4.7042151496e-03	
968	1.8539001303e-02	-4.6949856826e-03	
969	1.8536723496e-02	-4.6845707662e-03	
970	1.8534082025e-02	-4.6754527253e-03	
971	1.8531882962e-02	-4.6651592255e-03	
972	1.8529322739e-02	-4.6561724215e-03	
973	1.8527205730e-02	-4.6460253600e-03	
974	1.8524729803e-02	-4.6372000349e-03	
975	1.8522698558e-02	-4.6272230498e-03	
976	1.8520309878e-02	-4.6185775132e-03	
977	1.8518363290e-02	-4.6087967271e-03	
978	1.8516063903e-02	-4.6003565145e-03	
979	1.8514210836e-02	-4.5907873505e-03	
980	1.8511998095e-02	-4.5825723194e-03	
981	1.8510234428e-02	-4.5732427626e-03	
982	1.8508129006e-02	-4.5652733702e-03	
983	1.8506465301e-02	-4.5561968129e-03	
984	1.8504449340e-02	-4.5484976890e-03	
985	1.8502878128e-02	-4.5397019598e-03	
986	1.8500952443e-02	-4.5322946111e-03	
987	1.8499473993e-02	-4.5238054774e-03	
988	1.8497641800e-02	-4.5167154816e-03	
989	1.8496257775e-02	-4.5085515785e-03	
990	1.8494518909e-02	-4.5017990079e-03	
991	1.8493228692e-02	-4.4939797879e-03	
992	1.8491582833e-02	-4.4875803729e-03	
993	1.8490381820e-02	-4.4801286182e-03	
994	1.8488826941e-02	-4.4741073672e-03	
995	1.8487721992e-02	-4.4670461446e-03	
996	1.8486263963e-02	-4.4614241212e-03	
997	1.8485250133e-02	-4.4547668241e-03	
998	1.8483883667e-02	-4.4495579177e-03	
999	1.8482961254e-02	-4.4433239643e-03	
1000	1.8481684324e-02	-4.4385474998e-03	
1001	1.8480851254e-02	-4.4327559525e-03	
1002	1.8479663777e-02	-4.4284304193e-03	
1003	1.8478917374e-02	-4.4230969646e-03	
1004	1.8477815657e-02	-4.4192401393e-03	
1005	1.8477154431e-02	-4.4143833833e-03	
1006	1.8476141497e-02	-4.4110089927e-03	
1007	1.8475567631e-02	-4.4066432678e-03	
1008	1.8474638584e-02	-4.4037646070e-03	
1009	1.8474151409e-02	-4.3998958519e-03	
1010	1.8473308052e-02	-4.3975165761e-03	
1011	1.8472904473e-02	-4.3941548412e-03	
1012	1.8472144473e-02	-4.3922932926e-03	
1013	1.8471822923e-02	-4.3894546536e-03	
1014	1.8471144333e-02	-4.3881183439e-03	
1015	1.8470907226e-02	-4.3858110038e-03	
1016	1.8470317389e-02	-4.3850118891e-03	
1017	1.8470164415e-02	-4.3832428924e-03	
1018	1.8469655773e-02	-4.3829820323e-03	
1019	1.8469585787e-02	-4.3817540354e-03	
1020	1.8469155728e-02	-4.3820344836e-03	
1021	1.8469164897e-02	-4.3813470107e-03	
1022	1.8468815853e-02	-4.3821703682e-03	
1023	1.8468906308e-02	-4.3820274219e-03	
1024	1.8468639928e-02	-4.3833944648e-03	
1025	1.8468810615e-02	-4.3837934166e-03	
1026	1.8468617546e-02	-4.3856950577e-03	
1027	1.8468861896e-02	-4.3866260546e-03	
1028	1.8468753389e-02	-4.3890654275e-03	
1029	1.8469079127e-02	-4.3905318129e-03	
1030	1.8469052996e-02	-4.3935040982e-03	
1031	1.8469460055e-02	-4.3954995995e-03	
1032	1.8469511847e-02	-4.3989935790e-03	
1033	1.8470007087e-02	-4.4015046682e-03	
1034	1.8470149782e-02	-4.4055068680e-03	
1035	1.8470732011e-02	-4.4085252332e-03	
1036	1.8470962455e-02	-4.4130305859e-03	
1037	1.8471632680e-02	-4.4165451145e-03	
1038	1.8471952577e-02	-4.4215476340e-03	
1039	1.8472708810e-02	-4.4255554906e-03	
1040	1.8473111278e-02	-4.4310435636e-03	
1041	1.8473952741e-02	-4.4355341881e-03	
1042	1.8474444039e-02	-4.4415001716e-03	
1043	1.8475371384e-02	-4.4464689758e-03	
1044	1.8475946441e-02	-4.4529072788e-03	
1045	1.8476957958e-02	-4.4583396946e-03	
1046	1.8477617865e-02	-4.4652341462e-03	
1047	1.8478717325e-02	-4.4711132003e-03	
1048	1.8479464854e-02	-4.4784436273e-03	
1049	1.8480650174e-02	-4.4847451561e-03	
1050	1.8481483963e-02	-4.4924883476e-03	
1051	1.8482759162e-02	-4.4992087958e-03	
1052	1.8483682957e-02	-4.5073713895e-03	
1053	1.8485044166e-02	-4.5144930305e-03	
1054	1.8486051836e-02	-4.5230388753e-03	
1055	1.8487499882e-02	-4.5305323854e-03	
1056	1.8488599881e-02	-4.5394439861e-03	
1057	1.8490135465e-02	-4.5472945035e-03	
1058	1.8491322488e-02	-4.5565440049e-03	
1059	1.8492947640e-02	-4.5647314608e-03	
1060	1.8494228834e-02	-4.5743166285e-03	
1061	1.8495951051e-02	-4.5828201862e-03	
1062	1.8497324757e-02	-4.5927086273e-03	
1063	1.8499135291e-02	-4.6015021437e-03	
1064	1.8500596939e-02	-4.6116633371e-03	
1065	1.8502500193e-02	-4.6207197367e-03	
1066	1.8504050554e-02	-4.6311333123e-03	
1067	1.8506044006e-02	-4.6404362230e-03	
1068	1.8507691973e-02	-4.6510934730e-03	
1069	1.8509772978e-02	-4.6606240522e-03	
1070	1.8511503477e-02	-4.6714902162e-03	
1071	1.8513672578e-02	-4.6812164977e-03	
1072	1.8515486368e-02	-4.6922667707e-03	
1073	1.8517729254e-02	-4.7021659500e-03	
1074	1.8519626878e-02	-4.7133782749e-03	
1075	1.8521964780e-02	-4.7234325414e-03	
1076	1.8523946545e-02	-4.7347893392e-03	
1077	1.8526362329e-02	-4.7449893952e-03	
1078	1.8528432016e-02	-4.7564779371e-03	
1079	1.8530931509e-02	-4.7667927434e-03	
1080	1.8533084431e-02	-4.7783744332e-03	
1081	1.8535672447e-02	-4.7887683520e-03	
1082	1.8537930456e-02	-4.8004288257e-03	
1083	1.8540614235e-02	-4.8109024080e-03	
1084	1.8542960660e-02	-4.8226328681e-03	
1085	1.8545743730e-02	-4.8331615119e-03	
1086	1.8548173386e-02	-4.8449304061e-03	
1087	1.8551036835e-02	-4.8554852918e-03	
1088	1.8553563853e-02	-4.8672899606e-03	
1089	1.8556522984e-02	-4.8778738003e-03	
1090	1.8559137764e-02	-4.8896778145e-03	
1091	1.8562185888e-02	-4.9002667935e-03	
1092	1.8564896097e-02	-4.9120670611e-03	
1093	1.8568056634e-02	-4.9226251063e-03	
1094	1.8570864951e-02	-4.9343886382e-03	
1095	1.8574106320e-02	-4.9448887255e-03	
1096	1.8577007169e-02	-4.9565878195e-03	
1097	1.8580345063e-02	-4.9670397966e-03	
1098	1.8583367665e-02	-4.9786922091e-03	
1099	1.8586831128e-02	-4.9890945174e-03	
1100	1.8589928802e-02	-5.0006645308e-03	
1101	1.8593441793e-02	-5.0109614075e-03	
1102	1.8596611112e-02	-5.0224277955e-03	
1103	1.8600213777e-02	-5.0326008142e-03	
1104	1.8603462610e-02	-5.0439330352e-03	
1105	1.8607137812e-02	-5.0539724803e-03	
1106	1.8610454083e-02	-5.0651663970e-03	
1107	1.8614208688e-02	-5.0750513552e-03	
1108	1.8617624544e-02	-5.0860791454e-03	
1109	1.8621473933e-02	-5.0957895456e-03	
1110	1.8624972860e-02	-5.1066375090e-03	
1111	1.8628906666e-02	-5.1161665858e-03	
1112	1.8632493963e-02	-5.1268280558e-03	
1113	1.8636540716e-02	-5.1361829421e-03	
1114	1.8640228269e-02	-5.1466588565e-03	
1115	1.8644337769e-02	-5.1558037132e-03	
1116	1.8648081617e-02	-5.1660489127e-03	
1117	1.8652237548e-02	-5.1749698732e-03	
1118	1.8656044563e-02	-5.1849960086e-03	
1119	1.8660261376e-02	-5.1936724073e-03	
1120	1.8664121480e-02	-5.2034550686e-03	
1121	1.8668412896e-02	-5.2118959170e-03	
1122	1.8672353981e-02	-5.2214400368e-03	
1123	1.8676711805e-02	-5.2296309345e-03	
1124	1.8680704829e-02	-5.2389170479e-03	
1125	1.8685119271e-02	-5.2468563360e-03	
1126	1.8689188739e-02	-5.2558978341e-03	
1127	1.8693667248e-02	-5.2635844843e-03	
1128	1.8697756660e-02	-5.2723506144e-03	
1129	1.8702265255e-02	-5.2797443237e-03	
1130	1.8706410375e-02	-5.2882274584e-03	
1131	1.8710983209e-02	-5.2953671348e-03	
1132	1.8715188892e-02	-5.3035915907e-03	
1133	1.8719807136e-02	-5.3104559239e-03	
1134	1.8724053881e-02	-5.3183989949e-03	
1135	1.8728718541e-02	-5.3249807268e-03	
1136	1.8733009548e-02	-5.3326249977e-03	
1137	1.8737706450e-02	-5.3388983263e-03	
1138	1.8742030275e-02	-5.3462443848e-03	
1139	1.8746759784e-02	-5.3522290137e-03	
1140	1.8751109852e-02	-5.3592834339e-03	
1141	1.8755865231e-02	-5.3649735289e-03	
1142	1.8760238512e-02	-5.3717254644e-03	
1143	1.8765013946e-02	-5.3771091006e-03	
1144	1.8769401004e-02	-5.3835662737e-03	
1145	1.8774200298e-02	-5.3886744885e-03	
1146	1.8778611009e-02	-5.3948484948e-03	
1147	1.8783416325e-02	-5.3996587309e-03	
1148	1.8787831958e-02	-5.4055357291e-03	
1149	1.8792633650e-02	-5.4100440355e-03	
1150	1.8797042057e-02	-5.4156132522e-03	
1151	1.8801844726e-02	-5.4198202280e-03	
1152	1.8806255170e-02	-5.4250911614e-03	
1153	1.8811053851e-02	-5.4289997683e-03	
1154	1.8815453068e-02	-5.4339713047e-03	
1155	1.8820240649e-02	-5.4375852339e-03	
1156	1.8824629136e-02	-5.4422673003e-03	
1157	1.8829396186e-02	-5.4455890147e-03	
1158	1.8833762335e-02	-5.4499802438e-03	
1159	1.8838507223e-02	-5.4530159564e-03	
1160	1.8842847770e-02	-5.4571214446e-03	
1161	1.8847563293e-02	-5.4598746003e-03	
1162	1.8851873863e-02	-5.4637008066e-03	
1163	1.8856558044e-02	-5.4661827932e-03	
1164	1.8860830092e-02	-5.4697408542e-03	
1165	1.8865470871e-02	-5.4719619491e-03	
1166	1.8869701601e-02	-5.4752571170e-03	
1167	1.8874301593e-02	-5.4772213823e-03	
1168	1.8878481457e-02	-5.4802631553e-03	
1169	1.8883026103e-02	-5.4819751243e-03	
1170	1.8887153429e-02	-5.4847764141e-03	
1171	1.8891641012e-02	-5.4862527716e-03	
1172	1.8895705447e-02	-5.4888220635e-03	
1173	1.8900129015e-02	-5.4900715130e-03	
1174	1.8904130132e-02	-5.4924189302e-03	
1175	1.8908486214e-02	-5.4934524517e-03	
1176	1.8912419332e-02	-5.4955902077e-03	
1177	1.8916707463e-02	-5.4964210388e-03	
1178	1.8920566044e-02	-5.4983620867e-03	
1179	1.8924779870e-02	-5.4989976581e-03	
1180	1.8928563693e-02	-5.5007486593e-03	
1181	1.8932699463e-02	-5.5012052899e-03	
1182	1.8936401061e-02	-5.5027796728e-03	
1183	1.8940451321e-02	-5.5030660233e-03	
1184	1.8944069638e-02	-5.5044776168e-03	
1185	1.8948036888e-02	-5.5046089287e-03	
1186	1.8951570720e-02	-5.5058706033e-03	
1187	1.8955450485e-02	-5.5058613245e-03	
1188	1.8958896261e-02	-5.5069852467e-03	
1189	1.8962686771e-02	-5.5068458213e-03	
1190	1.8966039264e-02	-5.5078517084e-03	
1191	1.8969735432e-02	-5.5076003624e-03	
1192	1.8972994303e-02	-5.5084989058e-03	
1193	1.8976596694e-02	-5.5081457273e-03	
1194	1.8979759037e-02	-5.5089477253e-03	
1195	1.8983265463e-02	-5.5085072538e-03	
1196	1.8986329341e-02	-5.5092298380e-03	
1197	1.8989735808e-02	-5.5087123399e-03	
1198	1.8992700648e-02	-5.5093628011e-03	
1199	1.8996005280e-02	-5.5087818904e-03	
1200	1.8998868233e-02	-5.5093746669e-03	
1201	1.9002070267e-02	-5.5087443022e-03	
1202	1.9004831441e-02	-5.5092946545e-03	
1203	1.9007928407e-02	-5.5086337339e-03	
1204	1.9010579844e-02	-5.5091587434e-03	
1205	1.9013569000e-02	-5.5084748752e-03	
1206	1.9016115406e-02	-5.5089860293e-03	
1207	1.9019000022e-02	-5.5082926417e-03	
1208	1.9021439499e-02	-5.5087981292e-03	
1209	1.9024214601e-02	-5.5081071222e-03	
1210	1.9026543833e-02	-5.5086183890e-03	
1211	1.9029208420e-02	-5.5079367948e-03	
1212	1.9031431709e-02	-5.5084615097e-03	
1213	1.9033990390e-02	-5.5078008476e-03	
1214	1.9036102835e-02	-5.5083494784e-03	
1215	1.9038551485e-02	-5.5077180872e-03	
1216	1.9040554024e-02	-5.5083001170e-03	
1217	1.9042886007e-02	-5.5076988742e-03	
1218	1.9044771668e-02	-5.5083141041e-03	
1219	1.9046992439e-02	-5.5077595939e-03	
1220	1.9048768376e-02	-5.5084289274e-03	
1221	1.9050879010e-02	-5.5079308617e-03	
1222	1.9052541100e-02	-5.5086598428e-03	
1223	1.9054536489e-02	-5.5082311543e-03	
1224	1.9056085846e-02	-5.5090324889e-03	
1225	1.9057967452e-02	-5.5086748789e-03	
1226	1.9059403615e-02	-5.5095518221e-03	
1227	1.9061175163e-02	-5.5092728665e-03	
1228	1.9062503091e-02	-5.5102281624e-03	
1229	1.9064161405e-02	-5.5100288730e-03	
1230	1.9065373787e-02	-5.5110661374e-03	
1231	1.9066927809e-02	-5.5109583360e-03	
1232	1.9068034725e-02	-5.5120914515e-03	
1233	1.9069475992e-02	-5.5120750738e-03	
1234	1.9070465539e-02	-5.5132922004e-03	
1235	1.9071767747e-02	-5.5133509365e-03	
1236	1.9072633854e-02	-5.5146453011e-03	
1237	1.9073850948e-02	-5.5148047092e-03	
1238	1.9074638427e-02	-5.5162112584e-03	
1239	1.9075754843e-02	-5.5164781479e-03	
1240	1.9076431991e-02	-5.5179818722e-03	
1241	1.9077447065e-02	-5.5183504458e-03	
1242	1.9078020364e-02	-5.5199574098e-03	
1243	1.9078926792e-02	-5.5204204644e-03	
1244	1.9079389342e-02	-5.5221266484e-03	
1245	1.9080188730e-02	-5.5226917331e-03	
1246	1.9080544355e-02	-5.5244916728e-03	
1247	1.9081238864e-02	-5.5251524570e-03	
1248	1.9081501727e-02	-5.5270558457e-03	
1249	1.9082117447e-02	-5.5278287781e-03	
1250	1.9082295534e-02	-5.5298370907e-03	
1251	1.9082801650e-02	-5.5307041804e-03	
1252	1.9082857250e-02	-5.5328122961e-03	
1253	1.9083250407e-02	-5.5337794506e-03	
1254	1.9083202242e-02	-5.5359807384e-03	
1255	1.9083490808e-02	-5.5370366686e-03	
1256	1.9083374338e-02	-5.5393447414e-03	
1257	1.9083594790e-02	-5.5405098842e-03	
1258	1.9083372476e-02	-5.5429086431e-03	
1259	1.9083490094e-02	-5.5441579799e-03	
1260	1.9083174610e-02	-5.5466413451e-03	
1261	1.9083198727e-02	-5.5479764896e-03	
1262	1.9082788704e-02	-5.5505393332e-03	
1263	1.9082723514e-02	-5.5519552443e-03	
1264	1.9082228843e-02	-5.5546034914e-03	
1265	1.9082075089e-02	-5.5560949157e-03	
1266	1.9081479311e-02	-5.5588005890e-03	
1267	1.9081230060e-02	-5.5603518451e-03	
1268	1.9080559967e-02	-5.5631349640e-03	
1269	1.9080241445e-02	-5.5647652793e-03	
1270	1.9079491594e-02	-5.5676137877e-03	
1271	1.9079088186e-02	-5.5692985487e-03	
1272	1.9078258677e-02	-5.5721998225e-03	
1273	1.9077779463e-02	-5.5739418588e-03	
1274	1.9076880009e-02	-5.5769076174e-03	
1275	1.9076352851e-02	-5.5787224742e-03	
1276	1.9075408460e-02	-5.5817536676e-03	
1277	1.9074826487e-02	-5.5836355951e-03	
1278	1.9073819610e-02	-5.5867322249e-03	
1279	1.9073163060e-02	-5.5886614937e-03	
1280	1.9072081359e-02	-5.5918014978e-03	
1281	1.9071342119e-02	-5.5937653288e-03	
1282	1.9070172943e-02	-5.5969331332e-03	
1283	1.9069361467e-02	-5.5989342242e-03	
1284	1.9068125448e-02	-5.6021373303e-03	
1285	1.9067248617e-02	-5.6041730524e-03	
1286	1.9065960510e-02	-5.6074159852e-03	
1287	1.9065035489e-02	-5.6094876158e-03	
1288	1.9063700117e-02	-5.6127677949e-03	
1289	1.9062729781e-02	-5.6148793574e-03	
1290	1.9061330975e-02	-5.6181835583e-03	
1291	1.9060294725e-02	-5.6203096267e-03	
1292	1.9058854334e-02	-5.6236358127e-03	
1293	1.9057782972e-02	-5.6257883777e-03	
1294	1.9056304454e-02	-5.6291371577e-03	
1295	1.9055195670e-02	-5.6313092831e-03	
1296	1.9053680543e-02	-5.6346738718e-03	
1297	1.9052533005e-02	-5.6368616484e-03	
1298	1.9050980259e-02	-5.6402400389e-03	
1299	1.9049792863e-02	-5.6424327594e-03	
1300	1.9048203095e-02	-5.6458175382e-03	
1301	1.9046989566e-02	-5.6480189400e-03	
1302	1.9045374235e-02	-5.6514126508e-03	
1303	1.9044135942e-02	-5.6536202521e-03	
1304	1.9042497396e-02	-5.6570179568e-03	
1305	1.9041237320e-02	-5.6592315207e-03	
1306	1.9039579963e-02	-5.6626351213e-03	
1307	1.9038303696e-02	-5.6648515504e-03	
1308	1.9036635697e-02	-5.6682555869e-03	
1309	1.9035347507e-02	-5.6704724556e-03	
1310	1.9033663996e-02	-5.6738739087e-03	
1311	1.9032362749e-02	-5.6760839931e-03	
1312	1.9030667357e-02	-5.6794768630e-03	
1313	1.9029359009e-02	-5.6816787136e-03	
1314	1.9027658186e-02	-5.6850636785e-03	
1315	1.9026345753e-02	-5.6872571543e-03	
1316	1.9024643791e-02	-5.6906325347e-03	
1317	1.9023327857e-02	-5.6928156476e-03	
1318	1.9021625773e-02	-5.6961766891e-03	
1319	1.9020312164e-02	-5.6983474674e-03	
1320	1.9018613901e-02	-5.7016942267e-03	
1321	1.9017305286e-02	-5.7038497612e-03	
1322	1.9015613957e-02	-5.7071802676e-03	
1323	1.9014313442e-02	-5.7093191595e-03	
1324	1.9012631706e-02	-5.7126322467e-03	
1325	1.9011342008e-02	-5.7147533400e-03	
1326	1.9009672919e-02	-5.7180477308e-03	
1327	1.9008396994e-02	-5.7201493910e-03	
1328	1.9006742998e-02	-5.7234231189e-03	
1329	1.9005484145e-02	-5.7255036454e-03	
1330	1.9003848339e-02	-5.7287551811e-03	
1331	1.9002608418e-02	-5.7308128550e-03	
1332	1.9000993599e-02	-5.7340411009e-03	
1333	1.8999775711e-02	-5.7360743374e-03	
1334	1.8998182415e-02	-5.7392792787e-03	
1335	1.8996988707e-02	-5.7412873647e-03	
1336	1.8995419482e-02	-5.7444668371e-03	
1337	1.8994250801e-02	-5.7464504737e-03	
1338	1.8992709793e-02	-5.7496033855e-03	
1339	1.8991568016e-02	-5.7515615775e-03	
1340	1.8990055776e-02	-5.7546870934e-03	
1341	1.8988944434e-02	-5.7566175224e-03	
1342	1.8987461371e-02	-5.7597170302e-03	
1343	1.8986381587e-02	-5.7616195446e-03	
1344	1.8984931267e-02	-5.7646917152e-03	
1345	1.8983884467e-02	-5.7665677105e-03	
1346	1.8982468057e-02	-5.7696128630e-03	
1347	1.8981455574e-02	-5.7714619865e-03	
1348	1.8980073415e-02	-5.7744793995e-03	
1349	1.8979094883e-02	-5.7762998394e-03	
1350	1.8977748617e-02	-5.7792889573e-03	
1351	1.8976807570e-02	-5.7810825552e-03	
1352	1.8975498926e-02	-5.7840443057e-03	
1353	1.8974595895e-02	-5.7858108332e-03	
1354	1.8973325646e-02	-5.7887439523e-03	
1355	1.8972461155e-02	-5.7904842121e-03	
1356	1.8971232450e-02	-5.7933905208e-03	
1357	1.8970408263e-02	-5.7951051913e-03	
1358	1.8969219449e-02	-5.7979856246e-03	
1359	1.8968436194e-02	-5.7996750104e-03	
1360	1.8967288395e-02	-5.8025301290e-03	
1361	1.8966545590e-02	-5.8041941644e-03	
1362	1.8965439529e-02	-5.8070229774e-03	
1363	1.8964739152e-02	-5.8086607238e-03	
1364	1.8963675964e-02	-5.8114636579e-03	
1365	1.8963017889e-02	-5.8130763195e-03	
1366	1.8961996677e-02	-5.8158542906e-03	
1367	1.8961379606e-02	-5.8174416249e-03	
1368	1.8960401053e-02	-5.8201951077e-03	
1369	1.8959828118e-02	-5.8217595861e-03	
1370	1.8958893265e-02	-5.8244901516e-03	
1371	1.8958360825e-02	-5.8260309601e-03	
1372	1.8957469304e-02	-5.8287391890e-03	
1373	1.8956982176e-02	-5.8302594424e-03	
1374	1.8956132255e-02	-5.8329456236e-03	
1375	1.8955686795e-02	-5.8344446986e-03	
1376	1.8954878786e-02	-5.8371115683e-03	
1377	1.8954480153e-02	-5.8385933939e-03	
1378	1.8953718278e-02	-5.8412406805e-03	
1379	1.8953359976e-02	-5.8427016640e-03	
1380	1.8952638773e-02	-5.8453288669e-03	
1381	1.8952321269e-02	-5.8467728275e-03	
1382	1.8951640312e-02	-5.8493836937e-03	
1383	1.8951363588e-02	-5.8508106526e-03	
1384	1.8950723536e-02	-5.8534038303e-03	
1385	1.8950485499e-02	-5.8548135960e-03	
1386	1.8949882912e-02	-5.8573892241e-03	
1387	1.8949683617e-02	-5.8587827312e-03	
1388	1.8949121261e-02	-5.8613440131e-03	
1389	1.8948962376e-02	-5.8627251738e-03	
1390	1.8948439127e-02	-5.8652722689e-03	
1391	1.8948316416e-02	-5.8666390328e-03	
1392	1.8947826236e-02	-5.8691717785e-03	
1393	1.8947734902e-02	-5.8705234360e-03	
1394	1.8947278599e-02	-5.8730418364e-03	
1395	1.8947221949e-02	-5.8743806212e-03	
1396	1.8946798494e-02	-5.8768865927e-03	
1397	1.8946771921e-02	-5.8782117162e-03	
1398	1.8946378513e-02	-5.8807039831e-03	
1399	1.8946382871e-02	-5.8820186893e-03	
1400	1.8946019202e-02	-5.8845003263e-03	
1401	1.8946052946e-02	-5.8858048852e-03	
1402	1.8945716791e-02	-5.8882766303e-03	
1403	1.8945776780e-02	-5.8895723682e-03	
1404	1.8945467598e-02	-5.8920359662e-03	
1405	1.8945553736e-02	-5.8933268842e-03	
1406	1.8945271366e-02	-5.8957872962e-03	
1407	1.8945382268e-02	-5.8970716231e-03	
1408	1.8945120690e-02	-5.8995219174e-03	
1409	1.8945254108e-02	-5.9007975541e-03	
1410	1.8945017102e-02	-5.9032411527e-03	
1411	1.8945173465e-02	-5.9045121847e-03	
1412	1.8944958097e-02	-5.9069507111e-03	
1413	1.8945135858e-02	-5.9082179199e-03	
1414	1.8944943283e-02	-5.9106552591e-03	
1415	1.8945141284e-02	-5.9119205220e-03	
1416	1.8944965198e-02	-5.9143528728e-03	
1417	1.8945178995e-02	-5.9156136349e-03	
1418	1.8945019061e-02	-5.9180419206e-03	
1419	1.8945248053e-02	-5.9192992728e-03	
1420	1.8945102349e-02	-5.9217241396e-03	
1421	1.8945344687e-02	-5.9229789105e-03	
1422	1.8945211528e-02	-5.9254008401e-03	
1423	1.8945465530e-02	-5.9266532673e-03	
1424	1.8945343103e-02	-5.9290739677e-03	
1425	1.8945606804e-02	-5.9303261169e-03	
1426	1.8945493142e-02	-5.9327467906e-03	
1427	1.8945764508e-02	-5.9339993833e-03	
1428	1.8945659414e-02	-5.9364196184e-03	
1429	1.8945939313e-02	-5.9376720779e-03	
1430	1.8945840063e-02	-5.9400900415e-03	
1431	1.8946124473e-02	-5.9413401145e-03	
1432	1.8946031782e-02	-5.9437572968e-03	
1433	1.8946323109e-02	-5.9450076358e-03	
1434	1.8946236588e-02	-5.9474247019e-03	
1435	1.8946533408e-02	-5.9486751481e-03	
1436	1.8946452574e-02	-5.9510910230e-03	
1437	1.8946755331e-02	-5.9523418727e-03	
1438	1.8946679784e-02	-5.9547588748e-03	
1439	1.8946985963e-02	-5.9560097360e-03	
1440	1.8946913165e-02	-5.9584257460e-03	
1441	1.8947221885e-02	-5.9596772365e-03	
1442	1.8947151682e-02	-5.9620926171e-03	
1443	1.8947462372e-02	-5.9633441681e-03	
1444	1.8947393980e-02	-5.9657596443e-03	
1445	1.8947706240e-02	-5.9670112773e-03	
1446	1.8947638300e-02	-5.9694269783e-03	
1447	1.8947950238e-02	-5.9706784921e-03	
1448	1.8947882488e-02	-5.9730932131e-03	
1449	1.8948194718e-02	-5.9743448529e-03	
1450	1.8948127052e-02	-5.9767599068e-03	
1451	1.8948438965e-02	-5.9780120079e-03	
1452	1.8948371194e-02	-5.9804262648e-03	
1453	1.8948682671e-02	-5.9816781880e-03	
1454	1.8948614297e-02	-5.9840917496e-03	
1455	1.8948925072e-02	-5.9853404520e-03	
1456	1.8948855865e-02	-5.9877520188e-03	
1457	1.8949165736e-02	-5.9890012514e-03	
1458	1.8949095701e-02	-5.9914129908e-03	
1459	1.8949404536e-02	-5.9926623995e-03	
1460	1.8949333515e-02	-5.9950733263e-03	
1461	1.8949641496e-02	-5.9963217622e-03	
1462	1.8949569719e-02	-5.9987315021e-03	
1463	1.8949876483e-02	-5.9999791504e-03	
1464	1.8949803432e-02	-6.0023873738e-03	
1465	1.8950108917e-02	-6.0036336154e-03	
1466	1.8950035039e-02	-6.0060397945e-03	
1467	1.8950339845e-02	-6.0072842832e-03	
1468	1.8950264930e-02	-6.0096881315e-03	
1469	1.8950568174e-02	-6.0109303910e-03	
1470	1.8950492287e-02	-6.0133317970e-03	
1471	1.8950795115e-02	-6.0145719874e-03	
1472	1.8950718962e-02	-6.0169706925e-03	
1473	1.8951021156e-02	-6.0182087616e-03	
1474	1.8950944622e-02	-6.0206039339e-03	
1475	1.8951246187e-02	-6.0218395577e-03	
1476	1.8951169099e-02	-6.0242324481e-03	
1477	1.8951470357e-02	-6.0254648922e-03	
1478	1.8951393030e-02	-6.0278545027e-03	
1479	1.8951693985e-02	-6.0290838864e-03	
1480	1.8951616299e-02	-6.0314699170e-03	
1481	1.8951916913e-02	-6.0326959227e-03	
1482	1.8951839263e-02	-6.0350781512e-03	
1483	1.8952139799e-02	-6.0363007528e-03	
1484	1.8952062160e-02	-6.0386790957e-03	
1485	1.8952362705e-02	-6.0398981309e-03	
1486	1.8952285302e-02	-6.0422723840e-03	
1487	1.8952586092e-02	-6.0434875181e-03	
1488	1.8952509108e-02	-6.0458574395e-03	
1489	1.8952810344e-02	-6.0470685948e-03	
1490	1.8952733869e-02	-6.0494342178e-03	
1491	1.8953035419e-02	-6.0506413198e-03	
1492	1.8952959593e-02	-6.0530019074e-03	
1493	1.8953261408e-02	-6.0542054118e-03	
1494	1.8953186348e-02	-6.0565612625e-03	
1495	1.8953488761e-02	-6.0577603233e-03	
1496	1.8953414032e-02	-6.0601122285e-03	
1497	1.8953717161e-02	-6.0613066622e-03	
1498	1.8953643305e-02	-6.0636534898e-03	
1499	1.8953947120e-02	-6.0648435525e-03	
1500	1.8953873906e-02	-6.0671858023e-03	
1501	1.8954178253e-02	-6.0683715982e-03	
1502	1.8954105776e-02	-6.0707090552e-03	
1503	1.8954410683e-02	-6.0718904898e-03	
1504	1.8954338687e-02	-6.0742234401e-03	
1505	1.8954644012e-02	-6.0754007569e-03	
1506	1.8954572561e-02	-6.0777292596e-03	
1507	1.8954878231e-02	-6.0789025680e-03	
1508	1.8954807158e-02	-6.0812266228e-03	
1509	1.8955112993e-02	-6.0823958886e-03	
1510	1.8955042130e-02	-6.0847154938e-03	
1511	1.8955347976e-02	-6.0858807515e-03	
1512	1.8955277155e-02	-6.0881960159e-03	
1513	1.8955582924e-02	-6.0893573190e-03	
1514	1.8955512067e-02	-6.0916682520e-03	
1515	1.8955817550e-02	-6.0928256634e-03	
1516	1.8955746493e-02	-6.0951324347e-03	
1517	1.8956051593e-02	-6.0962862118e-03	
1518	1.8955980089e-02	-6.0985890726e-03	
1519	1.8956284543e-02	-6.0997394262e-03	
1520	1.8956212447e-02	-6.1020386174e-03	
1521	1.8956516006e-02	-6.1031857740e-03	
1522	1.8956442929e-02	-6.1054813989e-03	
1523	1.8956745425e-02	-6.1066254109e-03	
1524	1.8956671283e-02	-6.1089175865e-03	
1525	1.8956972455e-02	-6.1100586727e-03	
1526	1.8956896968e-02	-6.1123476410e-03	
1527	1.8957196563e-02	-6.1134859241e-03	
1528	1.8957119492e-02	-6.1157715972e-03	
1529	1.8957417291e-02	-6.1169072745e-03	
1530	1.8957338321e-02	-6.1191900519e-03	
1531	1.8957633881e-02	-6.1203229175e-03	
1532	1.8957552669e-02	-6.1226029114e-03	
1533	1.8957845876e-02	-6.1237337081e-03	
1534	1.8957762288e-02	-6.1260110451e-03	
1535	1.8958053011e-02	-6.1271395521e-03	
1536	1.8957966863e-02	-6.1294142782e-03	
1537	1.8958254719e-02	-6.1305405269e-03	
1538	1.8958166102e-02	-6.1328123792e-03	
1539	1.8958450996e-02	-6.1339365524e-03	
1540	1.8958359111e-02	-6.1362061642e-03	
1541	1.8958640708e-02	-6.1373282441e-03	
1542	1.8958545849e-02	-6.1395950978e-03	
1543	1.8958823953e-02	-6.1407152493e-03	
1544	1.8958725782e-02	-6.1429797403e-03	
1545	1.8959000257e-02	-6.1440982254e-03	
1546	1.8958898120e-02	-6.1463606972e-03	
1547	1.8959168872e-02	-6.1474759243e-03	
1548	1.8959062860e-02	-6.1497353335e-03	
1549	1.8959329501e-02	-6.1508489129e-03	
1550	1.8959219412e-02	-6.1531061413e-03	
1551	1.8959481848e-02	-6.1542178064e-03	
1552	1.8959367669e-02	-6.1564723278e-03	
1553	1.8959624905e-02	-6.1575814818e-03	
1554	1.8959505864e-02	-6.1598331582e-03	
1555	1.8959758834e-02	-6.1609403456e-03	
1556	1.8959635270e-02	-6.1631897605e-03	
1557	1.8959883695e-02	-6.1642944348e-03	
1558	1.8959755453e-02	-6.1665411264e-03	
1559	1.8959998897e-02	-6.1676437468e-03	
1560	1.8959865837e-02	-6.1698874657e-03	
1561	1.8960104145e-02	-6.1709875153e-03	
1562	1.8959966054e-02	-6.1732284033e-03	
1563	1.8960199378e-02	-6.1743254385e-03	
1564	1.8960055923e-02	-6.1765632195e-03	
1565	1.8960284020e-02	-6.1776573066e-03	
1566	1.8960135467e-02	-6.1798916404e-03	
1567	1.8960358278e-02	-6.1809825178e-03	
1568	1.8960204484e-02	-6.1832131640e-03	
1569	1.8960421888e-02	-6.1843006149e-03	
1570	1.8960262733e-02	-6.1865272936e-03	
1571	1.8960474656e-02	-6.1876109593e-03	
1572	1.8960309909e-02	-6.1898331109e-03	
1573	1.8960516186e-02	-6.1909124541e-03	
1574	1.8960345822e-02	-6.1931299751e-03	
1575	1.8960546362e-02	-6.1942049036e-03	
1576	1.8960370649e-02	-6.1964174238e-03	
1577	1.8960565659e-02	-6.1974876344e-03	
1578	1.8960384414e-02	-6.1996948866e-03	
1579	1.8960573796e-02	-6.2007599120e-03	
1580	1.8960387045e-02	-6.2029613441e-03	
1581	1.8960570969e-02	-6.2040207135e-03	
1582	1.8960378703e-02	-6.2062159064e-03	
1583	1.8960556891e-02	-6.2072692189e-03	
1584	1.8960359151e-02	-6.2094577677e-03	
1585	1.8960531762e-02	-6.2105045385e-03	
1586	1.8960328524e-02	-6.2126859555e-03	
1587	1.8960495382e-02	-6.2137256563e-03	
1588	1.8960286549e-02	-6.2158993104e-03	
1589	1.8960447948e-02	-6.2169314243e-03	
1590	1.8960233737e-02	-6.2190969055e-03	
1591	1.8960389651e-02	-6.2201209777e-03	
1592	1.8960170082e-02	-6.2222778285e-03	
1593	1.8960320546e-02	-6.2232934789e-03	
1594	1.8960095906e-02	-6.2254412477e-03	
1595	1.8960241197e-02	-6.2264478122e-03	
1596	1.8960011206e-02	-6.2285858687e-03	
1597	1.8960151106e-02	-6.2295828514e-03	
1598	1.8959915889e-02	-6.2317106673e-03	
1599	1.8960050683e-02	-6.2326976356e-03	
1600	1.8959811196e-02	-6.2348152890e-03	
1601	1.8959941274e-02	-6.2357920790e-03	
1602	1.8959696338e-02	-6.2378979278e-03	
1603	1.8959820648e-02	-6.2388626662e-03	
1604	1.8959570592e-02	-6.2409561764e-03	
1605	1.8959690208e-02	-6.2419089856e-03	
1606	1.8959435484e-02	-6.2439899582e-03	
1607	1.8959550194e-02	-6.2449303092e-03	
1608	1.8959290590e-02	-6.2469981437e-03	
1609	1.8959400526e-02	-6.2479254624e-03	
1610	1.8959136316e-02	-6.2499797335e-03	
1611	1.8959241577e-02	-6.2508935775e-03	
1612	1.8958972480e-02	-6.2529335327e-03	
1613	1.8959073100e-02	-6.2538332412e-03	
1614	1.8958799508e-02	-6.2558587410e-03	
1615	1.8958895459e-02	-6.2567440207e-03	
1616	1.8958617501e-02	-6.2587543493e-03	
1617	1.8958708714e-02	-6.2596246060e-03	
1618	1.8958426058e-02	-6.2616191020e-03	
1619	1.8958512389e-02	-6.2624736727e-03	
1620	1.8958224756e-02	-6.2644523871e-03	
1621	1.8958306277e-02	-6.2652914517e-03	
1622	1.8958014289e-02	-6.2672539857e-03	
1623	1.8958091504e-02	-6.2680772881e-03	
1624	1.8957795326e-02	-6.2700237045e-03	
1625	1.8957868228e-02	-6.2708300686e-03	
1626	1.8957568373e-02	-6.2727591030e-03	
1627	1.8957637784e-02	-6.2735486370e-03	
1628	1.8957334148e-02	-6.2754600484e-03	
1629	1.8957399673e-02	-6.2762320295e-03	
1630	1.8957092325e-02	-6.2781248670e-03	
1631	1.8957154342e-02	-6.2788788226e-03	
1632	1.8956843601e-02	-6.2807534320e-03	
1633	1.8956901913e-02	-6.2814886580e-03	
1634	1.8956587693e-02	-6.2833441388e-03	
1635	1.8956642523e-02	-6.2840606046e-03	
1636	1.8956325218e-02	-6.2858973645e-03	
1637	1.8956376959e-02	-6.2865952970e-03	
1638	1.8956056345e-02	-6.2884119816e-03	
1639	1.8956104790e-02	-6.2890900493e-03	
1640	1.8955780980e-02	-6.2908864798e-03	
1641	1.8955826098e-02	-6.2915442292e-03	
1642	1.8955499147e-02	-6.2933202467e-03	
1643	1.8955541160e-02	-6.2939577628e-03	
1644	1.8955211357e-02	-6.2957130718e-03	
1645	1.8955251675e-02	-6.2963311143e-03	
1646	1.8954920734e-02	-6.2980670686e-03	
1647	1.8954958533e-02	-6.2986651681e-03	
1648	1.8954624653e-02	-6.3003802639e-03	
1649	1.8954659510e-02	-6.3009576864e-03	
1650	1.8954322854e-02	-6.3026516776e-03	
1651	1.8954354979e-02	-6.3032083792e-03	
1652	1.8954015747e-02	-6.3048813112e-03	
1653	1.8954045198e-02	-6.3054172214e-03	
1654	1.8953703417e-02	-6.3070689947e-03	
1655	1.8953730244e-02	-6.3075840869e-03	
1656	1.8953386009e-02	-6.3092146693e-03	
1657	1.8953410365e-02	-6.3097088872e-03	
1658	1.8953063757e-02	-6.3113182410e-03	
1659	1.8953085669e-02	-6.3117917552e-03	
1660	1.8952736785e-02	-6.3133794704e-03	
1661	1.8952756315e-02	-6.3138323973e-03	
1662	1.8952405151e-02	-6.3153991586e-03	
1663	1.8952422396e-02	-6.3158311357e-03	
1664	1.8952069060e-02	-6.3173767524e-03	
1665	1.8952084015e-02	-6.3177880788e-03	
1666	1.8951728525e-02	-6.3193126966e-03	
1667	1.8951741230e-02	-6.3197034394e-03	
1668	1.8951383642e-02	-6.3212071629e-03	
1669	1.8951394278e-02	-6.3215774973e-03	
1670	1.8951034685e-02	-6.3230604894e-03	
1671	1.8951042635e-02	-6.3234103073e-03	
1672	1.8950680724e-02	-6.3248726608e-03	
1673	1.8950686931e-02	-6.3252022912e-03	
1674	1.8950323245e-02	-6.3266444595e-03	
1675	1.8950326872e-02	-6.3269537053e-03	
1676	1.8949960865e-02	-6.3283751222e-03	
1677	1.8949962671e-02	-6.3286646293e-03	
1678	1.8949594684e-02	-6.3300660837e-03	
1679	1.8949594321e-02	-6.3303361160e-03	
1680	1.8949224371e-02	-6.3317177458e-03	
1681	1.8949222133e-02	-6.3319688960e-03	
1682	1.8948850428e-02	-6.3333310293e-03	
1683	1.8948846091e-02	-6.3335633630e-03	
1684	1.8948472522e-02	-6.3349068109e-03	
1685	1.8948466213e-02	-6.3351209899e-03	
1686	1.8948090672e-02	-6.3364457940e-03	
1687	1.8948082412e-02	-6.3366418014e-03	
1688	1.8947705105e-02	-6.3379481171e-03	
1689	1.8947694918e-02	-6.3381261211e-03	
1690	1.8947315743e-02	-6.3394142175e-03	
1691	1.8947303605e-02	-6.3395745414e-03	
1692	1.8946922631e-02	-6.3408447567e-03	
1693	1.8946908660e-02	-6.3409875972e-03	
1694	1.8946525912e-02	-6.3422406903e-03	
1695	1.8946510191e-02	-6.3423664450e-03	
1696	1.8946125603e-02	-6.3436023696e-03	
1697	1.8946107953e-02	-6.3437114809e-03	
1698	1.8945721647e-02	-6.3449305964e-03	
1699	1.8945702338e-02	-6.3450234607e-03	
1700	1.8945314372e-02	-6.3462260758e-03	
1701	1.8945293231e-02	-6.3463029555e-03	
1702	1.8944903569e-02	-6.3474892613e-03	
1703	1.8944880431e-02	-6.3475508926e-03	
1704	1.8944489125e-02	-6.3487213517e-03	
1705	1.8944464216e-02	-6.3487678846e-03	
1706	1.8944071264e-02	-6.3499230645e-03	
1707	1.8944044635e-02	-6.3499545997e-03	
1708	1.8943649925e-02	-6.3510952348e-03	
1709	1.8943621658e-02	-6.3511121225e-03	
1710	1.8943225234e-02	-6.3522381031e-03	
1711	1.8943195265e-02	-6.3522409270e-03	
1712	1.8942797289e-02	-6.3533526601e-03	
1713	1.8942765655e-02	-6.3533418160e-03	
1714	1.8942366115e-02	-6.3544396689e-03	
1715	1.8942332817e-02	-6.3544155010e-03	
1716	1.8941931808e-02	-6.3554994616e-03	
1717	1.8941896692e-02	-6.3554627589e-03	
1718	1.8941494234e-02	-6.3565334972e-03	
1719	1.8941457486e-02	-6.3564842089e-03	
1720	1.8941053525e-02	-6.3575421482e-03	
1721	1.8941015152e-02	-6.3574806805e-03	
1722	1.8940609688e-02	-6.3585262274e-03	
1723	1.8940569946e-02	-6.3584525618e-03	
1724	1.8940162840e-02	-6.3594865697e-03	
1725	1.8940121598e-02	-6.3594010958e-03	
1726	1.8939713037e-02	-6.3604233377e-03	
1727	1.8939670234e-02	-6.3603266796e-03	
1728	1.8939260236e-02	-6.3613375340e-03	
1729	1.8939215903e-02	-6.3612300235e-03	
1730	1.8938804523e-02	-6.3622297651e-03	
1731	1.8938758689e-02	-6.3621117274e-03	
1732	1.8938345967e-02	-6.3631006822e-03	
1733	1.8938298714e-02	-6.3629724210e-03	
1734	1.8937884530e-02	-6.3639508681e-03	
1735	1.8937835764e-02	-6.3638126900e-03	
1736	1.8937420437e-02	-6.3647806897e-03	
1737	1.8937369858e-02	-6.3646333618e-03	
1738	1.8936952891e-02	-6.3655908092e-03	
1739	1.8936900817e-02	-6.3654333428e-03	
1740	1.8936482407e-02	-6.3663818956e-03	
1741	1.8936429244e-02	-6.3662150284e-03	
1742	1.8936009713e-02	-6.3671541862e-03	
1743	1.8935955324e-02	-6.3669784335e-03	
1744	1.8935534664e-02	-6.3679084804e-03	
1745	1.8935479031e-02	-6.3677241223e-03	
1746	1.8935057402e-02	-6.3686449805e-03	
1747	1.8935000437e-02	-6.3684526169e-03	
1748	1.8934577525e-02	-6.3693654136e-03	
1749	1.8934519699e-02	-6.3691643715e-03	
1750	1.8934095712e-02	-6.3700687676e-03	
1751	1.8934036751e-02	-6.3698598252e-03	
1752	1.8933611826e-02	-6.3707560511e-03	
1753	1.8933551846e-02	-6.3705393568e-03	
1754	1.8933125966e-02	-6.3714276491e-03	
1755	1.8933064999e-02	-6.3712034274e-03	
1756	1.8932638302e-02	-6.3720839597e-03	
1757	1.8932576413e-02	-6.3718524479e-03	
1758	1.8932148935e-02	-6.3727252825e-03	
1759	1.8932086226e-02	-6.3724866314e-03	
1760	1.8931658061e-02	-6.3733520713e-03	
1761	1.8931594552e-02	-6.3731064077e-03	
1762	1.8931165857e-02	-6.3739645936e-03	
1763	1.8931101679e-02	-6.3737120308e-03	
1764	1.8930671948e-02	-6.3745625933e-03	
1765	1.8930606697e-02	-6.3743028575e-03	
1766	1.8930176524e-02	-6.3751463853e-03	
1767	1.8930110889e-02	-6.3748800871e-03	
1768	1.8929680321e-02	-6.3757166967e-03	
1769	1.8929614262e-02	-6.3754438231e-03	
1770	1.8929183412e-02	-6.3762735862e-03	
1771	1.8929116975e-02	-6.3759942207e-03	
1772	1.8928686067e-02	-6.3768172401e-03	
1773	1.8928619578e-02	-6.3765315450e-03	
1774	1.8928188609e-02	-6.3773478088e-03	
1775	1.8928121947e-02	-6.3770557822e-03	
1776	1.8927690926e-02	-6.3778655554e-03	
1777	1.8927624180e-02	-6.3775673575e-03	
1778	1.8927193212e-02	-6.3783706051e-03	
1779	1.8927126490e-02	-6.3780662632e-03	
1780	1.8926695700e-02	-6.3788630809e-03	
1781	1.8926629113e-02	-6.3785526634e-03	
1782	1.8926198583e-02	-6.3793430812e-03	
1783	1.8926132018e-02	-6.3790269254e-03	
1784	1.8925702376e-02	-6.3798105495e-03	
1785	1.8925636527e-02	-6.3794891151e-03	
1786	1.8925207564e-02	-6.3802667805e-03	
1787	1.8925141966e-02	-6.3799393604e-03	
1788	1.8924713442e-02	-6.3807106768e-03	
1789	1.8924648319e-02	-6.3803772652e-03	
1790	1.8924220444e-02	-6.3811423914e-03	
1791	1.8924156004e-02	-6.3808030117e-03	
1792	1.8923728907e-02	-6.3815619195e-03	
1793	1.8923665237e-02	-6.3812166286e-03	
1794	1.8923239085e-02	-6.3819692384e-03	
1795	1.8923176286e-02	-6.3816180992e-03	
1796	1.8922751171e-02	-6.3823645250e-03	
1797	1.8922689348e-02	-6.3820074772e-03	
1798	1.8922265328e-02	-6.3827476885e-03	
1799	1.8922204617e-02	-6.3823847532e-03	
1800	1.8921781871e-02	-6.3831187609e-03	
1801	1.8921722407e-02	-6.3827499440e-03	
1802	1.8921301046e-02	-6.3834777560e-03	
1803	1.8921242894e-02	-6.3831030382e-03	
1804	1.8920822976e-02	-6.3838246553e-03	
1805	1.8920766281e-02	-6.3834440682e-03	
1806	1.8920347952e-02	-6.3841594896e-03	
1807	1.8920292801e-02	-6.3837730235e-03	
1808	1.8919876149e-02	-6.3844822630e-03	
1809	1.8919822652e-02	-6.3840899181e-03	
1810	1.8919407792e-02	-6.3847929611e-03	
1811	1.8919356056e-02	-6.3843947331e-03	
1812	1.8918943084e-02	-6.3850915925e-03	
1813	1.8918893205e-02	-6.3846874912e-03	
1814	1.8918482231e-02	-6.3853781531e-03	
1815	1.8918434320e-02	-6.3849681644e-03	
1816	1.8918025333e-02	-6.3856528272e-03	
1817	1.8917979581e-02	-6.3852368043e-03	
1818	1.8917572939e-02	-6.3859149926e-03	
1819	1.8917529226e-02	-6.3854932751e-03	
1820	1.8917124987e-02	-6.3861650711e-03	
1821	1.8917083443e-02	-6.3857376138e-03	
1822	1.8916681451e-02	-6.3864034907e-03	
1823	1.8916642250e-02	-6.3859702038e-03	
1824	1.8916243004e-02	-6.3866294318e-03	
1825	1.8916206125e-02	-6.3861904665e-03	
1826	1.8915809449e-02	-6.3868435306e-03	
1827	1.8915775089e-02	-6.3863987146e-03	
1828	1.8915380946e-02	-6.3870458243e-03	
1829	1.8915349432e-02	-6.3865947826e-03	
1830	1.8914957908e-02	-6.3872359203e-03	
1831	1.8914929086e-02	-6.3867790620e-03	
1832	1.8914540379e-02	-6.3874140798e-03	
1833	1.8914514339e-02	-6.3869513940e-03	
1834	1.8914128644e-02	-6.3875801082e-03	
1835	1.8914105189e-02	-6.3871121007e-03	
1836	1.8913722616e-02	-6.3877344986e-03	
1837	1.8913702081e-02	-6.3872607485e-03	
1838	1.8913322424e-02	-6.3878773218e-03	
1839	1.8913305152e-02	-6.3873974053e-03	
1840	1.8912928451e-02	-6.3880081987e-03	
1841	1.8912914221e-02	-6.3875226412e-03	
1842	1.8912540679e-02	-6.3881274898e-03	
1843	1.8912529555e-02	-6.3876363247e-03	
1844	1.8912159227e-02	-6.3882352777e-03	
1845	1.8912151265e-02	-6.3877385562e-03	
1846	1.8911784205e-02	-6.3883316677e-03	
1847	1.8911779334e-02	-6.3878296565e-03	
1848	1.8911415833e-02	-6.3884165906e-03	
1849	1.8911414096e-02	-6.3879093146e-03	
1850	1.8911053953e-02	-6.3884905384e-03	
1851	1.8911055514e-02	-6.3879778962e-03	
1852	1.8910698780e-02	-6.3885534592e-03	
1853	1.8910703678e-02	-6.3880355013e-03	
1854	1.8910350379e-02	-6.3886054781e-03	
1855	1.8910358640e-02	-6.3880823116e-03	
1856	1.8910008810e-02	-6.3886467903e-03	
1857	1.8910020469e-02	-6.3881184793e-03	
1858	1.8909674136e-02	-6.3886775354e-03	
1859	1.8909689224e-02	-6.3881441605e-03	
1860	1.8909346415e-02	-6.3886978761e-03	
1861	1.8909364953e-02	-6.3881595159e-03	
1862	1.8909025587e-02	-6.3887081369e-03	
1863	1.8909047789e-02	-6.3881645915e-03	
1864	1.8908711886e-02	-6.3887081650e-03	
1865	1.8908737563e-02	-6.3881598164e-03	
1866	1.8908405232e-02	-6.3886983029e-03	
1867	1.8908434400e-02	-6.3881452529e-03	
1868	1.8908105678e-02	-6.3886787681e-03	
1869	1.8908138339e-02	-6.3881210895e-03	
1870	1.8907813171e-02	-6.3886497172e-03	
1871	1.8907849239e-02	-6.3880877133e-03	
1872	1.8907527839e-02	-6.3886112733e-03	
1873	1.8907567325e-02	-6.3880449917e-03	
1874	1.8907249512e-02	-6.3885638779e-03	
1875	1.8907292479e-02	-6.3879932969e-03	
1876	1.8906978238e-02	-6.3885076086e-03	
1877	1.8907024682e-02	-6.3879328265e-03	
1878	1.8906714004e-02	-6.3884426627e-03	
1879	1.8906763920e-02	-6.3878637882e-03	
1880	1.8906456785e-02	-6.3883692646e-03	
1881	1.8906510145e-02	-6.3877864150e-03	
1882	1.8906206537e-02	-6.3882876298e-03	
1883	1.8906263325e-02	-6.3877009110e-03	
1884	1.8905963227e-02	-6.3881979760e-03	
1885	1.8906023420e-02	-6.3876074896e-03	
1886	1.8905726802e-02	-6.3881005104e-03	
1887	1.8905790372e-02	-6.3875063661e-03	
1888	1.8905497209e-02	-6.3879954512e-03	
1889	1.8905564130e-02	-6.3873977551e-03	
1890	1.8905274394e-02	-6.3878830075e-03	
1891	1.8905344633e-02	-6.3872818672e-03	
1892	1.8905058292e-02	-6.3877633911e-03	
1893	1.8905131805e-02	-6.3871589214e-03	
1894	1.8904848816e-02	-6.3876368240e-03	
1895	1.8904925583e-02	-6.3870291105e-03	
1896	1.8904645915e-02	-6.3875034972e-03	
1897	1.8904725977e-02	-6.3868925271e-03	
1898	1.8904449512e-02	-6.3873636096e-03	
1899	1.8904532672e-02	-6.3867497115e-03	
1900	1.8904259449e-02	-6.3872174922e-03	
1901	1.8904345788e-02	-6.3866006095e-03	
1902	1.8904075833e-02	-6.3870650511e-03	
1903	1.8904165187e-02	-6.3864454065e-03	
1904	1.8903898385e-02	-6.3869067263e-03	
1905	1.8903990790e-02	-6.3862843406e-03	
1906	1.8903727102e-02	-6.3867426311e-03	
1907	1.8903822501e-02	-6.3861175953e-03	
1908	1.8903561878e-02	-6.3865729437e-03	
1909	1.8903660229e-02	-6.3859453424e-03	
1910	1.8903402622e-02	-6.3863978337e-03	
1911	1.8903503861e-02	-6.3857677590e-03	
1912	1.8903249229e-02	-6.3862174822e-03	
1913	1.8903353339e-02	-6.3855850104e-03	
1914	1.8903101632e-02	-6.3860320429e-03	
1915	1.8903208552e-02	-6.3853972554e-03	
1916	1.8902959719e-02	-6.3858416836e-03	
1917	1.8903069394e-02	-6.3852047364e-03	
1918	1.8902823383e-02	-6.3856467050e-03	
1919	1.8902935766e-02	-6.3850076967e-03	
1920	1.8902692553e-02	-6.3854472613e-03	
1921	1.8902807597e-02	-6.3848061274e-03	
1922	1.8902567097e-02	-6.3852432913e-03	
1923	1.8902684743e-02	-6.3846001388e-03	
1924	1.8902446916e-02	-6.3850349817e-03	
1925	1.8902567114e-02	-6.3843898775e-03	
1926	1.8902331905e-02	-6.3848224746e-03	
1927	1.8902454609e-02	-6.3841754963e-03	
1928	1.8902221966e-02	-6.3846059160e-03	
1929	1.8902347116e-02	-6.3839571237e-03	
1930	1.8902116991e-02	-6.3843854304e-03	
1931	1.8902244538e-02	-6.3837348939e-03	
1932	1.8902016875e-02	-6.3841611517e-03	
1933	1.8902146772e-02	-6.3835089318e-03	
1934	1.8901921522e-02	-6.3839332013e-03	
1935	1.8902053716e-02	-6.3832793568e-03	
1936	1.8901830827e-02	-6.3837016976e-03	
1937	1.8901965268e-02	-6.3830462870e-03	
1938	1.8901744686e-02	-6.3834667493e-03	
1939	1.8901881325e-02	-6.3828098287e-03	
1940	1.8901663013e-02	-6.3832284783e-03	
1941	1.8901801798e-02	-6.3825701018e-03	
1942	1.8901585699e-02	-6.3829869884e-03	
1943	1.8901726585e-02	-6.3823272072e-03	
1944	1.8901512650e-02	-6.3827423860e-03	
1945	1.8901655587e-02	-6.3820812512e-03	
1946	1.8901443767e-02	-6.3824947645e-03	
1947	1.8901588704e-02	-6.3818323229e-03	
1948	1.8901378963e-02	-6.3822442295e-03	
1949	1.8901525865e-02	-6.3815805342e-03	
1950	1.8901318140e-02	-6.3819908776e-03	
1951	1.8901466952e-02	-6.3813259690e-03	
1952	1.8901261219e-02	-6.3817347914e-03	
1953	1.8901411908e-02	-6.3810687295e-03	
1954	1.8901208106e-02	-6.3814760926e-03	
1955	1.8901360618e-02	-6.3808089269e-03	
1956	1.8901158678e-02	-6.3812148756e-03	
1957	1.8901312984e-02	-6.3805466923e-03	
1958	1.8901112950e-02	-6.3809512103e-03	
1959	1.8901268952e-02	-6.3802820363e-03	
1960	1.8901070727e-02	-6.3806852380e-03	
1961	1.8901228424e-02	-6.3800151106e-03	
1962	1.8901031964e-02	-6.3804170464e-03	
1963	1.8901191317e-02	-6.3797460101e-03	
1964	1.8900996583e-02	-6.3801467281e-03	
1965	1.8901157553e-02	-6.3794748316e-03	
1966	1.8900964509e-02	-6.3798744222e-03	
1967	1.8901127030e-02	-6.3792017092e-03	
1968	1.8900935686e-02	-6.3796001045e-03	
1969	1.8901099720e-02	-6.3789266661e-03	
1970	1.8900909986e-02	-6.3793240131e-03	
1971	1.8901075525e-02	-6.3786498752e-03	
1972	1.8900887349e-02	-6.3790462040e-03	
1973	1.8901054386e-02	-6.3783714528e-03	
1974	1.8900867738e-02	-6.3787668052e-03	
1975	1.8901036210e-02	-6.3780914576e-03	
1976	1.8900851068e-02	-6.3784859096e-03	
1977	1.8901020942e-02	-6.3778100225e-03	
1978	1.8900837276e-02	-6.3782036295e-03	
1979	1.8901008519e-02	-6.3775272592e-03	
1980	1.8900826297e-02	-6.3779200775e-03	
1981	1.8900998885e-02	-6.3772432657e-03	
1982	1.8900818079e-02	-6.3776353388e-03	
1983	1.8900991969e-02	-6.3769581846e-03	
1984	1.8900812540e-02	-6.3773496179e-03	
1985	1.8900987710e-02	-6.3766721607e-03	
1986	1.8900809637e-02	-6.3770629851e-03	
1987	1.8900986058e-02	-6.3763852868e-03	
1988	1.8900809313e-02	-6.3767755688e-03	
1989	1.8900986956e-02	-6.3760976989e-03	
1990	1.8900811511e-02	-6.3764875080e-03	
1991	1.8900990350e-02	-6.3758095392e-03	
1992	1.8900816179e-02	-6.3761989437e-03	
1993	1.8900996213e-02	-6.3755209617e-03	
1994	1.8900823445e-02	-6.3759101660e-03	
1995	1.8901004730e-02	-6.3752323435e-03	
1996	1.8900833134e-02	-6.3756212904e-03	
1997	1.8901015492e-02	-6.3749435735e-03	
1998	1.8900845074e-02	-6.3753323286e-03	
1999	1.8901028511e-02	-6.3746547724e-03	
2000	1.8900859248e-02	-6.3750433843e-03	
2001	1.8901043734e-02	-6.3743660861e-03	
2002	1.8900875650e-02	-6.3747546987e-03	
2003	1.8901061177e-02	-6.3740777434e-03	
2004	1.8900894224e-02	-6.3744664147e-03	
2005	1.8901080783e-02	-6.3737898884e-03	
2006	1.8900914943e-02	-6.3741786888e-03	
2007	1.8901102511e-02	-6.3735026675e-03	
2008	1.8900937761e-02	-6.3738916912e-03	
2009	1.8901126355e-02	-6.3732163029e-03	
2010	1.8900962712e-02	-6.3736056528e-03	
2011	1.8901152280e-02	-6.3729309415e-03	
2012	1.8900989683e-02	-6.3733206111e-03	
2013	1.8901180196e-02	-6.3726467203e-03	
2014	1.8901018643e-02	-6.3730367937e-03	
2015	1.8901210090e-02	-6.3723637273e-03	
2016	1.8901049565e-02	-6.3727543308e-03	
2017	1.8901241934e-02	-6.3720821805e-03	
2018	1.8901082411e-02	-6.3724733945e-03	
2019	1.8901275679e-02	-6.3718022401e-03	
2020	1.8901117141e-02	-6.3721941479e-03	
2021	1.8901311291e-02	-6.3715240721e-03	
2022	1.8901153716e-02	-6.3719167979e-03	
2023	1.8901348742e-02	-6.3712477912e-03	
2024	1.8901192111e-02	-6.3716414124e-03	
2025	1.8901387985e-02	-6.3709736422e-03	
2026	1.8901232286e-02	-6.3713681986e-03	
2027	1.8901428992e-02	-6.3707017445e-03	
2028	1.8901274208e-02	-6.3710973142e-03	
2029	1.8901471730e-02	-6.3704322548e-03	
2030	1.8901317846e-02	-6.3708289150e-03	
2031	1.8901516167e-02	-6.3701653264e-03	
2032	1.8901363168e-02	-6.3705631516e-03	
2033	1.8901562275e-02	-6.3699011047e-03	
2034	1.8901410146e-02	-6.3703001654e-03	
2035	1.8901609963e-02	-6.3696397337e-03	
2036	1.8901458647e-02	-6.3700400416e-03	
2037	1.8901659250e-02	-6.3693813341e-03	
2038	1.8901508777e-02	-6.3697830205e-03	
2039	1.8901710116e-02	-6.3691260630e-03	
2040	1.8901560465e-02	-6.3695291863e-03	
2041	1.8901762525e-02	-6.3688740448e-03	
2042	1.8901613691e-02	-6.3692786754e-03	
2043	1.8901816440e-02	-6.3686254025e-03	
2044	1.8901668399e-02	-6.3690315792e-03	
2045	1.8901871861e-02	-6.3683802341e-03	
2046	1.8901724597e-02	-6.3687880162e-03	
2047	1.8901928737e-02	-6.3681386514e-03	
2048	1.8901782242e-02	-6.3685480957e-03	
2049	1.8901987047e-02	-6.3679007602e-03	
2050	1.8901841305e-02	-6.3683119131e-03	
2051	1.8902046763e-02	-6.3676666482e-03	
2052	1.8901901761e-02	-6.3680795481e-03	
2053	1.8902107858e-02	-6.3674363918e-03	
2054	1.8901963581e-02	-6.3678510764e-03	
2055	1.8902170303e-02	-6.3672100627e-03	
2056	1.8902026735e-02	-6.3676265693e-03	
2057	1.8902234064e-02	-6.3669877323e-03	
2058	1.8902091220e-02	-6.3674060874e-03	
2059	1.8902299202e-02	-6.3667694797e-03	
2060	1.8902157072e-02	-6.3671896411e-03	
2061	1.8902365623e-02	-6.3665552817e-03	
2062	1.8902224158e-02	-6.3669773289e-03	
2063	1.8902433278e-02	-6.3663452024e-03	
2064	1.8902292469e-02	-6.3667691532e-03	
2065	1.8902502147e-02	-6.3661392726e-03	
2066	1.8902361979e-02	-6.3665651352e-03	
2067	1.8902572191e-02	-6.3659375005e-03	
2068	1.8902432644e-02	-6.3663652789e-03	
2069	1.8902643384e-02	-6.3657398953e-03	
2070	1.8902504457e-02	-6.3661695962e-03	
2071	1.8902715712e-02	-6.3655464594e-03	
2072	1.8902577375e-02	-6.3659780727e-03	
2073	1.8902789131e-02	-6.3653571763e-03	
2074	1.8902651373e-02	-6.3657906984e-03	
2075	1.8902863604e-02	-6.3651720190e-03	
2076	1.8902726408e-02	-6.3656074286e-03	
2077	1.8902939102e-02	-6.3649909882e-03	
2078	1.8902802448e-02	-6.3654282536e-03	
2079	1.8903015625e-02	-6.3648139101e-03	
2080	1.8902879487e-02	-6.3652530836e-03	
2081	1.8903093102e-02	-6.3646408907e-03	
2082	1.8902957482e-02	-6.3650818895e-03	
2083	1.8903171524e-02	-6.3644718143e-03	
2084	1.8903036403e-02	-6.3649146018e-03	
2085	1.8903250851e-02	-6.3643066083e-03	
2086	1.8903116215e-02	-6.3647511530e-03	
2087	1.8903331060e-02	-6.3641452014e-03	
2088	1.8903196893e-02	-6.3645914629e-03	
2089	1.8903412120e-02	-6.3639875097e-03	
2090	1.8903278431e-02	-6.3644353764e-03	
2091	1.8903493981e-02	-6.3638335080e-03	
2092	1.8903360756e-02	-6.3642829342e-03	
2093	1.8903576660e-02	-6.3636829695e-03	
2094	1.8903443864e-02	-6.3641339697e-03	
2095	1.8903660099e-02	-6.3635358997e-03	
2096	1.8903527737e-02	-6.3639883295e-03	
2097	1.8903744290e-02	-6.3633921044e-03	
2098	1.8903612333e-02	-6.3638459952e-03	
2099	1.8903829198e-02	-6.3632515125e-03	
2100	1.8903697630e-02	-6.3637068096e-03	
2101	1.8903914796e-02	-6.3631140060e-03	
2102	1.8903783603e-02	-6.3635706521e-03	
2103	1.8904001025e-02	-6.3629794336e-03	
2104	1.8903870140e-02	-6.3634373075e-03	
2105	1.8904087827e-02	-6.3628476235e-03	
2106	1.8903957315e-02	-6.3633067269e-03	
2107	1.8904175275e-02	-6.3627185357e-03	
2108	1.8904045076e-02	-6.3631787941e-03	
2109	1.8904263277e-02	-6.3625920287e-03	
2110	1.8904133413e-02	-6.3630533777e-03	
2111	1.8904351857e-02	-6.3624679711e-03	
2112	1.8904222309e-02	-6.3629303435e-03	
2113	1.8904440984e-02	-6.3623462317e-03	
2114	1.8904311741e-02	-6.3628095625e-03	
2115	1.8904530635e-02	-6.3622266814e-03	
2116	1.8904401687e-02	-6.3626909051e-03	
2117	1.8904620791e-02	-6.3621091914e-03	
2118	1.8904492128e-02	-6.3625742425e-03	
2119	1.8904711431e-02	-6.3619936302e-03	
2120	1.8904583042e-02	-6.3624594440e-03	
2121	1.8904802536e-02	-6.3618798695e-03	
2122	1.8904674411e-02	-6.3623463814e-03	
2123	1.8904894085e-02	-6.3617677821e-03	
2124	1.8904766217e-02	-6.3622349294e-03	
2125	1.8904986062e-02	-6.3616572440e-03	
2126	1.8904858441e-02	-6.3621249648e-03	
2127	1.8905078449e-02	-6.3615481336e-03	
2128	1.8904951067e-02	-6.3620163676e-03	
2129	1.8905171230e-02	-6.3614403336e-03	
2130	1.8905044079e-02	-6.3619090218e-03	
2131	1.8905264388e-02	-6.3613337281e-03	
2132	1.8905137461e-02	-6.3618028151e-03	
2133	1.8905357908e-02	-6.3612282078e-03	
2134	1.8905231198e-02	-6.3616976390e-03	
2135	1.8905451775e-02	-6.3611236673e-03	
2136	1.8905325275e-02	-6.3615933911e-03	
2137	1.8905545976e-02	-6.3610200055e-03	
2138	1.8905419679e-02	-6.3614899729e-03	
2139	1.8905640495e-02	-6.3609171275e-03	
2140	1.8905514395e-02	-6.3613872913e-03	
2141	1.8905735318e-02	-6.3608149426e-03	
2142	1.8905609408e-02	-6.3612852585e-03	
2143	1.8905830434e-02	-6.3607133677e-03	
2144	1.8905704707e-02	-6.3611837952e-03	
2145	1.8905925825e-02	-6.3606123237e-03	
2146	1.8905800276e-02	-6.3610828238e-03	
2147	1.8906021480e-02	-6.3605117365e-03	
2148	1.8905896100e-02	-6.3609822793e-03	
2149	1.8906117384e-02	-6.3604115428e-03	
2150	1.8905992166e-02	-6.3608820993e-03	
2151	1.8906213525e-02	-6.3603116885e-03	
2152	1.8906088463e-02	-6.3607822238e-03	
2153	1.8906309885e-02	-6.3602121098e-03	
2154	1.8906184971e-02	-6.3606826029e-03	
2155	1.8906406451e-02	-6.3601127656e-03	
2156	1.8906281679e-02	-6.3605831953e-03	
2157	1.8906503209e-02	-6.3600136159e-03	
2158	1.8906378570e-02	-6.3604839643e-03	
2159	1.8906600142e-02	-6.3599146277e-03	
2160	1.8906475630e-02	-6.3603848801e-03	
2161	1.8906697235e-02	-6.3598157739e-03	
2162	1.8906572842e-02	-6.3602859195e-03	
2163	1.8906794473e-02	-6.3597170344e-03	
2164	1.8906670183e-02	-6.3601870646e-03	
2165	1.8906891834e-02	-6.3596183976e-03	
2166	1.8906767662e-02	-6.3600883117e-03	
2167	1.8906989323e-02	-6.3595198586e-03	
2168	1.8906865243e-02	-6.3599896494e-03	
2169	1.8907086903e-02	-6.3594214149e-03	
2170	1.8906962908e-02	-6.3598910946e-03	
2171	1.8907184560e-02	-6.3593230720e-03	
2172	1.8907060666e-02	-6.3597925654e-03	
2173	1.8907282250e-02	-6.3592248845e-03	
2174	1.8907158446e-02	-6.3596942090e-03	
2175	1.8907380003e-02	-6.3591267567e-03	
2176	1.8907256254e-02	-6.3595959849e-03	
2177	1.8907477768e-02	-6.3590287755e-03	
2178	1.8907354064e-02	-6.3594979170e-03	
2179	1.8907575486e-02	-6.3589309167e-03	
2180	1.8907451757e-02	-6.3593999220e-03	
2181	1.8907673110e-02	-6.3588331671e-03	
2182	1.8907549419e-02	-6.3593021144e-03	
2183	1.8907770716e-02	-6.3587356417e-03	
2184	1.8907647047e-02	-6.3592045496e-03	
2185	1.8907868266e-02	-6.3586383811e-03	
2186	1.8907744602e-02	-6.3591072737e-03	
2187	1.8907965731e-02	-6.3585414324e-03	
2188	1.8907842060e-02	-6.3590103327e-03	
2189	1.8908063094e-02	-6.3584448471e-03	
2190	1.8907939402e-02	-6.3589137810e-03	
2191	1.8908160309e-02	-6.3583486664e-03	
2192	1.8908036581e-02	-6.3588176599e-03	
2193	1.8908257360e-02	-6.3582529511e-03	
2194	1.8908133585e-02	-6.3587220341e-03	
2195	1.8908354221e-02	-6.3581577595e-03	
2196	1.8908230385e-02	-6.3586269616e-03	
2197	1.8908450865e-02	-6.3580631510e-03	
2198	1.8908326954e-02	-6.3585325034e-03	
2199	1.8908547268e-02	-6.3579691928e-03	
2200	1.8908423277e-02	-6.3584387330e-03	
2201	1.8908643392e-02	-6.3578759386e-03	
2202	1.8908519269e-02	-6.3583456685e-03	
2203	1.8908739209e-02	-6.3577834443e-03	
2204	1.8908615005e-02	-6.3582534517e-03	
2205	1.8908834728e-02	-6.3576918268e-03	
2206	1.8908710374e-02	-6.3581621046e-03	
2207	1.8908929859e-02	-6.3576010914e-03	
2208	1.8908805368e-02	-6.3580716781e-03	
2209	1.8909024623e-02	-6.3575113358e-03	
2210	1.8908899974e-02	-6.3579822871e-03	
2211	1.8909118976e-02	-6.3574226467e-03	
2212	1.8908994170e-02	-6.3578939460e-03	
2213	1.8909212874e-02	-6.3573351157e-03	
2214	1.8909087902e-02	-6.3578068000e-03	
2215	1.8909306329e-02	-6.3572487341e-03	
2216	1.8909181157e-02	-6.3577208743e-03	
2217	1.8909399289e-02	-6.3571636092e-03	
2218	1.8909273903e-02	-6.3576362429e-03	
2219	1.8909491728e-02	-6.3570798137e-03	
2220	1.8909366115e-02	-6.3575529766e-03	
2221	1.8909583619e-02	-6.3569974194e-03	
2222	1.8909457763e-02	-6.3574711474e-03	
2223	1.8909674933e-02	-6.3569164919e-03	
2224	1.8909548822e-02	-6.3573908165e-03	
2225	1.8909765643e-02	-6.3568370995e-03	
2226	1.8909639263e-02	-6.3573120547e-03	
2227	1.8909855722e-02	-6.3567593075e-03	
2228	1.8909729060e-02	-6.3572349248e-03	
2229	1.8909945144e-02	-6.3566831829e-03	
2230	1.8909818186e-02	-6.3571594956e-03	
2231	1.8910033881e-02	-6.3566087869e-03	
2232	1.8909906614e-02	-6.3570858269e-03	
2233	1.8910121907e-02	-6.3565361821e-03	
2234	1.8909994319e-02	-6.3570139786e-03	
2235	1.8910209199e-02	-6.3564654273e-03	
2236	1.8910081275e-02	-6.3569440063e-03	
2237	1.8910295727e-02	-6.3563965879e-03	
2238	1.8910167456e-02	-6.3568759772e-03	
2239	1.8910381469e-02	-6.3563297091e-03	
2240	1.8910252841e-02	-6.3568099398e-03	
2241	1.8910466404e-02	-6.3562648483e-03	
2242	1.8910337406e-02	-6.3567459459e-03	
2243	1.8910550509e-02	-6.3562020555e-03	
2244	1.8910421132e-02	-6.3566840455e-03	
2245	1.8910633764e-02	-6.3561413799e-03	
2246	1.8910503996e-02	-6.3566242892e-03	
2247	1.8910716149e-02	-6.3560828722e-03	
2248	1.8910585993e-02	-6.3565666846e-03	
2249	1.8910797633e-02	-6.3560265956e-03	
2250	1.8910667080e-02	-6.3565113369e-03	
2251	1.8910878224e-02	-6.3559725367e-03	
2252	1.8910747254e-02	-6.3564582551e-03	
2253	1.8910957890e-02	-6.3559207625e-03	
2254	1.8910826497e-02	-6.3564074769e-03	
2255	1.8911036625e-02	-6.3558712897e-03	
2256	1.8910904791e-02	-6.3563590557e-03	
2257	1.8911114405e-02	-6.3558241886e-03	
2258	1.8910982133e-02	-6.3563129837e-03	
2259	1.8911191224e-02	-6.3557794706e-03	
2260	1.8911058509e-02	-6.3562693061e-03	
2261	1.8911267069e-02	-6.3557371602e-03	
2262	1.8911133908e-02	-6.3562280489e-03	
2263	1.8911341934e-02	-6.3556972827e-03	
2264	1.8911208322e-02	-6.3561892354e-03	
2265	1.8911415810e-02	-6.3556598571e-03	
2266	1.8911281745e-02	-6.3561528814e-03	
2267	1.8911488694e-02	-6.3556249002e-03	
2268	1.8911354172e-02	-6.3561190063e-03	
2269	1.8911560579e-02	-6.3555924307e-03	
