# y+ ()          
# Time           	patch            	min              	max              	average          
1                	Bottom	4.8122934149e+01	2.6862981438e+02	1.4930232589e+02
1                	Top	6.7556727200e+01	2.7272046685e+02	1.7228276810e+02
1                	e423_0	1.3209539525e+02	6.0195610361e+02	4.4669781200e+02
2                	Bottom	1.9793682756e+01	2.3553516767e+02	1.2824083346e+02
2                	Top	5.5426455892e+01	3.1708547940e+02	1.8134643769e+02
2                	e423_0	6.3199331907e+01	6.4676610043e+02	4.3954951353e+02
3                	Bottom	2.1518087602e+01	2.3921480942e+02	1.2341308371e+02
3                	Top	5.6703934456e+01	3.6157917327e+02	1.8090059478e+02
3                	e423_0	4.3295738059e+01	6.2883729335e+02	4.3524377364e+02
4                	Bottom	1.7356780970e+01	2.6675156267e+02	1.2252373713e+02
4                	Top	6.0763860695e+01	3.9074752508e+02	1.8244098866e+02
4                	e423_0	4.0255993461e+01	6.2596178190e+02	4.3119554832e+02
5                	Bottom	4.4719891467e+00	2.8029349884e+02	1.3872233684e+02
5                	Top	6.2374536078e+01	4.1127918217e+02	1.8535660738e+02
5                	e423_0	4.2459060337e+01	6.2346101967e+02	4.2747882787e+02
6                	Bottom	1.4260122792e+01	2.9204519459e+02	1.5201117247e+02
6                	Top	1.8757094626e+01	4.2849133803e+02	1.8491624641e+02
6                	e423_0	4.6595479497e+01	6.2839318987e+02	4.2430794954e+02
7                	Bottom	1.4714574322e+01	3.0867622573e+02	1.6427339829e+02
7                	Top	2.9932991237e+01	4.4202469114e+02	1.8768831448e+02
7                	e423_0	5.1044717767e+01	6.3485810535e+02	4.2176333907e+02
8                	Bottom	7.5177209396e+00	3.2468739100e+02	1.7178708617e+02
8                	Top	3.6809339023e+01	4.5221234876e+02	1.9096773525e+02
8                	e423_0	5.5317337671e+01	6.4174605373e+02	4.1969670152e+02
9                	Bottom	1.0522964802e+01	3.4010309543e+02	1.7601464804e+02
9                	Top	4.0522385023e+01	4.6227085398e+02	1.9403388459e+02
9                	e423_0	5.9365486433e+01	6.4814485125e+02	4.1797540563e+02
10               	Bottom	1.6362504539e+01	3.5423694115e+02	1.7890753117e+02
10               	Top	4.2660985039e+01	4.6945981416e+02	1.9727180989e+02
10               	e423_0	6.3261819534e+01	6.5342355162e+02	4.1638863352e+02
11               	Bottom	1.5353347560e+01	3.6647694960e+02	1.8209798967e+02
11               	Top	4.7716373773e+01	4.7130779422e+02	1.9997308539e+02
11               	e423_0	6.6928550772e+01	6.5790228199e+02	4.1499072533e+02
12               	Bottom	1.7031485995e+01	3.7583796667e+02	1.8366069436e+02
12               	Top	5.6302765472e+01	4.6872531148e+02	2.0174652774e+02
12               	e423_0	7.0354993946e+01	6.6196472503e+02	4.1380131577e+02
13               	Bottom	2.0240622943e+01	3.8168963556e+02	1.8354358817e+02
13               	Top	6.5288557339e+01	4.6242683206e+02	2.0242057143e+02
13               	e423_0	7.3700598879e+01	6.6568082430e+02	4.1287115658e+02
14               	Bottom	2.2874880738e+01	3.8353642890e+02	1.8232334787e+02
14               	Top	7.4477083371e+01	4.5321970802e+02	2.0215921689e+02
14               	e423_0	7.6968543872e+01	6.6894486474e+02	4.1219866712e+02
15               	Bottom	2.4972272299e+01	3.8076081495e+02	1.8035576283e+02
15               	Top	7.4608590195e+01	4.4166537687e+02	2.0114335933e+02
15               	e423_0	8.0123531770e+01	6.7175158290e+02	4.1180381984e+02
16               	Bottom	2.6643558207e+01	3.7315148296e+02	1.7782314416e+02
16               	Top	6.3955536739e+01	4.2801098933e+02	1.9944089479e+02
16               	e423_0	8.3127330361e+01	6.7434673655e+02	4.1162617961e+02
17               	Bottom	2.7775353380e+01	3.6098184206e+02	1.7484268820e+02
17               	Top	5.2232199533e+01	4.1258616832e+02	1.9728051023e+02
17               	e423_0	8.5999646535e+01	6.7672924199e+02	4.1167479617e+02
18               	Bottom	2.5110297504e+01	3.4479935335e+02	1.7156610079e+02
18               	Top	3.7318241237e+01	3.9551930314e+02	1.9479591493e+02
18               	e423_0	8.8807789007e+01	6.7894892668e+02	4.1186782972e+02
19               	Bottom	1.3292444853e+01	3.2572301169e+02	1.6844403773e+02
19               	Top	3.7211470329e+00	3.7726573590e+02	1.9118394041e+02
19               	e423_0	9.1534081498e+01	6.8104698949e+02	4.1214877713e+02
20               	Bottom	2.9655271867e+01	3.0440098329e+02	1.6697048063e+02
20               	Top	3.8203347093e+01	3.5819327157e+02	1.9124629592e+02
20               	e423_0	9.4148153178e+01	6.8300956745e+02	4.1248625333e+02
21               	Bottom	2.9732639880e+01	2.8123492305e+02	1.6496062501e+02
21               	Top	5.3479358290e+01	3.3823830544e+02	1.9023025560e+02
21               	e423_0	9.6662936296e+01	6.8484569602e+02	4.1286855795e+02
22               	Bottom	2.9516713571e+01	2.6505860954e+02	1.6272105818e+02
22               	Top	6.5893641729e+01	3.1749820297e+02	1.8911060901e+02
22               	e423_0	9.9521868899e+01	6.8659820096e+02	4.1317300502e+02
23               	Bottom	2.8967234130e+01	2.6972005445e+02	1.6027362055e+02
23               	Top	6.3294669384e+01	2.9613268838e+02	1.8794500831e+02
23               	e423_0	1.0204821475e+02	6.8830129659e+02	4.1333049647e+02
24               	Bottom	2.8199252971e+01	2.7423373324e+02	1.5731359897e+02
24               	Top	5.2482513623e+01	2.9752699397e+02	1.8662454898e+02
24               	e423_0	1.0435938647e+02	6.8984248222e+02	4.1336731868e+02
25               	Bottom	2.3493915156e+01	2.7858202135e+02	1.5282040331e+02
25               	Top	3.7456919725e+01	3.0218022699e+02	1.8487922812e+02
25               	e423_0	1.0649231928e+02	6.9140828653e+02	4.1328856025e+02
26               	Bottom	2.5767207204e+01	2.8275107933e+02	1.5570195808e+02
26               	Top	7.3089602612e+00	3.0654663791e+02	1.8209276990e+02
26               	e423_0	1.0852121489e+02	6.9297641657e+02	4.1300195384e+02
27               	Bottom	2.3880047459e+01	2.8682578819e+02	1.5604972227e+02
27               	Top	4.1054678643e+01	3.1199422785e+02	1.8256917950e+02
27               	e423_0	1.1026165850e+02	6.9461086324e+02	4.1245186413e+02
28               	Bottom	9.9699577626e+00	2.9080425781e+02	1.5427666267e+02
28               	Top	5.8704870457e+01	3.1720457221e+02	1.8148440895e+02
28               	e423_0	1.1172316769e+02	6.9641601442e+02	4.1174690084e+02
29               	Bottom	1.8873588481e+01	2.9468590081e+02	1.5934771800e+02
29               	Top	4.7545135048e+01	3.2228649227e+02	1.8126400378e+02
29               	e423_0	1.1305144054e+02	6.9825325731e+02	4.1093881949e+02
30               	Bottom	1.5967397739e+01	2.9846457050e+02	1.6452908011e+02
30               	Top	4.8194467498e+01	3.2714221907e+02	1.8389153349e+02
30               	e423_0	1.1421603073e+02	7.0008202435e+02	4.1001861408e+02
31               	Bottom	1.2149067972e+01	3.0211627426e+02	1.6867124117e+02
31               	Top	3.1031153623e+01	3.3178218408e+02	1.8489058640e+02
31               	e423_0	1.1500204522e+02	7.0180976017e+02	4.0900145545e+02
32               	Bottom	5.1362878150e+00	3.0659428058e+02	1.7190467012e+02
32               	Top	2.1756934763e+01	3.3621176775e+02	1.8491271734e+02
32               	e423_0	1.1573896497e+02	7.0340586372e+02	4.0792279348e+02
33               	Bottom	8.4973144955e+00	3.1124322545e+02	1.7484578384e+02
33               	Top	4.4760410532e+01	3.4042383019e+02	1.9021519745e+02
33               	e423_0	1.1641937464e+02	7.0484301913e+02	4.0680009829e+02
34               	Bottom	7.7509617331e+00	3.1569172059e+02	1.7642119049e+02
34               	Top	5.8135226392e+01	3.4433422262e+02	1.9595383016e+02
34               	e423_0	1.1698147198e+02	7.0628181833e+02	4.0567026885e+02
35               	Bottom	8.4618510467e+00	3.1990406451e+02	1.8039853378e+02
35               	Top	4.6131630939e+01	3.4791705742e+02	2.0053843508e+02
35               	e423_0	1.1721599512e+02	7.0788905776e+02	4.0454081826e+02
36               	Bottom	5.2961693192e+00	3.2378846312e+02	1.8372416573e+02
36               	Top	2.6307645354e+01	3.5121110649e+02	2.0411962231e+02
36               	e423_0	1.1769340054e+02	7.0962547839e+02	4.0344459907e+02
37               	Bottom	3.0756398100e+00	3.2728922632e+02	1.8708559652e+02
37               	Top	3.0465715813e+01	3.5421413158e+02	2.0872488005e+02
37               	e423_0	1.1832233188e+02	7.1138556511e+02	4.0240016117e+02
38               	Bottom	2.1419443403e+00	3.3046100686e+02	1.9055819062e+02
38               	Top	5.2350514599e+01	3.5689046639e+02	2.1398926962e+02
38               	e423_0	1.1901898991e+02	7.1307781672e+02	4.0140664543e+02
39               	Bottom	1.6941971429e+00	3.3310423886e+02	1.9334625828e+02
39               	Top	6.2055055108e+01	3.5919747795e+02	2.1852912260e+02
39               	e423_0	1.1966655828e+02	7.1470500872e+02	4.0047931666e+02
40               	Bottom	1.5589501347e+00	3.3519296058e+02	1.9686847725e+02
40               	Top	4.7205354169e+01	3.6205130705e+02	2.2246280896e+02
40               	e423_0	1.2031390829e+02	7.1624605350e+02	3.9963095832e+02
41               	Bottom	1.5613421615e+00	3.3675128038e+02	2.0129473852e+02
41               	Top	1.8239092814e+01	3.6520249875e+02	2.2538050510e+02
41               	e423_0	1.2087617990e+02	7.1769300005e+02	3.9886275319e+02
42               	Bottom	5.0286194815e+00	3.3776554015e+02	2.0380945908e+02
42               	Top	4.2261274140e+01	3.6786490540e+02	2.3092708816e+02
42               	e423_0	1.2122477482e+02	7.1903256631e+02	3.9815939474e+02
43               	Bottom	1.0278520891e+01	3.4495291512e+02	2.0457964819e+02
43               	Top	3.3990017598e+01	3.7004600527e+02	2.3581847866e+02
43               	e423_0	1.2157319183e+02	7.2028435028e+02	3.9752899072e+02
44               	Bottom	2.2176939280e+01	3.6278818747e+02	2.1249578229e+02
44               	Top	3.5967580032e+01	3.7189430858e+02	2.4176519661e+02
44               	e423_0	1.2191812709e+02	7.2145542323e+02	3.9696848141e+02
45               	Bottom	3.5405188946e+01	3.8336697507e+02	2.1996300162e+02
45               	Top	6.2605235508e+01	3.7324753810e+02	2.4887122089e+02
45               	e423_0	1.2225042962e+02	7.2253278419e+02	3.9646959282e+02
46               	Bottom	1.8733102975e+01	4.0437894457e+02	2.2459071266e+02
46               	Top	6.5150890603e+01	3.7863751672e+02	2.5553497052e+02
46               	e423_0	1.2332461699e+02	7.2352072468e+02	3.9603614962e+02
47               	Bottom	3.9994545763e+01	4.2458891154e+02	2.3287668646e+02
47               	Top	6.3363635382e+01	3.9770856683e+02	2.6191055311e+02
47               	e423_0	1.2625442895e+02	7.2444799371e+02	3.9569968730e+02
48               	Bottom	5.2920163884e+01	4.4348979233e+02	2.4010070285e+02
48               	Top	6.1135881946e+01	4.1783075430e+02	2.6772032522e+02
48               	e423_0	1.2817568989e+02	7.2541270628e+02	3.9540304178e+02
49               	Bottom	5.7581716385e+01	4.6154419882e+02	2.4711388298e+02
49               	Top	5.8673295214e+01	4.3845602970e+02	2.7317248732e+02
49               	e423_0	1.2990235108e+02	7.2635201733e+02	3.9515921852e+02
50               	Bottom	5.3014397484e+01	4.7882662505e+02	2.5324567775e+02
50               	Top	5.6005994413e+01	4.6085292890e+02	2.7853022614e+02
50               	e423_0	1.3145011359e+02	7.2730164351e+02	3.9496290879e+02
51               	Bottom	4.6655276810e+01	4.9734644275e+02	2.5864450680e+02
51               	Top	5.3438215094e+01	4.8225293039e+02	2.8371034330e+02
51               	e423_0	1.3286804152e+02	7.2827621319e+02	3.9480850424e+02
52               	Bottom	2.8563364411e+01	5.1789795393e+02	2.6248740626e+02
52               	Top	4.9555841714e+01	5.0079306450e+02	2.8829008187e+02
52               	e423_0	1.3421437655e+02	7.2927690931e+02	3.9469142125e+02
53               	Bottom	5.5191359515e+01	5.3672943606e+02	2.6743344641e+02
53               	Top	4.6397614159e+01	5.2141427609e+02	2.9210411329e+02
53               	e423_0	1.3547179157e+02	7.3028923946e+02	3.9460649092e+02
54               	Bottom	6.0803389732e+01	5.5425880172e+02	2.7053791458e+02
54               	Top	4.4133659191e+01	5.4097397002e+02	2.9545394573e+02
54               	e423_0	1.3663580855e+02	7.3129797199e+02	3.9454850860e+02
55               	Bottom	6.1849535334e+01	5.7180825725e+02	2.7300944221e+02
55               	Top	4.2379985337e+01	5.5992103063e+02	2.9845136810e+02
55               	e423_0	1.3770609933e+02	7.3228857404e+02	3.9451537990e+02
56               	Bottom	6.2569349044e+01	5.8991781694e+02	2.7512194912e+02
56               	Top	4.1121210541e+01	5.7946262030e+02	3.0119316590e+02
56               	e423_0	1.3869649766e+02	7.3324693400e+02	3.9450261331e+02
57               	Bottom	6.2886312945e+01	6.0750404771e+02	2.7688418383e+02
57               	Top	4.0173737307e+01	5.9865109840e+02	3.0356732216e+02
57               	e423_0	1.3961033307e+02	7.3416270097e+02	3.9450654181e+02
58               	Bottom	6.2796040140e+01	6.2387517225e+02	2.7813048994e+02
58               	Top	3.9598128989e+01	6.1686016389e+02	3.0549025697e+02
58               	e423_0	1.4043900857e+02	7.3503132996e+02	3.9452492046e+02
59               	Bottom	6.2418609539e+01	6.3781272400e+02	2.7873219952e+02
59               	Top	3.9434566787e+01	6.3326585148e+02	3.0686258801e+02
59               	e423_0	1.4116164916e+02	7.3585013086e+02	3.9455494109e+02
60               	Bottom	6.1873338280e+01	6.4838115030e+02	2.7874176810e+02
60               	Top	3.9618453978e+01	6.4683507393e+02	3.0767704995e+02
60               	e423_0	1.4183028815e+02	7.3661274240e+02	3.9459365154e+02
61               	Bottom	6.1179503356e+01	6.5540290545e+02	2.7824661770e+02
61               	Top	4.0050174896e+01	6.5737513079e+02	3.0790823086e+02
61               	e423_0	1.4246629191e+02	7.3732325643e+02	3.9464008465e+02
62               	Bottom	6.0389761933e+01	6.5846482785e+02	2.7718699308e+02
62               	Top	4.0823337164e+01	6.6481990412e+02	3.0762332856e+02
62               	e423_0	1.4306346380e+02	7.3798222954e+02	3.9469308457e+02
63               	Bottom	5.9453975508e+01	6.5628640186e+02	2.7552413467e+02
63               	Top	4.1861064151e+01	6.6977441383e+02	3.0688068593e+02
63               	e423_0	1.4360789142e+02	7.3859150552e+02	3.9475226575e+02
64               	Bottom	5.8373102486e+01	6.5216375225e+02	2.7349375743e+02
64               	Top	4.3172090922e+01	6.7215783587e+02	3.0565036114e+02
64               	e423_0	1.4408649691e+02	7.3915453197e+02	3.9481751069e+02
65               	Bottom	5.4654429643e+01	6.4530500119e+02	2.7111932715e+02
65               	Top	4.4608421350e+01	6.7173686348e+02	3.0397008804e+02
65               	e423_0	1.4447081720e+02	7.3967510268e+02	3.9488802202e+02
66               	Bottom	5.0094712875e+01	6.3676728249e+02	2.6806480489e+02
66               	Top	4.6145374964e+01	6.6891467703e+02	3.0190880903e+02
66               	e423_0	1.4475161204e+02	7.4015417412e+02	3.9496199062e+02
67               	Bottom	4.1549873135e+01	6.2684062575e+02	2.6448183788e+02
67               	Top	4.8966090725e+01	6.6391448503e+02	2.9953827530e+02
67               	e423_0	1.4496879087e+02	7.4059353226e+02	3.9503782899e+02
68               	Bottom	3.5281457515e+01	6.1552470237e+02	2.6086163320e+02
68               	Top	5.2349275886e+01	6.5689518599e+02	2.9689481233e+02
68               	e423_0	1.4514807621e+02	7.4099737649e+02	3.9511483783e+02
69               	Bottom	4.7723708303e+01	6.0302738926e+02	2.5803077130e+02
69               	Top	5.3462805993e+01	6.4767236927e+02	2.9393877747e+02
69               	e423_0	1.4529541329e+02	7.4136281325e+02	3.9519217133e+02
70               	Bottom	4.6942398918e+01	5.9043117173e+02	2.5429365797e+02
70               	Top	5.4857524166e+01	6.3547789039e+02	2.9076053643e+02
70               	e423_0	1.4540813142e+02	7.4168975820e+02	3.9526900893e+02
71               	Bottom	4.5464384743e+01	5.7713702342e+02	2.5020882481e+02
71               	Top	5.6048888972e+01	6.2119696857e+02	2.8742382299e+02
71               	e423_0	1.4548288325e+02	7.4198024365e+02	3.9534473826e+02
72               	Bottom	4.3610121569e+01	5.6313206148e+02	2.4602140168e+02
72               	Top	5.7319593276e+01	6.0530894459e+02	2.8401117897e+02
72               	e423_0	1.4551914532e+02	7.4223642195e+02	3.9541847836e+02
73               	Bottom	3.9396013439e+01	5.4930287111e+02	2.4172902765e+02
73               	Top	5.8524636408e+01	5.8877728477e+02	2.8069313858e+02
73               	e423_0	1.4551914009e+02	7.4246025837e+02	3.9548982988e+02
74               	Bottom	2.6061029453e+01	5.3620326931e+02	2.3734149562e+02
74               	Top	5.9812349440e+01	5.7331106256e+02	2.7751540883e+02
74               	e423_0	1.4548652794e+02	7.4265359704e+02	3.9555844897e+02
75               	Bottom	1.7171703709e+01	5.2413351178e+02	2.3340022050e+02
75               	Top	6.0712978110e+01	5.5874563200e+02	2.7434232922e+02
75               	e423_0	1.4542497850e+02	7.4281818687e+02	3.9562427131e+02
76               	Bottom	2.9307501606e+01	5.1410255475e+02	2.3271155406e+02
76               	Top	6.1388721751e+01	5.4455451607e+02	2.7122048731e+02
76               	e423_0	1.4533820852e+02	7.4295567988e+02	3.9568734968e+02
77               	Bottom	3.0110997535e+01	5.0338483058e+02	2.3105536692e+02
77               	Top	6.1991442634e+01	5.3085397588e+02	2.6829346266e+02
77               	e423_0	1.4522957931e+02	7.4306800644e+02	3.9574782022e+02
78               	Bottom	2.0395113960e+01	4.9256752547e+02	2.2877563222e+02
78               	Top	6.2595342560e+01	5.1804673219e+02	2.6557747522e+02
78               	e423_0	1.4510310598e+02	7.4315670416e+02	3.9580594937e+02
79               	Bottom	1.1856002753e+01	4.8235624986e+02	2.2635044304e+02
79               	Top	6.3125881467e+01	5.0587408396e+02	2.6306587206e+02
79               	e423_0	1.4496230446e+02	7.4322304638e+02	3.9586200620e+02
80               	Bottom	6.3107292867e+00	4.7298031986e+02	2.2419223808e+02
80               	Top	6.3606235504e+01	4.9517735451e+02	2.6081177616e+02
80               	e423_0	1.4481089460e+02	7.4326842294e+02	3.9591629752e+02
81               	Bottom	3.6719470876e+00	4.6435388155e+02	2.2268233010e+02
81               	Top	6.4029410936e+01	4.8583390207e+02	2.5882271621e+02
81               	e423_0	1.4465264704e+02	7.4329448188e+02	3.9596911456e+02
82               	Bottom	2.3990982479e+00	4.5653637040e+02	2.2167858099e+02
82               	Top	6.4386215701e+01	4.7891502715e+02	2.5712406642e+02
82               	e423_0	1.4449120646e+02	7.4330297892e+02	3.9602074227e+02
83               	Bottom	1.8317824766e+00	4.4916670488e+02	2.2026075065e+02
83               	Top	6.4662797001e+01	4.7334935326e+02	2.5564856431e+02
83               	e423_0	1.4433008689e+02	7.4329588742e+02	3.9607139220e+02
84               	Bottom	1.6192962185e+00	4.4282914827e+02	2.1962236884e+02
84               	Top	6.4882685787e+01	4.6854296886e+02	2.5439115095e+02
84               	e423_0	1.4417257973e+02	7.4327533621e+02	3.9612126144e+02
85               	Bottom	1.5364179043e+00	4.3833943384e+02	2.1944445531e+02
85               	Top	6.5051279447e+01	4.6448837792e+02	2.5340260415e+02
85               	e423_0	1.4402153108e+02	7.4324359434e+02	3.9617050306e+02
86               	Bottom	1.5005462994e+00	4.3496387146e+02	2.1945825750e+02
86               	Top	6.5174888456e+01	4.6123208884e+02	2.5266973099e+02
86               	e423_0	1.4387967492e+02	7.4320282802e+02	3.9621925691e+02
87               	Bottom	1.4818736278e+00	4.3228240448e+02	2.1958603337e+02
87               	Top	6.5248224563e+01	4.5856917701e+02	2.5215277464e+02
87               	e423_0	1.4374929095e+02	7.4315525388e+02	3.9626766590e+02
88               	Bottom	1.4703179560e+00	4.3019563267e+02	2.1978263924e+02
88               	Top	6.5276158367e+01	4.5644229777e+02	2.5184677033e+02
88               	e423_0	1.4363228379e+02	7.4310301133e+02	3.9631570429e+02
89               	Bottom	1.4626029236e+00	4.2843214657e+02	2.2008932472e+02
89               	Top	6.5260415120e+01	4.5446924293e+02	2.5175292288e+02
89               	e423_0	1.4353022758e+02	7.4304823663e+02	3.9636340951e+02
90               	Bottom	1.4576224032e+00	4.2710338327e+02	2.2049330233e+02
90               	Top	6.5213255101e+01	4.5312671951e+02	2.5185345622e+02
90               	e423_0	1.4344590728e+02	7.4299277163e+02	3.9641078387e+02
91               	Bottom	1.4547877354e+00	4.2624281745e+02	2.2098592288e+02
91               	Top	6.5143156591e+01	4.5250680713e+02	2.5213475798e+02
91               	e423_0	1.4337823492e+02	7.4293952044e+02	3.9645789514e+02
92               	Bottom	1.4536439986e+00	4.2603540449e+02	2.2153937345e+02
92               	Top	6.5055029406e+01	4.5247810872e+02	2.5258690501e+02
92               	e423_0	1.4332703440e+02	7.4288957887e+02	3.9650471577e+02
93               	Bottom	1.4538624086e+00	4.2632428016e+02	2.2214441573e+02
93               	Top	6.4951622490e+01	4.5316556001e+02	2.5314918324e+02
93               	e423_0	1.4329301135e+02	7.4284409713e+02	3.9655107415e+02
94               	Bottom	1.4552067734e+00	4.2697487831e+02	2.2279612758e+02
94               	Top	6.4835739780e+01	4.5403761189e+02	2.5376069150e+02
94               	e423_0	1.4327580741e+02	7.4280435027e+02	3.9659678504e+02
95               	Bottom	1.4574869912e+00	4.2789823135e+02	2.2349910870e+02
95               	Top	6.4700274646e+01	4.5481714091e+02	2.5437216962e+02
95               	e423_0	1.4327528521e+02	7.4277138546e+02	3.9664164545e+02
96               	Bottom	1.4606299103e+00	4.2967077236e+02	2.2423032609e+02
96               	Top	6.4552221148e+01	4.5527881632e+02	2.5492856073e+02
96               	e423_0	1.4329165450e+02	7.4274600053e+02	3.9668562988e+02
97               	Bottom	1.4645249197e+00	4.3158359360e+02	2.2496758690e+02
97               	Top	6.4403921727e+01	4.5547556190e+02	2.5546712182e+02
97               	e423_0	1.4332462606e+02	7.4272873831e+02	3.9672861859e+02
98               	Bottom	1.4689392301e+00	4.3338156349e+02	2.2567393578e+02
98               	Top	6.4253754693e+01	4.5546287187e+02	2.5601637947e+02
98               	e423_0	1.4337340425e+02	7.4272006360e+02	3.9677041759e+02
99               	Bottom	1.4736998068e+00	4.3486678355e+02	2.2632200986e+02
99               	Top	6.4108580085e+01	4.5551603336e+02	2.5656972157e+02
99               	e423_0	1.4343592503e+02	7.4272026636e+02	3.9681082892e+02
100              	Bottom	1.4786259803e+00	4.3585661992e+02	2.2690057144e+02
100              	Top	6.3969226173e+01	4.5568502827e+02	2.5712607248e+02
100              	e423_0	1.4351046033e+02	7.4272941067e+02	3.9684970246e+02
101              	Bottom	1.4835577177e+00	4.3674235608e+02	2.2745264321e+02
101              	Top	6.3830810785e+01	4.5594434949e+02	2.5767197548e+02
101              	e423_0	1.4359580237e+02	7.4274751509e+02	3.9688686880e+02
102              	Bottom	1.4884726711e+00	4.3764555151e+02	2.2799247370e+02
102              	Top	6.3693250925e+01	4.5626288392e+02	2.5820814309e+02
102              	e423_0	1.4369099605e+02	7.4277445524e+02	3.9692220363e+02
103              	Bottom	1.4934581698e+00	4.3847105346e+02	2.2850894998e+02
103              	Top	6.3557503520e+01	4.5676905759e+02	2.5874447720e+02
103              	e423_0	1.4379499199e+02	7.4280994139e+02	3.9695560103e+02
104              	Bottom	1.4985144414e+00	4.3926991100e+02	2.2900134493e+02
104              	Top	6.3425021689e+01	4.5732640721e+02	2.5926405906e+02
104              	e423_0	1.4390659362e+02	7.4285356087e+02	3.9698700629e+02
105              	Bottom	1.5035638107e+00	4.4000374856e+02	2.2946435373e+02
105              	Top	6.3300068818e+01	4.5779574334e+02	2.5974983636e+02
105              	e423_0	1.4402451778e+02	7.4290479945e+02	3.9701633895e+02
106              	Bottom	1.5084672051e+00	4.4059449395e+02	2.2989543279e+02
106              	Top	6.3163309436e+01	4.5816217239e+02	2.6019983712e+02
106              	e423_0	1.4414748747e+02	7.4296308185e+02	3.9704359719e+02
107              	Bottom	1.5131620117e+00	4.4101549495e+02	2.3030035096e+02
107              	Top	6.3034614166e+01	4.5846803640e+02	2.6062805571e+02
107              	e423_0	1.4427431300e+02	7.4302775112e+02	3.9706873890e+02
108              	Bottom	1.5177420143e+00	4.4132646272e+02	2.3067700632e+02
108              	Top	6.2903379969e+01	4.5880511869e+02	2.6103746735e+02
108              	e423_0	1.4440395930e+02	7.4309815449e+02	3.9709178514e+02
109              	Bottom	1.5222537533e+00	4.4165018242e+02	2.3103236899e+02
109              	Top	6.2798377934e+01	4.5916226784e+02	2.6143005354e+02
109              	e423_0	1.4453705579e+02	7.4317356703e+02	3.9711272691e+02
110              	Bottom	1.5266554302e+00	4.4208669596e+02	2.3138121723e+02
110              	Top	6.2692793773e+01	4.5956151837e+02	2.6181001383e+02
110              	e423_0	1.4467008153e+02	7.4325434771e+02	3.9713182967e+02
111              	Bottom	1.5309512520e+00	4.4260578694e+02	2.3172482622e+02
111              	Top	6.2585300890e+01	4.6001969375e+02	2.6218338983e+02
111              	e423_0	1.4480227111e+02	7.4333883824e+02	3.9714907385e+02
112              	Bottom	1.5351464434e+00	4.4328569454e+02	2.3206018582e+02
112              	Top	6.2479897525e+01	4.6052844070e+02	2.6255179628e+02
112              	e423_0	1.4493331435e+02	7.4342631742e+02	3.9716453944e+02
113              	Bottom	1.5391804279e+00	4.4417060971e+02	2.3238674378e+02
113              	Top	6.2377844269e+01	4.6107774932e+02	2.6291239879e+02
113              	e423_0	1.4506271799e+02	7.4351613841e+02	3.9717827217e+02
114              	Bottom	1.5430495179e+00	4.4510586753e+02	2.3270489344e+02
114              	Top	6.2279851741e+01	4.6164725287e+02	2.6326243172e+02
114              	e423_0	1.4518997118e+02	7.4360757636e+02	3.9719037980e+02
115              	Bottom	1.5467754782e+00	4.4608506448e+02	2.3301410809e+02
115              	Top	6.2184677872e+01	4.6222801236e+02	2.6360115512e+02
115              	e423_0	1.4531434726e+02	7.4369996733e+02	3.9720097316e+02
116              	Bottom	1.5503590189e+00	4.4709017996e+02	2.3331220819e+02
116              	Top	6.2093677152e+01	4.6282250664e+02	2.6392843533e+02
116              	e423_0	1.4543531234e+02	7.4379265721e+02	3.9721017691e+02
117              	Bottom	1.5537704509e+00	4.4804874787e+02	2.3359628208e+02
117              	Top	6.2007896912e+01	4.6343388728e+02	2.6424484336e+02
117              	e423_0	1.4555244637e+02	7.4388506169e+02	3.9721811299e+02
118              	Bottom	1.5569797335e+00	4.4898902526e+02	2.3386906316e+02
118              	Top	6.1925002773e+01	4.6406834635e+02	2.6455032078e+02
118              	e423_0	1.4566543995e+02	7.4397666954e+02	3.9722490154e+02
119              	Bottom	1.5600115849e+00	4.4993134185e+02	2.3413469199e+02
119              	Top	6.1845811471e+01	4.6472208193e+02	2.6484255535e+02
119              	e423_0	1.4577406000e+02	7.4406703664e+02	3.9723066579e+02
120              	Bottom	1.5628749345e+00	4.5094807960e+02	2.3439563969e+02
120              	Top	6.1770997972e+01	4.6537319695e+02	2.6511804022e+02
120              	e423_0	1.4587811532e+02	7.4415575445e+02	3.9723553013e+02
121              	Bottom	1.5655383036e+00	4.5195191129e+02	2.3463871523e+02
121              	Top	6.1703105045e+01	4.6599889888e+02	2.6537336410e+02
121              	e423_0	1.4597750431e+02	7.4424252438e+02	3.9723961622e+02
122              	Bottom	1.5679309703e+00	4.5292387699e+02	2.3486345744e+02
122              	Top	6.1640164920e+01	4.6657185117e+02	2.6560527051e+02
122              	e423_0	1.4607207131e+02	7.4432705926e+02	3.9724303800e+02
123              	Bottom	1.5700782946e+00	4.5384804721e+02	2.3507116629e+02
123              	Top	6.1581323968e+01	4.6708236096e+02	2.6581424023e+02
123              	e423_0	1.4616192409e+02	7.4440909010e+02	3.9724590591e+02
124              	Bottom	1.5719873897e+00	4.5472688641e+02	2.3526361499e+02
124              	Top	6.1522865282e+01	4.6753883406e+02	2.6600189871e+02
124              	e423_0	1.4624705757e+02	7.4448842021e+02	3.9724831582e+02
125              	Bottom	1.5736980086e+00	4.5553193215e+02	2.3543180748e+02
125              	Top	6.1470583459e+01	4.6795125680e+02	2.6616951045e+02
125              	e423_0	1.4632736715e+02	7.4456492439e+02	3.9725035586e+02
126              	Bottom	1.5751644798e+00	4.5624434213e+02	2.3557942724e+02
126              	Top	6.1422566142e+01	4.6832762497e+02	2.6632009835e+02
126              	e423_0	1.4640297520e+02	7.4463844937e+02	3.9725210835e+02
127              	Bottom	1.5764005288e+00	4.5689159208e+02	2.3570946117e+02
127              	Top	6.1380386058e+01	4.6870206743e+02	2.6645694678e+02
127              	e423_0	1.4647386943e+02	7.4470892484e+02	3.9725364750e+02
128              	Bottom	1.5773945686e+00	4.5748054952e+02	2.3582043931e+02
128              	Top	6.1340815863e+01	4.6908249906e+02	2.6657816452e+02
128              	e423_0	1.4654450162e+02	7.4477617877e+02	3.9725495836e+02
129              	Bottom	1.5781908276e+00	4.5798593027e+02	2.3591567633e+02
129              	Top	6.1304814856e+01	4.6946164792e+02	2.6668290907e+02
129              	e423_0	1.4660789337e+02	7.4484041868e+02	3.9725614178e+02
130              	Bottom	1.5788248987e+00	4.5841111769e+02	2.3599516043e+02
130              	Top	6.1273724954e+01	4.6983324828e+02	2.6677064501e+02
130              	e423_0	1.4666606981e+02	7.4490062046e+02	3.9725722942e+02
131              	Bottom	1.5792644925e+00	4.5876670343e+02	2.3606067618e+02
131              	Top	6.1247501553e+01	4.7019376329e+02	2.6684167924e+02
131              	e423_0	1.4672015955e+02	7.4495691514e+02	3.9725827060e+02
132              	Bottom	1.5794550526e+00	4.5906035830e+02	2.3611109048e+02
132              	Top	6.1225221912e+01	4.7054129705e+02	2.6689919571e+02
132              	e423_0	1.4676989871e+02	7.4500951043e+02	3.9725930048e+02
133              	Bottom	1.5794238412e+00	4.5928480374e+02	2.3614922930e+02
133              	Top	6.1206472290e+01	4.7083820299e+02	2.6693838469e+02
133              	e423_0	1.4684171851e+02	7.4505840191e+02	3.9726078617e+02
134              	Bottom	1.5792436951e+00	4.5947085828e+02	2.3617468114e+02
134              	Top	6.1192353281e+01	4.7110697825e+02	2.6696125864e+02
134              	e423_0	1.4691805726e+02	7.4510409622e+02	3.9726282602e+02
135              	Bottom	1.5789020935e+00	4.5961650310e+02	2.3618811291e+02
135              	Top	6.1182373856e+01	4.7134331778e+02	2.6696810834e+02
135              	e423_0	1.4698937088e+02	7.4514812496e+02	3.9726544639e+02
136              	Bottom	1.5784163616e+00	4.5971634484e+02	2.3618994189e+02
136              	Top	6.1176292417e+01	4.7154255096e+02	2.6695945789e+02
136              	e423_0	1.4705233693e+02	7.4519172121e+02	3.9726865481e+02
137              	Bottom	1.5778122515e+00	4.5976621624e+02	2.3618017315e+02
137              	Top	6.1174359358e+01	4.7170226838e+02	2.6693538356e+02
137              	e423_0	1.4710748552e+02	7.4523545896e+02	3.9727244833e+02
138              	Bottom	1.5770932433e+00	4.5978088934e+02	2.3616117871e+02
138              	Top	6.1176061677e+01	4.7181756438e+02	2.6689676610e+02
138              	e423_0	1.4715645524e+02	7.4527950981e+02	3.9727679965e+02
139              	Bottom	1.5761966214e+00	4.5976306793e+02	2.3613682023e+02
139              	Top	6.1180615074e+01	4.7188490347e+02	2.6684361812e+02
139              	e423_0	1.4720066443e+02	7.4532352329e+02	3.9728169220e+02
140              	Bottom	1.5751473030e+00	4.5967112598e+02	2.3610002436e+02
140              	Top	6.1188321361e+01	4.7187606745e+02	2.6677831389e+02
140              	e423_0	1.4724086414e+02	7.4536697862e+02	3.9728708040e+02
141              	Bottom	1.5739650468e+00	4.5954703239e+02	2.3605644004e+02
141              	Top	6.1198759793e+01	4.7183752667e+02	2.6670404268e+02
141              	e423_0	1.4727735145e+02	7.4540918392e+02	3.9729291085e+02
142              	Bottom	1.5726774210e+00	4.5940387933e+02	2.3600750362e+02
142              	Top	6.1211303257e+01	4.7177588984e+02	2.6662146938e+02
142              	e423_0	1.4731022129e+02	7.4544953907e+02	3.9729911891e+02
143              	Bottom	1.5713037744e+00	4.5923671153e+02	2.3595431041e+02
143              	Top	6.1225682126e+01	4.7168827950e+02	2.6653148274e+02
143              	e423_0	1.4733958816e+02	7.4548756649e+02	3.9730563815e+02
144              	Bottom	1.5698653862e+00	4.5904979080e+02	2.3589834727e+02
144              	Top	6.1241541740e+01	4.7157435915e+02	2.6643533289e+02
144              	e423_0	1.4736564571e+02	7.4552298222e+02	3.9731240219e+02
145              	Bottom	1.5683782584e+00	4.5885065692e+02	2.3584100830e+02
145              	Top	6.1258544700e+01	4.7143677846e+02	2.6633414653e+02
145              	e423_0	1.4738865136e+02	7.4555568059e+02	3.9731934807e+02
146              	Bottom	1.5668571234e+00	4.5864446720e+02	2.3578227347e+02
146              	Top	6.1276543400e+01	4.7127960568e+02	2.6622930616e+02
146              	e423_0	1.4740888514e+02	7.4558569386e+02	3.9732641843e+02
147              	Bottom	1.5653130153e+00	4.5843138844e+02	2.3572297786e+02
147              	Top	6.1295255299e+01	4.7110627451e+02	2.6612160548e+02
147              	e423_0	1.4742662087e+02	7.4561314291e+02	3.9733356321e+02
148              	Bottom	1.5637544724e+00	4.5821729052e+02	2.3566465930e+02
148              	Top	6.1314119774e+01	4.7092236566e+02	2.6601298185e+02
148              	e423_0	1.4744211148e+02	7.4563819139e+02	3.9734073983e+02
149              	Bottom	1.5622017600e+00	4.5800683585e+02	2.3560764101e+02
149              	Top	6.1333186075e+01	4.7073277388e+02	2.6590435642e+02
149              	e423_0	1.4745558956e+02	7.4566101594e+02	3.9734791362e+02
150              	Bottom	1.5606639619e+00	4.5780204391e+02	2.3555247035e+02
150              	Top	6.1352253034e+01	4.7054171820e+02	2.6579669998e+02
150              	e423_0	1.4746727333e+02	7.4568178837e+02	3.9735505671e+02
151              	Bottom	1.5591483295e+00	4.5760349116e+02	2.3549964700e+02
151              	Top	6.1371085532e+01	4.7035023443e+02	2.6569080447e+02
151              	e423_0	1.4747736787e+02	7.4570067542e+02	3.9736214848e+02
152              	Bottom	1.5576636358e+00	4.5740982813e+02	2.3544964063e+02
152              	Top	6.1389585256e+01	4.7015792445e+02	2.6558715099e+02
152              	e423_0	1.4748607163e+02	7.4571783445e+02	3.9736917122e+02
153              	Bottom	1.5562184284e+00	4.5722203317e+02	2.3540265848e+02
153              	Top	6.1407722039e+01	4.6996519748e+02	2.6548646139e+02
153              	e423_0	1.4749357707e+02	7.4573342014e+02	3.9737611216e+02
154              	Bottom	1.5548153436e+00	4.5704133831e+02	2.3535904901e+02
154              	Top	6.1425212632e+01	4.6977410085e+02	2.6538949166e+02
154              	e423_0	1.4750006304e+02	7.4574757989e+02	3.9738296067e+02
155              	Bottom	1.5534628035e+00	4.5687026953e+02	2.3531911853e+02
155              	Top	6.1442041220e+01	4.6959038537e+02	2.6529723808e+02
155              	e423_0	1.4750570311e+02	7.4576045004e+02	3.9738970589e+02
156              	Bottom	1.5521660354e+00	4.5670907027e+02	2.3528322260e+02
156              	Top	6.1457898050e+01	4.6941506770e+02	2.6520987770e+02
156              	e423_0	1.4751066016e+02	7.4577215638e+02	3.9739633791e+02
157              	Bottom	1.5509349042e+00	4.5655994473e+02	2.3525147052e+02
157              	Top	6.1471916405e+01	4.6924972369e+02	2.6512761635e+02
157              	e423_0	1.4751508905e+02	7.4578281486e+02	3.9740284653e+02
158              	Bottom	1.5497691789e+00	4.5642434819e+02	2.3522420262e+02
158              	Top	6.1484881115e+01	4.6909564437e+02	2.6505086634e+02
158              	e423_0	1.4751913494e+02	7.4579253407e+02	3.9740922193e+02
159              	Bottom	1.5486709607e+00	4.5630286673e+02	2.3520146809e+02
159              	Top	6.1496920584e+01	4.6895379001e+02	2.6497987987e+02
159              	e423_0	1.4752293231e+02	7.4580141896e+02	3.9741545503e+02
160              	Bottom	1.5476404598e+00	4.5619831407e+02	2.3518335745e+02
160              	Top	6.1508089626e+01	4.6882467772e+02	2.6491479835e+02
160              	e423_0	1.4752660494e+02	7.4580957255e+02	3.9742153764e+02
161              	Bottom	1.5466768287e+00	4.5610865519e+02	2.3516974824e+02
161              	Top	6.1518347095e+01	4.6870831996e+02	2.6485547839e+02
161              	e423_0	1.4753026592e+02	7.4581709614e+02	3.9742746290e+02
162              	Bottom	1.5457799926e+00	4.5603104069e+02	2.3516046321e+02
162              	Top	6.1527670591e+01	4.6860290568e+02	2.6480150123e+02
162              	e423_0	1.4753401764e+02	7.4582408815e+02	3.9743322567e+02
163              	Bottom	1.5449499759e+00	4.5596454856e+02	2.3515563543e+02
163              	Top	6.1535958555e+01	4.6850506216e+02	2.6475266585e+02
163              	e423_0	1.4753795235e+02	7.4583064297e+02	3.9743882327e+02
164              	Bottom	1.5441870629e+00	4.5590367780e+02	2.3515330916e+02
164              	Top	6.1543386356e+01	4.6841523440e+02	2.6470977522e+02
164              	e423_0	1.4754214970e+02	7.4583684899e+02	3.9744425386e+02
165              	Bottom	1.5434780183e+00	4.5584243916e+02	2.3515240346e+02
165              	Top	6.1550014204e+01	4.6833761562e+02	2.6467334027e+02
165              	e423_0	1.4754668017e+02	7.4584278934e+02	3.9744951766e+02
166              	Bottom	1.5428212330e+00	4.5578577101e+02	2.3515550334e+02
166              	Top	6.1555420516e+01	4.6827465642e+02	2.6464233854e+02
166              	e423_0	1.4755160630e+02	7.4584854172e+02	3.9745461618e+02
167              	Bottom	1.5422325073e+00	4.5574251399e+02	2.3516440116e+02
167              	Top	6.1559507048e+01	4.6821865447e+02	2.6461622302e+02
167              	e423_0	1.4755697335e+02	7.4585417340e+02	3.9745955321e+02
168              	Bottom	1.5417187894e+00	4.5571173340e+02	2.3517712057e+02
168              	Top	6.1562515136e+01	4.6815884507e+02	2.6459420933e+02
168              	e423_0	1.4756282244e+02	7.4585974949e+02	3.9746433286e+02
169              	Bottom	1.5412773889e+00	4.5570541049e+02	2.3519283100e+02
169              	Top	6.1564803874e+01	4.6810909680e+02	2.6457644098e+02
169              	e423_0	1.4756918464e+02	7.4586532621e+02	3.9746895990e+02
170              	Bottom	1.5408962188e+00	4.5570803470e+02	2.3521049948e+02
170              	Top	6.1566392018e+01	4.6806592099e+02	2.6456260435e+02
170              	e423_0	1.4757607980e+02	7.4587095471e+02	3.9747344025e+02
171              	Bottom	1.5405669687e+00	4.5571680307e+02	2.3523007803e+02
171              	Top	6.1567277164e+01	4.6802780369e+02	2.6455250632e+02
171              	e423_0	1.4758351318e+02	7.4587667879e+02	3.9747778097e+02
172              	Bottom	1.5402879869e+00	4.5573118729e+02	2.3525119356e+02
172              	Top	6.1567584064e+01	4.6799530314e+02	2.6454586447e+02
172              	e423_0	1.4759149610e+02	7.4588253599e+02	3.9748198755e+02
173              	Bottom	1.5400536125e+00	4.5575035854e+02	2.3527391231e+02
173              	Top	6.1567242497e+01	4.6796714842e+02	2.6454249655e+02
173              	e423_0	1.4760001438e+02	7.4588855901e+02	3.9748606753e+02
174              	Bottom	1.5398632783e+00	4.5577451447e+02	2.3529800485e+02
174              	Top	6.1566208737e+01	4.6794361014e+02	2.6454227674e+02
174              	e423_0	1.4760906454e+02	7.4589477301e+02	3.9749002674e+02
175              	Bottom	1.5397147768e+00	4.5580270604e+02	2.3532302061e+02
175              	Top	6.1564536474e+01	4.6792520445e+02	2.6454507162e+02
175              	e423_0	1.4761862436e+02	7.4590119741e+02	3.9749387124e+02
176              	Bottom	1.5396078290e+00	4.5583375065e+02	2.3534912230e+02
176              	Top	6.1562230905e+01	4.6791218622e+02	2.6455066621e+02
176              	e423_0	1.4762866786e+02	7.4590784557e+02	3.9749760626e+02
177              	Bottom	1.5395396510e+00	4.5586932867e+02	2.3537622145e+02
177              	Top	6.1559308376e+01	4.6790427986e+02	2.6455882315e+02
177              	e423_0	1.4763915388e+02	7.4591473126e+02	3.9750123787e+02
178              	Bottom	1.5395079437e+00	4.5590998967e+02	2.3540414360e+02
178              	Top	6.1555863501e+01	4.6790154981e+02	2.6456933520e+02
178              	e423_0	1.4765008767e+02	7.4592185370e+02	3.9750477282e+02
179              	Bottom	1.5395096128e+00	4.5595542855e+02	2.3543265318e+02
179              	Top	6.1551970770e+01	4.6790358974e+02	2.6458193023e+02
179              	e423_0	1.4766141880e+02	7.4592921706e+02	3.9750821589e+02
180              	Bottom	1.5395411659e+00	4.5600493340e+02	2.3546152984e+02
180              	Top	6.1547683903e+01	4.6790987677e+02	2.6459634671e+02
180              	e423_0	1.4767310491e+02	7.4593681748e+02	3.9751157231e+02
181              	Bottom	1.5395992468e+00	4.5605781085e+02	2.3549055821e+02
181              	Top	6.1543065081e+01	4.6792000753e+02	2.6461235234e+02
181              	e423_0	1.4768510407e+02	7.4594464760e+02	3.9751484700e+02
182              	Bottom	1.5396805419e+00	4.5611331667e+02	2.3551955936e+02
182              	Top	6.1538138087e+01	4.6793367124e+02	2.6462971882e+02
182              	e423_0	1.4769737676e+02	7.4595269682e+02	3.9751804442e+02
183              	Bottom	1.5397820237e+00	4.5617083200e+02	2.3554836881e+02
183              	Top	6.1532983068e+01	4.6795059265e+02	2.6464824238e+02
183              	e423_0	1.4770987481e+02	7.4596095446e+02	3.9752116918e+02
184              	Bottom	1.5399012460e+00	4.5622977654e+02	2.3557681311e+02
184              	Top	6.1527622231e+01	4.6797053220e+02	2.6466772570e+02
184              	e423_0	1.4772255870e+02	7.4596940320e+02	3.9752422512e+02
185              	Bottom	1.5400352436e+00	4.5628958987e+02	2.3560480291e+02
185              	Top	6.1522218959e+01	4.6799327233e+02	2.6468796877e+02
185              	e423_0	1.4773538483e+02	7.4597802646e+02	3.9752721597e+02
186              	Bottom	1.5401842156e+00	4.5634979473e+02	2.3563213729e+02
186              	Top	6.1516146357e+01	4.6801861394e+02	2.6470872016e+02
186              	e423_0	1.4774831075e+02	7.4598680474e+02	3.9753014513e+02
187              	Bottom	1.5403450268e+00	4.5640999271e+02	2.3565872592e+02
187              	Top	6.1509928472e+01	4.6804634163e+02	2.6472986739e+02
187              	e423_0	1.4776129485e+02	7.4599571713e+02	3.9753301578e+02
188              	Bottom	1.5405133265e+00	4.5646984687e+02	2.3568454273e+02
188              	Top	6.1503673795e+01	4.6807621760e+02	2.6475128823e+02
188              	e423_0	1.4777429681e+02	7.4600474161e+02	3.9753583087e+02
189              	Bottom	1.5406862271e+00	4.5652906785e+02	2.3570955696e+02
189              	Top	6.1497413407e+01	4.6810797457e+02	2.6477284249e+02
189              	e423_0	1.4778727791e+02	7.4601385555e+02	3.9753859308e+02
190              	Bottom	1.5408618362e+00	4.5658738896e+02	2.3573370372e+02
190              	Top	6.1491215669e+01	4.6814133231e+02	2.6479438212e+02
190              	e423_0	1.4780020065e+02	7.4602303575e+02	3.9754130489e+02
191              	Bottom	1.5410376161e+00	4.5664454573e+02	2.3575696952e+02
191              	Top	6.1485070539e+01	4.6817601474e+02	2.6481575903e+02
191              	e423_0	1.4781303001e+02	7.4603225916e+02	3.9754396852e+02
192              	Bottom	1.5412121292e+00	4.5670026124e+02	2.3577932500e+02
192              	Top	6.1479001736e+01	4.6821173227e+02	2.6483683045e+02
192              	e423_0	1.4782573325e+02	7.4604150287e+02	3.9754658596e+02
193              	Bottom	1.5413844886e+00	4.5675439400e+02	2.3580070432e+02
193              	Top	6.1473059798e+01	4.6824817300e+02	2.6485747400e+02
193              	e423_0	1.4783827978e+02	7.4605074428e+02	3.9754915900e+02
194              	Bottom	1.5415531235e+00	4.5680657007e+02	2.3582107372e+02
194              	Top	6.1467275815e+01	4.6828502421e+02	2.6487751777e+02
194              	e423_0	1.4785064127e+02	7.4605996146e+02	3.9755168924e+02
195              	Bottom	1.5417159618e+00	4.5685714085e+02	2.3584052589e+02
195              	Top	6.1461623397e+01	4.6832230891e+02	2.6489700011e+02
195              	e423_0	1.4786279187e+02	7.4606913328e+02	3.9755417808e+02
196              	Bottom	1.5418725913e+00	4.5690617638e+02	2.3585897937e+02
196              	Top	6.1456159267e+01	4.6836013988e+02	2.6491584551e+02
196              	e423_0	1.4787470796e+02	7.4607823938e+02	3.9755662675e+02
197              	Bottom	1.5420221773e+00	4.5695322395e+02	2.3587633976e+02
197              	Top	6.1450916049e+01	4.6839811088e+02	2.6493390716e+02
197              	e423_0	1.4788636833e+02	7.4608726056e+02	3.9755903631e+02
198              	Bottom	1.5421632641e+00	4.5699783151e+02	2.3589257207e+02
198              	Top	6.1445910714e+01	4.6843567138e+02	2.6495107098e+02
198              	e423_0	1.4789775416e+02	7.4609617873e+02	3.9756140766e+02
199              	Bottom	1.5422945541e+00	4.5703966649e+02	2.3590766492e+02
199              	Top	6.1441166936e+01	4.6847235009e+02	2.6496725425e+02
199              	e423_0	1.4790884738e+02	7.4610497795e+02	3.9756374163e+02
200              	Bottom	1.5424152779e+00	4.5707852789e+02	2.3592161000e+02
200              	Top	6.1436680202e+01	4.6850775817e+02	2.6498238835e+02
200              	e423_0	1.4791963755e+02	7.4611363971e+02	3.9756603867e+02
201              	Bottom	1.5425248343e+00	4.5711431954e+02	2.3593441508e+02
201              	Top	6.1432483731e+01	4.6854160293e+02	2.6499643395e+02
201              	e423_0	1.4793011027e+02	7.4612215261e+02	3.9756829933e+02
202              	Bottom	1.5426226482e+00	4.5714704442e+02	2.3594610359e+02
202              	Top	6.1428570618e+01	4.6857369698e+02	2.6500936560e+02
202              	e423_0	1.4794025606e+02	7.4613050232e+02	3.9757052401e+02
203              	Bottom	1.5427083503e+00	4.5717676575e+02	2.3595670515e+02
203              	Top	6.1424944014e+01	4.6860390897e+02	2.6502117262e+02
203              	e423_0	1.4795006735e+02	7.4613867722e+02	3.9757271300e+02
204              	Bottom	1.5427817020e+00	4.5720358166e+02	2.3596626080e+02
204              	Top	6.1421605066e+01	4.6863214714e+02	2.6503184733e+02
204              	e423_0	1.4795953861e+02	7.4614666698e+02	3.9757486649e+02
205              	Bottom	1.5428425494e+00	4.5722759427e+02	2.3597482275e+02
205              	Top	6.1418547928e+01	4.6865831796e+02	2.6504139523e+02
205              	e423_0	1.4796866629e+02	7.4615446255e+02	3.9757698457e+02
206              	Bottom	1.5428910652e+00	4.5724889462e+02	2.3598243564e+02
206              	Top	6.1415769405e+01	4.6868237603e+02	2.6504983794e+02
206              	e423_0	1.4797744875e+02	7.4616205614e+02	3.9757906727e+02
207              	Bottom	1.5429275148e+00	4.5726756616e+02	2.3598914225e+02
207              	Top	6.1413261892e+01	4.6870432945e+02	2.6505720910e+02
207              	e423_0	1.4798588608e+02	7.4616944125e+02	3.9758111457e+02
208              	Bottom	1.5429522160e+00	4.5728370120e+02	2.3599498925e+02
208              	Top	6.1411013023e+01	4.6872422469e+02	2.6506354771e+02
208              	e423_0	1.4799398008e+02	7.4617661260e+02	3.9758312642e+02
209              	Bottom	1.5429656528e+00	4.5729741635e+02	2.3600002762e+02
209              	Top	6.1409011558e+01	4.6874227559e+02	2.6506893939e+02
209              	e423_0	1.4800173406e+02	7.4618356613e+02	3.9758510273e+02
210              	Bottom	1.5429684080e+00	4.5730885570e+02	2.3600430563e+02
210              	Top	6.1407256171e+01	4.6875897386e+02	2.6507351178e+02
210              	e423_0	1.4800915272e+02	7.4619029892e+02	3.9758704337e+02
211              	Bottom	1.5429608760e+00	4.5731817205e+02	2.3600788160e+02
211              	Top	6.1405734072e+01	4.6877426182e+02	2.6507719135e+02
211              	e423_0	1.4801624285e+02	7.4619680862e+02	3.9758894820e+02
212              	Bottom	1.5429435009e+00	4.5732551960e+02	2.3601081487e+02
212              	Top	6.1404434305e+01	4.6878779420e+02	2.6507998589e+02
212              	e423_0	1.4802300981e+02	7.4620309623e+02	3.9759081717e+02
213              	Bottom	1.5429168833e+00	4.5733104542e+02	2.3601316051e+02
213              	Top	6.1403340793e+01	4.6879940817e+02	2.6508194163e+02
213              	e423_0	1.4802946316e+02	7.4620916031e+02	3.9759265015e+02
214              	Bottom	1.5428816821e+00	4.5733488552e+02	2.3601497191e+02
214              	Top	6.1402442311e+01	4.6880913315e+02	2.6508311907e+02
214              	e423_0	1.4803561191e+02	7.4621500278e+02	3.9759444701e+02
215              	Bottom	1.5428385756e+00	4.5733717316e+02	2.3601630175e+02
215              	Top	6.1401724260e+01	4.6881709610e+02	2.6508357922e+02
215              	e423_0	1.4804146541e+02	7.4622062614e+02	3.9759620768e+02
216              	Bottom	1.5427882239e+00	4.5733804693e+02	2.3601720234e+02
216              	Top	6.1401174513e+01	4.6882343829e+02	2.6508337991e+02
216              	e423_0	1.4804703579e+02	7.4622603184e+02	3.9759793206e+02
217              	Bottom	1.5427312765e+00	4.5733764702e+02	2.3601772742e+02
217              	Top	6.1400783257e+01	4.6882828430e+02	2.6508257884e+02
217              	e423_0	1.4805233345e+02	7.4623122496e+02	3.9759962013e+02
218              	Bottom	1.5426684810e+00	4.5733611426e+02	2.3601792588e+02
218              	Top	6.1400533180e+01	4.6883174255e+02	2.6508123136e+02
218              	e423_0	1.4805737029e+02	7.4623620919e+02	3.9760127193e+02
219              	Bottom	1.5426004619e+00	4.5733358714e+02	2.3601784748e+02
219              	Top	6.1400413540e+01	4.6883391080e+02	2.6507939353e+02
219              	e423_0	1.4806215861e+02	7.4624098959e+02	3.9760288753e+02
220              	Bottom	1.5425278750e+00	4.5733019838e+02	2.3601753848e+02
220              	Top	6.1400410691e+01	4.6883488439e+02	2.6507712064e+02
220              	e423_0	1.4806671098e+02	7.4624557168e+02	3.9760446702e+02
221              	Bottom	1.5424513640e+00	4.5732607393e+02	2.3601704172e+02
221              	Top	6.1400512672e+01	4.6883475969e+02	2.6507446712e+02
221              	e423_0	1.4807104069e+02	7.4624996113e+02	3.9760601050e+02
222              	Bottom	1.5423715251e+00	4.5732133218e+02	2.3601639867e+02
222              	Top	6.1400706263e+01	4.6883363374e+02	2.6507148532e+02
222              	e423_0	1.4807515928e+02	7.4625416548e+02	3.9760751826e+02
223              	Bottom	1.5422890074e+00	4.5731608282e+02	2.3601564455e+02
223              	Top	6.1400981711e+01	4.6883160210e+02	2.6506822575e+02
223              	e423_0	1.4807908051e+02	7.4625819028e+02	3.9760899050e+02
224              	Bottom	1.5422043770e+00	4.5731042783e+02	2.3601481361e+02
224              	Top	6.1401326997e+01	4.6882875635e+02	2.6506473600e+02
224              	e423_0	1.4808281709e+02	7.4626204315e+02	3.9761042749e+02
225              	Bottom	1.5421181698e+00	4.5730446124e+02	2.3601393710e+02
225              	Top	6.1401731676e+01	4.6882518375e+02	2.6506106125e+02
225              	e423_0	1.4808638162e+02	7.4626573133e+02	3.9761182956e+02
226              	Bottom	1.5420309092e+00	4.5729826905e+02	2.3601304311e+02
226              	Top	6.1402185588e+01	4.6882096726e+02	2.6505724406e+02
226              	e423_0	1.4808978649e+02	7.4626926227e+02	3.9761319707e+02
227              	Bottom	1.5419430897e+00	4.5729192981e+02	2.3601215713e+02
227              	Top	6.1402678891e+01	4.6881618595e+02	2.6505332448e+02
227              	e423_0	1.4809304378e+02	7.4627264354e+02	3.9761453044e+02
228              	Bottom	1.5418551773e+00	4.5728551480e+02	2.3601130170e+02
228              	Top	6.1403203096e+01	4.6881091550e+02	2.6504933992e+02
228              	e423_0	1.4809616523e+02	7.4627588280e+02	3.9761583015e+02
229              	Bottom	1.5417675960e+00	4.5727908905e+02	2.3601049785e+02
229              	Top	6.1403748116e+01	4.6880522660e+02	2.6504532561e+02
229              	e423_0	1.4809916211e+02	7.4627898774e+02	3.9761709667e+02
230              	Bottom	1.5416807612e+00	4.5727271304e+02	2.3600976383e+02
230              	Top	6.1404305839e+01	4.6879919003e+02	2.6504131462e+02
230              	e423_0	1.4810204527e+02	7.4628196601e+02	3.9761833054e+02
231              	Bottom	1.5415950646e+00	4.5726643976e+02	2.3600911508e+02
231              	Top	6.1404866556e+01	4.6879287037e+02	2.6503733733e+02
231              	e423_0	1.4810482503e+02	7.4628482521e+02	3.9761953233e+02
232              	Bottom	1.5415108690e+00	4.5726031357e+02	2.3600856445e+02
232              	Top	6.1405426668e+01	4.6878632812e+02	2.6503341891e+02
232              	e423_0	1.4810751117e+02	7.4628757279e+02	3.9762070264e+02
233              	Bottom	1.5414284748e+00	4.5725437535e+02	2.3600812397e+02
233              	Top	6.1405978186e+01	4.6877960611e+02	2.6502958354e+02
233              	e423_0	1.4811011292e+02	7.4629021605e+02	3.9762184207e+02
234              	Bottom	1.5413481419e+00	4.5724866457e+02	2.3600780464e+02
234              	Top	6.1406515091e+01	4.6877275544e+02	2.6502585717e+02
234              	e423_0	1.4811263893e+02	7.4629276209e+02	3.9762295129e+02
235              	Bottom	1.5412701336e+00	4.5724321971e+02	2.3600761553e+02
235              	Top	6.1407031374e+01	4.6876584059e+02	2.6502226546e+02
235              	e423_0	1.4811509726e+02	7.4629521778e+02	3.9762403094e+02
236              	Bottom	1.5411947029e+00	4.5723807836e+02	2.3600756371e+02
236              	Top	6.1407521097e+01	4.6875893194e+02	2.6501883120e+02
236              	e423_0	1.4811749540e+02	7.4629758974e+02	3.9762508172e+02
237              	Bottom	1.5411220671e+00	4.5723327623e+02	2.3600765472e+02
237              	Top	6.1407979628e+01	4.6875209691e+02	2.6501557324e+02
237              	e423_0	1.4811984020e+02	7.4629988429e+02	3.9762610433e+02
238              	Bottom	1.5410524138e+00	4.5722884524e+02	2.3600789244e+02
238              	Top	6.1408402751e+01	4.6874539557e+02	2.6501250643e+02
238              	e423_0	1.4812213796e+02	7.4630210746e+02	3.9762709946e+02
239              	Bottom	1.5409858990e+00	4.5722481217e+02	2.3600827909e+02
239              	Top	6.1408787058e+01	4.6873888032e+02	2.6500964248e+02
239              	e423_0	1.4812439439e+02	7.4630426496e+02	3.9762806785e+02
240              	Bottom	1.5409226473e+00	4.5722119772e+02	2.3600881589e+02
240              	Top	6.1409128857e+01	4.6873259728e+02	2.6500699072e+02
240              	e423_0	1.4812661464e+02	7.4630636218e+02	3.9762901021e+02
241              	Bottom	1.5408627749e+00	4.5721801678e+02	2.3600950201e+02
241              	Top	6.1409425062e+01	4.6872670591e+02	2.6500459258e+02
241              	e423_0	1.4812880329e+02	7.4630840416e+02	3.9762992727e+02
242              	Bottom	1.5408063814e+00	4.5721527866e+02	2.3601033351e+02
242              	Top	6.1409676123e+01	4.6872134271e+02	2.6500245332e+02
242              	e423_0	1.4813096441e+02	7.4631039561e+02	3.9763081975e+02
243              	Bottom	1.5407534811e+00	4.5721298765e+02	2.3601130748e+02
243              	Top	6.1409880317e+01	4.6871643882e+02	2.6500053963e+02
243              	e423_0	1.4813310155e+02	7.4631234091e+02	3.9763168839e+02
244              	Bottom	1.5407040719e+00	4.5721114605e+02	2.3601241978e+02
244              	Top	6.1410036243e+01	4.6871189103e+02	2.6499884684e+02
244              	e423_0	1.4813521776e+02	7.4631424406e+02	3.9763253390e+02
245              	Bottom	1.5406581404e+00	4.5720975240e+02	2.3601366522e+02
245              	Top	6.1410143775e+01	4.6870767551e+02	2.6499737793e+02
245              	e423_0	1.4813731566e+02	7.4631610876e+02	3.9763335701e+02
246              	Bottom	1.5406156701e+00	4.5720880140e+02	2.3601503723e+02
246              	Top	6.1410202773e+01	4.6870381752e+02	2.6499613438e+02
246              	e423_0	1.4813939741e+02	7.4631793838e+02	3.9763415842e+02
247              	Bottom	1.5405766177e+00	4.5720828430e+02	2.3601652847e+02
247              	Top	6.1410213740e+01	4.6870035040e+02	2.6499511414e+02
247              	e423_0	1.4814146477e+02	7.4631973595e+02	3.9763493884e+02
248              	Bottom	1.5405409157e+00	4.5720818925e+02	2.3601813097e+02
248              	Top	6.1410177597e+01	4.6869729588e+02	2.6499431219e+02
248              	e423_0	1.4814351913e+02	7.4632150420e+02	3.9763569896e+02
249              	Bottom	1.5405084766e+00	4.5720850144e+02	2.3601983626e+02
249              	Top	6.1410095645e+01	4.6869466159e+02	2.6499372171e+02
249              	e423_0	1.4814556150e+02	7.4632324555e+02	3.9763643945e+02
250              	Bottom	1.5404791964e+00	4.5720920338e+02	2.3602163560e+02
250              	Top	6.1409969698e+01	4.6869244544e+02	2.6499333483e+02
250              	e423_0	1.4814759274e+02	7.4632496230e+02	3.9763716121e+02
251              	Bottom	1.5404529618e+00	4.5721027529e+02	2.3602351953e+02
251              	Top	6.1409801633e+01	4.6869064019e+02	2.6499314272e+02
251              	e423_0	1.4814961323e+02	7.4632665619e+02	3.9763786480e+02
252              	Bottom	1.5404296394e+00	4.5721169537e+02	2.3602547861e+02
252              	Top	6.1409593446e+01	4.6868923603e+02	2.6499313585e+02
252              	e423_0	1.4815162307e+02	7.4632832888e+02	3.9763855082e+02
253              	Bottom	1.5404090874e+00	4.5721344029e+02	2.3602750318e+02
253              	Top	6.1409347415e+01	4.6868822140e+02	2.6499330394e+02
253              	e423_0	1.4815362214e+02	7.4632998173e+02	3.9763921989e+02
254              	Bottom	1.5403911588e+00	4.5721548542e+02	2.3602958346e+02
254              	Top	6.1409066014e+01	4.6868758291e+02	2.6499363606e+02
254              	e423_0	1.4815561011e+02	7.4633161589e+02	3.9763987256e+02
255              	Bottom	1.5403757006e+00	4.5721780516e+02	2.3603170976e+02
255              	Top	6.1408751757e+01	4.6868730527e+02	2.6499412063e+02
255              	e423_0	1.4815758642e+02	7.4633323229e+02	3.9764050942e+02
256              	Bottom	1.5403625493e+00	4.5722037361e+02	2.3603387250e+02
256              	Top	6.1408407392e+01	4.6868737109e+02	2.6499474572e+02
256              	e423_0	1.4815955037e+02	7.4633483166e+02	3.9764113101e+02
257              	Bottom	1.5403515409e+00	4.5722316453e+02	2.3603606254e+02
257              	Top	6.1408035311e+01	4.6868776136e+02	2.6499549919e+02
257              	e423_0	1.4816150110e+02	7.4633641454e+02	3.9764173787e+02
258              	Bottom	1.5403425194e+00	4.5722615199e+02	2.3603827163e+02
258              	Top	6.1407637091e+01	4.6868845575e+02	2.6499636894e+02
258              	e423_0	1.4816343763e+02	7.4633798132e+02	3.9764233050e+02
259              	Bottom	1.5403353576e+00	4.5722931133e+02	2.3604048957e+02
259              	Top	6.1407217339e+01	4.6868943361e+02	2.6499734262e+02
259              	e423_0	1.4816535885e+02	7.4633953223e+02	3.9764290940e+02
260              	Bottom	1.5403298775e+00	4.5723261688e+02	2.3604270809e+02
260              	Top	6.1406778524e+01	4.6869067302e+02	2.6499840776e+02
260              	e423_0	1.4816726360e+02	7.4634106737e+02	3.9764347504e+02
261              	Bottom	1.5403258927e+00	4.5723604455e+02	2.3604491956e+02
261              	Top	6.1406323899e+01	4.6869215231e+02	2.6499955229e+02
261              	e423_0	1.4816915063e+02	7.4634258668e+02	3.9764402787e+02
262              	Bottom	1.5403232379e+00	4.5723957093e+02	2.3604711654e+02
262              	Top	6.1405856120e+01	4.6869384990e+02	2.6500076425e+02
262              	e423_0	1.4817101864e+02	7.4634409005e+02	3.9764456832e+02
263              	Bottom	1.5403217531e+00	4.5724317361e+02	2.3604929199e+02
263              	Top	6.1405377799e+01	4.6869574416e+02	2.6500203203e+02
263              	e423_0	1.4817286632e+02	7.4634557722e+02	3.9764509680e+02
264              	Bottom	1.5403212823e+00	4.5724683095e+02	2.3605143933e+02
264              	Top	6.1404891736e+01	4.6869781360e+02	2.6500334441e+02
264              	e423_0	1.4817469234e+02	7.4634704789e+02	3.9764561370e+02
265              	Bottom	1.5403216780e+00	4.5725052198e+02	2.3605355237e+02
265              	Top	6.1404400608e+01	4.6870003679e+02	2.6500469054e+02
265              	e423_0	1.4817649537e+02	7.4634850166e+02	3.9764611938e+02
266              	Bottom	1.5403227972e+00	4.5725422652e+02	2.3605562532e+02
266              	Top	6.1403906861e+01	4.6870239230e+02	2.6500605998e+02
266              	e423_0	1.4817827412e+02	7.4634993809e+02	3.9764661418e+02
267              	Bottom	1.5403244995e+00	4.5725792525e+02	2.3605765294e+02
267              	Top	6.1403413003e+01	4.6870485883e+02	2.6500744275e+02
267              	e423_0	1.4818002732e+02	7.4635135668e+02	3.9764709844e+02
268              	Bottom	1.5403266503e+00	4.5726159970e+02	2.3605963053e+02
268              	Top	6.1402921332e+01	4.6870741529e+02	2.6500882939e+02
268              	e423_0	1.4818175374e+02	7.4635275690e+02	3.9764757246e+02
269              	Bottom	1.5403291234e+00	4.5726523234e+02	2.3606155378e+02
269              	Top	6.1402434062e+01	4.6871004089e+02	2.6501021093e+02
269              	e423_0	1.4818345223e+02	7.4635413821e+02	3.9764803653e+02
270              	Bottom	1.5403317997e+00	4.5726880660e+02	2.3606341898e+02
270              	Top	6.1401953238e+01	4.6871271534e+02	2.6501157899e+02
270              	e423_0	1.4818512169e+02	7.4635550003e+02	3.9764849093e+02
271              	Bottom	1.5403345696e+00	4.5727230701e+02	2.3606522276e+02
271              	Top	6.1401480766e+01	4.6871541895e+02	2.6501292579e+02
271              	e423_0	1.4818676110e+02	7.4635684180e+02	3.9764893590e+02
272              	Bottom	1.5403373298e+00	4.5727571936e+02	2.3606696239e+02
272              	Top	6.1401018372e+01	4.6871813281e+02	2.6501424415e+02
272              	e423_0	1.4818836952e+02	7.4635816295e+02	3.9764937169e+02
273              	Bottom	1.5403399870e+00	4.5727903084e+02	2.3606863562e+02
273              	Top	6.1400567584e+01	4.6872083896e+02	2.6501552758e+02
273              	e423_0	1.4818994610e+02	7.4635946292e+02	3.9764979854e+02
274              	Bottom	1.5403424577e+00	4.5728223009e+02	2.3607024071e+02
274              	Top	6.1400129750e+01	4.6872352058e+02	2.6501677023e+02
274              	e423_0	1.4819149007e+02	7.4636074117e+02	3.9765021664e+02
275              	Bottom	1.5403446665e+00	4.5728530732e+02	2.3607177645e+02
275              	Top	6.1399706075e+01	4.6872616212e+02	2.6501796696e+02
275              	e423_0	1.4819300078e+02	7.4636199720e+02	3.9765062620e+02
276              	Bottom	1.5403465481e+00	4.5728825432e+02	2.3607324214e+02
276              	Top	6.1399297629e+01	4.6872874942e+02	2.6501911331e+02
276              	e423_0	1.4819447765e+02	7.4636323052e+02	3.9765102740e+02
277              	Bottom	1.5403480492e+00	4.5729106448e+02	2.3607463734e+02
277              	Top	6.1398905097e+01	4.6873126977e+02	2.6502020545e+02
277              	e423_0	1.4819592022e+02	7.4636444069e+02	3.9765142043e+02
278              	Bottom	1.5403491146e+00	4.5729373279e+02	2.3607596242e+02
278              	Top	6.1398529371e+01	4.6873371192e+02	2.6502124027e+02
278              	e423_0	1.4819732812e+02	7.4636562730e+02	3.9765180545e+02
279              	Bottom	1.5403497063e+00	4.5729625560e+02	2.3607721794e+02
279              	Top	6.1398170938e+01	4.6873606611e+02	2.6502221528e+02
279              	e423_0	1.4819870108e+02	7.4636679001e+02	3.9765218261e+02
280              	Bottom	1.5403497931e+00	4.5729863064e+02	2.3607840480e+02
280              	Top	6.1397830146e+01	4.6873832399e+02	2.6502312859e+02
280              	e423_0	1.4820003894e+02	7.4636792850e+02	3.9765255207e+02
281              	Bottom	1.5403493474e+00	4.5730085690e+02	2.3607952444e+02
281              	Top	6.1397507435e+01	4.6874047858e+02	2.6502397895e+02
281              	e423_0	1.4820134162e+02	7.4636904249e+02	3.9765291396e+02
282              	Bottom	1.5403483575e+00	4.5730293440e+02	2.3608057829e+02
282              	Top	6.1397202731e+01	4.6874252419e+02	2.6502476559e+02
282              	e423_0	1.4820260916e+02	7.4637013180e+02	3.9765326842e+02
283              	Bottom	1.5403468114e+00	4.5730486428e+02	2.3608156824e+02
283              	Top	6.1396916110e+01	4.6874445636e+02	2.6502548831e+02
283              	e423_0	1.4820384166e+02	7.4637119625e+02	3.9765361557e+02
284              	Bottom	1.5403447044e+00	4.5730664850e+02	2.3608249640e+02
284              	Top	6.1396647428e+01	4.6874627180e+02	2.6502614737e+02
284              	e423_0	1.4820503935e+02	7.4637223574e+02	3.9765395554e+02
285              	Bottom	1.5403420378e+00	4.5730828987e+02	2.3608336506e+02
285              	Top	6.1396396494e+01	4.6874796836e+02	2.6502674350e+02
285              	e423_0	1.4820620250e+02	7.4637325022e+02	3.9765428843e+02
286              	Bottom	1.5403388196e+00	4.5730979191e+02	2.3608417671e+02
286              	Top	6.1396162974e+01	4.6874954486e+02	2.6502727781e+02
286              	e423_0	1.4820733149e+02	7.4637423970e+02	3.9765461438e+02
287              	Bottom	1.5403350619e+00	4.5731115884e+02	2.3608493395e+02
287              	Top	6.1395946466e+01	4.6875100113e+02	2.6502775181e+02
287              	e423_0	1.4820842678e+02	7.4637520422e+02	3.9765493347e+02
288              	Bottom	1.5403307815e+00	4.5731239547e+02	2.3608563953e+02
288              	Top	6.1395746477e+01	4.6875233783e+02	2.6502816732e+02
288              	e423_0	1.4820948888e+02	7.4637614390e+02	3.9765524581e+02
289              	Bottom	1.5403259987e+00	4.5731350719e+02	2.3608629628e+02
289              	Top	6.1395562467e+01	4.6875355643e+02	2.6502852647e+02
289              	e423_0	1.4821051839e+02	7.4637705888e+02	3.9765555152e+02
290              	Bottom	1.5403207380e+00	4.5731449972e+02	2.3608690709e+02
290              	Top	6.1395393807e+01	4.6875465916e+02	2.6502883164e+02
290              	e423_0	1.4821151596e+02	7.4637794938e+02	3.9765585068e+02
291              	Bottom	1.5403150272e+00	4.5731537923e+02	2.3608747492e+02
291              	Top	6.1395239813e+01	4.6875564886e+02	2.6502908541e+02
291              	e423_0	1.4821248228e+02	7.4637881564e+02	3.9765614339e+02
292              	Bottom	1.5403088960e+00	4.5731615217e+02	2.3608800272e+02
292              	Top	6.1395099775e+01	4.6875652897e+02	2.6502929054e+02
292              	e423_0	1.4821341812e+02	7.4637965797e+02	3.9765642976e+02
293              	Bottom	1.5403023765e+00	4.5731682520e+02	2.3608849347e+02
293              	Top	6.1394972929e+01	4.6875730343e+02	2.6502944996e+02
293              	e423_0	1.4821432428e+02	7.4638047669e+02	3.9765670987e+02
294              	Bottom	1.5402955016e+00	4.5731740518e+02	2.3608895011e+02
294              	Top	6.1394858513e+01	4.6875797660e+02	2.6502956673e+02
294              	e423_0	1.4821520158e+02	7.4638127220e+02	3.9765698383e+02
295              	Bottom	1.5402883072e+00	4.5731789900e+02	2.3608937551e+02
295              	Top	6.1394755710e+01	4.6875855330e+02	2.6502964394e+02
295              	e423_0	1.4821605090e+02	7.4638204489e+02	3.9765725172e+02
296              	Bottom	1.5402808289e+00	4.5731831363e+02	2.3608977252e+02
296              	Top	6.1394663719e+01	4.6875903863e+02	2.6502968480e+02
296              	e423_0	1.4821687312e+02	7.4638279523e+02	3.9765751364e+02
297              	Bottom	1.5402731031e+00	4.5731865603e+02	2.3609014390e+02
297              	Top	6.1394581710e+01	4.6875943796e+02	2.6502969249e+02
297              	e423_0	1.4821766918e+02	7.4638352368e+02	3.9765776968e+02
298              	Bottom	1.5402651660e+00	4.5731893310e+02	2.3609049234e+02
298              	Top	6.1394508881e+01	4.6875975689e+02	2.6502967024e+02
298              	e423_0	1.4821843998e+02	7.4638423075e+02	3.9765801995e+02
299              	Bottom	1.5402570549e+00	4.5731915161e+02	2.3609082038e+02
299              	Top	6.1394444392e+01	4.6876000116e+02	2.6502962124e+02
299              	e423_0	1.4821918647e+02	7.4638491698e+02	3.9765826452e+02
300              	Bottom	1.5402488054e+00	4.5731931823e+02	2.3609113049e+02
300              	Top	6.1394387462e+01	4.6876017663e+02	2.6502954864e+02
300              	e423_0	1.4821990960e+02	7.4638558290e+02	3.9765850351e+02
301              	Bottom	1.5402404532e+00	4.5731943941e+02	2.3609142499e+02
301              	Top	6.1394337282e+01	4.6876028919e+02	2.6502945550e+02
301              	e423_0	1.4822061030e+02	7.4638622909e+02	3.9765873700e+02
302              	Bottom	1.5402320320e+00	4.5731952142e+02	2.3609170613e+02
302              	Top	6.1394293126e+01	4.6876034474e+02	2.6502934485e+02
302              	e423_0	1.4822128951e+02	7.4638685613e+02	3.9765896509e+02
303              	Bottom	1.5402235754e+00	4.5731957023e+02	2.3609197597e+02
303              	Top	6.1394254211e+01	4.6876034914e+02	2.6502921956e+02
303              	e423_0	1.4822194816e+02	7.4638746462e+02	3.9765918787e+02
304              	Bottom	1.5402151158e+00	4.5731959161e+02	2.3609223645e+02
304              	Top	6.1394219855e+01	4.6876030813e+02	2.6502908241e+02
304              	e423_0	1.4822258716e+02	7.4638805514e+02	3.9765940545e+02
305              	Bottom	1.5402066836e+00	4.5731959098e+02	2.3609248936e+02
305              	Top	6.1394189366e+01	4.6876022735e+02	2.6502893607e+02
305              	e423_0	1.4822320741e+02	7.4638862831e+02	3.9765961792e+02
306              	Bottom	1.5401983075e+00	4.5731957348e+02	2.3609273636e+02
306              	Top	6.1394162093e+01	4.6876011227e+02	2.6502878303e+02
306              	e423_0	1.4822380979e+02	7.4638918474e+02	3.9765982537e+02
307              	Bottom	1.5401900148e+00	4.5731954393e+02	2.3609297897e+02
307              	Top	6.1394137438e+01	4.6875996816e+02	2.6502862567e+02
307              	e423_0	1.4822439515e+02	7.4638972503e+02	3.9766002792e+02
308              	Bottom	1.5401818306e+00	4.5731950677e+02	2.3609321856e+02
308              	Top	6.1394114817e+01	4.6875980008e+02	2.6502846620e+02
308              	e423_0	1.4822496431e+02	7.4639024978e+02	3.9766022564e+02
309              	Bottom	1.5401737782e+00	4.5731946616e+02	2.3609345636e+02
309              	Top	6.1394093704e+01	4.6875961286e+02	2.6502830665e+02
309              	e423_0	1.4822551809e+02	7.4639075959e+02	3.9766041866e+02
310              	Bottom	1.5401658791e+00	4.5731942585e+02	2.3609369345e+02
310              	Top	6.1394073599e+01	4.6875941106e+02	2.6502814893e+02
310              	e423_0	1.4822605724e+02	7.4639125506e+02	3.9766060705e+02
311              	Bottom	1.5401581527e+00	4.5731938929e+02	2.3609393078e+02
311              	Top	6.1394054047e+01	4.6875919898e+02	2.6502799474e+02
311              	e423_0	1.4822658251e+02	7.4639173675e+02	3.9766079093e+02
312              	Bottom	1.5401506164e+00	4.5731935954e+02	2.3609416919e+02
312              	Top	6.1394034640e+01	4.6875898066e+02	2.6502784566e+02
312              	e423_0	1.4822709459e+02	7.4639220524e+02	3.9766097038e+02
313              	Bottom	1.5401432854e+00	4.5731933934e+02	2.3609440935e+02
313              	Top	6.1394014999e+01	4.6875875982e+02	2.6502770307e+02
313              	e423_0	1.4822759417e+02	7.4639266109e+02	3.9766114552e+02
314              	Bottom	1.5401361730e+00	4.5731933111e+02	2.3609465186e+02
314              	Top	6.1393994791e+01	4.6875853993e+02	2.6502756821e+02
314              	e423_0	1.4822808187e+02	7.4639310482e+02	3.9766131643e+02
315              	Bottom	1.5401292906e+00	4.5731933691e+02	2.3609489715e+02
315              	Top	6.1393973718e+01	4.6875832416e+02	2.6502744214e+02
315              	e423_0	1.4822855829e+02	7.4639353696e+02	3.9766148322e+02
316              	Bottom	1.5401226477e+00	4.5731935853e+02	2.3609514560e+02
316              	Top	6.1393951530e+01	4.6875811538e+02	2.6502732578e+02
316              	e423_0	1.4822902400e+02	7.4639395802e+02	3.9766164598e+02
317              	Bottom	1.5401162518e+00	4.5731939740e+02	2.3609539743e+02
317              	Top	6.1393928003e+01	4.6875791620e+02	2.6502721989e+02
317              	e423_0	1.4822947953e+02	7.4639436847e+02	3.9766180480e+02
318              	Bottom	1.5401101086e+00	4.5731945471e+02	2.3609565281e+02
318              	Top	6.1393902954e+01	4.6875772890e+02	2.6502712510e+02
318              	e423_0	1.4822992537e+02	7.4639476878e+02	3.9766195979e+02
319              	Bottom	1.5401042221e+00	4.5731953135e+02	2.3609591179e+02
319              	Top	6.1393876237e+01	4.6875755553e+02	2.6502704189e+02
319              	e423_0	1.4823036197e+02	7.4639515940e+02	3.9766211104e+02
320              	Bottom	1.5400985947e+00	4.5731962794e+02	2.3609617435e+02
320              	Top	6.1393847735e+01	4.6875739782e+02	2.6502697061e+02
320              	e423_0	1.4823078977e+02	7.4639554075e+02	3.9766225864e+02
321              	Bottom	1.5400932271e+00	4.5731974487e+02	2.3609644040e+02
321              	Top	6.1393817366e+01	4.6875725726e+02	2.6502691146e+02
321              	e423_0	1.4823120915e+02	7.4639591324e+02	3.9766240268e+02
322              	Bottom	1.5400881186e+00	4.5731988229e+02	2.3609670978e+02
322              	Top	6.1393785076e+01	4.6875713507e+02	2.6502686457e+02
322              	e423_0	1.4823162046e+02	7.4639627723e+02	3.9766254326e+02
323              	Bottom	1.5400832672e+00	4.5732004012e+02	2.3609698226e+02
323              	Top	6.1393750842e+01	4.6875703221e+02	2.6502682992e+02
323              	e423_0	1.4823202404e+02	7.4639663310e+02	3.9766268046e+02
324              	Bottom	1.5400786694e+00	4.5732021810e+02	2.3609725757e+02
324              	Top	6.1393714657e+01	4.6875694941e+02	2.6502680739e+02
324              	e423_0	1.4823242018e+02	7.4639698118e+02	3.9766281437e+02
325              	Bottom	1.5400743206e+00	4.5732041578e+02	2.3609753537e+02
325              	Top	6.1393676550e+01	4.6875688716e+02	2.6502679678e+02
325              	e423_0	1.4823280915e+02	7.4639732179e+02	3.9766294508e+02
326              	Bottom	1.5400702154e+00	4.5732063253e+02	2.3609781532e+02
326              	Top	6.1393636564e+01	4.6875684574e+02	2.6502679780e+02
326              	e423_0	1.4823319119e+02	7.4639765522e+02	3.9766307267e+02
327              	Bottom	1.5400663470e+00	4.5732086758e+02	2.3609809700e+02
327              	Top	6.1393594765e+01	4.6875682521e+02	2.6502681008e+02
327              	e423_0	1.4823356652e+02	7.4639798175e+02	3.9766319723e+02
328              	Bottom	1.5400627081e+00	4.5732112002e+02	2.3609838000e+02
328              	Top	6.1393551233e+01	4.6875682547e+02	2.6502683318e+02
328              	e423_0	1.4823393532e+02	7.4639830164e+02	3.9766331884e+02
329              	Bottom	1.5400592905e+00	4.5732138883e+02	2.3609866387e+02
329              	Top	6.1393506072e+01	4.6875684621e+02	2.6502686659e+02
329              	e423_0	1.4823429777e+02	7.4639861513e+02	3.9766343757e+02
330              	Bottom	1.5400560853e+00	4.5732167289e+02	2.3609894814e+02
330              	Top	6.1393459389e+01	4.6875688697e+02	2.6502690976e+02
330              	e423_0	1.4823465401e+02	7.4639892244e+02	3.9766355351e+02
331              	Bottom	1.5400530829e+00	4.5732197099e+02	2.3609923234e+02
331              	Top	6.1393411308e+01	4.6875694714e+02	2.6502696209e+02
331              	e423_0	1.4823500417e+02	7.4639922376e+02	3.9766366673e+02
332              	Bottom	1.5400502737e+00	4.5732228185e+02	2.3609951599e+02
332              	Top	6.1393361960e+01	4.6875702599e+02	2.6502702296e+02
332              	e423_0	1.4823534837e+02	7.4639951928e+02	3.9766377730e+02
333              	Bottom	1.5400476475e+00	4.5732260414e+02	2.3609979863e+02
333              	Top	6.1393311496e+01	4.6875712267e+02	2.6502709168e+02
333              	e423_0	1.4823568669e+02	7.4639980918e+02	3.9766388530e+02
334              	Bottom	1.5400451936e+00	4.5732293651e+02	2.3610007977e+02
334              	Top	6.1393260037e+01	4.6875723622e+02	2.6502716759e+02
334              	e423_0	1.4823601923e+02	7.4640009361e+02	3.9766399079e+02
335              	Bottom	1.5400429018e+00	4.5732327756e+02	2.3610035894e+02
335              	Top	6.1393207758e+01	4.6875736562e+02	2.6502724997e+02
335              	e423_0	1.4823634604e+02	7.4640037271e+02	3.9766409385e+02
336              	Bottom	1.5400407614e+00	4.5732362587e+02	2.3610063571e+02
336              	Top	6.1393154802e+01	4.6875750975e+02	2.6502733812e+02
336              	e423_0	1.4823666720e+02	7.4640064660e+02	3.9766419453e+02
337              	Bottom	1.5400387614e+00	4.5732398008e+02	2.3610090963e+02
337              	Top	6.1393101320e+01	4.6875766745e+02	2.6502743132e+02
337              	e423_0	1.4823698273e+02	7.4640091540e+02	3.9766429290e+02
338              	Bottom	1.5400368912e+00	4.5732433879e+02	2.3610118028e+02
338              	Top	6.1393047469e+01	4.6875783752e+02	2.6502752888e+02
338              	e423_0	1.4823729269e+02	7.4640117922e+02	3.9766438903e+02
339              	Bottom	1.5400351404e+00	4.5732470065e+02	2.3610144727e+02
339              	Top	6.1392993400e+01	4.6875801873e+02	2.6502763010e+02
339              	e423_0	1.4823759711e+02	7.4640143815e+02	3.9766448297e+02
340              	Bottom	1.5400334987e+00	4.5732506432e+02	2.3610171022e+02
340              	Top	6.1392939262e+01	4.6875820982e+02	2.6502773429e+02
340              	e423_0	1.4823789601e+02	7.4640169228e+02	3.9766457478e+02
341              	Bottom	1.5400319560e+00	4.5732542853e+02	2.3610196878e+02
341              	Top	6.1392885199e+01	4.6875840954e+02	2.6502784080e+02
341              	e423_0	1.4823818942e+02	7.4640194168e+02	3.9766466452e+02
342              	Bottom	1.5400305027e+00	4.5732579205e+02	2.3610222264e+02
342              	Top	6.1392831356e+01	4.6875861665e+02	2.6502794897e+02
342              	e423_0	1.4823847735e+02	7.4640218642e+02	3.9766475223e+02
343              	Bottom	1.5400291293e+00	4.5732615371e+02	2.3610247150e+02
343              	Top	6.1392777861e+01	4.6875882990e+02	2.6502805820e+02
343              	e423_0	1.4823875983e+02	7.4640242656e+02	3.9766483798e+02
344              	Bottom	1.5400278268e+00	4.5732651239e+02	2.3610271511e+02
344              	Top	6.1392724840e+01	4.6875904808e+02	2.6502816789e+02
344              	e423_0	1.4823903687e+02	7.4640266217e+02	3.9766492180e+02
345              	Bottom	1.5400265866e+00	4.5732686705e+02	2.3610295322e+02
345              	Top	6.1392672423e+01	4.6875927001e+02	2.6502827750e+02
345              	e423_0	1.4823930849e+02	7.4640289329e+02	3.9766500376e+02
346              	Bottom	1.5400254006e+00	4.5732721672e+02	2.3610318563e+02
346              	Top	6.1392620712e+01	4.6875949454e+02	2.6502838649e+02
346              	e423_0	1.4823957470e+02	7.4640311997e+02	3.9766508389e+02
347              	Bottom	1.5400242612e+00	4.5732756051e+02	2.3610341217e+02
347              	Top	6.1392569824e+01	4.6875972056e+02	2.6502849438e+02
347              	e423_0	1.4823983553e+02	7.4640334225e+02	3.9766516225e+02
348              	Bottom	1.5400231611e+00	4.5732789759e+02	2.3610363270e+02
348              	Top	6.1392519854e+01	4.6875994704e+02	2.6502860073e+02
348              	e423_0	1.4824009098e+02	7.4640356018e+02	3.9766523887e+02
349              	Bottom	1.5400220937e+00	4.5732822722e+02	2.3610384710e+02
349              	Top	6.1392470887e+01	4.6876017296e+02	2.6502870511e+02
349              	e423_0	1.4824034109e+02	7.4640377380e+02	3.9766531379e+02
350              	Bottom	1.5400210528e+00	4.5732854874e+02	2.3610405528e+02
350              	Top	6.1392423000e+01	4.6876039740e+02	2.6502880716e+02
350              	e423_0	1.4824058589e+02	7.4640398313e+02	3.9766538706e+02
351              	Bottom	1.5400200326e+00	4.5732886156e+02	2.3610425720e+02
351              	Top	6.1392376270e+01	4.6876061947e+02	2.6502890653e+02
351              	e423_0	1.4824082539e+02	7.4640418823e+02	3.9766545872e+02
352              	Bottom	1.5400190282e+00	4.5732916519e+02	2.3610445281e+02
352              	Top	6.1392330755e+01	4.6876083837e+02	2.6502900292e+02
352              	e423_0	1.4824105963e+02	7.4640438913e+02	3.9766552880e+02
353              	Bottom	1.5400180348e+00	4.5732945918e+02	2.3610464212e+02
353              	Top	6.1392286506e+01	4.6876105335e+02	2.6502909609e+02
353              	e423_0	1.4824128865e+02	7.4640458586e+02	3.9766559733e+02
354              	Bottom	1.5400170482e+00	4.5732974320e+02	2.3610482514e+02
354              	Top	6.1392243572e+01	4.6876126373e+02	2.6502918579e+02
354              	e423_0	1.4824151250e+02	7.4640477845e+02	3.9766566436e+02
355              	Bottom	1.5400160650e+00	4.5733001696e+02	2.3610500192e+02
355              	Top	6.1392201986e+01	4.6876146891e+02	2.6502927185e+02
355              	e423_0	1.4824173120e+02	7.4640496696e+02	3.9766572992e+02
356              	Bottom	1.5400150818e+00	4.5733028025e+02	2.3610517252e+02
356              	Top	6.1392161776e+01	4.6876166833e+02	2.6502935410e+02
356              	e423_0	1.4824194482e+02	7.4640515140e+02	3.9766579404e+02
357              	Bottom	1.5400140960e+00	4.5733053293e+02	2.3610533704e+02
357              	Top	6.1392122961e+01	4.6876186152e+02	2.6502943245e+02
357              	e423_0	1.4824215341e+02	7.4640533183e+02	3.9766585675e+02
358              	Bottom	1.5400131052e+00	4.5733077493e+02	2.3610549556e+02
358              	Top	6.1392085554e+01	4.6876204809e+02	2.6502950679e+02
358              	e423_0	1.4824235702e+02	7.4640550829e+02	3.9766591808e+02
359              	Bottom	1.5400121077e+00	4.5733100624e+02	2.3610564821e+02
359              	Top	6.1392049558e+01	4.6876222767e+02	2.6502957707e+02
359              	e423_0	1.4824255573e+02	7.4640568081e+02	3.9766597806e+02
360              	Bottom	1.5400111019e+00	4.5733122689e+02	2.3610579514e+02
360              	Top	6.1392014972e+01	4.6876240000e+02	2.6502964327e+02
360              	e423_0	1.4824274959e+02	7.4640584944e+02	3.9766603672e+02
361              	Bottom	1.5400100869e+00	4.5733143699e+02	2.3610593648e+02
361              	Top	6.1391981787e+01	4.6876256486e+02	2.6502970540e+02
361              	e423_0	1.4824293868e+02	7.4640601423e+02	3.9766609408e+02
362              	Bottom	1.5400090618e+00	4.5733163669e+02	2.3610607241e+02
362              	Top	6.1391949987e+01	4.6876272208e+02	2.6502976347e+02
362              	e423_0	1.4824312307e+02	7.4640617522e+02	3.9766615019e+02
363              	Bottom	1.5400080264e+00	4.5733182618e+02	2.3610620308e+02
363              	Top	6.1391919553e+01	4.6876287157e+02	2.6502981755e+02
363              	e423_0	1.4824330284e+02	7.4640633247e+02	3.9766620505e+02
364              	Bottom	1.5400069805e+00	4.5733200569e+02	2.3610632870e+02
364              	Top	6.1391890508e+01	4.6876301328e+02	2.6502986772e+02
364              	e423_0	1.4824347804e+02	7.4640648604e+02	3.9766625870e+02
365              	Bottom	1.5400059247e+00	4.5733217552e+02	2.3610644943e+02
365              	Top	6.1391862653e+01	4.6876314721e+02	2.6502991403e+02
365              	e423_0	1.4824364883e+02	7.4640663595e+02	3.9766631116e+02
366              	Bottom	1.5400048589e+00	4.5733233594e+02	2.3610656547e+02
366              	Top	6.1391836162e+01	4.6876327338e+02	2.6502995663e+02
366              	e423_0	1.4824381525e+02	7.4640678229e+02	3.9766636245e+02
367              	Bottom	1.5400037840e+00	4.5733248727e+02	2.3610667703e+02
367              	Top	6.1391810875e+01	4.6876339190e+02	2.6502999564e+02
367              	e423_0	1.4824397739e+02	7.4640692510e+02	3.9766641260e+02
368              	Bottom	1.5400027005e+00	4.5733262989e+02	2.3610678431e+02
368              	Top	6.1391786808e+01	4.6876350289e+02	2.6503003121e+02
368              	e423_0	1.4824413536e+02	7.4640706445e+02	3.9766646163e+02
369              	Bottom	1.5400016100e+00	4.5733276418e+02	2.3610688750e+02
369              	Top	6.1391763882e+01	4.6876360654e+02	2.6503006347e+02
369              	e423_0	1.4824428923e+02	7.4640720039e+02	3.9766650957e+02
370              	Bottom	1.5400005136e+00	4.5733289053e+02	2.3610698681e+02
370              	Top	6.1391742064e+01	4.6876370303e+02	2.6503009260e+02
370              	e423_0	1.4824443911e+02	7.4640733299e+02	3.9766655644e+02
371              	Bottom	1.5399994125e+00	4.5733300935e+02	2.3610708245e+02
371              	Top	6.1391721304e+01	4.6876379259e+02	2.6503011876e+02
371              	e423_0	1.4824458510e+02	7.4640746232e+02	3.9766660225e+02
372              	Bottom	1.5399983083e+00	4.5733312107e+02	2.3610717461e+02
372              	Top	6.1391701549e+01	4.6876387548e+02	2.6503014213e+02
372              	e423_0	1.4824472730e+02	7.4640758844e+02	3.9766664703e+02
373              	Bottom	1.5399972024e+00	4.5733322610e+02	2.3610726348e+02
373              	Top	6.1391682751e+01	4.6876395196e+02	2.6503016289e+02
373              	e423_0	1.4824486580e+02	7.4640771142e+02	3.9766669080e+02
374              	Bottom	1.5399960964e+00	4.5733332486e+02	2.3610734927e+02
374              	Top	6.1391664859e+01	4.6876402234e+02	2.6503018123e+02
374              	e423_0	1.4824500070e+02	7.4640783132e+02	3.9766673359e+02
375              	Bottom	1.5399949920e+00	4.5733341780e+02	2.3610743216e+02
375              	Top	6.1391647819e+01	4.6876408692e+02	2.6503019734e+02
375              	e423_0	1.4824513211e+02	7.4640794821e+02	3.9766677540e+02
376              	Bottom	1.5399938909e+00	4.5733350532e+02	2.3610751233e+02
376              	Top	6.1391631582e+01	4.6876414603e+02	2.6503021139e+02
376              	e423_0	1.4824526011e+02	7.4640806217e+02	3.9766681627e+02
377              	Bottom	1.5399927947e+00	4.5733358784e+02	2.3610758995e+02
377              	Top	6.1391616094e+01	4.6876419999e+02	2.6503022358e+02
377              	e423_0	1.4824538482e+02	7.4640817326e+02	3.9766685620e+02
378              	Bottom	1.5399917051e+00	4.5733366579e+02	2.3610766521e+02
378              	Top	6.1391601308e+01	4.6876424914e+02	2.6503023408e+02
378              	e423_0	1.4824550632e+02	7.4640828155e+02	3.9766689523e+02
379              	Bottom	1.5399906237e+00	4.5733373955e+02	2.3610773825e+02
379              	Top	6.1391587161e+01	4.6876429383e+02	2.6503024308e+02
379              	e423_0	1.4824562472e+02	7.4640838712e+02	3.9766693336e+02
380              	Bottom	1.5399895521e+00	4.5733380951e+02	2.3610780924e+02
380              	Top	6.1391573631e+01	4.6876433439e+02	2.6503025075e+02
380              	e423_0	1.4824574011e+02	7.4640849002e+02	3.9766697062e+02
381              	Bottom	1.5399884918e+00	4.5733387606e+02	2.3610787832e+02
381              	Top	6.1391560648e+01	4.6876437116e+02	2.6503025726e+02
381              	e423_0	1.4824585257e+02	7.4640859034e+02	3.9766700703e+02
382              	Bottom	1.5399874444e+00	4.5733393954e+02	2.3610794563e+02
382              	Top	6.1391548174e+01	4.6876440448e+02	2.6503026277e+02
382              	e423_0	1.4824596221e+02	7.4640868814e+02	3.9766704260e+02
383              	Bottom	1.5399864112e+00	4.5733400030e+02	2.3610801131e+02
383              	Top	6.1391536166e+01	4.6876443469e+02	2.6503026743e+02
383              	e423_0	1.4824606912e+02	7.4640878349e+02	3.9766707735e+02
384              	Bottom	1.5399853935e+00	4.5733405867e+02	2.3610807546e+02
384              	Top	6.1391524580e+01	4.6876446210e+02	2.6503027141e+02
384              	e423_0	1.4824617338e+02	7.4640887646e+02	3.9766711130e+02
385              	Bottom	1.5399843927e+00	4.5733411496e+02	2.3610813820e+02
385              	Top	6.1391513377e+01	4.6876448702e+02	2.6503027482e+02
385              	e423_0	1.4824627507e+02	7.4640896711e+02	3.9766714446e+02
386              	Bottom	1.5399834098e+00	4.5733416944e+02	2.3610819965e+02
386              	Top	6.1391502519e+01	4.6876450977e+02	2.6503027782e+02
386              	e423_0	1.4824637428e+02	7.4640905551e+02	3.9766717686e+02
387              	Bottom	1.5399824459e+00	4.5733422240e+02	2.3610825989e+02
387              	Top	6.1391491972e+01	4.6876453063e+02	2.6503028051e+02
387              	e423_0	1.4824647110e+02	7.4640914173e+02	3.9766720851e+02
388              	Bottom	1.5399815020e+00	4.5733427407e+02	2.3610831901e+02
388              	Top	6.1391481702e+01	4.6876454987e+02	2.6503028302e+02
388              	e423_0	1.4824656559e+02	7.4640922583e+02	3.9766723942e+02
389              	Bottom	1.5399805789e+00	4.5733432469e+02	2.3610837709e+02
389              	Top	6.1391471677e+01	4.6876456776e+02	2.6503028544e+02
389              	e423_0	1.4824665784e+02	7.4640930787e+02	3.9766726962e+02
390              	Bottom	1.5399796773e+00	4.5733437445e+02	2.3610843421e+02
390              	Top	6.1391461870e+01	4.6876458455e+02	2.6503028787e+02
390              	e423_0	1.4824674792e+02	7.4640938792e+02	3.9766729912e+02
391              	Bottom	1.5399787978e+00	4.5733442356e+02	2.3610849042e+02
391              	Top	6.1391452255e+01	4.6876460046e+02	2.6503029040e+02
391              	e423_0	1.4824683590e+02	7.4640946603e+02	3.9766732793e+02
392              	Bottom	1.5399779410e+00	4.5733447217e+02	2.3610854579e+02
392              	Top	6.1391442806e+01	4.6876461573e+02	2.6503029311e+02
392              	e423_0	1.4824692184e+02	7.4640954226e+02	3.9766735607e+02
393              	Bottom	1.5399771074e+00	4.5733452044e+02	2.3610860036e+02
393              	Top	6.1391433505e+01	4.6876463053e+02	2.6503029606e+02
393              	e423_0	1.4824700582e+02	7.4640961668e+02	3.9766738356e+02
394              	Bottom	1.5399762971e+00	4.5733456849e+02	2.3610865417e+02
394              	Top	6.1391424330e+01	4.6876464506e+02	2.6503029931e+02
394              	e423_0	1.4824708788e+02	7.4640968932e+02	3.9766741041e+02
395              	Bottom	1.5399755105e+00	4.5733461644e+02	2.3610870726e+02
395              	Top	6.1391415265e+01	4.6876465949e+02	2.6503030291e+02
395              	e423_0	1.4824716810e+02	7.4640976025e+02	3.9766743663e+02
396              	Bottom	1.5399747476e+00	4.5733466438e+02	2.3610875967e+02
396              	Top	6.1391406295e+01	4.6876467395e+02	2.6503030690e+02
396              	e423_0	1.4824724653e+02	7.4640982953e+02	3.9766746225e+02
397              	Bottom	1.5399740086e+00	4.5733471239e+02	2.3610881141e+02
397              	Top	6.1391397406e+01	4.6876468859e+02	2.6503031132e+02
397              	e423_0	1.4824732322e+02	7.4640989719e+02	3.9766748727e+02
398              	Bottom	1.5399732932e+00	4.5733476052e+02	2.3610886251e+02
398              	Top	6.1391388589e+01	4.6876470352e+02	2.6503031620e+02
398              	e423_0	1.4824739823e+02	7.4640996328e+02	3.9766751170e+02
399              	Bottom	1.5399726014e+00	4.5733480882e+02	2.3610891298e+02
399              	Top	6.1391379834e+01	4.6876471885e+02	2.6503032154e+02
399              	e423_0	1.4824747161e+02	7.4641002786e+02	3.9766753557e+02
400              	Bottom	1.5399719330e+00	4.5733485734e+02	2.3610896282e+02
400              	Top	6.1391371133e+01	4.6876473465e+02	2.6503032737e+02
400              	e423_0	1.4824754339e+02	7.4641009097e+02	3.9766755889e+02
401              	Bottom	1.5399712876e+00	4.5733490608e+02	2.3610901206e+02
401              	Top	6.1391362482e+01	4.6876475100e+02	2.6503033369e+02
401              	e423_0	1.4824761363e+02	7.4641015265e+02	3.9766758166e+02
402              	Bottom	1.5399706650e+00	4.5733495505e+02	2.3610906068e+02
402              	Top	6.1391353875e+01	4.6876476795e+02	2.6503034049e+02
402              	e423_0	1.4824768237e+02	7.4641021294e+02	3.9766760390e+02
403              	Bottom	1.5399700646e+00	4.5733500424e+02	2.3610910869e+02
403              	Top	6.1391345312e+01	4.6876478556e+02	2.6503034778e+02
403              	e423_0	1.4824774964e+02	7.4641027188e+02	3.9766762563e+02
404              	Bottom	1.5399694860e+00	4.5733505366e+02	2.3610915609e+02
404              	Top	6.1391336789e+01	4.6876480384e+02	2.6503035554e+02
404              	e423_0	1.4824781549e+02	7.4641032951e+02	3.9766764686e+02
405              	Bottom	1.5399689286e+00	4.5733510326e+02	2.3610920287e+02
405              	Top	6.1391328308e+01	4.6876482281e+02	2.6503036376e+02
405              	e423_0	1.4824787995e+02	7.4641038586e+02	3.9766766760e+02
406              	Bottom	1.5399683918e+00	4.5733515302e+02	2.3610924903e+02
406              	Top	6.1391319868e+01	4.6876484249e+02	2.6503037242e+02
406              	e423_0	1.4824794306e+02	7.4641044098e+02	3.9766768785e+02
407              	Bottom	1.5399678751e+00	4.5733520291e+02	2.3610929455e+02
407              	Top	6.1391311473e+01	4.6876486287e+02	2.6503038148e+02
407              	e423_0	1.4824800484e+02	7.4641049489e+02	3.9766770764e+02
408              	Bottom	1.5399673778e+00	4.5733525287e+02	2.3610933942e+02
408              	Top	6.1391303126e+01	4.6876488394e+02	2.6503039094e+02
408              	e423_0	1.4824806533e+02	7.4641054762e+02	3.9766772698e+02
409              	Bottom	1.5399668992e+00	4.5733530285e+02	2.3610938364e+02
409              	Top	6.1391294828e+01	4.6876490567e+02	2.6503040075e+02
409              	e423_0	1.4824812456e+02	7.4641059921e+02	3.9766774586e+02
410              	Bottom	1.5399664385e+00	4.5733535282e+02	2.3610942719e+02
410              	Top	6.1391286584e+01	4.6876492803e+02	2.6503041089e+02
410              	e423_0	1.4824818255e+02	7.4641064969e+02	3.9766776432e+02
411              	Bottom	1.5399659952e+00	4.5733540269e+02	2.3610947006e+02
411              	Top	6.1391278403e+01	4.6876495100e+02	2.6503042133e+02
411              	e423_0	1.4824823933e+02	7.4641069907e+02	3.9766778235e+02
412              	Bottom	1.5399655683e+00	4.5733545243e+02	2.3610951223e+02
412              	Top	6.1391270285e+01	4.6876497453e+02	2.6503043202e+02
412              	e423_0	1.4824829492e+02	7.4641074740e+02	3.9766779996e+02
413              	Bottom	1.5399651572e+00	4.5733550195e+02	2.3610955370e+02
413              	Top	6.1391262239e+01	4.6876499856e+02	2.6503044294e+02
413              	e423_0	1.4824834935e+02	7.4641079468e+02	3.9766781718e+02
414              	Bottom	1.5399647611e+00	4.5733555122e+02	2.3610959446e+02
414              	Top	6.1391254267e+01	4.6876502306e+02	2.6503045405e+02
414              	e423_0	1.4824840265e+02	7.4641084096e+02	3.9766783400e+02
415              	Bottom	1.5399643794e+00	4.5733560015e+02	2.3610963449e+02
415              	Top	6.1391246378e+01	4.6876504796e+02	2.6503046531e+02
415              	e423_0	1.4824845482e+02	7.4641088624e+02	3.9766785043e+02
416              	Bottom	1.5399640112e+00	4.5733564869e+02	2.3610967377e+02
416              	Top	6.1391238577e+01	4.6876507321e+02	2.6503047668e+02
416              	e423_0	1.4824850590e+02	7.4641093056e+02	3.9766786649e+02
417              	Bottom	1.5399636558e+00	4.5733569677e+02	2.3610971231e+02
417              	Top	6.1391230871e+01	4.6876509874e+02	2.6503048814e+02
417              	e423_0	1.4824855590e+02	7.4641097393e+02	3.9766788219e+02
418              	Bottom	1.5399633125e+00	4.5733574434e+02	2.3610975009e+02
418              	Top	6.1391223264e+01	4.6876512450e+02	2.6503049964e+02
418              	e423_0	1.4824860484e+02	7.4641101638e+02	3.9766789752e+02
419              	Bottom	1.5399629806e+00	4.5733579134e+02	2.3610978711e+02
419              	Top	6.1391215763e+01	4.6876515042e+02	2.6503051115e+02
419              	e423_0	1.4824865274e+02	7.4641105791e+02	3.9766791251e+02
420              	Bottom	1.5399626594e+00	4.5733583771e+02	2.3610982336e+02
420              	Top	6.1391208377e+01	4.6876517644e+02	2.6503052263e+02
420              	e423_0	1.4824869962e+02	7.4641109856e+02	3.9766792716e+02
421              	Bottom	1.5399623484e+00	4.5733588340e+02	2.3610985883e+02
421              	Top	6.1391201101e+01	4.6876520249e+02	2.6503053406e+02
421              	e423_0	1.4824874549e+02	7.4641113834e+02	3.9766794148e+02
422              	Bottom	1.5399620467e+00	4.5733592836e+02	2.3610989351e+02
422              	Top	6.1391193948e+01	4.6876522852e+02	2.6503054541e+02
422              	e423_0	1.4824879038e+02	7.4641117726e+02	3.9766795547e+02
423              	Bottom	1.5399617539e+00	4.5733597255e+02	2.3610992742e+02
423              	Top	6.1391186929e+01	4.6876525447e+02	2.6503055664e+02
423              	e423_0	1.4824883429e+02	7.4641121535e+02	3.9766796915e+02
424              	Bottom	1.5399614693e+00	4.5733601591e+02	2.3610996054e+02
424              	Top	6.1391180031e+01	4.6876528028e+02	2.6503056773e+02
424              	e423_0	1.4824887725e+02	7.4641125262e+02	3.9766798251e+02
425              	Bottom	1.5399611923e+00	4.5733605842e+02	2.3610999288e+02
425              	Top	6.1391173277e+01	4.6876530589e+02	2.6503057865e+02
425              	e423_0	1.4824891927e+02	7.4641128908e+02	3.9766799558e+02
426              	Bottom	1.5399609226e+00	4.5733610004e+02	2.3611002445e+02
426              	Top	6.1391166689e+01	4.6876533126e+02	2.6503058939e+02
426              	e423_0	1.4824896033e+02	7.4641132476e+02	3.9766800835e+02
427              	Bottom	1.5399606596e+00	4.5733614078e+02	2.3611005523e+02
427              	Top	6.1391160141e+01	4.6876535633e+02	2.6503059990e+02
427              	e423_0	1.4824900052e+02	7.4641135964e+02	3.9766802083e+02
428              	Bottom	1.5399604025e+00	4.5733618054e+02	2.3611008523e+02
428              	Top	6.1391153823e+01	4.6876538103e+02	2.6503061018e+02
428              	e423_0	1.4824903982e+02	7.4641139378e+02	3.9766803303e+02
429              	Bottom	1.5399601512e+00	4.5733621931e+02	2.3611011447e+02
429              	Top	6.1391147631e+01	4.6876540534e+02	2.6503062022e+02
429              	e423_0	1.4824907823e+02	7.4641142716e+02	3.9766804495e+02
