# y+ ()          
# Time           	patch            	min              	max              	average          
1                	Bottom	6.4009415970e+01	3.2879213743e+02	1.8279607302e+02
1                	Top	1.1645812848e+02	3.2455484358e+02	2.1203039981e+02
1                	e423_0	1.0658940013e+02	7.0049461123e+02	4.1687623791e+02
2                	Bottom	1.8201755592e+01	2.9534076981e+02	1.6219236232e+02
2                	Top	7.4003729355e+01	4.0137521124e+02	2.2533687781e+02
2                	e423_0	1.0018147901e+02	7.0629972015e+02	4.1329135473e+02
3                	Bottom	1.4078241121e+01	3.2162078429e+02	1.5851721749e+02
3                	Top	5.8472926535e+01	4.5385432407e+02	2.2407656879e+02
3                	e423_0	8.4796008324e+01	7.0782967654e+02	4.0982175477e+02
4                	Bottom	1.1771216739e+01	3.4331353535e+02	1.5032248523e+02
4                	Top	7.4481411177e+01	4.8350037251e+02	2.2663542139e+02
4                	e423_0	8.1966151482e+01	7.1253137073e+02	4.0697270112e+02
5                	Bottom	1.7241945198e+01	3.5066868566e+02	1.6672904947e+02
5                	Top	7.6259478266e+01	5.0338476315e+02	2.2839851118e+02
5                	e423_0	8.6627958054e+01	7.1507185854e+02	4.0419497345e+02
6                	Bottom	1.5399398855e+01	3.6290635821e+02	1.7961537837e+02
6                	Top	6.6289394593e+01	5.2072237651e+02	2.2950262902e+02
6                	e423_0	9.3911588441e+01	7.1884023666e+02	4.0203759093e+02
7                	Bottom	9.3909748430e+00	3.7714341335e+02	1.9365557559e+02
7                	Top	4.7567387481e+01	5.3538618801e+02	2.3079222772e+02
7                	e423_0	9.9734774332e+01	7.2228753437e+02	4.0004563605e+02
8                	Bottom	5.4739465325e+00	3.8937968893e+02	2.0138054407e+02
8                	Top	2.0460190023e+01	5.4549871630e+02	2.3155879115e+02
8                	e423_0	1.0359233722e+02	7.2519141018e+02	3.9807556730e+02
9                	Bottom	9.6354358883e+00	4.0020031510e+02	2.0602902859e+02
9                	Top	2.6965415637e+01	5.5660496949e+02	2.3372049526e+02
9                	e423_0	1.0692151971e+02	7.2846977220e+02	3.9610477135e+02
10               	Bottom	1.4440254578e+01	4.0994888887e+02	2.0648384652e+02
10               	Top	3.6033200563e+01	5.6125166714e+02	2.3550890465e+02
10               	e423_0	1.1036993278e+02	7.3229450252e+02	3.9414645917e+02
11               	Bottom	1.5488607710e+01	4.1786225655e+02	2.0878372237e+02
11               	Top	4.5234792005e+01	5.5992572125e+02	2.3670055781e+02
11               	e423_0	1.1382913688e+02	7.3660052045e+02	3.9235590152e+02
12               	Bottom	1.7366997768e+01	4.2337365062e+02	2.0972425976e+02
12               	Top	5.7723522018e+01	5.5340157156e+02	2.3763814167e+02
12               	e423_0	1.1796503724e+02	7.4115622160e+02	3.9069660914e+02
13               	Bottom	2.0352821179e+01	4.2554087344e+02	2.0875221260e+02
13               	Top	6.9730454273e+01	5.4242944396e+02	2.3738776098e+02
13               	e423_0	1.2158506182e+02	7.4605941035e+02	3.8912590730e+02
14               	Bottom	2.3201514938e+01	4.2341848581e+02	2.0647275160e+02
14               	Top	8.1471395111e+01	5.2814228277e+02	2.3614822048e+02
14               	e423_0	1.2449829756e+02	7.5122225839e+02	3.8762165298e+02
15               	Bottom	2.5230189721e+01	4.1628163600e+02	2.0321114124e+02
15               	Top	8.6059259397e+01	5.1102968081e+02	2.3409639020e+02
15               	e423_0	1.2940730042e+02	7.5632419032e+02	3.8620760412e+02
16               	Bottom	2.6415243569e+01	4.0387615395e+02	1.9922596350e+02
16               	Top	7.3312043700e+01	4.9164084060e+02	2.3137336348e+02
16               	e423_0	1.4116929363e+02	7.6136089127e+02	3.8496325911e+02
17               	Bottom	2.7227395964e+01	3.8674792479e+02	1.9479812656e+02
17               	Top	5.9513642805e+01	4.7077286985e+02	2.2833854003e+02
17               	e423_0	1.5134909048e+02	7.6644405141e+02	3.8380270417e+02
18               	Bottom	2.2938195286e+01	3.6576400880e+02	1.9112984625e+02
18               	Top	4.1410071138e+01	4.4877693744e+02	2.2499577894e+02
18               	e423_0	1.4960047058e+02	7.7126764362e+02	3.8278846394e+02
19               	Bottom	2.7940838578e+01	3.4213934267e+02	1.8886536991e+02
19               	Top	1.4984267460e+01	4.2636879336e+02	2.2111052945e+02
19               	e423_0	1.4670053878e+02	7.7584048602e+02	3.8191887392e+02
20               	Bottom	2.7913107299e+01	3.1618549029e+02	1.8604538388e+02
20               	Top	4.6900061077e+01	4.0335604945e+02	2.2036439025e+02
20               	e423_0	1.4379512887e+02	7.8018738004e+02	3.8123524991e+02
21               	Bottom	2.7646763688e+01	2.9788106824e+02	1.8298939711e+02
21               	Top	6.4246197370e+01	3.7945908230e+02	2.1884760882e+02
21               	e423_0	1.4098083034e+02	7.8428686984e+02	3.8080299889e+02
22               	Bottom	2.7031607628e+01	3.0283955897e+02	1.7964407530e+02
22               	Top	7.8462248864e+01	3.5478858052e+02	2.1726360597e+02
22               	e423_0	1.3835727844e+02	7.8825347411e+02	3.8054200392e+02
23               	Bottom	2.5896902518e+01	3.0768564585e+02	1.7565311238e+02
23               	Top	6.8415177826e+01	3.4091870057e+02	2.1573702756e+02
23               	e423_0	1.3597657051e+02	7.9220813525e+02	3.8046164347e+02
24               	Bottom	2.4422322952e+01	3.1236475805e+02	1.7225624954e+02
24               	Top	5.4925131438e+01	3.4614005298e+02	2.1399569441e+02
24               	e423_0	1.3386869298e+02	7.9628133296e+02	3.8048601409e+02
25               	Bottom	2.2484194243e+01	3.1695269596e+02	1.7416858119e+02
25               	Top	3.5704000929e+01	3.5118271106e+02	2.1177947004e+02
25               	e423_0	1.3205236671e+02	8.0036903279e+02	3.8068800877e+02
26               	Bottom	2.0131870812e+01	3.2142777106e+02	1.7385476217e+02
26               	Top	2.6112969794e+01	3.5596471458e+02	2.0981336655e+02
26               	e423_0	1.3055893451e+02	8.0453743682e+02	3.8100512534e+02
27               	Bottom	1.7104721407e+01	3.2577983944e+02	1.7283665044e+02
27               	Top	5.3948092485e+01	3.6167533861e+02	2.0923364178e+02
27               	e423_0	1.2932925357e+02	8.0877894965e+02	3.8131361505e+02
28               	Bottom	1.2837188105e+01	3.2997839489e+02	1.7955394646e+02
28               	Top	1.2486103033e+01	3.6750955802e+02	2.0557368301e+02
28               	e423_0	1.2821706468e+02	8.1299066523e+02	3.8163220772e+02
29               	Bottom	4.6110105830e+00	3.3400332128e+02	1.8440957073e+02
29               	Top	6.1766247500e+01	3.7307952083e+02	2.1039413006e+02
29               	e423_0	1.2723683843e+02	8.1710624738e+02	3.8198900952e+02
30               	Bottom	8.7208094567e+00	3.3868209188e+02	1.8869533959e+02
30               	Top	4.5232889011e+01	3.7839958024e+02	2.1197912795e+02
30               	e423_0	1.2636751904e+02	8.2112295703e+02	3.8237035114e+02
31               	Bottom	8.2045596588e+00	3.4377469580e+02	1.9180516390e+02
31               	Top	1.1971859887e+01	3.8336533012e+02	2.1130331178e+02
31               	e423_0	1.2560017051e+02	8.2484730304e+02	3.8277460017e+02
32               	Bottom	8.5121227276e+00	3.4866187686e+02	1.9370200374e+02
32               	Top	4.3713686148e+01	3.8808464222e+02	2.1523843113e+02
32               	e423_0	1.2491885538e+02	8.2828899940e+02	3.8317960240e+02
33               	Bottom	5.0878857157e+00	3.5328534467e+02	1.9678999195e+02
33               	Top	6.3929751616e+01	3.9244895233e+02	2.2247465970e+02
33               	e423_0	1.2431918062e+02	8.3141505448e+02	3.8357706996e+02
34               	Bottom	3.3203392701e+00	3.5760848829e+02	2.0185918770e+02
34               	Top	5.3866359934e+01	3.9649931612e+02	2.2792743016e+02
34               	e423_0	1.2379735206e+02	8.3420148238e+02	3.8396040042e+02
35               	Bottom	2.3170219087e+00	3.6144342811e+02	2.0583853740e+02
35               	Top	3.2881264823e+01	4.0013980364e+02	2.3211083664e+02
35               	e423_0	1.2335286904e+02	8.3670037876e+02	3.8433042395e+02
36               	Bottom	1.8623707771e+00	3.6465233390e+02	2.0935081602e+02
36               	Top	3.1643758637e+01	4.0339428981e+02	2.3697272126e+02
36               	e423_0	1.2298329401e+02	8.3888489346e+02	3.8470118046e+02
37               	Bottom	1.7369378831e+00	3.6724578497e+02	2.1217221537e+02
37               	Top	5.7752107754e+01	4.0624808800e+02	2.4300873005e+02
37               	e423_0	1.2268663240e+02	8.4081774038e+02	3.8506846380e+02
38               	Bottom	1.7322035849e+00	3.6929819367e+02	2.1448421747e+02
38               	Top	6.6511068520e+01	4.0868140926e+02	2.4812908348e+02
38               	e423_0	1.2246082724e+02	8.4255011993e+02	3.8542882426e+02
39               	Bottom	1.0792581353e+01	3.7080022212e+02	2.1868171487e+02
39               	Top	4.8778291920e+01	4.1110894990e+02	2.5240579365e+02
39               	e423_0	1.2230689144e+02	8.4412518355e+02	3.8577707426e+02
40               	Bottom	9.6746604041e+00	3.7171245499e+02	2.2056662832e+02
40               	Top	5.8055314050e+00	4.1456511880e+02	2.5494870615e+02
40               	e423_0	1.2222259059e+02	8.4558174162e+02	3.8610871666e+02
41               	Bottom	2.1084400040e+01	3.7572073435e+02	2.2519574464e+02
41               	Top	5.2955923111e+01	4.1753337922e+02	2.6218775556e+02
41               	e423_0	1.2220690401e+02	8.4694423820e+02	3.8642210347e+02
42               	Bottom	3.7302660715e+01	3.9326703267e+02	2.3261046187e+02
42               	Top	1.8104548281e+01	4.2002349727e+02	2.6712070199e+02
42               	e423_0	1.2225864914e+02	8.4822461290e+02	3.8671196789e+02
43               	Bottom	2.0055806464e+01	4.1482759215e+02	2.3815067714e+02
43               	Top	5.2671906809e+01	4.2201553589e+02	2.7550787620e+02
43               	e423_0	1.2237599740e+02	8.4939172185e+02	3.8697415104e+02
44               	Bottom	4.3432426424e+01	4.3681527866e+02	2.4760718100e+02
44               	Top	7.6246559639e+01	4.2346228296e+02	2.8294600372e+02
44               	e423_0	1.2255448983e+02	8.5041888428e+02	3.8721213224e+02
45               	Bottom	5.8085417668e+01	4.5783774855e+02	2.5590617138e+02
45               	Top	7.6086067964e+01	4.2431049288e+02	2.8988770983e+02
45               	e423_0	1.2278998610e+02	8.5137134291e+02	3.8742639687e+02
46               	Bottom	6.3694331933e+01	4.7846276289e+02	2.6404158288e+02
46               	Top	7.3513503263e+01	4.4234934382e+02	2.9668400207e+02
46               	e423_0	1.2307890425e+02	8.5226926716e+02	3.8761736293e+02
47               	Bottom	6.0104268452e+01	4.9861822488e+02	2.7139932780e+02
47               	Top	7.1211343362e+01	4.6352858877e+02	3.0317685154e+02
47               	e423_0	1.2341383046e+02	8.5313579450e+02	3.8778558961e+02
48               	Bottom	5.4289963386e+01	5.1795692036e+02	2.7813780574e+02
48               	Top	6.8364462092e+01	4.8682837166e+02	3.0945569458e+02
48               	e423_0	1.2378721424e+02	8.5397163508e+02	3.8793318405e+02
49               	Bottom	3.3792563033e+01	5.3752503314e+02	2.8364878477e+02
49               	Top	6.5225001065e+01	5.1225130992e+02	3.1551394533e+02
49               	e423_0	1.2419015381e+02	8.5477397514e+02	3.8805997074e+02
50               	Bottom	6.4492593961e+01	5.5848055121e+02	2.9021832054e+02
50               	Top	6.2404506200e+01	5.3729523706e+02	3.2134255409e+02
50               	e423_0	1.2461325345e+02	8.5554756878e+02	3.8816804751e+02
51               	Bottom	6.8620957334e+01	5.8193749479e+02	2.9443375441e+02
51               	Top	5.9766005722e+01	5.5855290105e+02	3.2658753173e+02
51               	e423_0	1.2504856544e+02	8.5629341094e+02	3.8825781681e+02
52               	Bottom	7.0026885163e+01	6.0422910480e+02	2.9769107582e+02
52               	Top	5.5462951083e+01	5.8282567949e+02	3.3096035392e+02
52               	e423_0	1.2548805781e+02	8.5701199724e+02	3.8833177363e+02
53               	Bottom	7.1189686574e+01	6.2582614801e+02	3.0064135722e+02
53               	Top	5.2067188175e+01	6.0623442047e+02	3.3482123692e+02
53               	e423_0	1.2592419132e+02	8.5770435510e+02	3.8839137214e+02
54               	Bottom	7.1806583243e+01	6.4797452886e+02	3.0318142710e+02
54               	Top	4.9933094698e+01	6.2926737999e+02	3.3830213811e+02
54               	e423_0	1.2635039061e+02	8.5836847317e+02	3.8843739946e+02
55               	Bottom	6.9907105544e+01	6.6972527502e+02	3.0524944490e+02
55               	Top	4.8426095785e+01	6.5226174713e+02	3.4148647222e+02
55               	e423_0	1.2676127480e+02	8.5900907840e+02	3.8847164645e+02
56               	Bottom	7.2037676242e+01	6.9024697492e+02	3.0744377641e+02
56               	Top	4.7389937094e+01	6.7532277208e+02	3.4429988763e+02
56               	e423_0	1.2715300068e+02	8.5962783391e+02	3.8849609919e+02
57               	Bottom	7.1676452016e+01	7.0858681336e+02	3.0918730202e+02
57               	Top	4.6826868245e+01	6.9800102887e+02	3.4651492298e+02
57               	e423_0	1.2752270818e+02	8.6022526664e+02	3.8851227150e+02
58               	Bottom	7.1098670235e+01	7.2415877102e+02	3.1000319820e+02
58               	Top	4.6686927971e+01	7.1794233149e+02	3.4817024393e+02
58               	e423_0	1.2786850540e+02	8.6080108934e+02	3.8852183205e+02
59               	Bottom	7.0377157205e+01	7.3619280365e+02	3.0968336180e+02
59               	Top	4.6946166617e+01	7.3510158589e+02	3.4924901798e+02
59               	e423_0	1.2818883125e+02	8.6135789900e+02	3.8852574389e+02
60               	Bottom	6.9434201463e+01	7.4433075150e+02	3.0832272488e+02
60               	Top	4.7788434125e+01	7.4913615310e+02	3.4967414064e+02
60               	e423_0	1.2756922162e+02	8.6189604329e+02	3.8852489623e+02
61               	Bottom	6.8356067050e+01	7.4456557056e+02	3.0698228207e+02
61               	Top	4.8853210353e+01	7.5924313253e+02	3.4943374646e+02
61               	e423_0	1.2680614448e+02	8.6241533739e+02	3.8851965229e+02
62               	Bottom	6.7056139110e+01	7.4254545705e+02	3.0554745259e+02
62               	Top	5.0155613600e+01	7.6602577648e+02	3.4862413698e+02
62               	e423_0	1.2607611436e+02	8.6291996856e+02	3.8851151854e+02
63               	Bottom	6.5487754745e+01	7.3821466144e+02	3.0380280150e+02
63               	Top	5.1698123061e+01	7.6997349834e+02	3.4727860689e+02
63               	e423_0	1.2538004620e+02	8.6340838569e+02	3.8850183654e+02
64               	Bottom	6.3846252901e+01	7.3120829335e+02	3.0144483685e+02
64               	Top	5.3456139750e+01	7.7105137510e+02	3.4539509183e+02
64               	e423_0	1.2471994162e+02	8.6388161214e+02	3.8849163472e+02
65               	Bottom	5.9960093428e+01	7.2195805001e+02	2.9838311983e+02
65               	Top	5.9045579070e+01	7.6908223490e+02	3.4312818918e+02
65               	e423_0	1.2409728388e+02	8.6434111221e+02	3.8848195589e+02
66               	Bottom	5.1296884342e+01	7.1056106397e+02	2.9442555182e+02
66               	Top	6.0259381872e+01	7.6421542556e+02	3.4035553802e+02
66               	e423_0	1.2351341813e+02	8.6478758026e+02	3.8847381996e+02
67               	Bottom	3.6761676119e+01	6.9731420080e+02	2.8977217870e+02
67               	Top	6.2139669782e+01	7.5692459961e+02	3.3728724648e+02
67               	e423_0	1.2296943573e+02	8.6522161488e+02	3.8846826418e+02
68               	Bottom	5.3424237550e+01	6.8212813467e+02	2.8655500145e+02
68               	Top	6.3770687563e+01	7.4750751763e+02	3.3393526395e+02
68               	e423_0	1.2246579522e+02	8.6564505504e+02	3.8846625727e+02
69               	Bottom	5.1199320395e+01	6.6555034995e+02	2.8201836287e+02
69               	Top	6.5491336728e+01	7.3621752644e+02	3.3036528434e+02
69               	e423_0	1.2200265070e+02	8.6605969621e+02	3.8846850302e+02
70               	Bottom	4.9315813388e+01	6.4775096192e+02	2.7708887574e+02
70               	Top	6.7325479999e+01	7.2162478500e+02	3.2664307020e+02
70               	e423_0	1.2158119373e+02	8.6646330231e+02	3.8847548414e+02
71               	Bottom	4.6232956219e+01	6.2968223988e+02	2.7176149623e+02
71               	Top	6.9045908403e+01	7.0461718413e+02	3.2270426362e+02
71               	e423_0	1.2120222000e+02	8.6685638231e+02	3.8848755044e+02
72               	Bottom	2.9095359504e+01	6.1225336870e+02	2.6599525625e+02
72               	Top	7.0303530833e+01	6.8454461444e+02	3.1848493518e+02
72               	e423_0	1.2086436600e+02	8.6723764830e+02	3.8850452414e+02
73               	Bottom	2.4788154796e+01	5.9564760186e+02	2.6164272586e+02
73               	Top	7.1378500815e+01	6.6351610366e+02	3.1418901217e+02
73               	e423_0	1.2056738217e+02	8.6760367831e+02	3.8852629990e+02
74               	Bottom	3.6250936713e+01	5.7938287758e+02	2.6024667465e+02
74               	Top	7.2488744712e+01	6.4471842236e+02	3.1009862768e+02
74               	e423_0	1.2031002647e+02	8.6795723457e+02	3.8855289094e+02
75               	Bottom	2.4746399245e+01	5.6318645127e+02	2.5769923083e+02
75               	Top	7.3522101934e+01	6.2669008515e+02	3.0618619050e+02
75               	e423_0	1.2008975896e+02	8.6829884266e+02	3.8858418362e+02
76               	Bottom	1.1864010812e+01	5.4756871852e+02	2.5433963017e+02
76               	Top	7.4408228981e+01	6.0889037677e+02	3.0243799063e+02
76               	e423_0	1.1990376345e+02	8.6862877674e+02	3.8861996442e+02
77               	Bottom	6.1199060273e+00	5.3310673474e+02	2.5127821967e+02
77               	Top	7.5216554886e+01	5.9072681494e+02	2.9888879197e+02
77               	e423_0	1.1974881413e+02	8.6894664915e+02	3.8865992752e+02
78               	Bottom	3.5491969783e+00	5.1952346196e+02	2.4818556306e+02
78               	Top	7.5956859552e+01	5.7312677834e+02	2.9548198107e+02
78               	e423_0	1.1962192202e+02	8.6925202783e+02	3.8870375655e+02
79               	Bottom	2.4492022715e+00	5.0648666579e+02	2.4570268444e+02
79               	Top	7.6595095386e+01	5.5684002127e+02	2.9244514061e+02
79               	e423_0	1.1952000354e+02	8.6954383895e+02	3.8875114842e+02
80               	Bottom	1.0921287948e+00	4.9339464153e+02	2.4494313924e+02
80               	Top	7.7116127102e+01	5.4422588535e+02	2.8985994700e+02
80               	e423_0	1.1943968124e+02	8.6982122300e+02	3.8880184272e+02
81               	Bottom	2.9226848007e+00	4.8223550679e+02	2.4421776023e+02
81               	Top	7.7542711113e+01	5.3413012655e+02	2.8764832102e+02
81               	e423_0	1.1937747324e+02	8.7008319325e+02	3.8885546408e+02
82               	Bottom	4.1347496874e+00	4.7291974347e+02	2.4373917843e+02
82               	Top	7.7862755468e+01	5.2570748573e+02	2.8581522886e+02
82               	e423_0	1.1932996325e+02	8.7032926744e+02	3.8891160354e+02
83               	Bottom	4.8845088876e+00	4.6577459146e+02	2.4353184867e+02
83               	Top	7.8086250560e+01	5.1864705942e+02	2.8432090172e+02
83               	e423_0	1.1929377132e+02	8.7055901289e+02	3.8896984584e+02
84               	Bottom	5.6939854757e+00	4.6064542524e+02	2.4363940811e+02
84               	Top	7.8212190531e+01	5.1288003221e+02	2.8319336625e+02
84               	e423_0	1.1926561353e+02	8.7077211641e+02	3.8902974807e+02
85               	Bottom	6.5595159350e+00	4.5718990612e+02	2.4403350500e+02
85               	Top	7.8255784501e+01	5.0771206051e+02	2.8232382208e+02
85               	e423_0	1.1924236221e+02	8.7096901746e+02	3.8909080784e+02
86               	Bottom	7.3345255144e+00	4.5550463603e+02	2.4462894367e+02
86               	Top	7.8228132811e+01	5.0236419125e+02	2.8178610421e+02
86               	e423_0	1.1922106243e+02	8.7114987295e+02	3.8915249815e+02
87               	Bottom	7.8746173397e+00	4.5516978288e+02	2.4533495782e+02
87               	Top	7.8135928832e+01	4.9816883724e+02	2.8167842798e+02
87               	e423_0	1.1919899598e+02	8.7131507305e+02	3.8921433605e+02
88               	Bottom	8.1204966740e+00	4.5518593312e+02	2.4613741619e+02
88               	Top	7.7970182966e+01	4.9551733372e+02	2.8186788745e+02
88               	e423_0	1.1917381792e+02	8.7146530351e+02	3.8927584819e+02
89               	Bottom	8.0306895983e+00	4.5631540548e+02	2.4702464712e+02
89               	Top	7.7757858570e+01	4.9416339674e+02	2.8230227227e+02
89               	e423_0	1.1914342727e+02	8.7160140757e+02	3.8933660694e+02
90               	Bottom	7.7121108498e+00	4.5873664901e+02	2.4798821949e+02
90               	Top	7.7513123588e+01	4.9374712852e+02	2.8294840841e+02
90               	e423_0	1.1910605536e+02	8.7172421432e+02	3.8939623817e+02
91               	Bottom	7.2302651662e+00	4.6160170448e+02	2.4900047273e+02
91               	Top	7.7232637116e+01	4.9373706427e+02	2.8378889827e+02
91               	e423_0	1.1906027075e+02	8.7183482330e+02	3.8945438300e+02
92               	Bottom	6.5927420127e+00	4.6459247525e+02	2.5003215530e+02
92               	Top	7.6923832880e+01	4.9419975066e+02	2.8480157136e+02
92               	e423_0	1.1900493656e+02	8.7193432159e+02	3.8951071733e+02
93               	Bottom	5.8339244928e+00	4.6763186745e+02	2.5106160706e+02
93               	Top	7.6542847189e+01	4.9520087031e+02	2.8599776225e+02
93               	e423_0	1.1893923101e+02	8.7202387671e+02	3.8956491440e+02
94               	Bottom	4.9587865104e+00	4.7082354650e+02	2.5209196254e+02
94               	Top	7.6167554379e+01	4.9708498785e+02	2.8734485043e+02
94               	e423_0	1.1886260961e+02	8.7210474648e+02	3.8961662553e+02
95               	Bottom	4.0085352007e+00	4.7423684127e+02	2.5312836218e+02
95               	Top	7.5780652573e+01	4.9968597575e+02	2.8877213232e+02
95               	e423_0	1.1877482938e+02	8.7217807716e+02	3.8966545145e+02
96               	Bottom	3.0068795079e+00	4.7789976595e+02	2.5416461060e+02
96               	Top	7.5386608567e+01	5.0262952738e+02	2.9022746254e+02
96               	e423_0	1.1867587431e+02	8.7224502238e+02	3.8971102120e+02
97               	Bottom	1.9343746224e+00	4.8141365240e+02	2.5515451593e+02
97               	Top	7.4989392917e+01	5.0569115041e+02	2.9166921414e+02
97               	e423_0	1.1856595790e+02	8.7230669262e+02	3.8975299989e+02
98               	Bottom	5.8369230777e-01	4.8479231816e+02	2.5608235659e+02
98               	Top	7.4597576612e+01	5.0871380233e+02	2.9306564603e+02
98               	e423_0	1.1844550205e+02	8.7236413945e+02	3.8979110418e+02
99               	Bottom	1.0780071319e+00	4.8792771099e+02	2.5702274190e+02
99               	Top	7.4211904713e+01	5.1160895756e+02	2.9442869536e+02
99               	e423_0	1.1831511890e+02	8.7241834272e+02	3.8982491513e+02
100              	Bottom	9.6007348552e-01	4.9081219449e+02	2.5774789940e+02
100              	Top	7.3840943592e+01	5.1459999591e+02	2.9574800634e+02
100              	e423_0	1.1817557546e+02	8.7247021271e+02	3.8985460351e+02
101              	Bottom	9.0626671026e-01	4.9342739465e+02	2.5906054474e+02
101              	Top	7.3481489780e+01	5.1750630678e+02	2.9698366128e+02
101              	e423_0	1.1802776465e+02	8.7252051387e+02	3.8988024162e+02
102              	Bottom	1.3814027943e+00	4.9562719209e+02	2.6030672103e+02
102              	Top	7.3118555948e+01	5.2020097138e+02	2.9815002833e+02
102              	e423_0	1.1787266884e+02	8.7257001408e+02	3.8990194845e+02
103              	Bottom	1.5328529254e+00	4.9778576685e+02	2.6141495704e+02
103              	Top	7.2761622866e+01	5.2275557532e+02	2.9923209022e+02
103              	e423_0	1.1771341804e+02	8.7261928189e+02	3.8991986891e+02
104              	Bottom	1.5947118168e+00	4.9987842513e+02	2.6243591462e+02
104              	Top	7.2489808426e+01	5.2503063180e+02	3.0024164410e+02
104              	e423_0	1.1755014618e+02	8.7266884103e+02	3.8993413821e+02
105              	Bottom	1.6251160815e+00	5.0183696244e+02	2.6338393387e+02
105              	Top	7.2240065367e+01	5.2701561324e+02	3.0116382676e+02
105              	e423_0	1.1738289148e+02	8.7271913484e+02	3.8994489089e+02
106              	Bottom	1.6434455304e+00	5.0363418141e+02	2.6426250049e+02
106              	Top	7.2011714642e+01	5.2870838549e+02	3.0200191334e+02
106              	e423_0	1.1721300120e+02	8.7277049090e+02	3.8995228644e+02
107              	Bottom	1.6566222316e+00	5.0522895310e+02	2.6507419449e+02
107              	Top	7.1783220405e+01	5.3008395724e+02	3.0274776953e+02
107              	e423_0	1.1704157045e+02	8.7282315878e+02	3.8995645288e+02
108              	Bottom	1.6672148351e+00	5.0642835265e+02	2.6579063086e+02
108              	Top	7.1569132419e+01	5.3126851175e+02	3.0342528515e+02
108              	e423_0	1.1686970076e+02	8.7287732324e+02	3.8995752452e+02
109              	Bottom	1.6762066184e+00	5.0752718900e+02	2.6643606145e+02
109              	Top	7.1366251003e+01	5.3240314073e+02	3.0404460206e+02
109              	e423_0	1.1669844260e+02	8.7293304366e+02	3.8995564771e+02
110              	Bottom	1.6840488255e+00	5.0896294702e+02	2.6701579806e+02
110              	Top	7.1179135431e+01	5.3353077917e+02	3.0462433253e+02
110              	e423_0	1.1652873915e+02	8.7299038102e+02	3.8995104048e+02
111              	Bottom	1.6909660215e+00	5.1065446938e+02	2.6753676863e+02
111              	Top	7.1012434700e+01	5.3456859656e+02	3.0514791997e+02
111              	e423_0	1.1636146834e+02	8.7304925999e+02	3.8994393870e+02
112              	Bottom	1.6970635560e+00	5.1220560602e+02	2.6800441144e+02
112              	Top	7.0849546726e+01	5.3549511717e+02	3.0562060128e+02
112              	e423_0	1.1619750571e+02	8.7310961585e+02	3.8993462485e+02
113              	Bottom	1.7023363402e+00	5.1355620877e+02	2.6842283333e+02
113              	Top	7.0701764158e+01	5.3631077326e+02	3.0604985571e+02
113              	e423_0	1.1603761788e+02	8.7317129150e+02	3.8992337650e+02
114              	Bottom	1.7068086807e+00	5.1473541080e+02	2.6879515597e+02
114              	Top	7.0573632910e+01	5.3704851136e+02	3.0643691638e+02
114              	e423_0	1.1588246405e+02	8.7323403598e+02	3.8991044835e+02
115              	Bottom	1.7104726644e+00	5.1578061476e+02	2.6912773446e+02
115              	Top	7.0466123614e+01	5.3772296086e+02	3.0678488521e+02
115              	e423_0	1.1573264500e+02	8.7329766908e+02	3.8989609334e+02
116              	Bottom	1.7133473019e+00	5.1668933130e+02	2.6942426351e+02
116              	Top	7.0375692784e+01	5.3835664786e+02	3.0709524509e+02
116              	e423_0	1.1558862165e+02	8.7336198812e+02	3.8988054007e+02
117              	Bottom	1.7154821045e+00	5.1754955222e+02	2.6969626717e+02
117              	Top	7.0297232871e+01	5.3892726148e+02	3.0736240182e+02
117              	e423_0	1.1545077824e+02	8.7342551994e+02	3.8986402947e+02
118              	Bottom	1.7170014665e+00	5.1841867535e+02	2.6995293227e+02
118              	Top	7.0229093584e+01	5.3939216913e+02	3.0758008221e+02
118              	e423_0	1.1531942299e+02	8.7348768332e+02	3.8984678698e+02
119              	Bottom	1.7179955645e+00	5.1927411204e+02	2.7017481135e+02
119              	Top	7.0172708515e+01	5.3973930216e+02	3.0775314522e+02
119              	e423_0	1.1519478912e+02	8.7354978721e+02	3.8982908795e+02
120              	Bottom	1.7184868891e+00	5.2006947771e+02	2.7036347510e+02
120              	Top	7.0128681882e+01	5.4000348100e+02	3.0788148770e+02
120              	e423_0	1.1507704026e+02	8.7361205422e+02	3.8981122960e+02
121              	Bottom	1.7184648393e+00	5.2076559436e+02	2.7051600405e+02
121              	Top	7.0095743848e+01	5.4017207952e+02	3.0796289636e+02
121              	e423_0	1.1496628384e+02	8.7367436501e+02	3.8979350006e+02
122              	Bottom	1.7179440655e+00	5.2132874546e+02	2.7063688749e+02
122              	Top	7.0070029344e+01	5.4015458991e+02	3.0800156705e+02
122              	e423_0	1.1486256680e+02	8.7373639305e+02	3.8977614799e+02
123              	Bottom	1.7170046946e+00	5.2174674745e+02	2.7072981668e+02
123              	Top	7.0052150785e+01	5.4003907007e+02	3.0800819786e+02
123              	e423_0	1.1476586983e+02	8.7379776592e+02	3.8975938534e+02
124              	Bottom	1.7157136288e+00	5.2202407670e+02	2.7079199425e+02
124              	Top	7.0043733375e+01	5.3990879924e+02	3.0798553919e+02
124              	e423_0	1.1467613465e+02	8.7385804958e+02	3.8974336870e+02
125              	Bottom	1.7140718051e+00	5.2218909020e+02	2.7083149860e+02
125              	Top	7.0041392016e+01	5.3981350246e+02	3.0793936026e+02
125              	e423_0	1.1459326017e+02	8.7391697323e+02	3.8972822223e+02
126              	Bottom	1.7121135527e+00	5.2228080207e+02	2.7085100693e+02
126              	Top	7.0046261643e+01	5.3974765447e+02	3.0786757061e+02
126              	e423_0	1.1451710934e+02	8.7397428764e+02	3.8971403287e+02
127              	Bottom	1.7098607557e+00	5.2232455220e+02	2.7085328925e+02
127              	Top	7.0056399760e+01	5.3970146266e+02	3.0777032636e+02
127              	e423_0	1.1444746251e+02	8.7402983546e+02	3.8970085164e+02
128              	Bottom	1.7073523313e+00	5.2233287125e+02	2.7083896714e+02
128              	Top	7.0070952080e+01	5.3966167296e+02	3.0764897499e+02
128              	e423_0	1.1438408752e+02	8.7408347223e+02	3.8968872489e+02
129              	Bottom	1.7046360952e+00	5.2230765248e+02	2.7080707878e+02
129              	Top	7.0090048972e+01	5.3961642273e+02	3.0750562920e+02
129              	e423_0	1.1432672634e+02	8.7413511433e+02	3.8967769919e+02
130              	Bottom	1.7017454867e+00	5.2224454429e+02	2.7075857772e+02
130              	Top	7.0113018472e+01	5.3955667332e+02	3.0734245815e+02
130              	e423_0	1.1427510104e+02	8.7418467584e+02	3.8966781711e+02
131              	Bottom	1.6987054713e+00	5.2214888525e+02	2.7069563395e+02
131              	Top	7.0139084199e+01	5.3947619524e+02	3.0716176563e+02
131              	e423_0	1.1422892061e+02	8.7423210703e+02	3.8965911011e+02
132              	Bottom	1.6955415032e+00	5.2202632531e+02	2.7061961371e+02
132              	Top	7.0167738287e+01	5.3937558623e+02	3.0696690350e+02
132              	e423_0	1.1418790097e+02	8.7427736582e+02	3.8965160421e+02
133              	Bottom	1.6922531860e+00	5.2187774785e+02	2.7053128780e+02
133              	Top	7.0197839076e+01	5.3925534023e+02	3.0676066791e+02
133              	e423_0	1.1415174331e+02	8.7432042643e+02	3.8964531038e+02
134              	Bottom	1.6888380788e+00	5.2169934861e+02	2.7042838665e+02
134              	Top	7.0229437744e+01	5.3911694805e+02	3.0654541047e+02
134              	e423_0	1.1412013579e+02	8.7436127171e+02	3.8964021068e+02
135              	Bottom	1.6853158855e+00	5.2147285837e+02	2.7031119068e+02
135              	Top	7.0261865916e+01	5.3896079968e+02	3.0632348550e+02
135              	e423_0	1.1409277510e+02	8.7439991470e+02	3.8963626138e+02
136              	Bottom	1.6817191092e+00	5.2120234635e+02	2.7018495362e+02
136              	Top	7.0294410096e+01	5.3879075096e+02	3.0609751545e+02
136              	e423_0	1.1406934211e+02	8.7443637367e+02	3.8963340003e+02
137              	Bottom	1.6780881055e+00	5.2090620582e+02	2.7005320446e+02
137              	Top	7.0327300449e+01	5.3861271051e+02	3.0586937022e+02
137              	e423_0	1.1404953648e+02	8.7447068355e+02	3.8963156685e+02
138              	Bottom	1.6744563389e+00	5.2058955634e+02	2.6991723518e+02
138              	Top	7.0359929406e+01	5.3843161084e+02	3.0563972595e+02
138              	e423_0	1.1403305546e+02	8.7450288541e+02	3.8963069778e+02
139              	Bottom	1.6708535577e+00	5.2026011053e+02	2.6977933504e+02
139              	Top	7.0392444065e+01	5.3823225123e+02	3.0541291553e+02
139              	e423_0	1.1401959605e+02	8.7453302859e+02	3.8963073037e+02
140              	Bottom	1.6673004316e+00	5.1992911238e+02	2.6964100418e+02
140              	Top	7.0424838848e+01	5.3801907280e+02	3.0518943961e+02
140              	e423_0	1.1400885968e+02	8.7456116981e+02	3.8963160339e+02
141              	Bottom	1.6638068716e+00	5.1960438106e+02	2.6950461354e+02
141              	Top	7.0454968838e+01	5.3771252521e+02	3.0496791479e+02
141              	e423_0	1.1400056644e+02	8.7458737577e+02	3.8963325561e+02
142              	Bottom	1.6604001836e+00	5.1928912004e+02	2.6937081637e+02
142              	Top	7.0482490252e+01	5.3731934063e+02	3.0475164688e+02
142              	e423_0	1.1399444216e+02	8.7461171776e+02	3.8963562498e+02
143              	Bottom	1.6571164580e+00	5.1898201511e+02	2.6923898892e+02
143              	Top	7.0508853353e+01	5.3691701792e+02	3.0454557616e+02
143              	e423_0	1.1399022413e+02	8.7463427012e+02	3.8963864518e+02
144              	Bottom	1.6539701760e+00	5.1868254317e+02	2.6911026408e+02
144              	Top	7.0534543343e+01	5.3653567891e+02	3.0435155450e+02
144              	e423_0	1.1398766160e+02	8.7465511071e+02	3.8964224451e+02
145              	Bottom	1.6509612245e+00	5.1839075874e+02	2.6898486461e+02
145              	Top	7.0559056587e+01	5.3617746511e+02	3.0416946966e+02
145              	e423_0	1.1398651708e+02	8.7467432244e+02	3.8964634769e+02
146              	Bottom	1.6480900061e+00	5.1810627379e+02	2.6886389154e+02
146              	Top	7.0582072084e+01	5.3584213541e+02	3.0399903843e+02
146              	e423_0	1.1398656528e+02	8.7469198788e+02	3.8965087904e+02
147              	Bottom	1.6453602846e+00	5.1783399474e+02	2.6874825527e+02
147              	Top	7.0603352843e+01	5.3552517691e+02	3.0383996758e+02
147              	e423_0	1.1398759446e+02	8.7470819479e+02	3.8965576530e+02
148              	Bottom	1.6427741885e+00	5.1758589735e+02	2.6863970362e+02
148              	Top	7.0622733851e+01	5.3522344053e+02	3.0369236332e+02
148              	e423_0	1.1398940807e+02	8.7472302454e+02	3.8966093826e+02
149              	Bottom	1.6403353475e+00	5.1736916544e+02	2.6853893481e+02
149              	Top	7.0640026461e+01	5.3493793360e+02	3.0355669242e+02
149              	e423_0	1.1399182356e+02	8.7473656528e+02	3.8966633557e+02
150              	Bottom	1.6380491160e+00	5.1718377752e+02	2.6844707810e+02
150              	Top	7.0654806273e+01	5.3467386067e+02	3.0343344311e+02
150              	e423_0	1.1399467327e+02	8.7474890201e+02	3.8967190064e+02
151              	Bottom	1.6359238236e+00	5.1702625125e+02	2.6835965878e+02
151              	Top	7.0667581744e+01	5.3443282024e+02	3.0332224072e+02
151              	e423_0	1.1399780412e+02	8.7476011848e+02	3.8967758122e+02
152              	Bottom	1.6339632328e+00	5.1688680582e+02	2.6827293915e+02
152              	Top	7.0678249275e+01	5.3421029407e+02	3.0322265983e+02
152              	e423_0	1.1400107802e+02	8.7477029746e+02	3.8968332833e+02
153              	Bottom	1.6321658072e+00	5.1676149695e+02	2.6817744391e+02
153              	Top	7.0687165227e+01	5.3400123334e+02	3.0313359240e+02
153              	e423_0	1.1400437092e+02	8.7477951954e+02	3.8968909517e+02
154              	Bottom	1.2560011038e+00	5.1665354598e+02	2.6808779229e+02
154              	Top	7.0694126540e+01	5.3380742166e+02	3.0305581113e+02
154              	e423_0	1.1400757259e+02	8.7478786381e+02	3.8969483696e+02
155              	Bottom	1.6185458285e+00	5.1656241455e+02	2.6819074547e+02
155              	Top	7.0699254052e+01	5.3363267278e+02	3.0298922691e+02
155              	e423_0	1.1401058630e+02	8.7479540605e+02	3.8970051132e+02
156              	Bottom	1.5598380443e+00	5.1648897575e+02	2.6824962421e+02
156              	Top	7.0702411432e+01	5.3347856296e+02	3.0293336437e+02
156              	e423_0	1.1401332782e+02	8.7480222099e+02	3.8970607926e+02
157              	Bottom	1.4897101899e+00	5.1643416102e+02	2.6829818672e+02
157              	Top	7.0703950569e+01	5.3334502099e+02	3.0288755734e+02
157              	e423_0	1.1401572478e+02	8.7480837419e+02	3.8971150664e+02
158              	Bottom	1.4211928595e+00	5.1639699053e+02	2.6834393907e+02
158              	Top	7.0703896240e+01	5.3323048052e+02	3.0285098752e+02
158              	e423_0	1.1401771842e+02	8.7481393866e+02	3.8971676407e+02
159              	Bottom	1.3584423792e+00	5.1637676221e+02	2.6838899234e+02
159              	Top	7.0702558031e+01	5.3313328018e+02	3.0282278948e+02
159              	e423_0	1.1401926042e+02	8.7481897465e+02	3.8972182753e+02
160              	Bottom	1.3032812737e+00	5.1637360725e+02	2.6843349939e+02
160              	Top	7.0700160197e+01	5.3305699002e+02	3.0280285924e+02
160              	e423_0	1.1402031353e+02	8.7482354128e+02	3.8972667740e+02
161              	Bottom	1.2563801416e+00	5.1638673462e+02	2.6847737796e+02
161              	Top	7.0696518546e+01	5.3301031039e+02	3.0279205575e+02
161              	e423_0	1.1402085153e+02	8.7482769932e+02	3.8973129727e+02
162              	Bottom	1.2188643538e+00	5.1640881030e+02	2.6852141178e+02
162              	Top	7.0691924155e+01	5.3298535303e+02	3.0278879873e+02
162              	e423_0	1.1402085552e+02	8.7483149659e+02	3.8973567403e+02
163              	Bottom	1.1902585854e+00	5.1644064955e+02	2.6856521081e+02
163              	Top	7.0686380817e+01	5.3298030750e+02	3.0279246483e+02
163              	e423_0	1.1402031614e+02	8.7483498504e+02	3.8973979629e+02
164              	Bottom	1.1708197263e+00	5.1648214334e+02	2.6860932079e+02
164              	Top	7.0680065771e+01	5.3299180906e+02	3.0280171104e+02
164              	e423_0	1.1401923153e+02	8.7483821240e+02	3.8974365465e+02
165              	Bottom	1.1591799236e+00	5.1652908062e+02	2.6865262682e+02
165              	Top	7.0673310429e+01	5.3301650860e+02	3.0281610439e+02
165              	e423_0	1.1401760604e+02	8.7484121265e+02	3.8974724219e+02
166              	Bottom	1.1541005188e+00	5.1657409823e+02	2.6869387944e+02
166              	Top	7.0666249190e+01	5.3305345346e+02	3.0283559152e+02
166              	e423_0	1.1401545165e+02	8.7484403264e+02	3.8975055396e+02
167              	Bottom	1.1541498253e+00	5.1662218384e+02	2.6873496480e+02
167              	Top	7.0658639398e+01	5.3310314523e+02	3.0285867250e+02
167              	e423_0	1.1401278485e+02	8.7484670351e+02	3.8975358856e+02
168              	Bottom	1.1595672098e+00	5.1668172297e+02	2.6877589879e+02
168              	Top	7.0650783366e+01	5.3316043713e+02	3.0288471168e+02
168              	e423_0	1.1400962698e+02	8.7484925638e+02	3.8975634724e+02
169              	Bottom	1.1693833860e+00	5.1675330347e+02	2.6881769351e+02
169              	Top	7.0642308490e+01	5.3321886021e+02	3.0291214003e+02
169              	e423_0	1.1400600360e+02	8.7485171907e+02	3.8975883394e+02
170              	Bottom	1.1845577338e+00	5.1683181271e+02	2.6885895552e+02
170              	Top	7.0633466369e+01	5.3326317498e+02	3.0294038777e+02
170              	e423_0	1.1400194350e+02	8.7485411592e+02	3.8976105495e+02
171              	Bottom	1.2043680280e+00	5.1692997336e+02	2.6890047077e+02
171              	Top	7.0624673157e+01	5.3331038642e+02	3.0296982660e+02
171              	e423_0	1.1399747826e+02	8.7485646827e+02	3.8976301828e+02
172              	Bottom	1.2261148394e+00	5.1703408386e+02	2.6894097841e+02
172              	Top	7.0615923964e+01	5.3335877848e+02	3.0299998555e+02
172              	e423_0	1.1399264207e+02	8.7485879430e+02	3.8976473304e+02
173              	Bottom	1.2488374120e+00	5.1713960888e+02	2.6897996198e+02
173              	Top	7.0607277359e+01	5.3340775709e+02	3.0303084454e+02
173              	e423_0	1.1398747091e+02	8.7486110966e+02	3.8976620910e+02
174              	Bottom	1.2723340987e+00	5.1724549912e+02	2.6901718897e+02
174              	Top	7.0598761488e+01	5.3345697290e+02	3.0306189976e+02
174              	e423_0	1.1398200196e+02	8.7486342727e+02	3.8976745688e+02
175              	Bottom	1.2963592225e+00	5.1735047513e+02	2.6905241366e+02
175              	Top	7.0590399487e+01	5.3350575105e+02	3.0309284363e+02
175              	e423_0	1.1397627310e+02	8.7486575763e+02	3.8976848735e+02
176              	Bottom	1.3206696594e+00	5.1745341266e+02	2.6908557565e+02
176              	Top	7.0582193217e+01	5.3355381363e+02	3.0312345777e+02
176              	e423_0	1.1397032244e+02	8.7486810900e+02	3.8976931207e+02
177              	Bottom	1.3449560244e+00	5.1755380172e+02	2.6911647338e+02
177              	Top	7.0574206561e+01	5.3360118857e+02	3.0315357330e+02
177              	e423_0	1.1396418727e+02	8.7487048768e+02	3.8976994362e+02
178              	Bottom	1.3691533009e+00	5.1765129289e+02	2.6914528306e+02
178              	Top	7.0566431781e+01	5.3364795766e+02	3.0318302148e+02
178              	e423_0	1.1395790628e+02	8.7487289795e+02	3.8977039514e+02
179              	Bottom	1.3927761725e+00	5.1774504669e+02	2.6917190591e+02
179              	Top	7.0558918501e+01	5.3369408630e+02	3.0321163653e+02
179              	e423_0	1.1395151555e+02	8.7487534223e+02	3.8977068044e+02
180              	Bottom	1.4156182622e+00	5.1783409165e+02	2.6919589089e+02
180              	Top	7.0551689884e+01	5.3373955068e+02	3.0323925853e+02
180              	e423_0	1.1394505052e+02	8.7487782173e+02	3.8977081367e+02
181              	Bottom	1.4375344365e+00	5.1791615911e+02	2.6921768239e+02
181              	Top	7.0544748655e+01	5.3378406094e+02	3.0326574108e+02
181              	e423_0	1.1393854526e+02	8.7488033592e+02	3.8977080900e+02
182              	Bottom	1.4583054810e+00	5.1799278860e+02	2.6923730669e+02
182              	Top	7.0538288142e+01	5.3382718104e+02	3.0329107435e+02
182              	e423_0	1.1393203217e+02	8.7488288312e+02	3.8977068032e+02
183              	Bottom	1.4779749952e+00	5.1806498291e+02	2.6925474835e+02
183              	Top	7.0532284483e+01	5.3386880259e+02	3.0331524891e+02
183              	e423_0	1.1392554182e+02	8.7488546057e+02	3.8977044108e+02
184              	Bottom	1.4965903075e+00	5.1813302831e+02	2.6927010235e+02
184              	Top	7.0526657543e+01	5.3390891820e+02	3.0333821704e+02
184              	e423_0	1.1391910277e+02	8.7488806454e+02	3.8977010416e+02
185              	Bottom	1.5140776384e+00	5.1819694706e+02	2.6928339054e+02
185              	Top	7.0521351168e+01	5.3394754408e+02	3.0335991959e+02
185              	e423_0	1.1391274148e+02	8.7489069052e+02	3.8976968190e+02
186              	Bottom	1.5303860380e+00	5.1825673200e+02	2.6929462216e+02
186              	Top	7.0516332470e+01	5.3398467801e+02	3.0338030298e+02
186              	e423_0	1.1390648220e+02	8.7489333335e+02	3.8976918617e+02
187              	Bottom	1.5454968443e+00	5.1831241472e+02	2.6930386616e+02
187              	Top	7.0511592843e+01	5.3402030046e+02	3.0339932467e+02
187              	e423_0	1.1390034694e+02	8.7489598735e+02	3.8976862840e+02
188              	Bottom	1.5593754830e+00	5.1836402092e+02	2.6931121331e+02
188              	Top	7.0507127025e+01	5.3405436763e+02	3.0341695820e+02
188              	e423_0	1.1389435547e+02	8.7489864647e+02	3.8976801966e+02
189              	Bottom	1.5719837441e+00	5.1841159990e+02	2.6931670761e+02
189              	Top	7.0502935934e+01	5.3408683301e+02	3.0343319377e+02
189              	e423_0	1.1388852536e+02	8.7490130440e+02	3.8976737053e+02
190              	Bottom	1.5833134812e+00	5.1845522351e+02	2.6932050516e+02
190              	Top	7.0499019477e+01	5.3411767000e+02	3.0344802601e+02
190              	e423_0	1.1388287194e+02	8.7490395469e+02	3.8976669132e+02
191              	Bottom	1.3490756985e+00	5.1849484223e+02	2.6932297181e+02
191              	Top	7.0495378272e+01	5.3414694320e+02	3.0346141742e+02
191              	e423_0	1.1387740841e+02	8.7490659093e+02	3.8976599160e+02
192              	Bottom	1.0733056769e+00	5.1853169784e+02	2.6932205903e+02
192              	Top	7.0491905194e+01	5.3417534293e+02	3.0347369676e+02
192              	e423_0	1.1387214582e+02	8.7490920591e+02	3.8976527958e+02
193              	Bottom	7.5311436963e-01	5.1856584190e+02	2.6931728588e+02
193              	Top	7.0488663003e+01	5.3420341799e+02	3.0348483500e+02
193              	e423_0	1.1386709684e+02	8.7491179516e+02	3.8976456400e+02
194              	Bottom	3.1642325482e-01	5.1859700267e+02	2.6930467455e+02
194              	Top	7.0485676163e+01	5.3423080827e+02	3.0349478673e+02
194              	e423_0	1.1386226609e+02	8.7491435180e+02	3.8976385066e+02
195              	Bottom	4.9604013934e-01	5.1862497216e+02	2.6932499299e+02
195              	Top	7.0482932209e+01	5.3425710254e+02	3.0350354017e+02
195              	e423_0	1.1385765775e+02	8.7491686896e+02	3.8976314541e+02
196              	Bottom	6.9401994251e-01	5.1864972481e+02	2.6934499907e+02
196              	Top	7.0480452087e+01	5.3428198609e+02	3.0351111874e+02
196              	e423_0	1.1385327392e+02	8.7491934256e+02	3.8976245381e+02
197              	Bottom	7.8394527332e-01	5.1867135161e+02	2.6935779863e+02
197              	Top	7.0478220196e+01	5.3430525314e+02	3.0351755936e+02
197              	e423_0	1.1384911637e+02	8.7492176764e+02	3.8976178095e+02
198              	Bottom	8.0496830529e-01	5.1868999750e+02	2.6936568720e+02
198              	Top	7.0476228490e+01	5.3432677638e+02	3.0352290619e+02
198              	e423_0	1.1384518599e+02	8.7492413851e+02	3.8976113131e+02
199              	Bottom	7.4932817801e-01	5.1870585539e+02	2.6936831372e+02
199              	Top	7.0474477105e+01	5.3434648195e+02	3.0352719031e+02
199              	e423_0	1.1384148163e+02	8.7492645052e+02	3.8976050860e+02
200              	Bottom	6.2132961131e-01	5.1871901798e+02	2.6936599961e+02
200              	Top	7.0472954390e+01	5.3436429668e+02	3.0353047502e+02
200              	e423_0	1.1383800029e+02	8.7492870076e+02	3.8975991607e+02
201              	Bottom	3.6597630783e-01	5.1872964790e+02	2.6935576059e+02
201              	Top	7.0471636534e+01	5.3438027538e+02	3.0353282201e+02
201              	e423_0	1.1383473868e+02	8.7493088536e+02	3.8975935634e+02
202              	Bottom	4.6090057328e-01	5.1873802446e+02	2.6936417349e+02
202              	Top	7.0470547973e+01	5.3439474914e+02	3.0353425585e+02
202              	e423_0	1.1383169239e+02	8.7493300145e+02	3.8975883151e+02
203              	Bottom	7.8786868220e-01	5.1874401486e+02	2.6938467249e+02
203              	Top	7.0469630539e+01	5.3440706335e+02	3.0353483554e+02
203              	e423_0	1.1382885612e+02	8.7493504673e+02	3.8975834312e+02
204              	Bottom	1.0423178808e+00	5.1874778484e+02	2.6940037224e+02
204              	Top	7.0468872939e+01	5.3441735183e+02	3.0353465457e+02
204              	e423_0	1.1382622384e+02	8.7493701933e+02	3.8975789224e+02
205              	Bottom	1.2668888541e+00	5.1874950046e+02	2.6941373872e+02
205              	Top	7.0468261634e+01	5.3442586190e+02	3.0353379383e+02
205              	e423_0	1.1382378888e+02	8.7493891788e+02	3.8975747948e+02
206              	Bottom	1.4747017449e+00	5.1874937294e+02	2.6942557966e+02
206              	Top	7.0467784978e+01	5.3443276953e+02	3.0353231727e+02
206              	e423_0	1.1382154404e+02	8.7494074147e+02	3.8975710510e+02
207              	Bottom	1.6071995239e+00	5.1874775164e+02	2.6943624526e+02
207              	Top	7.0467443671e+01	5.3443817598e+02	3.0353027392e+02
207              	e423_0	1.1381948169e+02	8.7494248958e+02	3.8975676900e+02
208              	Bottom	1.6008249484e+00	5.1874493813e+02	2.6944597492e+02
208              	Top	7.0467232826e+01	5.3444207952e+02	3.0352770281e+02
208              	e423_0	1.1381759390e+02	8.7494416217e+02	3.8975647081e+02
209              	Bottom	1.5939224718e+00	5.1874101642e+02	2.6945480069e+02
209              	Top	7.0467136701e+01	5.3444441206e+02	3.0352464891e+02
209              	e423_0	1.1381587253e+02	8.7494575952e+02	3.8975620990e+02
210              	Bottom	1.5865825220e+00	5.1873615812e+02	2.6946284071e+02
210              	Top	7.0467144640e+01	5.3444521026e+02	3.0352116686e+02
210              	e423_0	1.1381430928e+02	8.7494728222e+02	3.8975598537e+02
211              	Bottom	1.5788729459e+00	5.1873052899e+02	2.6947013426e+02
211              	Top	7.0467241942e+01	5.3444458423e+02	3.0351731532e+02
211              	e423_0	1.1381289579e+02	8.7494873131e+02	3.8975579617e+02
212              	Bottom	1.5708837121e+00	5.1872426853e+02	2.6947679509e+02
212              	Top	7.0467422554e+01	5.3444269207e+02	3.0351315521e+02
212              	e423_0	1.1381162359e+02	8.7495010797e+02	3.8975564098e+02
213              	Bottom	1.5626662121e+00	5.1871748737e+02	2.6948289682e+02
213              	Top	7.0467671698e+01	5.3443970570e+02	3.0350874338e+02
213              	e423_0	1.1381048426e+02	8.7495141365e+02	3.8975551832e+02
214              	Bottom	1.5542684618e+00	5.1871027887e+02	2.6948849425e+02
214              	Top	7.0467981930e+01	5.3443578609e+02	3.0350413345e+02
214              	e423_0	1.1380946938e+02	8.7495264997e+02	3.8975542653e+02
215              	Bottom	1.5457416045e+00	5.1870272653e+02	2.6949363385e+02
215              	Top	7.0468344610e+01	5.3443107568e+02	3.0349937462e+02
215              	e423_0	1.1380857061e+02	8.7495381872e+02	3.8975536386e+02
216              	Bottom	1.5371382510e+00	5.1869490928e+02	2.6949836406e+02
216              	Top	7.0468751429e+01	5.3442569777e+02	3.0349451184e+02
216              	e423_0	1.1380777973e+02	8.7495492183e+02	3.8975532847e+02
217              	Bottom	1.5285054536e+00	5.1868690343e+02	2.6950272419e+02
217              	Top	7.0469195396e+01	5.3441976055e+02	3.0348958688e+02
217              	e423_0	1.1380708863e+02	8.7495596135e+02	3.8975531848e+02
218              	Bottom	1.5198897007e+00	5.1867878222e+02	2.6950676013e+02
218              	Top	7.0469668284e+01	5.3441336262e+02	3.0348463822e+02
218              	e423_0	1.1380648940e+02	8.7495693938e+02	3.8975533200e+02
219              	Bottom	1.5113276329e+00	5.1867061525e+02	2.6951050312e+02
219              	Top	7.0470163645e+01	5.3440659414e+02	3.0347970084e+02
219              	e423_0	1.1380597431e+02	8.7495785810e+02	3.8975536713e+02
220              	Bottom	1.5028583866e+00	5.1866246699e+02	2.6951399365e+02
220              	Top	7.0470675362e+01	5.3439953498e+02	3.0347480612e+02
220              	e423_0	1.1380553584e+02	8.7495871972e+02	3.8975542199e+02
221              	Bottom	1.4945105144e+00	5.1865439834e+02	2.6951723413e+02
221              	Top	7.0471195583e+01	5.3439225649e+02	3.0346998144e+02
221              	e423_0	1.1380516673e+02	8.7495952658e+02	3.8975549474e+02
222              	Bottom	1.4863355768e+00	5.1864646296e+02	2.6952027498e+02
222              	Top	7.0471720744e+01	5.3438482312e+02	3.0346525237e+02
222              	e423_0	1.1380486002e+02	8.7496028087e+02	3.8975558353e+02
223              	Bottom	1.4783505605e+00	5.1863871220e+02	2.6952313141e+02
223              	Top	7.0472244418e+01	5.3437729604e+02	3.0346064133e+02
223              	e423_0	1.1380460901e+02	8.7496098491e+02	3.8975568656e+02
224              	Bottom	1.4705847038e+00	5.1863119261e+02	2.6952581972e+02
224              	Top	7.0472761333e+01	5.3436973184e+02	3.0345616797e+02
224              	e423_0	1.1380440731e+02	8.7496164102e+02	3.8975580206e+02
225              	Bottom	1.4630681417e+00	5.1862394519e+02	2.6952837438e+02
225              	Top	7.0473269738e+01	5.3436218415e+02	3.0345185079e+02
225              	e423_0	1.1380424887e+02	8.7496225154e+02	3.8975592831e+02
226              	Bottom	1.4558109196e+00	5.1861700772e+02	2.6953079882e+02
226              	Top	7.0473762463e+01	5.3435470479e+02	3.0344770457e+02
226              	e423_0	1.1380412796e+02	8.7496281876e+02	3.8975606366e+02
227              	Bottom	1.4488398447e+00	5.1861043955e+02	2.6953311438e+02
227              	Top	7.0474237741e+01	5.3434734173e+02	3.0344374262e+02
227              	e423_0	1.1380403920e+02	8.7496334506e+02	3.8975620652e+02
228              	Bottom	1.4421718772e+00	5.1860427285e+02	2.6953534258e+02
228              	Top	7.0474691516e+01	5.3434013931e+02	3.0343997559e+02
228              	e423_0	1.1380397758e+02	8.7496383261e+02	3.8975635542e+02
229              	Bottom	1.4358161464e+00	5.1859852555e+02	2.6953749468e+02
229              	Top	7.0475122818e+01	5.3433313819e+02	3.0343641297e+02
229              	e423_0	1.1380393844e+02	8.7496428374e+02	3.8975650893e+02
230              	Bottom	1.4297839670e+00	5.1859320415e+02	2.6953957958e+02
230              	Top	7.0475528641e+01	5.3432637540e+02	3.0343306166e+02
230              	e423_0	1.1380391748e+02	8.7496470068e+02	3.8975666574e+02
231              	Bottom	1.4240844444e+00	5.1858830479e+02	2.6954160235e+02
231              	Top	7.0475907208e+01	5.3431988263e+02	3.0342992657e+02
231              	e423_0	1.1380391072e+02	8.7496508563e+02	3.8975682462e+02
232              	Bottom	1.4187230004e+00	5.1858381753e+02	2.6954355705e+02
232              	Top	7.0476256542e+01	5.3431368654e+02	3.0342701045e+02
232              	e423_0	1.1380391455e+02	8.7496544064e+02	3.8975698442e+02
233              	Bottom	1.4137110029e+00	5.1857973387e+02	2.6954546793e+02
233              	Top	7.0476577063e+01	5.3430780922e+02	3.0342431538e+02
233              	e423_0	1.1380392568e+02	8.7496576805e+02	3.8975714407e+02
234              	Bottom	1.4090289340e+00	5.1857605121e+02	2.6954731707e+02
234              	Top	7.0476866074e+01	5.3430226938e+02	3.0342184079e+02
234              	e423_0	1.1380394113e+02	8.7496606965e+02	3.8975730259e+02
235              	Bottom	1.4046893850e+00	5.1857277032e+02	2.6954911364e+02
235              	Top	7.0477124062e+01	5.3429708009e+02	3.0341958509e+02
235              	e423_0	1.1380395827e+02	8.7496634750e+02	3.8975745907e+02
236              	Bottom	1.4006885392e+00	5.1856989198e+02	2.6955086089e+02
236              	Top	7.0477350461e+01	5.3429225095e+02	3.0341754538e+02
236              	e423_0	1.1380397473e+02	8.7496660345e+02	3.8975761270e+02
237              	Bottom	1.3970209245e+00	5.1856741334e+02	2.6955256237e+02
237              	Top	7.0477545408e+01	5.3428778770e+02	3.0341571764e+02
237              	e423_0	1.1380398845e+02	8.7496683931e+02	3.8975776274e+02
238              	Bottom	1.3936786198e+00	5.1856532650e+02	2.6955422049e+02
238              	Top	7.0477709194e+01	5.3428369374e+02	3.0341409683e+02
238              	e423_0	1.1380399764e+02	8.7496705679e+02	3.8975790854e+02
239              	Bottom	1.3906523790e+00	5.1856361899e+02	2.6955583616e+02
239              	Top	7.0477842583e+01	5.3427997020e+02	3.0341267701e+02
239              	e423_0	1.1380400077e+02	8.7496725752e+02	3.8975804954e+02
240              	Bottom	1.3879327056e+00	5.1856227533e+02	2.6955740994e+02
240              	Top	7.0477946299e+01	5.3427661537e+02	3.0341145133e+02
240              	e423_0	1.1380399655e+02	8.7496744303e+02	3.8975818526e+02
241              	Bottom	1.3855091926e+00	5.1856130672e+02	2.6955895102e+02
241              	Top	7.0478023308e+01	5.3427362877e+02	3.0341041087e+02
241              	e423_0	1.1380398394e+02	8.7496761480e+02	3.8975831527e+02
242              	Bottom	1.3833610930e+00	5.1856068381e+02	2.6956045614e+02
242              	Top	7.0478074333e+01	5.3427098723e+02	3.0340954549e+02
242              	e423_0	1.1380396209e+02	8.7496777417e+02	3.8975843923e+02
243              	Bottom	1.3814743795e+00	5.1856037481e+02	2.6956192192e+02
243              	Top	7.0478100180e+01	5.3426866568e+02	3.0340884551e+02
243              	e423_0	1.1380393037e+02	8.7496792243e+02	3.8975855688e+02
244              	Bottom	1.3798381537e+00	5.1856035626e+02	2.6956334957e+02
244              	Top	7.0478101170e+01	5.3426664504e+02	3.0340830188e+02
244              	e423_0	1.1380388832e+02	8.7496806081e+02	3.8975866797e+02
245              	Bottom	1.3784380482e+00	5.1856060911e+02	2.6956473052e+02
245              	Top	7.0478079631e+01	5.3426491388e+02	3.0340790602e+02
245              	e423_0	1.1380383566e+02	8.7496819032e+02	3.8975877237e+02
246              	Bottom	1.3772701492e+00	5.1856111599e+02	2.6956607198e+02
246              	Top	7.0478034901e+01	5.3426346529e+02	3.0340764911e+02
246              	e423_0	1.1380377227e+02	8.7496831210e+02	3.8975886996e+02
247              	Bottom	1.3763164747e+00	5.1856185929e+02	2.6956737208e+02
247              	Top	7.0477969376e+01	5.3426229397e+02	3.0340752240e+02
247              	e423_0	1.1380369818e+02	8.7496842704e+02	3.8975896070e+02
248              	Bottom	1.3755634023e+00	5.1856281975e+02	2.6956863072e+02
248              	Top	7.0477884288e+01	5.3426139371e+02	3.0340751674e+02
248              	e423_0	1.1380361351e+02	8.7496853600e+02	3.8975904460e+02
249              	Bottom	1.3749967194e+00	5.1856397673e+02	2.6956984733e+02
249              	Top	7.0477781244e+01	5.3426075591e+02	3.0340762270e+02
249              	e423_0	1.1380351855e+02	8.7496863979e+02	3.8975912169e+02
250              	Bottom	1.3746022952e+00	5.1856530871e+02	2.6957102156e+02
250              	Top	7.0477661911e+01	5.3426036939e+02	3.0340783060e+02
250              	e423_0	1.1380341363e+02	8.7496873911e+02	3.8975919207e+02
251              	Bottom	1.3743656528e+00	5.1856679403e+02	2.6957215333e+02
251              	Top	7.0477528032e+01	5.3426022049e+02	3.0340813072e+02
251              	e423_0	1.1380329921e+02	8.7496883461e+02	3.8975925587e+02
252              	Bottom	1.3742719492e+00	5.1856841122e+02	2.6957324252e+02
252              	Top	7.0477381035e+01	5.3426029374e+02	3.0340851327e+02
252              	e423_0	1.1380317582e+02	8.7496892689e+02	3.8975931325e+02
253              	Bottom	1.3743065012e+00	5.1857013950e+02	2.6957428804e+02
253              	Top	7.0477222947e+01	5.3426057236e+02	3.0340896878e+02
253              	e423_0	1.1380304404e+02	8.7496901644e+02	3.8975936439e+02
254              	Bottom	1.3744561174e+00	5.1857195878e+02	2.6957529114e+02
254              	Top	7.0477055083e+01	5.3426103891e+02	3.0340948785e+02
254              	e423_0	1.1380290451e+02	8.7496910374e+02	3.8975940951e+02
255              	Bottom	1.3747059759e+00	5.1857385016e+02	2.6957625110e+02
255              	Top	7.0476879140e+01	5.3426167558e+02	3.0341006145e+02
255              	e423_0	1.1380275792e+02	8.7496918917e+02	3.8975944884e+02
256              	Bottom	1.3750433700e+00	5.1857579571e+02	2.6957716847e+02
256              	Top	7.0476696291e+01	5.3426246456e+02	3.0341068081e+02
256              	e423_0	1.1380260499e+02	8.7496927309e+02	3.8975948263e+02
257              	Bottom	1.3754554330e+00	5.1857777810e+02	2.6957804320e+02
257              	Top	7.0476509237e+01	5.3426338835e+02	3.0341133787e+02
257              	e423_0	1.1380244643e+02	8.7496935578e+02	3.8975951115e+02
258              	Bottom	1.3759307592e+00	5.1857978268e+02	2.6957887619e+02
258              	Top	7.0476317797e+01	5.3426443009e+02	3.0341202451e+02
258              	e423_0	1.1380228304e+02	8.7496943750e+02	3.8975953469e+02
259              	Bottom	1.3764577955e+00	5.1858179480e+02	2.6957966820e+02
259              	Top	7.0476124160e+01	5.3426557312e+02	3.0341273332e+02
259              	e423_0	1.1380211555e+02	8.7496951845e+02	3.8975955353e+02
260              	Bottom	1.3770256612e+00	5.1858380101e+02	2.6958041970e+02
260              	Top	7.0475929417e+01	5.3426680153e+02	3.0341345727e+02
260              	e423_0	1.1380194472e+02	8.7496959878e+02	3.8975956799e+02
261              	Bottom	1.3776246735e+00	5.1858578907e+02	2.6958113288e+02
261              	Top	7.0475734624e+01	5.3426810009e+02	3.0341418977e+02
261              	e423_0	1.1380177131e+02	8.7496967863e+02	3.8975957835e+02
262              	Bottom	1.3782442199e+00	5.1858774789e+02	2.6958180757e+02
262              	Top	7.0475541102e+01	5.3426945427e+02	3.0341492475e+02
262              	e423_0	1.1380159605e+02	8.7496975809e+02	3.8975958493e+02
263              	Bottom	1.3788765478e+00	5.1858966750e+02	2.6958244532e+02
263              	Top	7.0475349785e+01	5.3427085031e+02	3.0341565653e+02
263              	e423_0	1.1380141965e+02	8.7496983722e+02	3.8975958803e+02
264              	Bottom	1.3795136398e+00	5.1859153905e+02	2.6958304739e+02
264              	Top	7.0475161638e+01	5.3427227523e+02	3.0341637995e+02
264              	e423_0	1.1380124282e+02	8.7496991606e+02	3.8975958795e+02
265              	Bottom	1.3801481497e+00	5.1859335471e+02	2.6958361507e+02
265              	Top	7.0474977515e+01	5.3427371682e+02	3.0341709028e+02
265              	e423_0	1.1380106622e+02	8.7496999460e+02	3.8975958499e+02
266              	Bottom	1.3807734761e+00	5.1859510762e+02	2.6958414973e+02
266              	Top	7.0474798181e+01	5.3427516375e+02	3.0341778327e+02
266              	e423_0	1.1380089048e+02	8.7497007285e+02	3.8975957944e+02
267              	Bottom	1.3813836391e+00	5.1859679188e+02	2.6958465269e+02
267              	Top	7.0474624339e+01	5.3427660549e+02	3.0341845512e+02
267              	e423_0	1.1380071621e+02	8.7497015078e+02	3.8975957159e+02
268              	Bottom	1.3819734255e+00	5.1859840247e+02	2.6958512532e+02
268              	Top	7.0474456615e+01	5.3427803237e+02	3.0341910249e+02
268              	e423_0	1.1380054398e+02	8.7497022833e+02	3.8975956171e+02
269              	Bottom	1.3825382604e+00	5.1859993523e+02	2.6958556920e+02
269              	Top	7.0474295489e+01	5.3427943554e+02	3.0341972247e+02
269              	e423_0	1.1380037432e+02	8.7497030545e+02	3.8975955007e+02
270              	Bottom	1.3830739481e+00	5.1860138678e+02	2.6958598556e+02
270              	Top	7.0474141450e+01	5.3428080701e+02	3.0342031258e+02
270              	e423_0	1.1380020773e+02	8.7497038208e+02	3.8975953692e+02
271              	Bottom	1.3835772106e+00	5.1860275448e+02	2.6958637579e+02
271              	Top	7.0473994870e+01	5.3428213962e+02	3.0342087075e+02
271              	e423_0	1.1380004464e+02	8.7497045813e+02	3.8975952251e+02
272              	Bottom	1.3840452551e+00	5.1860403644e+02	2.6958674137e+02
272              	Top	7.0473856039e+01	5.3428342701e+02	3.0342139528e+02
272              	e423_0	1.1379988549e+02	8.7497053352e+02	3.8975950708e+02
273              	Bottom	1.3844756984e+00	5.1860523142e+02	2.6958708366e+02
273              	Top	7.0473725182e+01	5.3428466360e+02	3.0342188488e+02
273              	e423_0	1.1379973063e+02	8.7497060817e+02	3.8975949083e+02
274              	Bottom	1.3848667410e+00	5.1860633885e+02	2.6958740391e+02
274              	Top	7.0473602468e+01	5.3428584459e+02	3.0342233859e+02
274              	e423_0	1.1379958040e+02	8.7497068199e+02	3.8975947398e+02
275              	Bottom	1.3852171557e+00	5.1860735870e+02	2.6958770330e+02
275              	Top	7.0473488195e+01	5.3428696596e+02	3.0342275586e+02
275              	e423_0	1.1379943509e+02	8.7497075488e+02	3.8975945672e+02
276              	Bottom	1.3855263173e+00	5.1860829166e+02	2.6958798354e+02
276              	Top	7.0473381648e+01	5.3428802439e+02	3.0342313618e+02
276              	e423_0	1.1379929495e+02	8.7497082673e+02	3.8975943923e+02
277              	Bottom	1.3857932998e+00	5.1860913858e+02	2.6958824532e+02
277              	Top	7.0473283730e+01	5.3428901706e+02	3.0342347970e+02
277              	e423_0	1.1379916018e+02	8.7497089748e+02	3.8975942167e+02
278              	Bottom	1.3860185051e+00	5.1860990104e+02	2.6958849002e+02
278              	Top	7.0473193897e+01	5.3428994213e+02	3.0342378663e+02
278              	e423_0	1.1379903094e+02	8.7497096702e+02	3.8975940419e+02
279              	Bottom	1.3862022348e+00	5.1861058111e+02	2.6958871884e+02
279              	Top	7.0473112111e+01	5.3429079826e+02	3.0342405748e+02
279              	e423_0	1.1379890739e+02	8.7497103526e+02	3.8975938694e+02
280              	Bottom	1.3863450281e+00	5.1861118100e+02	2.6958893249e+02
280              	Top	7.0473038330e+01	5.3429158480e+02	3.0342429305e+02
280              	e423_0	1.1379878959e+02	8.7497110213e+02	3.8975937003e+02
281              	Bottom	1.3864482713e+00	5.1861170360e+02	2.6958913247e+02
281              	Top	7.0472972250e+01	5.3429230174e+02	3.0342449426e+02
281              	e423_0	1.1379867764e+02	8.7497116753e+02	3.8975935358e+02
282              	Bottom	1.3865128752e+00	5.1861215205e+02	2.6958931959e+02
282              	Top	7.0472913142e+01	5.3429294929e+02	3.0342466208e+02
282              	e423_0	1.1379857155e+02	8.7497123137e+02	3.8975933768e+02
283              	Bottom	1.3865403104e+00	5.1861252953e+02	2.6958949465e+02
283              	Top	7.0472861458e+01	5.3429352822e+02	3.0342479790e+02
283              	e423_0	1.1379847132e+02	8.7497129362e+02	3.8975932243e+02
284              	Bottom	1.3865324712e+00	5.1861283971e+02	2.6958965868e+02
284              	Top	7.0472816534e+01	5.3429403991e+02	3.0342490314e+02
284              	e423_0	1.1379837690e+02	8.7497135419e+02	3.8975930789e+02
285              	Bottom	1.3864911197e+00	5.1861308636e+02	2.6958981245e+02
285              	Top	7.0472778149e+01	5.3429448613e+02	3.0342497935e+02
285              	e423_0	1.1379828825e+02	8.7497141303e+02	3.8975929412e+02
286              	Bottom	1.3864182862e+00	5.1861327338e+02	2.6958995675e+02
286              	Top	7.0472745924e+01	5.3429486896e+02	3.0342502816e+02
286              	e423_0	1.1379820529e+02	8.7497147009e+02	3.8975928119e+02
287              	Bottom	1.3863160821e+00	5.1861340474e+02	2.6959009254e+02
287              	Top	7.0472719444e+01	5.3429519082e+02	3.0342505129e+02
287              	e423_0	1.1379812789e+02	8.7497152532e+02	3.8975926912e+02
288              	Bottom	1.3861864565e+00	5.1861348449e+02	2.6959022005e+02
288              	Top	7.0472698443e+01	5.3429545440e+02	3.0342505054e+02
288              	e423_0	1.1379805595e+02	8.7497157869e+02	3.8975925795e+02
289              	Bottom	1.3860320923e+00	5.1861351671e+02	2.6959034018e+02
289              	Top	7.0472682482e+01	5.3429566259e+02	3.0342502771e+02
289              	e423_0	1.1379798930e+02	8.7497163016e+02	3.8975924770e+02
290              	Bottom	1.3858552287e+00	5.1861350549e+02	2.6959045366e+02
290              	Top	7.0472671186e+01	5.3429581849e+02	3.0342498465e+02
290              	e423_0	1.1379792779e+02	8.7497167972e+02	3.8975923838e+02
291              	Bottom	1.3856580464e+00	5.1861345493e+02	2.6959056310e+02
291              	Top	7.0472664609e+01	5.3429592541e+02	3.0342492314e+02
291              	e423_0	1.1379787124e+02	8.7497172736e+02	3.8975923000e+02
292              	Bottom	1.3854403723e+00	5.1861336875e+02	2.6959066769e+02
292              	Top	7.0472662246e+01	5.3429598647e+02	3.0342484496e+02
292              	e423_0	1.1379781946e+02	8.7497177305e+02	3.8975922255e+02
293              	Bottom	1.3852049970e+00	5.1861325076e+02	2.6959076435e+02
293              	Top	7.0472662989e+01	5.3429600488e+02	3.0342475200e+02
293              	e423_0	1.1379777224e+02	8.7497181680e+02	3.8975921602e+02
294              	Bottom	1.3849587008e+00	5.1861310499e+02	2.6959085393e+02
294              	Top	7.0472666565e+01	5.3429598399e+02	3.0342464607e+02
294              	e423_0	1.1379772938e+02	8.7497185862e+02	3.8975921041e+02
295              	Bottom	1.3847051168e+00	5.1861293489e+02	2.6959093945e+02
295              	Top	7.0472672750e+01	5.3429592691e+02	3.0342452890e+02
295              	e423_0	1.1379769066e+02	8.7497189852e+02	3.8975920568e+02
296              	Bottom	1.3844439065e+00	5.1861274373e+02	2.6959102145e+02
296              	Top	7.0472681396e+01	5.3429583667e+02	3.0342440214e+02
296              	e423_0	1.1379765585e+02	8.7497193652e+02	3.8975920180e+02
297              	Bottom	1.3841758712e+00	5.1861253476e+02	2.6959110025e+02
297              	Top	7.0472692285e+01	5.3429571627e+02	3.0342426735e+02
297              	e423_0	1.1379762474e+02	8.7497197265e+02	3.8975919876e+02
298              	Bottom	1.3839024800e+00	5.1861231120e+02	2.6959117593e+02
298              	Top	7.0472705136e+01	5.3429556878e+02	3.0342412606e+02
298              	e423_0	1.1379759709e+02	8.7497200692e+02	3.8975919651e+02
299              	Bottom	1.3836257193e+00	5.1861207623e+02	2.6959124870e+02
299              	Top	7.0472719594e+01	5.3429539730e+02	3.0342397971e+02
299              	e423_0	1.1379757268e+02	8.7497203938e+02	3.8975919501e+02
300              	Bottom	1.3833475391e+00	5.1861183297e+02	2.6959131875e+02
300              	Top	7.0472735306e+01	5.3429520503e+02	3.0342382972e+02
300              	e423_0	1.1379755127e+02	8.7497207006e+02	3.8975919423e+02
301              	Bottom	1.3830698446e+00	5.1861158441e+02	2.6959138635e+02
301              	Top	7.0472751939e+01	5.3429499517e+02	3.0342367744e+02
301              	e423_0	1.1379753266e+02	8.7497209901e+02	3.8975919412e+02
302              	Bottom	1.3827943414e+00	5.1861133341e+02	2.6959145163e+02
302              	Top	7.0472769231e+01	5.3429477098e+02	3.0342352419e+02
302              	e423_0	1.1379751660e+02	8.7497212627e+02	3.8975919464e+02
303              	Bottom	1.3825227171e+00	5.1861108269e+02	2.6959151503e+02
303              	Top	7.0472786875e+01	5.3429453568e+02	3.0342337121e+02
303              	e423_0	1.1379750289e+02	8.7497215190e+02	3.8975919573e+02
304              	Bottom	1.3822562010e+00	5.1861083480e+02	2.6959157679e+02
304              	Top	7.0472804663e+01	5.3429429248e+02	3.0342321966e+02
304              	e423_0	1.1379749132e+02	8.7497217595e+02	3.8975919736e+02
305              	Bottom	1.3819959721e+00	5.1861059209e+02	2.6959163715e+02
305              	Top	7.0472822398e+01	5.3429404446e+02	3.0342307062e+02
305              	e423_0	1.1379748168e+02	8.7497219847e+02	3.8975919948e+02
306              	Bottom	1.3817430560e+00	5.1861035665e+02	2.6959169632e+02
306              	Top	7.0472839910e+01	5.3429379453e+02	3.0342292504e+02
306              	e423_0	1.1379747378e+02	8.7497221952e+02	3.8975920203e+02
307              	Bottom	1.3814983291e+00	5.1861013027e+02	2.6959175449e+02
307              	Top	7.0472857051e+01	5.3429354532e+02	3.0342278377e+02
307              	e423_0	1.1379746742e+02	8.7497223917e+02	3.8975920497e+02
308              	Bottom	1.3812625229e+00	5.1860991436e+02	2.6959181177e+02
308              	Top	7.0472873695e+01	5.3429329910e+02	3.0342264753e+02
308              	e423_0	1.1379746242e+02	8.7497225746e+02	3.8975920826e+02
309              	Bottom	1.3810362326e+00	5.1860971000e+02	2.6959186827e+02
309              	Top	7.0472889733e+01	5.3429305778e+02	3.0342251690e+02
309              	e423_0	1.1379745861e+02	8.7497227448e+02	3.8975921185e+02
310              	Bottom	1.3808199459e+00	5.1860951789e+02	2.6959192401e+02
310              	Top	7.0472905070e+01	5.3429282285e+02	3.0342239234e+02
310              	e423_0	1.1379745582e+02	8.7497229027e+02	3.8975921570e+02
311              	Bottom	1.3806140351e+00	5.1860933844e+02	2.6959197904e+02
311              	Top	7.0472919628e+01	5.3429259547e+02	3.0342227423e+02
311              	e423_0	1.1379745391e+02	8.7497230491e+02	3.8975921976e+02
312              	Bottom	1.3804187672e+00	5.1860917181e+02	2.6959203310e+02
312              	Top	7.0472933325e+01	5.3429237647e+02	3.0342216281e+02
312              	e423_0	1.1379745273e+02	8.7497231845e+02	3.8975922399e+02
313              	Bottom	1.3802346076e+00	5.1860901803e+02	2.6959208690e+02
313              	Top	7.0472946154e+01	5.3429216649e+02	3.0342205829e+02
313              	e423_0	1.1379745213e+02	8.7497233097e+02	3.8975922835e+02
314              	Bottom	1.3800609622e+00	5.1860887701e+02	2.6959213970e+02
314              	Top	7.0472958015e+01	5.3429196601e+02	3.0342196079e+02
314              	e423_0	1.1379745201e+02	8.7497234251e+02	3.8975923280e+02
315              	Bottom	1.3798984134e+00	5.1860874858e+02	2.6959219168e+02
315              	Top	7.0472968908e+01	5.3429177543e+02	3.0342187037e+02
315              	e423_0	1.1379745225e+02	8.7497235315e+02	3.8975923732e+02
316              	Bottom	1.3797469138e+00	5.1860863258e+02	2.6959224286e+02
316              	Top	7.0472978794e+01	5.3429159510e+02	3.0342178704e+02
316              	e423_0	1.1379745273e+02	8.7497236294e+02	3.8975924186e+02
317              	Bottom	1.3796063465e+00	5.1860852885e+02	2.6959229319e+02
317              	Top	7.0472987662e+01	5.3429142532e+02	3.0342171078e+02
317              	e423_0	1.1379745337e+02	8.7497237195e+02	3.8975924640e+02
318              	Bottom	1.3794765870e+00	5.1860843720e+02	2.6959234265e+02
318              	Top	7.0472995501e+01	5.3429126636e+02	3.0342164151e+02
318              	e423_0	1.1379745409e+02	8.7497238023e+02	3.8975925090e+02
319              	Bottom	1.3793574632e+00	5.1860835744e+02	2.6959239122e+02
319              	Top	7.0473002315e+01	5.3429111844e+02	3.0342157914e+02
319              	e423_0	1.1379745480e+02	8.7497238783e+02	3.8975925534e+02
320              	Bottom	1.3792487693e+00	5.1860828935e+02	2.6959243887e+02
320              	Top	7.0473008109e+01	5.3429098173e+02	3.0342152351e+02
320              	e423_0	1.1379745544e+02	8.7497239482e+02	3.8975925970e+02
321              	Bottom	1.3791502379e+00	5.1860823266e+02	2.6959248557e+02
321              	Top	7.0473012902e+01	5.3429085633e+02	3.0342147445e+02
321              	e423_0	1.1379745595e+02	8.7497240125e+02	3.8975926396e+02
322              	Bottom	1.3790615804e+00	5.1860818705e+02	2.6959253130e+02
322              	Top	7.0473016715e+01	5.3429074228e+02	3.0342143176e+02
322              	e423_0	1.1379745629e+02	8.7497240715e+02	3.8975926809e+02
323              	Bottom	1.3789824492e+00	5.1860815213e+02	2.6959257606e+02
323              	Top	7.0473019580e+01	5.3429063952e+02	3.0342139520e+02
323              	e423_0	1.1379745640e+02	8.7497241259e+02	3.8975927208e+02
324              	Bottom	1.3789124607e+00	5.1860812748e+02	2.6959261979e+02
324              	Top	7.0473021530e+01	5.3429054793e+02	3.0342136452e+02
324              	e423_0	1.1379745626e+02	8.7497241761e+02	3.8975927591e+02
325              	Bottom	1.3788512278e+00	5.1860811261e+02	2.6959266248e+02
325              	Top	7.0473022606e+01	5.3429046730e+02	3.0342133943e+02
325              	e423_0	1.1379745584e+02	8.7497242224e+02	3.8975927958e+02
326              	Bottom	1.3787983032e+00	5.1860810699e+02	2.6959270422e+02
326              	Top	7.0473022833e+01	5.3429039738e+02	3.0342131966e+02
326              	e423_0	1.1379745511e+02	8.7497242653e+02	3.8975928307e+02
327              	Bottom	1.3787531207e+00	5.1860811005e+02	2.6959274466e+02
327              	Top	7.0473022322e+01	5.3429033783e+02	3.0342130489e+02
327              	e423_0	1.1379745406e+02	8.7497243052e+02	3.8975928637e+02
328              	Bottom	1.3787155309e+00	5.1860812120e+02	2.6959278411e+02
328              	Top	7.0473021042e+01	5.3429028828e+02	3.0342129479e+02
328              	e423_0	1.1379745269e+02	8.7497243424e+02	3.8975928948e+02
329              	Bottom	1.3786848009e+00	5.1860813982e+02	2.6959282244e+02
329              	Top	7.0473019099e+01	5.3429024830e+02	3.0342128906e+02
329              	e423_0	1.1379745098e+02	8.7497243773e+02	3.8975929240e+02
330              	Bottom	1.3786604860e+00	5.1860816533e+02	2.6959285946e+02
330              	Top	7.0473016574e+01	5.3429021742e+02	3.0342128736e+02
330              	e423_0	1.1379744894e+02	8.7497244101e+02	3.8975929511e+02
331              	Bottom	1.3786423283e+00	5.1860819720e+02	2.6959289563e+02
331              	Top	7.0473013368e+01	5.3429019515e+02	3.0342128935e+02
331              	e423_0	1.1379744657e+02	8.7497244411e+02	3.8975929762e+02
332              	Bottom	1.3786293646e+00	5.1860823458e+02	2.6959293050e+02
332              	Top	7.0473009718e+01	5.3429018103e+02	3.0342129473e+02
332              	e423_0	1.1379744387e+02	8.7497244705e+02	3.8975929994e+02
