# Time           	e423_0           
1	-5.7919930000e-16	
2	-3.5250174138e-17	
3	-1.3586168386e-17	
4	-9.1552559359e-18	
5	-3.4776184941e-18	
6	-4.9223515147e-19	
7	9.8442225933e-19	
8	1.7951378765e-18	
9	2.7652175720e-18	
10	2.3548441846e-18	
11	2.9970628494e-18	
12	3.0877779108e-18	
13	3.3255246260e-18	
14	3.4371222272e-18	
15	3.4918891043e-18	
16	3.4776416486e-18	
17	3.4332367616e-18	
18	3.3497807042e-18	
19	3.2475606918e-18	
20	3.1188879022e-18	
21	2.9934168438e-18	
22	2.8828353536e-18	
23	2.7577209357e-18	
24	2.6400418936e-18	
25	2.5083997315e-18	
26	2.3863439665e-18	
27	2.2621387162e-18	
28	2.1247458509e-18	
29	1.9834933753e-18	
30	1.8478464406e-18	
31	1.7289986643e-18	
32	1.6152917701e-18	
33	1.5117512456e-18	
34	1.4149129578e-18	
35	1.3193400601e-18	
36	1.2317815774e-18	
37	1.1509845391e-18	
38	1.0727679051e-18	
39	9.7639848464e-19	
40	8.8391660884e-19	
41	8.0428484577e-19	
42	6.9661896642e-19	
43	5.9658552186e-19	
44	4.9983391928e-19	
45	4.0915744825e-19	
46	3.2852468685e-19	
47	2.0776139062e-19	
48	6.5347639697e-20	
49	-2.5537646653e-20	
50	-1.1341061297e-19	
51	-2.0938290411e-19	
52	-3.0605341007e-19	
53	-4.1137582940e-19	
54	-5.1976622206e-19	
55	-5.5318508498e-19	
56	-5.9158388053e-19	
57	-6.3719552566e-19	
58	-7.6124237374e-19	
59	-8.6825774337e-19	
60	-9.6804585803e-19	
61	-1.0546269393e-18	
62	-1.0926003251e-18	
63	-1.0577630650e-18	
64	-1.0586498825e-18	
65	-1.1586739732e-18	
66	-1.2221532229e-18	
67	-1.3672001179e-18	
68	-1.5743156449e-18	
69	-1.5662621948e-18	
70	-1.6070752949e-18	
71	-1.6442487362e-18	
72	-1.6817921925e-18	
73	-1.7214439629e-18	
74	-1.7635727907e-18	
75	-1.8120303665e-18	
76	-1.8633311146e-18	
77	-1.9192087746e-18	
78	-1.9793248541e-18	
79	-2.0390860993e-18	
80	-2.1005593696e-18	
81	-2.1003879291e-18	
82	-2.0614975287e-18	
83	-2.1227217725e-18	
84	-2.2947256393e-18	
85	-2.4476432537e-18	
86	-2.5986600707e-18	
87	-2.7452912117e-18	
88	-2.8901372083e-18	
89	-3.0238864578e-18	
90	-3.1452402870e-18	
91	-3.2464747330e-18	
92	-3.3278631318e-18	
93	-3.3872218296e-18	
94	-3.4268173508e-18	
95	-3.4544227325e-18	
96	-3.4841846816e-18	
97	-3.4953226289e-18	
98	-3.5688062981e-18	
99	-3.5619622287e-18	
100	-3.5482459965e-18	
101	-3.5257065630e-18	
102	-3.4794010640e-18	
103	-3.4097674502e-18	
104	-3.3193530340e-18	
105	-3.1978295531e-18	
106	-3.0334084369e-18	
107	-2.9286877415e-18	
108	-2.8697912621e-18	
109	-2.7878677577e-18	
110	-2.6850035512e-18	
111	-2.5782949818e-18	
112	-2.4753836155e-18	
113	-2.5693239197e-18	
114	-2.5214781170e-18	
115	-2.5592353022e-18	
116	-2.6580220291e-18	
117	-2.5994215148e-18	
118	-2.5854380641e-18	
119	-2.5636450591e-18	
120	-2.5675763325e-18	
121	-2.5791265482e-18	
122	-2.4892387487e-18	
123	-2.3949675166e-18	
124	-2.3528545757e-18	
125	-2.3410156377e-18	
126	-2.3331438172e-18	
127	-2.3113595419e-18	
128	-2.2844339056e-18	
129	-2.2569615212e-18	
130	-2.2306791499e-18	
131	-2.2024429698e-18	
132	-2.1747583026e-18	
133	-2.1466275576e-18	
134	-2.1160538624e-18	
135	-2.0913597728e-18	
136	-2.0670304162e-18	
137	-2.0398812691e-18	
138	-2.0101141216e-18	
139	-1.9807718700e-18	
140	-1.9447769304e-18	
141	-1.9113385890e-18	
142	-1.8795695018e-18	
143	-1.8486680682e-18	
144	-1.8135458433e-18	
145	-1.7838016685e-18	
146	-1.7515707471e-18	
147	-1.7181216250e-18	
148	-1.6826818897e-18	
149	-1.6469279843e-18	
150	-1.6128014779e-18	
151	-1.5775082569e-18	
152	-1.5440667363e-18	
153	-1.5089283476e-18	
154	-1.4740778733e-18	
155	-1.4377602027e-18	
156	-1.3950671243e-18	
157	-1.3542844964e-18	
158	-1.3146332164e-18	
159	-1.2738696921e-18	
160	-1.2313404024e-18	
161	-1.1880672653e-18	
162	-1.1429651790e-18	
163	-1.0915834744e-18	
164	-1.0436811552e-18	
165	-9.9718452266e-19	
166	-9.4625232552e-19	
167	-8.9539115996e-19	
168	-8.4647640538e-19	
169	-7.9968886413e-19	
170	-7.4793359955e-19	
171	-7.2196145983e-19	
172	-8.4449098166e-19	
173	-7.6684489228e-19	
174	-7.1245961116e-19	
175	-6.3572670951e-19	
176	-4.8903624830e-19	
177	-3.9984677461e-19	
178	-3.3482316983e-19	
179	-2.9906259746e-19	
180	-2.6134690177e-19	
181	-2.2496602582e-19	
182	-1.9086463343e-19	
183	-1.6169009175e-19	
184	-1.3223117407e-19	
185	-1.0613267145e-19	
186	-8.3959099793e-20	
187	-6.1965101877e-20	
188	-4.7497696063e-20	
189	-3.4062071134e-20	
190	-2.2333371026e-20	
191	-1.5407322990e-20	
192	-1.0868270484e-20	
193	-1.0070984418e-20	
194	-8.2520441327e-21	
195	-9.7632125214e-21	
196	-1.2014153325e-20	
197	-1.8552292613e-19	
198	-2.0528694053e-19	
199	-1.9529310648e-19	
200	-2.0041075315e-19	
201	-2.0361005337e-19	
202	-1.2505983072e-19	
203	-5.3222844539e-20	
204	-4.5981108878e-20	
205	-5.7814872166e-20	
206	-6.3319352399e-20	
207	-6.9779827722e-20	
208	-2.7581875729e-19	
209	-6.9751789555e-20	
210	7.4230029619e-20	
211	-1.3229984055e-19	
212	7.8124583011e-20	
213	-1.5799775842e-19	
214	-1.2831975153e-19	
215	-1.4150743055e-19	
216	-1.5664732381e-19	
217	-1.7402275200e-19	
218	-1.9439953489e-19	
219	-2.1519000641e-19	
220	-2.3898426025e-19	
221	-2.6477172917e-19	
222	-2.8906553927e-19	
223	-3.1554492737e-19	
224	-3.6273436196e-19	
225	-5.9895921607e-19	
226	-3.5880457499e-19	
227	-1.6014419528e-19	
228	-2.3643595581e-19	
229	-4.9656671318e-19	
230	-4.6437841844e-19	
231	-4.1748918868e-19	
232	-2.7183507702e-19	
233	-5.4171171000e-19	
234	-3.1659873211e-19	
235	-4.1430720310e-19	
236	-6.8161693001e-19	
237	-5.8597043924e-19	
238	-6.2349397685e-19	
239	-6.4798324987e-19	
240	-6.7641295132e-19	
241	-7.0655480213e-19	
242	-7.3781758598e-19	
243	-7.6910199882e-19	
244	-8.0107838101e-19	
245	-8.3117671103e-19	
246	-8.6177390007e-19	
247	-8.8975293000e-19	
248	-9.1603218041e-19	
249	-9.4005647891e-19	
250	-9.6313326661e-19	
251	-9.8412942976e-19	
252	-1.0034157474e-18	
253	-1.0200452058e-18	
254	-1.0350982565e-18	
255	-1.0475418011e-18	
256	-1.0587982922e-18	
257	-1.0677819682e-18	
258	-1.0768717558e-18	
259	-1.0843285732e-18	
260	-1.0904084736e-18	
261	-1.0944039185e-18	
262	-1.1001079873e-18	
263	-1.1050624337e-18	
264	-1.1118085982e-18	
265	-1.1196363730e-18	
266	-1.1307120633e-18	
267	-1.1341840827e-18	
268	-1.1428995396e-18	
269	-1.1494895567e-18	
270	-1.1594703454e-18	
271	-1.1684928889e-18	
272	-1.1790032174e-18	
273	-1.1878850528e-18	
274	-1.1961541204e-18	
275	-1.2042374489e-18	
276	-1.2107871578e-18	
277	-1.2133577505e-18	
278	-1.2146392053e-18	
279	-1.2125919498e-18	
280	-1.2078331434e-18	
281	-1.2003543590e-18	
282	-1.1931699997e-18	
283	-1.1851610817e-18	
284	-1.1781306851e-18	
285	-1.1707067828e-18	
286	-1.1656920878e-18	
287	-1.1673735330e-18	
288	-1.1722751916e-18	
289	-1.1753077004e-18	
290	-1.1822382674e-18	
291	-1.1895409005e-18	
292	-1.2015822605e-18	
293	-1.2062239357e-18	
294	-1.1975903142e-18	
295	-1.1976495714e-18	
296	-1.1989067588e-18	
297	-1.1996717455e-18	
298	-1.2011421690e-18	
299	-1.2009629165e-18	
300	-1.2004527372e-18	
301	-1.1987683939e-18	
302	-1.1972657250e-18	
303	-1.1949972114e-18	
304	-1.1930323745e-18	
305	-1.1897028342e-18	
306	-1.1857460890e-18	
307	-1.1806766677e-18	
308	-1.1758317166e-18	
309	-1.1696320500e-18	
310	-1.1636988755e-18	
311	-1.1360890435e-18	
312	-1.1243425175e-18	
313	-1.1123233639e-18	
314	-1.1017283774e-18	
315	-1.0908556404e-18	
316	-1.0810778966e-18	
317	-1.0704961250e-18	
318	-1.0605036504e-18	
319	-1.0503659399e-18	
320	-1.0413061943e-18	
321	-1.0315660432e-18	
322	-1.0226441486e-18	
323	-1.0128707429e-18	
324	-1.0043624294e-18	
325	-9.9686529587e-19	
326	-9.9079563033e-19	
327	-9.8453728512e-19	
328	-9.7944801205e-19	
329	-9.7377172972e-19	
330	-9.7078291191e-19	
331	-9.6879506739e-19	
332	-9.6650472240e-19	
333	-9.6414642030e-19	
334	-9.6266507704e-19	
335	-9.6083790530e-19	
336	-9.6005023545e-19	
337	-9.5845333848e-19	
338	-9.5795531298e-19	
339	-9.5736499368e-19	
340	-9.5815226528e-19	
341	-9.5858487693e-19	
342	-9.5999047717e-19	
343	-9.6105283829e-19	
344	-9.6328807807e-19	
345	-9.6500105315e-19	
346	-9.6771616721e-19	
347	-9.7004647027e-19	
348	-9.7333245306e-19	
349	-9.7610173289e-19	
350	-9.7977984824e-19	
351	-9.8286846504e-19	
352	-9.8680539793e-19	
353	-9.9014926030e-19	
354	-9.9452395566e-19	
355	-9.9835895063e-19	
356	-1.0029009947e-18	
357	-1.0069186293e-18	
358	-1.0117909036e-18	
359	-1.0159041953e-18	
360	-1.0208178320e-18	
361	-1.0250836765e-18	
362	-1.0300675966e-18	
363	-1.0344459846e-18	
364	-1.0394990960e-18	
365	-1.0439474627e-18	
366	-1.0490878521e-18	
367	-1.0536780480e-18	
368	-1.0588387932e-18	
369	-1.0632754182e-18	
370	-1.0683623408e-18	
371	-1.0727076509e-18	
372	-1.0775915613e-18	
373	-1.0817657472e-18	
374	-1.0865197454e-18	
375	-1.0906229931e-18	
376	-1.0952994729e-18	
377	-1.0992469655e-18	
378	-1.1037827100e-18	
379	-1.1076086374e-18	
380	-1.1117562111e-18	
381	-1.1148546069e-18	
382	-1.1185078674e-18	
383	-1.1215642231e-18	
384	-1.1254855715e-18	
385	-1.1286794294e-18	
386	-1.1322635534e-18	
387	-1.1350542774e-18	
388	-1.1384268147e-18	
389	-1.1411565714e-18	
390	-1.1444961418e-18	
391	-1.1472179993e-18	
392	-1.1505683043e-18	
393	-1.1532901457e-18	
394	-1.1565793540e-18	
395	-1.1592430204e-18	
396	-1.1624837363e-18	
397	-1.1650654309e-18	
398	-1.1682336914e-18	
399	-1.1708457542e-18	
400	-1.1740767118e-18	
401	-1.1766785839e-18	
402	-1.1798720676e-18	
403	-1.1824884854e-18	
404	-1.1856968450e-18	
405	-1.1883082286e-18	
406	-1.1915172791e-18	
407	-1.1941462585e-18	
408	-1.1973598608e-18	
409	-1.1999510968e-18	
410	-1.2030972545e-18	
411	-1.2056343499e-18	
412	-1.2087334034e-18	
413	-1.2112201570e-18	
414	-1.2142488106e-18	
415	-1.2166432838e-18	
416	-1.2195531513e-18	
417	-1.2218237149e-18	
418	-1.2246046506e-18	
419	-1.2267523997e-18	
420	-1.2294135850e-18	
421	-1.2314266220e-18	
422	-1.2339164754e-18	
423	-1.2357434937e-18	
424	-1.2380219242e-18	
425	-1.2396372301e-18	
426	-1.2417107938e-18	
427	-1.2431296865e-18	
428	-1.2449981339e-18	
429	-1.2462044056e-18	
430	-1.2478707364e-18	
431	-1.2488761680e-18	
432	-1.2503214744e-18	
433	-1.2510955300e-18	
434	-1.2522982637e-18	
435	-1.2528400880e-18	
436	-1.2538111110e-18	
437	-1.2541455176e-18	
438	-1.2548870018e-18	
439	-1.2549729515e-18	
440	-1.2554836366e-18	
441	-1.2553398590e-18	
442	-1.2556209697e-18	
443	-1.2552761800e-18	
444	-1.2553783278e-18	
445	-1.2548799073e-18	
446	-1.2548429837e-18	
447	-1.2542382908e-18	
448	-1.2541225621e-18	
449	-1.2534798306e-18	
450	-1.2533632787e-18	
451	-1.2527457251e-18	
452	-1.2526527950e-18	
453	-1.2520284780e-18	
454	-1.2519187798e-18	
455	-1.2513134202e-18	
456	-1.2512468793e-18	
457	-1.2506653876e-18	
458	-1.2506359651e-18	
459	-1.2501607379e-18	
460	-1.2502453273e-18	
461	-1.2498812285e-18	
462	-1.2500817779e-18	
463	-1.2498450779e-18	
464	-1.2501664314e-18	
465	-1.2500501876e-18	
466	-1.2504617082e-18	
467	-1.2504855399e-18	
468	-1.2511034623e-18	
469	-1.2512834899e-18	
470	-1.2519953152e-18	
471	-1.2522590175e-18	
472	-1.2530653559e-18	
473	-1.2534466375e-18	
474	-1.2543607475e-18	
475	-1.2548125221e-18	
476	-1.2557711002e-18	
477	-1.2562927141e-18	
478	-1.2573115534e-18	
479	-1.2578240140e-18	
480	-1.2588349361e-18	
481	-1.2593694341e-18	
482	-1.2603383811e-18	
483	-1.2607884520e-18	
484	-1.2617505785e-18	
485	-1.2622086799e-18	
486	-1.2631298812e-18	
487	-1.2635526236e-18	
488	-1.2644412659e-18	
489	-1.2648296280e-18	
490	-1.2656678297e-18	
491	-1.2660005763e-18	
492	-1.2667793890e-18	
493	-1.2670593294e-18	
494	-1.2677953167e-18	
495	-1.2680349288e-18	
496	-1.2687307068e-18	
497	-1.2689388183e-18	
498	-1.2696065953e-18	
499	-1.2697884192e-18	
500	-1.2704323066e-18	
501	-1.2705885618e-18	
502	-1.2711709649e-18	
503	-1.2712867195e-18	
504	-1.2718638411e-18	
505	-1.2719639858e-18	
506	-1.2725245932e-18	
507	-1.2726139255e-18	
508	-1.2731621604e-18	
509	-1.2732374664e-18	
510	-1.2737668128e-18	
511	-1.2738252476e-18	
512	-1.2743461112e-18	
513	-1.2743978508e-18	
514	-1.2748900402e-18	
515	-1.2749015800e-18	
516	-1.2753585482e-18	
517	-1.2753426667e-18	
518	-1.2757685647e-18	
519	-1.2757251822e-18	
520	-1.2761309885e-18	
521	-1.2760708017e-18	
522	-1.2764540427e-18	
523	-1.2763749843e-18	
524	-1.2767421155e-18	
525	-1.2766462226e-18	
526	-1.2769979309e-18	
527	-1.2768936931e-18	
528	-1.2772340333e-18	
529	-1.2771191549e-18	
530	-1.2774449105e-18	
531	-1.2773167185e-18	
532	-1.2776277880e-18	
533	-1.2774868891e-18	
534	-1.2777870591e-18	
535	-1.2776368472e-18	
536	-1.2779270254e-18	
537	-1.2777688719e-18	
538	-1.2780488554e-18	
539	-1.2778820656e-18	
540	-1.2781492368e-18	
541	-1.2779749020e-18	
542	-1.2782376128e-18	
543	-1.2780600378e-18	
544	-1.2783191330e-18	
545	-1.2781408509e-18	
546	-1.2783968687e-18	
547	-1.2782188616e-18	
548	-1.2784753145e-18	
549	-1.2782982922e-18	
550	-1.2785565997e-18	
551	-1.2783835927e-18	
552	-1.2786412172e-18	
553	-1.2784691192e-18	
554	-1.2787279246e-18	
555	-1.2785597093e-18	
556	-1.2788223594e-18	
557	-1.2786595121e-18	
558	-1.2789231800e-18	
559	-1.2787632307e-18	
560	-1.2790306025e-18	
561	-1.2788792657e-18	
562	-1.2791526619e-18	
563	-1.2790058445e-18	
564	-1.2792836528e-18	
565	-1.2791461676e-18	
566	-1.2794308432e-18	
567	-1.2793003621e-18	
568	-1.2795907116e-18	
569	-1.2794693263e-18	
570	-1.2797685474e-18	
571	-1.2796562693e-18	
572	-1.2799649918e-18	
573	-1.2798638848e-18	
574	-1.2801815892e-18	
575	-1.2800966614e-18	
576	-1.2804270217e-18	
577	-1.2803511011e-18	
578	-1.2806919094e-18	
579	-1.2806288017e-18	
580	-1.2809808223e-18	
581	-1.2809310024e-18	
582	-1.2812954480e-18	
583	-1.2812614249e-18	
584	-1.2816380590e-18	
585	-1.2816180465e-18	
586	-1.2820080874e-18	
587	-1.2820023590e-18	
588	-1.2824045959e-18	
589	-1.2824128949e-18	
590	-1.2828279199e-18	
591	-1.2828511403e-18	
592	-1.2832800827e-18	
593	-1.2833192466e-18	
594	-1.2837619339e-18	
595	-1.2838154922e-18	
596	-1.2842716014e-18	
597	-1.2843416564e-18	
598	-1.2848143680e-18	
599	-1.2849006453e-18	
600	-1.2853879895e-18	
601	-1.2854903007e-18	
602	-1.2859943637e-18	
603	-1.2861173186e-18	
604	-1.2866375183e-18	
605	-1.2867780669e-18	
606	-1.2873151047e-18	
607	-1.2874722499e-18	
608	-1.2880251163e-18	
609	-1.2881999373e-18	
610	-1.2887683945e-18	
611	-1.2889610865e-18	
612	-1.2895436997e-18	
613	-1.2897522916e-18	
614	-1.2903504874e-18	
615	-1.2905740978e-18	
616	-1.2911869281e-18	
617	-1.2914279799e-18	
618	-1.2920547940e-18	
619	-1.2923086003e-18	
620	-1.2929467450e-18	
621	-1.2932144045e-18	
622	-1.2938626110e-18	
623	-1.2941422447e-18	
624	-1.2948016574e-18	
625	-1.2950934706e-18	
626	-1.2957606351e-18	
627	-1.2960641065e-18	
628	-1.2967385215e-18	
629	-1.2970521022e-18	
630	-1.2977302456e-18	
631	-1.2980520190e-18	
632	-1.2987348609e-18	
633	-1.2990638676e-18	
634	-1.2997475002e-18	
635	-1.3000819459e-18	
636	-1.3007686182e-18	
637	-1.3011090118e-18	
638	-1.3017966442e-18	
639	-1.3021403325e-18	
640	-1.3028276566e-18	
641	-1.3031761011e-18	
642	-1.3038631537e-18	
643	-1.3042131010e-18	
644	-1.3048982955e-18	
645	-1.3052515618e-18	
646	-1.3059349305e-18	
647	-1.3062891982e-18	
648	-1.3069676712e-18	
649	-1.3073209786e-18	
650	-1.3079958831e-18	
651	-1.3083486032e-18	
652	-1.3090190706e-18	
653	-1.3093694578e-18	
654	-1.3100343424e-18	
655	-1.3103838712e-18	
656	-1.3110458413e-18	
657	-1.3113983611e-18	
658	-1.3120562766e-18	
659	-1.3124062575e-18	
660	-1.3130556086e-18	
661	-1.3133982692e-18	
662	-1.3140405441e-18	
663	-1.3143780451e-18	
664	-1.3150111496e-18	
665	-1.3153428952e-18	
666	-1.3159653509e-18	
667	-1.3162873434e-18	
668	-1.3168962042e-18	
669	-1.3172076090e-18	
670	-1.3178031099e-18	
671	-1.3181053761e-18	
672	-1.3186875713e-18	
673	-1.3189793450e-18	
674	-1.3195462517e-18	
675	-1.3198264555e-18	
676	-1.3203801388e-18	
677	-1.3206496448e-18	
678	-1.3211897085e-18	
679	-1.3214470941e-18	
680	-1.3219726903e-18	
681	-1.3222163905e-18	
682	-1.3226095477e-18	
683	-1.3227727355e-18	
684	-1.3232086380e-18	
685	-1.3234203699e-18	
686	-1.3238692358e-18	
687	-1.3240588890e-18	
688	-1.3245048331e-18	
689	-1.3246870294e-18	
690	-1.3251241438e-18	
691	-1.3252987125e-18	
692	-1.3257265094e-18	
693	-1.3258931187e-18	
694	-1.3263089847e-18	
695	-1.3264642771e-18	
696	-1.3268642691e-18	
697	-1.3270058676e-18	
698	-1.3273916841e-18	
699	-1.3275196047e-18	
700	-1.3278878188e-18	
701	-1.3280001874e-18	
702	-1.3283506363e-18	
703	-1.3284493471e-18	
704	-1.3287837672e-18	
705	-1.3288692382e-18	
706	-1.3291887829e-18	
707	-1.3292608546e-18	
708	-1.3295653351e-18	
709	-1.3296264158e-18	
710	-1.3299175469e-18	
711	-1.3299677840e-18	
712	-1.3302453659e-18	
713	-1.3302837377e-18	
714	-1.3305482528e-18	
715	-1.3305771473e-18	
716	-1.3308299598e-18	
717	-1.3308485489e-18	
718	-1.3310876151e-18	
719	-1.3310951738e-18	
720	-1.3313225172e-18	
721	-1.3313204560e-18	
722	-1.3315373062e-18	
723	-1.3315269459e-18	
724	-1.3317311303e-18	
725	-1.3317105392e-18	
726	-1.3319042328e-18	
727	-1.3318752174e-18	
728	-1.3320586921e-18	
729	-1.3320215911e-18	
730	-1.3321945153e-18	
731	-1.3321494903e-18	
732	-1.3323129615e-18	
733	-1.3322599529e-18	
734	-1.3324136611e-18	
735	-1.3323526533e-18	
736	-1.3324953649e-18	
737	-1.3324267870e-18	
738	-1.3325619764e-18	
739	-1.3324874545e-18	
740	-1.3326147016e-18	
741	-1.3325341536e-18	
742	-1.3326532345e-18	
743	-1.3325673499e-18	
744	-1.3326801632e-18	
745	-1.3325887963e-18	
746	-1.3326944287e-18	
747	-1.3325977824e-18	
748	-1.3326953707e-18	
749	-1.3325932679e-18	
750	-1.3326857622e-18	
751	-1.3325797402e-18	
752	-1.3326667842e-18	
753	-1.3325570405e-18	
754	-1.3326373900e-18	
755	-1.3325234710e-18	
756	-1.3325997203e-18	
757	-1.3324830791e-18	
758	-1.3325554562e-18	
759	-1.3324366573e-18	
760	-1.3325053508e-18	
761	-1.3323830027e-18	
762	-1.3324469904e-18	
763	-1.3323230956e-18	
764	-1.3323836651e-18	
765	-1.3322579567e-18	
766	-1.3323155511e-18	
767	-1.3321870621e-18	
768	-1.3322409462e-18	
769	-1.3321117038e-18	
770	-1.3321633010e-18	
771	-1.3320334165e-18	
772	-1.3320831542e-18	
773	-1.3319527684e-18	
774	-1.3319993057e-18	
775	-1.3318677443e-18	
776	-1.3319130758e-18	
777	-1.3317815108e-18	
778	-1.3318260730e-18	
779	-1.3316953309e-18	
780	-1.3317388273e-18	
781	-1.3316069262e-18	
782	-1.3316485123e-18	
783	-1.3315174656e-18	
784	-1.3315583403e-18	
785	-1.3314280376e-18	
786	-1.3314685757e-18	
787	-1.3313391174e-18	
788	-1.3313778444e-18	
789	-1.3312483895e-18	
790	-1.3312873126e-18	
791	-1.3311589685e-18	
792	-1.3311979085e-18	
793	-1.3310709241e-18	
794	-1.3311100626e-18	
795	-1.3309843076e-18	
796	-1.3310220302e-18	
797	-1.3308965638e-18	
798	-1.3309348188e-18	
799	-1.3308107116e-18	
800	-1.3308492879e-18	
801	-1.3307267784e-18	
802	-1.3307658726e-18	
803	-1.3306448468e-18	
804	-1.3306828732e-18	
805	-1.3305624181e-18	
806	-1.3306013323e-18	
807	-1.3304825221e-18	
808	-1.3305221164e-18	
809	-1.3304051809e-18	
810	-1.3304456037e-18	
811	-1.3303305121e-18	
812	-1.3303715482e-18	
813	-1.3302566323e-18	
814	-1.3302973487e-18	
815	-1.3301845187e-18	
816	-1.3302259902e-18	
817	-1.3301149950e-18	
818	-1.3301574918e-18	
819	-1.3300485055e-18	
820	-1.3300920141e-18	
821	-1.3299848175e-18	
822	-1.3300276766e-18	
823	-1.3299213225e-18	
824	-1.3299654725e-18	
825	-1.3298609924e-18	
826	-1.3299061782e-18	
827	-1.3298037867e-18	
828	-1.3298501418e-18	
829	-1.3297498525e-18	
830	-1.3297972845e-18	
831	-1.3296987941e-18	
832	-1.3297456544e-18	
833	-1.3296479909e-18	
834	-1.3296962267e-18	
835	-1.3296004354e-18	
836	-1.3296498059e-18	
837	-1.3295561402e-18	
838	-1.3296068113e-18	
839	-1.3295152622e-18	
840	-1.3295671530e-18	
841	-1.3294775991e-18	
842	-1.3295304666e-18	
843	-1.3294412254e-18	
844	-1.3294941066e-18	
845	-1.3294070758e-18	
846	-1.3294610429e-18	
847	-1.3293760032e-18	
848	-1.3294313169e-18	
849	-1.3293484311e-18	
850	-1.3294051030e-18	
851	-1.3293242871e-18	
852	-1.3293821981e-18	
853	-1.3293033050e-18	
854	-1.3293623129e-18	
855	-1.3292851726e-18	
856	-1.3293449827e-18	
857	-1.3292679075e-18	
858	-1.3293276023e-18	
859	-1.3292525576e-18	
860	-1.3293132709e-18	
861	-1.3292401051e-18	
862	-1.3293021563e-18	
863	-1.3292310770e-18	
864	-1.3292945390e-18	
865	-1.3292254307e-18	
866	-1.3292901071e-18	
867	-1.3292227976e-18	
868	-1.3292884835e-18	
869	-1.3292227679e-18	
870	-1.3292892807e-18	
871	-1.3292249668e-18	
872	-1.3292921793e-18	
873	-1.3292291423e-18	
874	-1.3292968483e-18	
875	-1.3292335412e-18	
876	-1.3293009487e-18	
877	-1.3292394255e-18	
878	-1.3293077188e-18	
879	-1.3292478399e-18	
880	-1.3293173237e-18	
881	-1.3292592667e-18	
882	-1.3293299704e-18	
883	-1.3292736454e-18	
884	-1.3293453799e-18	
885	-1.3292905482e-18	
886	-1.3293630660e-18	
887	-1.3293094768e-18	
888	-1.3293825506e-18	
889	-1.3293300029e-18	
890	-1.3294034886e-18	
891	-1.3293518783e-18	
892	-1.3294257230e-18	
893	-1.3293750303e-18	
894	-1.3294492574e-18	
895	-1.3293995305e-18	
896	-1.3294742820e-18	
897	-1.3294255951e-18	
898	-1.3295007766e-18	
899	-1.3294530687e-18	
900	-1.3295286880e-18	
901	-1.3294819543e-18	
902	-1.3295579805e-18	
903	-1.3295121448e-18	
904	-1.3295885089e-18	
905	-1.3295434915e-18	
906	-1.3296201268e-18	
907	-1.3295758485e-18	
908	-1.3296526923e-18	
909	-1.3296090895e-18	
910	-1.3296860993e-18	
911	-1.3296431348e-18	
912	-1.3297202866e-18	
913	-1.3296779301e-18	
914	-1.3297552010e-18	
915	-1.3297133984e-18	
916	-1.3297906998e-18	
917	-1.3297494084e-18	
918	-1.3298267915e-18	
919	-1.3297860232e-18	
920	-1.3298634423e-18	
921	-1.3298231236e-18	
922	-1.3299004907e-18	
923	-1.3298605349e-18	
924	-1.3299377820e-18	
925	-1.3298980831e-18	
926	-1.3299750996e-18	
927	-1.3299355524e-18	
928	-1.3300122383e-18	
929	-1.3299727513e-18	
930	-1.3300490524e-18	
931	-1.3300095690e-18	
932	-1.3300854346e-18	
933	-1.3300458824e-18	
934	-1.3301212658e-18	
935	-1.3300816816e-18	
936	-1.3301566365e-18	
937	-1.3301170389e-18	
938	-1.3301916015e-18	
939	-1.3301520253e-18	
940	-1.3302262317e-18	
941	-1.3301867117e-18	
942	-1.3302605736e-18	
943	-1.3302211681e-18	
944	-1.3302947231e-18	
945	-1.3302553487e-18	
946	-1.3303285836e-18	
947	-1.3302892586e-18	
948	-1.3303621506e-18	
949	-1.3303228275e-18	
950	-1.3303953343e-18	
951	-1.3303559581e-18	
952	-1.3304280639e-18	
953	-1.3303886771e-18	
954	-1.3304603592e-18	
955	-1.3304208199e-18	
956	-1.3304919039e-18	
957	-1.3304521128e-18	
958	-1.3305225670e-18	
959	-1.3304824611e-18	
960	-1.3305522330e-18	
961	-1.3305117623e-18	
962	-1.3305808136e-18	
963	-1.3305399372e-18	
964	-1.3306082380e-18	
965	-1.3305669290e-18	
966	-1.3306344609e-18	
967	-1.3305927030e-18	
968	-1.3306594605e-18	
969	-1.3306172483e-18	
970	-1.3306832353e-18	
971	-1.3306405754e-18	
972	-1.3307058010e-18	
973	-1.3306626918e-18	
974	-1.3307271672e-18	
975	-1.3306836082e-18	
976	-1.3307473313e-18	
977	-1.3307033306e-18	
978	-1.3307663222e-18	
979	-1.3307218934e-18	
980	-1.3307841647e-18	
981	-1.3307393146e-18	
982	-1.3308008755e-18	
983	-1.3307556098e-18	
984	-1.3308164704e-18	
985	-1.3307707940e-18	
986	-1.3308309607e-18	
987	-1.3307848756e-18	
988	-1.3308443644e-18	
989	-1.3307978715e-18	
990	-1.3308566945e-18	
991	-1.3308098118e-18	
992	-1.3308679757e-18	
993	-1.3308207114e-18	
994	-1.3308782293e-18	
995	-1.3308305939e-18	
996	-1.3308874579e-18	
997	-1.3308395024e-18	
998	-1.3308957417e-18	
999	-1.3308474285e-18	
1000	-1.3309030603e-18	
1001	-1.3308544073e-18	
1002	-1.3309094524e-18	
1003	-1.3308604749e-18	
1004	-1.3309149516e-18	
1005	-1.3308656635e-18	
1006	-1.3309195892e-18	
1007	-1.3308700049e-18	
1008	-1.3309233971e-18	
1009	-1.3308735315e-18	
1010	-1.3309264216e-18	
1011	-1.3308762076e-18	
1012	-1.3309285588e-18	
1013	-1.3308780921e-18	
1014	-1.3309299712e-18	
1015	-1.3308792532e-18	
1016	-1.3309306920e-18	
1017	-1.3308797574e-18	
1018	-1.3309307592e-18	
1019	-1.3308796249e-18	
1020	-1.3309302084e-18	
1021	-1.3308788908e-18	
1022	-1.3309290761e-18	
1023	-1.3308775922e-18	
1024	-1.3309273987e-18	
1025	-1.3308757655e-18	
1026	-1.3309252127e-18	
1027	-1.3308734468e-18	
1028	-1.3309225539e-18	
1029	-1.3308706757e-18	
1030	-1.3309194526e-18	
1031	-1.3308674798e-18	
1032	-1.3309159547e-18	
1033	-1.3308638979e-18	
1034	-1.3309120899e-18	
1035	-1.3308599650e-18	
1036	-1.3309078925e-18	
1037	-1.3308557149e-18	
1038	-1.3309033953e-18	
1039	-1.3308511801e-18	
1040	-1.3308986308e-18	
1041	-1.3308463927e-18	
1042	-1.3308936309e-18	
1043	-1.3308413841e-18	
1044	-1.3308884262e-18	
1045	-1.3308361847e-18	
1046	-1.3308830470e-18	
1047	-1.3308308243e-18	
1048	-1.3308775220e-18	
1049	-1.3308253310e-18	
1050	-1.3308718788e-18	
1051	-1.3308197321e-18	
1052	-1.3308661450e-18	
1053	-1.3308140546e-18	
1054	-1.3308603468e-18	
1055	-1.3308083243e-18	
1056	-1.3308545093e-18	
1057	-1.3308025614e-18	
1058	-1.3308486608e-18	
1059	-1.3307967970e-18	
1060	-1.3308428145e-18	
1061	-1.3307910500e-18	
1062	-1.3308369969e-18	
1063	-1.3307853408e-18	
1064	-1.3308312282e-18	
1065	-1.3307796895e-18	
1066	-1.3308255279e-18	
1067	-1.3307741146e-18	
1068	-1.3308199140e-18	
1069	-1.3307686338e-18	
1070	-1.3308144033e-18	
1071	-1.3307632636e-18	
1072	-1.3308090124e-18	
1073	-1.3307580198e-18	
1074	-1.3308037555e-18	
1075	-1.3307529157e-18	
1076	-1.3307986461e-18	
1077	-1.3307479647e-18	
1078	-1.3307936971e-18	
1079	-1.3307431791e-18	
1080	-1.3307889195e-18	
1081	-1.3307385696e-18	
1082	-1.3307843242e-18	
1083	-1.3307341464e-18	
1084	-1.3307799223e-18	
1085	-1.3307299215e-18	
1086	-1.3307757188e-18	
1087	-1.3307258904e-18	
1088	-1.3307717188e-18	
1089	-1.3307220759e-18	
1090	-1.3307679364e-18	
1091	-1.3307184782e-18	
1092	-1.3307643750e-18	
1093	-1.3307150994e-18	
1094	-1.3307610351e-18	
1095	-1.3307119452e-18	
1096	-1.3307579218e-18	
1097	-1.3307090177e-18	
1098	-1.3307550374e-18	
1099	-1.3307063198e-18	
1100	-1.3307523838e-18	
1101	-1.3307038529e-18	
1102	-1.3307499622e-18	
1103	-1.3307016168e-18	
1104	-1.3307477722e-18	
1105	-1.3306996115e-18	
1106	-1.3307458139e-18	
1107	-1.3306978365e-18	
1108	-1.3307440851e-18	
1109	-1.3306962895e-18	
1110	-1.3307425839e-18	
1111	-1.3306949684e-18	
1112	-1.3307413082e-18	
1113	-1.3306938703e-18	
1114	-1.3307402541e-18	
1115	-1.3306929918e-18	
1116	-1.3307394180e-18	
1117	-1.3306923284e-18	
1118	-1.3307387955e-18	
1119	-1.3306918756e-18	
1120	-1.3307383924e-18	
1121	-1.3306916176e-18	
1122	-1.3307381818e-18	
1123	-1.3306915712e-18	
1124	-1.3307381709e-18	
1125	-1.3306917208e-18	
1126	-1.3307383534e-18	
1127	-1.3306920537e-18	
1128	-1.3307387282e-18	
1129	-1.3306925802e-18	
1130	-1.3307392800e-18	
1131	-1.3306932788e-18	
1132	-1.3307400044e-18	
1133	-1.3306941494e-18	
1134	-1.3307408969e-18	
1135	-1.3306951837e-18	
1136	-1.3307419502e-18	
1137	-1.3306963748e-18	
1138	-1.3307431549e-18	
1139	-1.3306977173e-18	
1140	-1.3307445080e-18	
1141	-1.3306992001e-18	
1142	-1.3307460002e-18	
1143	-1.3307008174e-18	
1144	-1.3307476235e-18	
1145	-1.3307025616e-18	
1146	-1.3307493705e-18	
1147	-1.3307044254e-18	
1148	-1.3307512337e-18	
1149	-1.3307064011e-18	
1150	-1.3307532057e-18	
1151	-1.3307084814e-18	
1152	-1.3307552787e-18	
1153	-1.3307106584e-18	
1154	-1.3307574453e-18	
1155	-1.3307129248e-18	
1156	-1.3307596977e-18	
1157	-1.3307152731e-18	
1158	-1.3307620285e-18	
1159	-1.3307176952e-18	
1160	-1.3307644304e-18	
1161	-1.3307201844e-18	
1162	-1.3307668959e-18	
1163	-1.3307227333e-18	
1164	-1.3307694178e-18	
1165	-1.3307253347e-18	
1166	-1.3307719891e-18	
1167	-1.3307279818e-18	
1168	-1.3307746030e-18	
1169	-1.3307306677e-18	
1170	-1.3307772528e-18	
1171	-1.3307333858e-18	
1172	-1.3307799318e-18	
1173	-1.3307361296e-18	
1174	-1.3307826338e-18	
1175	-1.3307388929e-18	
1176	-1.3307853525e-18	
1177	-1.3307416695e-18	
1178	-1.3307880820e-18	
1179	-1.3307444537e-18	
1180	-1.3307908165e-18	
1181	-1.3307472398e-18	
1182	-1.3307935504e-18	
1183	-1.3307500223e-18	
1184	-1.3307962785e-18	
1185	-1.3307527960e-18	
1186	-1.3307989955e-18	
1187	-1.3307555559e-18	
1188	-1.3308016966e-18	
1189	-1.3307582972e-18	
1190	-1.3308043772e-18	
1191	-1.3307610154e-18	
1192	-1.3308070328e-18	
1193	-1.3307637062e-18	
1194	-1.3308096593e-18	
1195	-1.3307663654e-18	
1196	-1.3308122525e-18	
1197	-1.3307689893e-18	
1198	-1.3308148088e-18	
1199	-1.3307715742e-18	
1200	-1.3308173247e-18	
1201	-1.3307741168e-18	
1202	-1.3308197968e-18	
1203	-1.3307766137e-18	
1204	-1.3308222222e-18	
1205	-1.3307790623e-18	
1206	-1.3308245979e-18	
1207	-1.3307814595e-18	
1208	-1.3308269214e-18	
1209	-1.3307838030e-18	
1210	-1.3308291902e-18	
1211	-1.3307860909e-18	
1212	-1.3308314032e-18	
1213	-1.3307883209e-18	
1214	-1.3308335569e-18	
1215	-1.3307904910e-18	
1216	-1.3308356503e-18	
1217	-1.3307925995e-18	
1218	-1.3308376815e-18	
1219	-1.3307946450e-18	
1220	-1.3308396473e-18	
1221	-1.3307966300e-18	
1222	-1.3308415426e-18	
1223	-1.3307985523e-18	
1224	-1.3308433801e-18	
1225	-1.3308004045e-18	
1226	-1.3308451522e-18	
1227	-1.3308021874e-18	
1228	-1.3308468566e-18	
1229	-1.3308039026e-18	
1230	-1.3308484935e-18	
1231	-1.3308055501e-18	
1232	-1.3308500628e-18	
1233	-1.3308071294e-18	
1234	-1.3308515641e-18	
1235	-1.3308086408e-18	
1236	-1.3308529977e-18	
1237	-1.3308100843e-18	
1238	-1.3308543637e-18	
1239	-1.3308114602e-18	
1240	-1.3308556625e-18	
1241	-1.3308127688e-18	
1242	-1.3308568944e-18	
1243	-1.3308140108e-18	
1244	-1.3308580578e-18	
1245	-1.3308151908e-18	
1246	-1.3308591561e-18	
1247	-1.3308163009e-18	
1248	-1.3308601915e-18	
1249	-1.3308173470e-18	
1250	-1.3308611631e-18	
1251	-1.3308183296e-18	
1252	-1.3308620719e-18	
1253	-1.3308192520e-18	
1254	-1.3308629168e-18	
1255	-1.3308201111e-18	
1256	-1.3308637033e-18	
1257	-1.3308209121e-18	
1258	-1.3308644265e-18	
1259	-1.3308216542e-18	
1260	-1.3308650966e-18	
1261	-1.3308223373e-18	
1262	-1.3308657098e-18	
1263	-1.3308229648e-18	
1264	-1.3308662739e-18	
1265	-1.3308235334e-18	
1266	-1.3308667771e-18	
1267	-1.3308240535e-18	
1268	-1.3308672308e-18	
1269	-1.3308245237e-18	
1270	-1.3308676351e-18	
1271	-1.3308249449e-18	
1272	-1.3308679885e-18	
1273	-1.3308253237e-18	
1274	-1.3308682965e-18	
1275	-1.3308256516e-18	
1276	-1.3308685618e-18	
1277	-1.3308259359e-18	
1278	-1.3308687837e-18	
1279	-1.3308261775e-18	
1280	-1.3308689641e-18	
1281	-1.3308263788e-18	
1282	-1.3308691054e-18	
1283	-1.3308265417e-18	
1284	-1.3308692094e-18	
1285	-1.3308266682e-18	
1286	-1.3308692780e-18	
1287	-1.3308267603e-18	
1288	-1.3308693132e-18	
1289	-1.3308268198e-18	
1290	-1.3308693134e-18	
1291	-1.3308268528e-18	
1292	-1.3308692872e-18	
1293	-1.3308268529e-18	
1294	-1.3308692338e-18	
1295	-1.3308268293e-18	
1296	-1.3308691494e-18	
1297	-1.3308267798e-18	
1298	-1.3308690466e-18	
1299	-1.3308267024e-18	
1300	-1.3308689248e-18	
1301	-1.3308266057e-18	
1302	-1.3308687788e-18	
1303	-1.3308264900e-18	
1304	-1.3308686144e-18	
1305	-1.3308263566e-18	
1306	-1.3308684333e-18	
1307	-1.3308262073e-18	
1308	-1.3308682404e-18	
1309	-1.3308260455e-18	
1310	-1.3308680224e-18	
1311	-1.3308258708e-18	
1312	-1.3308678014e-18	
1313	-1.3308256833e-18	
1314	-1.3308675694e-18	
1315	-1.3308254861e-18	
1316	-1.3308673288e-18	
1317	-1.3308252809e-18	
1318	-1.3308670810e-18	
1319	-1.3308250693e-18	
1320	-1.3308668276e-18	
1321	-1.3308248528e-18	
1322	-1.3308665701e-18	
1323	-1.3308246328e-18	
1324	-1.3308663098e-18	
1325	-1.3308244107e-18	
1326	-1.3308660432e-18	
1327	-1.3308241949e-18	
1328	-1.3308657789e-18	
1329	-1.3308239713e-18	
1330	-1.3308655175e-18	
1331	-1.3308237496e-18	
1332	-1.3308652579e-18	
1333	-1.3308235303e-18	
1334	-1.3308650014e-18	
1335	-1.3308233143e-18	
1336	-1.3308647488e-18	
1337	-1.3308231007e-18	
1338	-1.3308645029e-18	
1339	-1.3308228953e-18	
1340	-1.3308642613e-18	
1341	-1.3308226954e-18	
1342	-1.3308640262e-18	
1343	-1.3308225025e-18	
1344	-1.3308637986e-18	
1345	-1.3308223175e-18	
