# Time           	e423_0           
1	-2.7251915089e-01	
2	-5.6884210870e-01	
3	-4.0795815470e-01	
4	-3.8072142842e-01	
5	-3.0964551917e-01	
6	-3.1690465815e-01	
7	-3.4127420755e-01	
8	-3.4628444230e-01	
9	-3.2990464106e-01	
10	-3.2099063853e-01	
11	-3.1445154957e-01	
12	-3.1045738200e-01	
13	-3.0768153781e-01	
14	-3.0425814513e-01	
15	-3.0398501708e-01	
16	-3.0418881808e-01	
17	-3.0445493790e-01	
18	-3.0676351733e-01	
19	-3.1035358878e-01	
20	-3.1305450823e-01	
21	-3.1776081788e-01	
22	-3.2183528148e-01	
23	-3.2401473660e-01	
24	-3.2629204419e-01	
25	-3.2996074977e-01	
26	-3.3288995084e-01	
27	-3.3556647601e-01	
28	-3.3706480600e-01	
29	-3.3920568258e-01	
30	-3.4133833761e-01	
31	-3.4276149702e-01	
32	-3.4406335807e-01	
33	-3.4567103292e-01	
34	-3.4748440364e-01	
35	-3.4859602707e-01	
36	-3.4995700609e-01	
37	-3.5146057954e-01	
38	-3.5292265631e-01	
39	-3.5426251717e-01	
40	-3.5575992198e-01	
41	-3.5675032148e-01	
42	-3.5892463614e-01	
43	-3.6085767039e-01	
44	-3.6278682670e-01	
45	-3.6458329069e-01	
46	-3.6656641366e-01	
47	-3.6877681855e-01	
48	-3.7054204334e-01	
49	-3.7180280087e-01	
50	-3.7323507933e-01	
51	-3.7513409430e-01	
52	-3.7668783027e-01	
53	-3.7808148361e-01	
54	-3.7981985395e-01	
55	-3.8245415870e-01	
56	-3.8457775181e-01	
57	-3.8603438324e-01	
58	-3.8739038684e-01	
59	-3.8810222628e-01	
60	-3.8883767333e-01	
61	-3.9034445201e-01	
62	-3.9236297786e-01	
63	-3.9428002855e-01	
64	-3.9642968761e-01	
65	-3.9827079853e-01	
66	-4.0035836363e-01	
67	-4.0224547667e-01	
68	-4.0348162793e-01	
69	-4.0442906087e-01	
70	-4.0559503321e-01	
71	-4.0709909010e-01	
72	-4.0861376553e-01	
73	-4.0999266772e-01	
74	-4.1167365730e-01	
75	-4.1333223872e-01	
76	-4.1474212470e-01	
77	-4.1615590623e-01	
78	-4.1769656421e-01	
79	-4.1915767946e-01	
80	-4.2063584234e-01	
81	-4.2220426556e-01	
82	-4.2375449182e-01	
83	-4.2539135867e-01	
84	-4.2723016951e-01	
85	-4.2942540528e-01	
86	-4.3148604546e-01	
87	-4.3327912818e-01	
88	-4.3515182390e-01	
89	-4.3684249260e-01	
90	-4.3839376358e-01	
91	-4.3980370188e-01	
92	-4.4088463565e-01	
93	-4.4213132357e-01	
94	-4.4396407526e-01	
95	-4.4604109775e-01	
96	-4.4767638146e-01	
97	-4.4914472773e-01	
98	-4.5071063620e-01	
99	-4.5222453217e-01	
100	-4.5349109968e-01	
101	-4.5450539722e-01	
102	-4.5602219292e-01	
103	-4.5747824654e-01	
104	-4.5862273420e-01	
105	-4.5951730851e-01	
106	-4.6054357169e-01	
107	-4.6134357516e-01	
108	-4.6211466482e-01	
109	-4.6321726145e-01	
110	-4.6453929890e-01	
111	-4.6561485597e-01	
112	-4.6656697268e-01	
113	-4.6763960326e-01	
114	-4.6840799370e-01	
115	-4.6919121282e-01	
116	-4.6976801827e-01	
117	-4.7041772294e-01	
118	-4.7137801779e-01	
119	-4.7277223978e-01	
120	-4.7364737457e-01	
121	-4.7452887869e-01	
122	-4.7520546567e-01	
123	-4.7584968824e-01	
124	-4.7652590327e-01	
125	-4.7708948661e-01	
126	-4.7779175774e-01	
127	-4.7875047928e-01	
128	-4.7959808984e-01	
129	-4.8031222810e-01	
130	-4.8094456990e-01	
131	-4.8182484766e-01	
132	-4.8253005354e-01	
133	-4.8329629472e-01	
134	-4.8437613500e-01	
135	-4.8491776848e-01	
136	-4.8540491280e-01	
137	-4.8568039756e-01	
138	-4.8623198552e-01	
139	-4.8669033730e-01	
140	-4.8756722017e-01	
141	-4.8782058539e-01	
142	-4.8822728491e-01	
143	-4.8846779063e-01	
144	-4.8930238002e-01	
145	-4.8947080770e-01	
146	-4.8992274503e-01	
147	-4.9037773683e-01	
148	-4.9114953135e-01	
149	-4.9185733227e-01	
150	-4.9240140792e-01	
151	-4.9298735703e-01	
152	-4.9325569417e-01	
153	-4.9356753466e-01	
154	-4.9375991806e-01	
155	-4.9394111106e-01	
156	-4.9480370518e-01	
157	-4.9547333926e-01	
158	-4.9603970965e-01	
159	-4.9623411171e-01	
160	-4.9647973580e-01	
161	-4.9709446083e-01	
162	-4.9758251000e-01	
163	-4.9837114472e-01	
164	-4.9896803757e-01	
165	-4.9891533899e-01	
166	-4.9953705566e-01	
167	-5.0000902701e-01	
168	-5.0009694690e-01	
169	-4.9968370043e-01	
170	-4.9980665284e-01	
171	-5.0032384855e-01	
172	-5.0057010854e-01	
173	-5.0063979243e-01	
174	-5.0081480945e-01	
175	-5.0133892288e-01	
176	-5.0169866094e-01	
177	-5.0236633560e-01	
178	-5.0312748559e-01	
179	-5.0386503813e-01	
180	-5.0464964677e-01	
181	-5.0515110786e-01	
182	-5.0553383874e-01	
183	-5.0582940527e-01	
184	-5.0639028302e-01	
185	-5.0707382063e-01	
186	-5.0774239999e-01	
187	-5.0873033952e-01	
188	-5.0925166062e-01	
189	-5.0959327339e-01	
190	-5.1015095316e-01	
191	-5.1048850856e-01	
192	-5.1102679259e-01	
193	-5.1168750986e-01	
194	-5.1245238637e-01	
195	-5.1307232049e-01	
196	-5.1381261094e-01	
197	-5.1418395918e-01	
198	-5.1458180744e-01	
199	-5.1571262037e-01	
200	-5.1664026024e-01	
201	-5.1777347125e-01	
202	-5.1844112964e-01	
203	-5.1871349703e-01	
204	-5.1917044180e-01	
205	-5.2014194957e-01	
206	-5.2089107240e-01	
207	-5.2164928101e-01	
208	-5.2245229371e-01	
209	-5.2315174423e-01	
210	-5.2371652209e-01	
211	-5.2452853532e-01	
212	-5.2516423645e-01	
213	-5.2610101386e-01	
214	-5.2732000444e-01	
215	-5.2839760963e-01	
216	-5.2953818622e-01	
217	-5.3051655152e-01	
218	-5.3137857348e-01	
219	-5.3221408166e-01	
220	-5.3301999916e-01	
221	-5.3365294348e-01	
222	-5.3468530927e-01	
223	-5.3557735366e-01	
224	-5.3659417056e-01	
225	-5.3778449766e-01	
226	-5.3880843683e-01	
227	-5.3962231383e-01	
228	-5.4054341961e-01	
229	-5.4165810264e-01	
230	-5.4269897592e-01	
231	-5.4390799743e-01	
232	-5.4479780990e-01	
233	-5.4554980465e-01	
234	-5.4647998822e-01	
235	-5.4737869380e-01	
236	-5.4825814302e-01	
237	-5.4917189331e-01	
238	-5.5022594638e-01	
239	-5.5132788801e-01	
240	-5.5230900624e-01	
241	-5.5333132896e-01	
242	-5.5440818548e-01	
243	-5.5546355480e-01	
244	-5.5650818657e-01	
245	-5.5757436982e-01	
246	-5.5859608227e-01	
247	-5.5964142417e-01	
248	-5.6067522751e-01	
249	-5.6178302635e-01	
250	-5.6277891031e-01	
251	-5.6375675209e-01	
252	-5.6467608389e-01	
253	-5.6549009923e-01	
254	-5.6628902631e-01	
255	-5.6714635618e-01	
256	-5.6808778585e-01	
257	-5.6900306716e-01	
258	-5.6984359550e-01	
259	-5.7059128448e-01	
260	-5.7135294817e-01	
261	-5.7216278235e-01	
262	-5.7301330278e-01	
263	-5.7392349077e-01	
264	-5.7479382450e-01	
265	-5.7562032156e-01	
266	-5.7640418119e-01	
267	-5.7726583449e-01	
268	-5.7814951095e-01	
269	-5.7903644504e-01	
270	-5.7992983013e-01	
271	-5.8086018136e-01	
272	-5.8178796647e-01	
273	-5.8264181836e-01	
274	-5.8346395584e-01	
275	-5.8424785348e-01	
276	-5.8500429949e-01	
277	-5.8577291409e-01	
278	-5.8652231293e-01	
279	-5.8724686814e-01	
280	-5.8797098569e-01	
281	-5.8862918301e-01	
282	-5.8922556777e-01	
283	-5.8979580650e-01	
284	-5.9033844843e-01	
285	-5.9087963739e-01	
286	-5.9140957764e-01	
287	-5.9191786022e-01	
288	-5.9237261338e-01	
289	-5.9282718536e-01	
290	-5.9327599272e-01	
291	-5.9378732831e-01	
292	-5.9426622539e-01	
293	-5.9477607006e-01	
294	-5.9528730116e-01	
295	-5.9578220869e-01	
296	-5.9626270154e-01	
297	-5.9671626196e-01	
298	-5.9712549588e-01	
299	-5.9756909004e-01	
300	-5.9801148040e-01	
301	-5.9845814077e-01	
302	-5.9888706466e-01	
303	-5.9926410631e-01	
304	-5.9960055477e-01	
305	-5.9988911728e-01	
306	-6.0021192887e-01	
307	-6.0050982382e-01	
308	-6.0082838559e-01	
309	-6.0109515200e-01	
310	-6.0133974009e-01	
311	-6.0155250234e-01	
312	-6.0176368291e-01	
313	-6.0197768363e-01	
314	-6.0221550964e-01	
315	-6.0243849001e-01	
316	-6.0262932113e-01	
317	-6.0279279172e-01	
318	-6.0298400814e-01	
319	-6.0319213667e-01	
320	-6.0342192659e-01	
321	-6.0359256192e-01	
322	-6.0375937601e-01	
323	-6.0393121324e-01	
324	-6.0410897544e-01	
325	-6.0428324597e-01	
326	-6.0445494878e-01	
327	-6.0459918359e-01	
328	-6.0473760184e-01	
329	-6.0487508536e-01	
330	-6.0504446667e-01	
331	-6.0520182297e-01	
332	-6.0534872660e-01	
333	-6.0548540519e-01	
334	-6.0561520412e-01	
335	-6.0575912466e-01	
336	-6.0591101918e-01	
337	-6.0604441548e-01	
338	-6.0616838698e-01	
339	-6.0630212867e-01	
340	-6.0644938709e-01	
341	-6.0658014150e-01	
342	-6.0671681417e-01	
343	-6.0685212212e-01	
344	-6.0697632282e-01	
345	-6.0711529484e-01	
346	-6.0726609541e-01	
347	-6.0742110925e-01	
348	-6.0757097300e-01	
349	-6.0771590327e-01	
350	-6.0786331279e-01	
351	-6.0801951569e-01	
352	-6.0818243595e-01	
353	-6.0834087320e-01	
354	-6.0849722342e-01	
355	-6.0865913982e-01	
356	-6.0882690420e-01	
357	-6.0899888009e-01	
358	-6.0917194637e-01	
359	-6.0934746367e-01	
360	-6.0952194917e-01	
361	-6.0970298833e-01	
362	-6.0989165791e-01	
363	-6.1008168528e-01	
364	-6.1027431207e-01	
365	-6.1046482744e-01	
366	-6.1065358069e-01	
367	-6.1083898863e-01	
368	-6.1102795592e-01	
369	-6.1121659883e-01	
370	-6.1140402121e-01	
371	-6.1159367394e-01	
372	-6.1178518623e-01	
373	-6.1197689198e-01	
374	-6.1217073248e-01	
375	-6.1236306156e-01	
376	-6.1255646192e-01	
377	-6.1275191321e-01	
378	-6.1294863086e-01	
379	-6.1314636550e-01	
380	-6.1334343731e-01	
381	-6.1353805409e-01	
382	-6.1373451306e-01	
383	-6.1393010398e-01	
384	-6.1412776114e-01	
385	-6.1432453065e-01	
386	-6.1452257280e-01	
387	-6.1472650107e-01	
388	-6.1493060534e-01	
389	-6.1513406034e-01	
390	-6.1533575720e-01	
391	-6.1553384518e-01	
392	-6.1572754956e-01	
393	-6.1591900200e-01	
394	-6.1610947618e-01	
395	-6.1629969001e-01	
396	-6.1648959979e-01	
397	-6.1667925199e-01	
398	-6.1686797920e-01	
399	-6.1705626006e-01	
400	-6.1724387677e-01	
401	-6.1743158027e-01	
402	-6.1761881671e-01	
403	-6.1780552886e-01	
404	-6.1799168567e-01	
405	-6.1817681393e-01	
406	-6.1836265084e-01	
407	-6.1854807519e-01	
408	-6.1873285113e-01	
409	-6.1891646851e-01	
410	-6.1909927928e-01	
411	-6.1928076730e-01	
412	-6.1946276101e-01	
413	-6.1964363948e-01	
414	-6.1982365015e-01	
415	-6.2000216562e-01	
416	-6.2017978691e-01	
417	-6.2035570643e-01	
418	-6.2053057741e-01	
419	-6.2070432681e-01	
420	-6.2087707500e-01	
421	-6.2104833299e-01	
422	-6.2121864978e-01	
423	-6.2138716905e-01	
424	-6.2155410517e-01	
425	-6.2171881780e-01	
426	-6.2188185087e-01	
427	-6.2204296219e-01	
428	-6.2220219292e-01	
429	-6.2235813408e-01	
430	-6.2251237951e-01	
431	-6.2266572821e-01	
432	-6.2281845043e-01	
433	-6.2296986291e-01	
434	-6.2311993410e-01	
435	-6.2326797528e-01	
436	-6.2341389083e-01	
437	-6.2355739171e-01	
438	-6.2369894470e-01	
439	-6.2383778149e-01	
440	-6.2397447650e-01	
441	-6.2410880913e-01	
442	-6.2424154831e-01	
443	-6.2437223529e-01	
444	-6.2450139439e-01	
445	-6.2462884468e-01	
446	-6.2475499572e-01	
447	-6.2487931437e-01	
448	-6.2500221148e-01	
449	-6.2512367917e-01	
450	-6.2524411211e-01	
451	-6.2536366420e-01	
452	-6.2548252284e-01	
453	-6.2559986992e-01	
454	-6.2571617158e-01	
455	-6.2583128920e-01	
456	-6.2594544108e-01	
457	-6.2605837665e-01	
458	-6.2617036270e-01	
459	-6.2628147045e-01	
460	-6.2639167983e-01	
461	-6.2650093418e-01	
462	-6.2660940939e-01	
463	-6.2671686599e-01	
464	-6.2682356308e-01	
465	-6.2692897905e-01	
466	-6.2703379431e-01	
467	-6.2713731939e-01	
468	-6.2723971353e-01	
469	-6.2734116558e-01	
470	-6.2744212760e-01	
471	-6.2754177839e-01	
472	-6.2764029782e-01	
473	-6.2773749179e-01	
474	-6.2783388671e-01	
475	-6.2792913811e-01	
476	-6.2802332153e-01	
477	-6.2811647521e-01	
478	-6.2820851043e-01	
479	-6.2829937175e-01	
480	-6.2838899393e-01	
481	-6.2847714878e-01	
482	-6.2856394235e-01	
483	-6.2864962034e-01	
484	-6.2873426295e-01	
485	-6.2881792519e-01	
486	-6.2889794288e-01	
487	-6.2897567191e-01	
488	-6.2905242314e-01	
489	-6.2912865241e-01	
490	-6.2920402893e-01	
491	-6.2927810943e-01	
492	-6.2935099857e-01	
493	-6.2942241873e-01	
494	-6.2949253817e-01	
495	-6.2956098726e-01	
496	-6.2962809712e-01	
497	-6.2969360822e-01	
498	-6.2975780402e-01	
499	-6.2982042445e-01	
500	-6.2988169188e-01	
501	-6.2994150220e-01	
502	-6.3000022018e-01	
503	-6.3005759060e-01	
504	-6.3011382398e-01	
505	-6.3016866533e-01	
506	-6.3022232164e-01	
507	-6.3027469823e-01	
508	-6.3032596484e-01	
509	-6.3037596682e-01	
510	-6.3042503867e-01	
511	-6.3047292944e-01	
512	-6.3051990628e-01	
513	-6.3056566910e-01	
514	-6.3061062991e-01	
515	-6.3065436583e-01	
516	-6.3069733276e-01	
517	-6.3073919789e-01	
518	-6.3078029923e-01	
519	-6.3082042479e-01	
520	-6.3085982705e-01	
521	-6.3089824832e-01	
522	-6.3093593087e-01	
523	-6.3097303056e-01	
524	-6.3100962279e-01	
525	-6.3104526814e-01	
526	-6.3108024985e-01	
527	-6.3111436280e-01	
528	-6.3114784215e-01	
529	-6.3118048462e-01	
530	-6.3121253649e-01	
531	-6.3124381691e-01	
532	-6.3127457962e-01	
533	-6.3130459846e-01	
534	-6.3133417486e-01	
535	-6.3136299836e-01	
536	-6.3139143447e-01	
537	-6.3141921599e-01	
538	-6.3144659631e-01	
539	-6.3147338311e-01	
540	-6.3149979178e-01	
541	-6.3152568905e-01	
542	-6.3155124727e-01	
543	-6.3157629721e-01	
544	-6.3160106863e-01	
545	-6.3162537499e-01	
546	-6.3164943143e-01	
547	-6.3167310679e-01	
548	-6.3169657046e-01	
549	-6.3171966364e-01	
550	-6.3174260399e-01	
551	-6.3176518260e-01	
552	-6.3178768463e-01	
553	-6.3180985027e-01	
554	-6.3183197899e-01	
555	-6.3185383898e-01	
556	-6.3187564865e-01	
557	-6.3189723063e-01	
558	-6.3191879727e-01	
559	-6.3194015240e-01	
560	-6.3196157174e-01	
561	-6.3198280799e-01	
562	-6.3200408239e-01	
563	-6.3202516689e-01	
564	-6.3204634072e-01	
565	-6.3206741602e-01	
566	-6.3208862458e-01	
567	-6.3210974142e-01	
568	-6.3213101467e-01	
569	-6.3215220911e-01	
570	-6.3217357890e-01	
571	-6.3219485236e-01	
572	-6.3221632211e-01	
573	-6.3223774372e-01	
574	-6.3225936428e-01	
575	-6.3228095414e-01	
576	-6.3230276122e-01	
577	-6.3232451630e-01	
578	-6.3234650255e-01	
579	-6.3236849930e-01	
580	-6.3239067638e-01	
581	-6.3241286327e-01	
582	-6.3243531006e-01	
583	-6.3245776165e-01	
584	-6.3248040751e-01	
585	-6.3250305668e-01	
586	-6.3252594280e-01	
587	-6.3254881720e-01	
588	-6.3257192825e-01	
589	-6.3259504892e-01	
590	-6.3261837665e-01	
591	-6.3264171539e-01	
592	-6.3266529616e-01	
593	-6.3268887493e-01	
594	-6.3271270529e-01	
595	-6.3273649248e-01	
596	-6.3276052974e-01	
597	-6.3278456513e-01	
598	-6.3280882170e-01	
599	-6.3283308412e-01	
600	-6.3285752320e-01	
601	-6.3288192173e-01	
602	-6.3290658723e-01	
603	-6.3293116617e-01	
604	-6.3295597020e-01	
605	-6.3298075150e-01	
606	-6.3300572191e-01	
607	-6.3303064821e-01	
608	-6.3305575799e-01	
609	-6.3308083227e-01	
610	-6.3310605517e-01	
611	-6.3313122157e-01	
612	-6.3315655170e-01	
613	-6.3318180868e-01	
614	-6.3320720654e-01	
615	-6.3323252081e-01	
616	-6.3325798164e-01	
617	-6.3328334081e-01	
618	-6.3330881479e-01	
619	-6.3333419167e-01	
620	-6.3335964964e-01	
621	-6.3338499082e-01	
622	-6.3341042982e-01	
623	-6.3343573445e-01	
624	-6.3346112109e-01	
625	-6.3348634719e-01	
626	-6.3351164539e-01	
627	-6.3353678782e-01	
628	-6.3356199614e-01	
629	-6.3358702799e-01	
630	-6.3361208151e-01	
631	-6.3363695797e-01	
632	-6.3366186856e-01	
633	-6.3368658347e-01	
634	-6.3371133450e-01	
635	-6.3373589723e-01	
636	-6.3376048312e-01	
637	-6.3378484883e-01	
638	-6.3380924742e-01	
639	-6.3383341923e-01	
640	-6.3385761535e-01	
641	-6.3388156396e-01	
642	-6.3390551929e-01	
643	-6.3392923950e-01	
644	-6.3395300246e-01	
645	-6.3397649321e-01	
646	-6.3399998760e-01	
647	-6.3402324378e-01	
648	-6.3404648577e-01	
649	-6.3406949985e-01	
650	-6.3409249520e-01	
651	-6.3411525420e-01	
652	-6.3413798183e-01	
653	-6.3416047344e-01	
654	-6.3418294454e-01	
655	-6.3420517736e-01	
656	-6.3422738353e-01	
657	-6.3424934379e-01	
658	-6.3427127681e-01	
659	-6.3429297321e-01	
660	-6.3431462076e-01	
661	-6.3433605114e-01	
662	-6.3435743491e-01	
663	-6.3437853336e-01	
664	-6.3439966001e-01	
665	-6.3442050054e-01	
666	-6.3444131964e-01	
667	-6.3446189239e-01	
668	-6.3448242468e-01	
669	-6.3450271398e-01	
670	-6.3452296824e-01	
671	-6.3454299046e-01	
672	-6.3456297761e-01	
673	-6.3458271473e-01	
674	-6.3460241461e-01	
675	-6.3462187668e-01	
676	-6.3464129837e-01	
677	-6.3466047571e-01	
678	-6.3467960057e-01	
679	-6.3469848249e-01	
680	-6.3471732730e-01	
681	-6.3473593255e-01	
682	-6.3475439397e-01	
683	-6.3477287819e-01	
684	-6.3479087629e-01	
685	-6.3480892465e-01	
686	-6.3482680882e-01	
687	-6.3484448512e-01	
688	-6.3486208925e-01	
689	-6.3487943946e-01	
690	-6.3489673521e-01	
691	-6.3491379669e-01	
692	-6.3493081206e-01	
693	-6.3494756796e-01	
694	-6.3496430515e-01	
695	-6.3498078005e-01	
696	-6.3499722770e-01	
697	-6.3501340703e-01	
698	-6.3502959624e-01	
699	-6.3504549948e-01	
700	-6.3506139353e-01	
701	-6.3507704038e-01	
702	-6.3509265275e-01	
703	-6.3510802919e-01	
704	-6.3512336642e-01	
705	-6.3513846534e-01	
706	-6.3515351015e-01	
707	-6.3516832125e-01	
708	-6.3518309374e-01	
709	-6.3519762935e-01	
710	-6.3521211930e-01	
711	-6.3522637124e-01	
712	-6.3524056932e-01	
713	-6.3525453252e-01	
714	-6.3526845658e-01	
715	-6.3528214756e-01	
716	-6.3529579531e-01	
717	-6.3530919950e-01	
718	-6.3532256119e-01	
719	-6.3533569683e-01	
720	-6.3534878848e-01	
721	-6.3536165054e-01	
722	-6.3537446676e-01	
723	-6.3538703327e-01	
724	-6.3539958163e-01	
725	-6.3541189389e-01	
726	-6.3542416288e-01	
727	-6.3543620431e-01	
728	-6.3544820225e-01	
729	-6.3545996994e-01	
730	-6.3547168215e-01	
731	-6.3548317493e-01	
732	-6.3549461303e-01	
733	-6.3550582705e-01	
734	-6.3551699525e-01	
735	-6.3552795860e-01	
736	-6.3553885893e-01	
737	-6.3554955434e-01	
738	-6.3556020862e-01	
739	-6.3557063960e-01	
740	-6.3558102872e-01	
741	-6.3559118826e-01	
742	-6.3560130924e-01	
743	-6.3561121807e-01	
744	-6.3562108684e-01	
745	-6.3563073839e-01	
746	-6.3564034912e-01	
747	-6.3564973632e-01	
748	-6.3565909340e-01	
749	-6.3566821919e-01	
750	-6.3567734430e-01	
751	-6.3568622383e-01	
752	-6.3569507598e-01	
753	-6.3570371102e-01	
754	-6.3571231317e-01	
755	-6.3572071384e-01	
756	-6.3572908633e-01	
757	-6.3573723576e-01	
758	-6.3574537476e-01	
759	-6.3575328755e-01	
760	-6.3576118313e-01	
761	-6.3576886314e-01	
762	-6.3577652534e-01	
763	-6.3578399085e-01	
764	-6.3579142775e-01	
765	-6.3579866418e-01	
766	-6.3580588073e-01	
767	-6.3581288703e-01	
768	-6.3581989490e-01	
769	-6.3582669538e-01	
770	-6.3583349344e-01	
771	-6.3584008621e-01	
772	-6.3584667736e-01	
773	-6.3585305968e-01	
774	-6.3585944457e-01	
775	-6.3586563810e-01	
776	-6.3587183077e-01	
777	-6.3587784151e-01	
778	-6.3588383935e-01	
779	-6.3588966317e-01	
780	-6.3589546891e-01	
781	-6.3590110650e-01	
782	-6.3590674242e-01	
783	-6.3591221260e-01	
784	-6.3591767732e-01	
785	-6.3592297762e-01	
786	-6.3592827511e-01	
787	-6.3593340410e-01	
788	-6.3593853567e-01	
789	-6.3594351615e-01	
790	-6.3594850079e-01	
791	-6.3595333116e-01	
792	-6.3595816644e-01	
793	-6.3596285084e-01	
794	-6.3596754245e-01	
795	-6.3597207799e-01	
796	-6.3597662687e-01	
797	-6.3598103798e-01	
798	-6.3598546391e-01	
799	-6.3598974977e-01	
800	-6.3599405154e-01	
801	-6.3599821616e-01	
802	-6.3600239936e-01	
803	-6.3600644074e-01	
804	-6.3601050543e-01	
805	-6.3601444523e-01	
806	-6.3601840955e-01	
807	-6.3602224560e-01	
808	-6.3602610670e-01	
809	-6.3602984274e-01	
810	-6.3603360664e-01	
811	-6.3603724890e-01	
812	-6.3604091354e-01	
813	-6.3604446196e-01	
814	-6.3604804872e-01	
815	-6.3605152093e-01	
816	-6.3605502681e-01	
817	-6.3605841893e-01	
818	-6.3606184712e-01	
819	-6.3606516298e-01	
820	-6.3606851781e-01	
821	-6.3607175737e-01	
822	-6.3607504008e-01	
823	-6.3607822183e-01	
824	-6.3608145272e-01	
825	-6.3608457133e-01	
826	-6.3608774097e-01	
827	-6.3609080117e-01	
828	-6.3609391194e-01	
829	-6.3609692221e-01	
830	-6.3609997817e-01	
831	-6.3610293038e-01	
832	-6.3610593224e-01	
833	-6.3610884620e-01	
834	-6.3611181020e-01	
835	-6.3611468137e-01	
836	-6.3611760206e-01	
837	-6.3612043187e-01	
838	-6.3612331268e-01	
839	-6.3612610514e-01	
840	-6.3612894950e-01	
841	-6.3613170750e-01	
842	-6.3613451053e-01	
843	-6.3613723119e-01	
844	-6.3614001158e-01	
845	-6.3614270992e-01	
846	-6.3614546216e-01	
847	-6.3614813189e-01	
848	-6.3615085629e-01	
849	-6.3615349992e-01	
850	-6.3615619929e-01	
851	-6.3615881931e-01	
852	-6.3616149573e-01	
853	-6.3616409390e-01	
854	-6.3616674887e-01	
855	-6.3616932652e-01	
856	-6.3617195334e-01	
857	-6.3617450608e-01	
858	-6.3617712208e-01	
859	-6.3617966368e-01	
860	-6.3618226228e-01	
861	-6.3618478521e-01	
862	-6.3618736572e-01	
863	-6.3618987166e-01	
864	-6.3619243726e-01	
865	-6.3619492438e-01	
866	-6.3619747635e-01	
867	-6.3619994874e-01	
868	-6.3620248560e-01	
869	-6.3620494351e-01	
870	-6.3620746555e-01	
871	-6.3620990906e-01	
872	-6.3621241684e-01	
873	-6.3621484521e-01	
874	-6.3621733071e-01	
875	-6.3621974153e-01	
876	-6.3622221752e-01	
877	-6.3622462362e-01	
878	-6.3622708668e-01	
879	-6.3622947825e-01	
880	-6.3623192790e-01	
881	-6.3623430291e-01	
882	-6.3623674021e-01	
883	-6.3623910195e-01	
884	-6.3624152556e-01	
885	-6.3624387380e-01	
886	-6.3624628342e-01	
887	-6.3624861773e-01	
888	-6.3625101285e-01	
889	-6.3625333271e-01	
890	-6.3625571284e-01	
891	-6.3625801782e-01	
892	-6.3626038262e-01	
893	-6.3626267244e-01	
894	-6.3626502167e-01	
895	-6.3626729609e-01	
896	-6.3626962963e-01	
897	-6.3627188931e-01	
898	-6.3627420690e-01	
899	-6.3627644982e-01	
900	-6.3627875071e-01	
901	-6.3628097701e-01	
902	-6.3628326092e-01	
903	-6.3628547140e-01	
904	-6.3628773508e-01	
905	-6.3628992949e-01	
906	-6.3629217507e-01	
907	-6.3629435137e-01	
908	-6.3629657829e-01	
909	-6.3629873596e-01	
910	-6.3630094369e-01	
911	-6.3630308222e-01	
912	-6.3630527022e-01	
913	-6.3630738905e-01	
914	-6.3630955679e-01	
915	-6.3631165539e-01	
916	-6.3631380235e-01	
917	-6.3631588019e-01	
918	-6.3631800576e-01	
919	-6.3632006223e-01	
920	-6.3632216585e-01	
921	-6.3632420038e-01	
922	-6.3632628152e-01	
923	-6.3632829353e-01	
924	-6.3633035160e-01	
925	-6.3633234064e-01	
926	-6.3633437515e-01	
927	-6.3633634065e-01	
928	-6.3633835106e-01	
929	-6.3634029247e-01	
930	-6.3634227820e-01	
931	-6.3634419496e-01	
932	-6.3634615544e-01	
933	-6.3634804703e-01	
934	-6.3634998180e-01	
935	-6.3635184774e-01	
936	-6.3635375635e-01	
937	-6.3635559625e-01	
938	-6.3635747833e-01	
939	-6.3635929187e-01	
940	-6.3636114717e-01	
941	-6.3636293264e-01	
942	-6.3636476366e-01	
943	-6.3636652175e-01	
944	-6.3636832551e-01	
945	-6.3637005668e-01	
946	-6.3637183334e-01	
947	-6.3637353779e-01	
948	-6.3637528742e-01	
949	-6.3637696517e-01	
950	-6.3637868775e-01	
951	-6.3638033878e-01	
952	-6.3638203422e-01	
953	-6.3638365870e-01	
954	-6.3638532586e-01	
955	-6.3638692555e-01	
956	-6.3638856414e-01	
957	-6.3639013672e-01	
958	-6.3639174787e-01	
959	-6.3639329342e-01	
960	-6.3639487721e-01	
961	-6.3639639543e-01	
962	-6.3639795140e-01	
963	-6.3639944193e-01	
964	-6.3640096977e-01	
965	-6.3640243237e-01	
966	-6.3640393190e-01	
967	-6.3640536640e-01	
968	-6.3640683748e-01	
969	-6.3640824381e-01	
970	-6.3640968641e-01	
971	-6.3641106456e-01	
972	-6.3641247868e-01	
973	-6.3641382867e-01	
974	-6.3641521449e-01	
975	-6.3641653640e-01	
976	-6.3641789396e-01	
977	-6.3641918798e-01	
978	-6.3642051744e-01	
979	-6.3642178377e-01	
980	-6.3642308537e-01	
981	-6.3642432424e-01	
982	-6.3642559820e-01	
983	-6.3642680986e-01	
984	-6.3642805643e-01	
985	-6.3642924115e-01	
986	-6.3643046064e-01	
987	-6.3643161871e-01	
988	-6.3643281134e-01	
989	-6.3643394318e-01	
990	-6.3643510923e-01	
991	-6.3643621504e-01	
992	-6.3643735492e-01	
993	-6.3643843502e-01	
994	-6.3643954907e-01	
995	-6.3644060380e-01	
996	-6.3644169177e-01	
997	-6.3644272254e-01	
998	-6.3644378521e-01	
999	-6.3644479117e-01	
1000	-6.3644582908e-01	
1001	-6.3644681075e-01	
1002	-6.3644782435e-01	
1003	-6.3644878217e-01	
1004	-6.3644977190e-01	
1005	-6.3645070630e-01	
1006	-6.3645167259e-01	
1007	-6.3645258399e-01	
1008	-6.3645352727e-01	
1009	-6.3645441613e-01	
1010	-6.3645533735e-01	
1011	-6.3645620323e-01	
1012	-6.3645710254e-01	
1013	-6.3645794683e-01	
1014	-6.3645882518e-01	
1015	-6.3645964712e-01	
1016	-6.3646050493e-01	
1017	-6.3646130624e-01	
1018	-6.3646214329e-01	
1019	-6.3646292441e-01	
1020	-6.3646374117e-01	
1021	-6.3646450259e-01	
1022	-6.3646529955e-01	
1023	-6.3646604173e-01	
1024	-6.3646681936e-01	
1025	-6.3646754278e-01	
1026	-6.3646830156e-01	
1027	-6.3646900669e-01	
1028	-6.3646974709e-01	
1029	-6.3647043444e-01	
1030	-6.3647115689e-01	
1031	-6.3647182693e-01	
1032	-6.3647253196e-01	
1033	-6.3647318513e-01	
1034	-6.3647387321e-01	
1035	-6.3647450998e-01	
1036	-6.3647518158e-01	
1037	-6.3647580242e-01	
1038	-6.3647645800e-01	
1039	-6.3647706338e-01	
1040	-6.3647770342e-01	
1041	-6.3647829378e-01	
1042	-6.3647891873e-01	
1043	-6.3647949453e-01	
1044	-6.3648010484e-01	
1045	-6.3648066653e-01	
1046	-6.3648126265e-01	
1047	-6.3648181067e-01	
1048	-6.3648239304e-01	
1049	-6.3648292782e-01	
1050	-6.3648349687e-01	
1051	-6.3648401884e-01	
1052	-6.3648457501e-01	
1053	-6.3648508458e-01	
1054	-6.3648562828e-01	
1055	-6.3648612587e-01	
1056	-6.3648665750e-01	
1057	-6.3648714351e-01	
1058	-6.3648766352e-01	
1059	-6.3648813832e-01	
1060	-6.3648864707e-01	
1061	-6.3648911109e-01	
1062	-6.3648960895e-01	
1063	-6.3649006256e-01	
1064	-6.3649054992e-01	
1065	-6.3649099349e-01	
1066	-6.3649147072e-01	
1067	-6.3649190460e-01	
1068	-6.3649237205e-01	
1069	-6.3649279661e-01	
1070	-6.3649325463e-01	
1071	-6.3649367019e-01	
1072	-6.3649411912e-01	
1073	-6.3649452603e-01	
1074	-6.3649496620e-01	
1075	-6.3649536477e-01	
1076	-6.3649579650e-01	
1077	-6.3649618705e-01	
1078	-6.3649661064e-01	
1079	-6.3649699347e-01	
1080	-6.3649740923e-01	
1081	-6.3649778462e-01	
1082	-6.3649819283e-01	
1083	-6.3649856108e-01	
1084	-6.3649896203e-01	
1085	-6.3649932340e-01	
1086	-6.3649971734e-01	
1087	-6.3650007210e-01	
1088	-6.3650045930e-01	
1089	-6.3650080769e-01	
1090	-6.3650118840e-01	
1091	-6.3650153066e-01	
1092	-6.3650190511e-01	
1093	-6.3650224148e-01	
1094	-6.3650260991e-01	
1095	-6.3650294061e-01	
1096	-6.3650330322e-01	
1097	-6.3650362846e-01	
1098	-6.3650398547e-01	
1099	-6.3650430545e-01	
1100	-6.3650465706e-01	
1101	-6.3650497197e-01	
1102	-6.3650531837e-01	
1103	-6.3650562839e-01	
1104	-6.3650596976e-01	
1105	-6.3650627508e-01	
1106	-6.3650661159e-01	
1107	-6.3650691236e-01	
1108	-6.3650724417e-01	
1109	-6.3650754056e-01	
1110	-6.3650786783e-01	
1111	-6.3650815998e-01	
1112	-6.3650848286e-01	
1113	-6.3650877091e-01	
1114	-6.3650908953e-01	
1115	-6.3650937362e-01	
1116	-6.3650968812e-01	
1117	-6.3650996837e-01	
1118	-6.3651027887e-01	
1119	-6.3651055541e-01	
1120	-6.3651086218e-01	
1121	-6.3651113479e-01	
1122	-6.3651143792e-01	
1123	-6.3651170705e-01	
1124	-6.3651200651e-01	
1125	-6.3651227225e-01	
1126	-6.3651256813e-01	
1127	-6.3651283060e-01	
1128	-6.3651312290e-01	
1129	-6.3651338230e-01	
1130	-6.3651367092e-01	
1131	-6.3651392735e-01	
1132	-6.3651421265e-01	
1133	-6.3651446601e-01	
1134	-6.3651474805e-01	
1135	-6.3651499840e-01	
1136	-6.3651527725e-01	
1137	-6.3651552467e-01	
1138	-6.3651580041e-01	
1139	-6.3651604491e-01	
1140	-6.3651631760e-01	
1141	-6.3651655927e-01	
1142	-6.3651682894e-01	
1143	-6.3651706784e-01	
1144	-6.3651733454e-01	
1145	-6.3651757070e-01	
1146	-6.3651783447e-01	
1147	-6.3651806793e-01	
1148	-6.3651832881e-01	
1149	-6.3651855962e-01	
1150	-6.3651881763e-01	
1151	-6.3651904582e-01	
1152	-6.3651930100e-01	
1153	-6.3651952659e-01	
1154	-6.3651977897e-01	
1155	-6.3652000198e-01	
1156	-6.3652025159e-01	
1157	-6.3652047205e-01	
1158	-6.3652071889e-01	
1159	-6.3652093682e-01	
1160	-6.3652118093e-01	
1161	-6.3652139633e-01	
1162	-6.3652163772e-01	
1163	-6.3652185062e-01	
1164	-6.3652208929e-01	
1165	-6.3652229970e-01	
1166	-6.3652253566e-01	
1167	-6.3652274358e-01	
1168	-6.3652297685e-01	
1169	-6.3652318230e-01	
1170	-6.3652341287e-01	
1171	-6.3652361584e-01	
1172	-6.3652384374e-01	
1173	-6.3652404423e-01	
1174	-6.3652426944e-01	
1175	-6.3652446746e-01	
1176	-6.3652468999e-01	
1177	-6.3652488554e-01	
1178	-6.3652510539e-01	
1179	-6.3652529847e-01	
1180	-6.3652551563e-01	
1181	-6.3652570624e-01	
1182	-6.3652592071e-01	
1183	-6.3652610884e-01	
1184	-6.3652632062e-01	
1185	-6.3652650627e-01	
1186	-6.3652671536e-01	
1187	-6.3652689853e-01	
1188	-6.3652710492e-01	
1189	-6.3652728559e-01	
1190	-6.3652748928e-01	
1191	-6.3652766747e-01	
1192	-6.3652786845e-01	
1193	-6.3652804414e-01	
1194	-6.3652824241e-01	
1195	-6.3652841559e-01	
1196	-6.3652861115e-01	
1197	-6.3652878183e-01	
1198	-6.3652897467e-01	
1199	-6.3652914283e-01	
1200	-6.3652933295e-01	
1201	-6.3652949860e-01	
1202	-6.3652968599e-01	
1203	-6.3652984912e-01	
1204	-6.3653003379e-01	
1205	-6.3653019440e-01	
1206	-6.3653037633e-01	
1207	-6.3653053442e-01	
1208	-6.3653071363e-01	
1209	-6.3653086919e-01	
1210	-6.3653104567e-01	
1211	-6.3653119871e-01	
1212	-6.3653137245e-01	
1213	-6.3653152297e-01	
1214	-6.3653169399e-01	
1215	-6.3653184199e-01	
1216	-6.3653201028e-01	
1217	-6.3653215576e-01	
1218	-6.3653232134e-01	
1219	-6.3653246430e-01	
1220	-6.3653262712e-01	
1221	-6.3653276768e-01	
1222	-6.3653292771e-01	
1223	-6.3653306573e-01	
1224	-6.3653322323e-01	
1225	-6.3653335864e-01	
1226	-6.3653351345e-01	
1227	-6.3653364639e-01	
1228	-6.3653379852e-01	
1229	-6.3653392898e-01	
1230	-6.3653407844e-01	
1231	-6.3653420645e-01	
1232	-6.3653435326e-01	
1233	-6.3653447881e-01	
1234	-6.3653462298e-01	
1235	-6.3653474611e-01	
1236	-6.3653488766e-01	
1237	-6.3653500837e-01	
1238	-6.3653514731e-01	
1239	-6.3653526563e-01	
1240	-6.3653540198e-01	
1241	-6.3653551792e-01	
1242	-6.3653565171e-01	
1243	-6.3653576530e-01	
1244	-6.3653589650e-01	
1245	-6.3653600784e-01	
1246	-6.3653613648e-01	
1247	-6.3653624549e-01	
1248	-6.3653637164e-01	
1249	-6.3653647837e-01	
1250	-6.3653660205e-01	
1251	-6.3653670651e-01	
1252	-6.3653682775e-01	
1253	-6.3653692998e-01	
1254	-6.3653704881e-01	
1255	-6.3653714882e-01	
1256	-6.3653726527e-01	
1257	-6.3653736305e-01	
1258	-6.3653747728e-01	
1259	-6.3653757282e-01	
1260	-6.3653768473e-01	
1261	-6.3653777816e-01	
1262	-6.3653788778e-01	
1263	-6.3653797913e-01	
1264	-6.3653808648e-01	
1265	-6.3653817579e-01	
1266	-6.3653828090e-01	
1267	-6.3653836820e-01	
1268	-6.3653847112e-01	
1269	-6.3653855644e-01	
1270	-6.3653865721e-01	
1271	-6.3653874058e-01	
1272	-6.3653883921e-01	
1273	-6.3653892073e-01	
1274	-6.3653901724e-01	
1275	-6.3653909688e-01	
1276	-6.3653919135e-01	
1277	-6.3653926915e-01	
1278	-6.3653936161e-01	
1279	-6.3653943761e-01	
1280	-6.3653952811e-01	
1281	-6.3653960235e-01	
1282	-6.3653969092e-01	
1283	-6.3653976343e-01	
1284	-6.3653985011e-01	
1285	-6.3653992093e-01	
1286	-6.3654000576e-01	
1287	-6.3654007494e-01	
1288	-6.3654015795e-01	
1289	-6.3654022552e-01	
1290	-6.3654030678e-01	
1291	-6.3654037273e-01	
1292	-6.3654045228e-01	
1293	-6.3654051670e-01	
1294	-6.3654059455e-01	
1295	-6.3654065743e-01	
1296	-6.3654073373e-01	
1297	-6.3654079509e-01	
1298	-6.3654086978e-01	
1299	-6.3654092976e-01	
1300	-6.3654100276e-01	
1301	-6.3654106142e-01	
1302	-6.3654113289e-01	
1303	-6.3654119020e-01	
1304	-6.3654126016e-01	
1305	-6.3654131617e-01	
1306	-6.3654138466e-01	
1307	-6.3654143940e-01	
1308	-6.3654150646e-01	
1309	-6.3654155992e-01	
1310	-6.3654162570e-01	
1311	-6.3654167789e-01	
1312	-6.3654174231e-01	
1313	-6.3654179335e-01	
1314	-6.3654185645e-01	
1315	-6.3654190635e-01	
1316	-6.3654196817e-01	
1317	-6.3654201698e-01	
1318	-6.3654207754e-01	
1319	-6.3654212529e-01	
1320	-6.3654218463e-01	
1321	-6.3654223135e-01	
1322	-6.3654228950e-01	
1323	-6.3654233523e-01	
1324	-6.3654239223e-01	
1325	-6.3654243699e-01	
1326	-6.3654249287e-01	
1327	-6.3654253670e-01	
1328	-6.3654259149e-01	
1329	-6.3654263441e-01	
1330	-6.3654268814e-01	
1331	-6.3654273019e-01	
1332	-6.3654278289e-01	
1333	-6.3654282409e-01	
1334	-6.3654287579e-01	
1335	-6.3654291618e-01	
1336	-6.3654296690e-01	
1337	-6.3654300650e-01	
1338	-6.3654305627e-01	
1339	-6.3654309511e-01	
1340	-6.3654314396e-01	
1341	-6.3654318206e-01	
1342	-6.3654323002e-01	
1343	-6.3654326741e-01	
1344	-6.3654331450e-01	
1345	-6.3654335119e-01	
