# Time           	e423_0           
1	( -3.5349161762e-01 7.7466267488e+00 -1.5210016037e+01 )	
2	( -7.3785976698e-01 6.4484945964e-01 -9.3791323904e-01 )	
3	( -5.2917304180e-01 2.8752756367e-01 -1.1602228758e-01 )	
4	( -4.9384358183e-01 2.6011977997e-01 6.2251498638e-03 )	
5	( -4.0164918722e-01 2.2884153299e-01 4.8937037580e-03 )	
6	( -4.1106520358e-01 2.2307118866e-01 -1.6783044009e-02 )	
7	( -4.4267557448e-01 2.2453867094e-01 -2.4258316757e-02 )	
8	( -4.4917447916e-01 2.2447531691e-01 -3.4011634102e-02 )	
9	( -4.2792781662e-01 2.2074498451e-01 -4.5357357605e-02 )	
10	( -4.1636523409e-01 2.1826034628e-01 -5.4377524076e-02 )	
11	( -4.0788321319e-01 2.1654671414e-01 -6.2181422209e-02 )	
12	( -4.0270227544e-01 2.1546976796e-01 -6.7019628055e-02 )	
13	( -3.9910165637e-01 2.1490726343e-01 -6.8747237910e-02 )	
14	( -3.9466108545e-01 2.1440487487e-01 -6.9951463418e-02 )	
15	( -3.9430680401e-01 2.1469846372e-01 -7.0442934564e-02 )	
16	( -3.9457115955e-01 2.1500811743e-01 -7.1034404966e-02 )	
17	( -3.9491635042e-01 2.1552648619e-01 -7.1898710936e-02 )	
18	( -3.9791086833e-01 2.1654037054e-01 -7.2277149293e-02 )	
19	( -4.0256764258e-01 2.1782433727e-01 -7.2654161750e-02 )	
20	( -4.0607107484e-01 2.1920801962e-01 -7.3194952622e-02 )	
21	( -4.1217575044e-01 2.2097839339e-01 -7.3396757590e-02 )	
22	( -4.1746084224e-01 2.2266388531e-01 -7.3542184973e-02 )	
23	( -4.2028786967e-01 2.2384595159e-01 -7.4353400638e-02 )	
24	( -4.2324182408e-01 2.2527747119e-01 -7.4948317814e-02 )	
25	( -4.2800059667e-01 2.2673357047e-01 -7.5286847926e-02 )	
26	( -4.3180013891e-01 2.2806558880e-01 -7.5508826995e-02 )	
27	( -4.3527192873e-01 2.2916025576e-01 -7.5874447456e-02 )	
28	( -4.3721545119e-01 2.3004328575e-01 -7.6250121559e-02 )	
29	( -4.3999243741e-01 2.3077902234e-01 -7.6562764276e-02 )	
30	( -4.4275875923e-01 2.3150713421e-01 -7.6728631600e-02 )	
31	( -4.4460477601e-01 2.3202749641e-01 -7.7023550400e-02 )	
32	( -4.4629345355e-01 2.3249429192e-01 -7.7239156975e-02 )	
33	( -4.4837881005e-01 2.3296605946e-01 -7.7391911691e-02 )	
34	( -4.5073097996e-01 2.3336083870e-01 -7.7422030021e-02 )	
35	( -4.5217289538e-01 2.3343439426e-01 -7.7723574172e-02 )	
36	( -4.5393825636e-01 2.3362173807e-01 -7.7761108676e-02 )	
37	( -4.5588858025e-01 2.3389410069e-01 -7.7691833968e-02 )	
38	( -4.5778507772e-01 2.3409985357e-01 -7.7615777715e-02 )	
39	( -4.5952304580e-01 2.3419144242e-01 -7.7750549507e-02 )	
40	( -4.6146536819e-01 2.3427762721e-01 -7.7776645834e-02 )	
41	( -4.6275004092e-01 2.3430676005e-01 -7.7837980619e-02 )	
42	( -4.6557040052e-01 2.3460235083e-01 -7.7532400859e-02 )	
43	( -4.6807778910e-01 2.3476798575e-01 -7.7356226502e-02 )	
44	( -4.7058014749e-01 2.3490956843e-01 -7.7131614418e-02 )	
45	( -4.7291038725e-01 2.3500479262e-01 -7.7035331420e-02 )	
46	( -4.7548274720e-01 2.3515087700e-01 -7.6879366103e-02 )	
47	( -4.7834992038e-01 2.3536714663e-01 -7.6619737301e-02 )	
48	( -4.8063963897e-01 2.3545785649e-01 -7.6391106847e-02 )	
49	( -4.8227500007e-01 2.3546380903e-01 -7.6207094214e-02 )	
50	( -4.8413284539e-01 2.3547698091e-01 -7.6018090541e-02 )	
51	( -4.8659610668e-01 2.3561048660e-01 -7.5737672741e-02 )	
52	( -4.8861149766e-01 2.3567688795e-01 -7.5475783724e-02 )	
53	( -4.9041924135e-01 2.3576430367e-01 -7.5240239746e-02 )	
54	( -4.9267412634e-01 2.3600306090e-01 -7.4863424510e-02 )	
55	( -4.9609115096e-01 2.3641937989e-01 -7.4395307128e-02 )	
56	( -4.9884571834e-01 2.3663457629e-01 -7.4088477593e-02 )	
57	( -5.0073515253e-01 2.3674917592e-01 -7.3812106528e-02 )	
58	( -5.0249405976e-01 2.3689933392e-01 -7.3501029380e-02 )	
59	( -5.0341740505e-01 2.3688872605e-01 -7.3364308627e-02 )	
60	( -5.0437137239e-01 2.3692074417e-01 -7.3179688472e-02 )	
61	( -5.0632585387e-01 2.3705854936e-01 -7.2933239956e-02 )	
62	( -5.0894413580e-01 2.3732456310e-01 -7.2545941609e-02 )	
63	( -5.1143079168e-01 2.3759326476e-01 -7.2156649214e-02 )	
64	( -5.1421916987e-01 2.3801549940e-01 -7.1604720525e-02 )	
65	( -5.1660732231e-01 2.3832076797e-01 -7.1212020226e-02 )	
66	( -5.1931515684e-01 2.3869254316e-01 -7.0767159633e-02 )	
67	( -5.2176297982e-01 2.3895797506e-01 -7.0430555238e-02 )	
68	( -5.2336642349e-01 2.3906720490e-01 -7.0205242766e-02 )	
69	( -5.2459536319e-01 2.3914211939e-01 -7.0050960149e-02 )	
70	( -5.2610777598e-01 2.3933321544e-01 -6.9774599715e-02 )	
71	( -5.2805872695e-01 2.3959717303e-01 -6.9418285552e-02 )	
72	( -5.3002345151e-01 2.3982832173e-01 -6.9044471644e-02 )	
73	( -5.3181206110e-01 2.3997381382e-01 -6.8794686263e-02 )	
74	( -5.3399251603e-01 2.4025415438e-01 -6.8393701966e-02 )	
75	( -5.3614390476e-01 2.4052932248e-01 -6.8012889620e-02 )	
76	( -5.3797270421e-01 2.4072908940e-01 -6.7701225084e-02 )	
77	( -5.3980655669e-01 2.4095037834e-01 -6.7424736190e-02 )	
78	( -5.4180498388e-01 2.4123381606e-01 -6.7086138840e-02 )	
79	( -5.4370023415e-01 2.4148164340e-01 -6.6816727675e-02 )	
80	( -5.4561759734e-01 2.4177028566e-01 -6.6490803241e-02 )	
81	( -5.4765203953e-01 2.4207570048e-01 -6.6148485489e-02 )	
82	( -5.4966287799e-01 2.4240096468e-01 -6.5782679401e-02 )	
83	( -5.5178610019e-01 2.4274804253e-01 -6.5482257177e-02 )	
84	( -5.5417126915e-01 2.4317730174e-01 -6.5100316923e-02 )	
85	( -5.5701876607e-01 2.4363551987e-01 -6.4759279818e-02 )	
86	( -5.5969167558e-01 2.4407550983e-01 -6.4452935396e-02 )	
87	( -5.6201752941e-01 2.4454117051e-01 -6.4147558215e-02 )	
88	( -5.6444665132e-01 2.4504019187e-01 -6.3819143478e-02 )	
89	( -5.6663966129e-01 2.4547469808e-01 -6.3574506663e-02 )	
90	( -5.6865185487e-01 2.4586335364e-01 -6.3325495555e-02 )	
91	( -5.7048072220e-01 2.4619493344e-01 -6.3125018776e-02 )	
92	( -5.7188282926e-01 2.4644751026e-01 -6.2916146165e-02 )	
93	( -5.7349994031e-01 2.4669454788e-01 -6.2714519166e-02 )	
94	( -5.7587724978e-01 2.4705969337e-01 -6.2405809250e-02 )	
95	( -5.7857140921e-01 2.4755091266e-01 -6.1919021556e-02 )	
96	( -5.8069257787e-01 2.4789387391e-01 -6.1539601766e-02 )	
97	( -5.8259720769e-01 2.4818268496e-01 -6.1231012736e-02 )	
98	( -5.8462838795e-01 2.4847072698e-01 -6.0865397306e-02 )	
99	( -5.8659210144e-01 2.4871258485e-01 -6.0515533215e-02 )	
100	( -5.8823499882e-01 2.4890511490e-01 -6.0173375880e-02 )	
101	( -5.8955067031e-01 2.4905488803e-01 -5.9866200212e-02 )	
102	( -5.9151814512e-01 2.4935329388e-01 -5.9406385066e-02 )	
103	( -5.9340682982e-01 2.4954334610e-01 -5.9008708182e-02 )	
104	( -5.9489137427e-01 2.4965961935e-01 -5.8691835102e-02 )	
105	( -5.9605174968e-01 2.4974401331e-01 -5.8388957405e-02 )	
106	( -5.9738294210e-01 2.4984033509e-01 -5.8037876680e-02 )	
107	( -5.9842064724e-01 2.4985802083e-01 -5.7784517802e-02 )	
108	( -5.9942084752e-01 2.4990713291e-01 -5.7489784514e-02 )	
109	( -6.0085105404e-01 2.5000567499e-01 -5.7127652186e-02 )	
110	( -6.0256590291e-01 2.5009051279e-01 -5.6728772940e-02 )	
111	( -6.0396103571e-01 2.5011172392e-01 -5.6372912737e-02 )	
112	( -6.0519605086e-01 2.5016553259e-01 -5.5976458516e-02 )	
113	( -6.0658738763e-01 2.5028052585e-01 -5.5537758116e-02 )	
114	( -6.0758408669e-01 2.5025336141e-01 -5.5186079285e-02 )	
115	( -6.0860002041e-01 2.5024657793e-01 -5.4840586223e-02 )	
116	( -6.0934820962e-01 2.5019900549e-01 -5.4526507911e-02 )	
117	( -6.1019095831e-01 2.5020672813e-01 -5.4269032684e-02 )	
118	( -6.1143658152e-01 2.5027313907e-01 -5.3919973432e-02 )	
119	( -6.1324506280e-01 2.5047646620e-01 -5.3449138996e-02 )	
120	( -6.1438022271e-01 2.5049446777e-01 -5.3092610284e-02 )	
121	( -6.1552364444e-01 2.5052767219e-01 -5.2710225213e-02 )	
122	( -6.1640126285e-01 2.5046181364e-01 -5.2388864835e-02 )	
123	( -6.1723690057e-01 2.5037736701e-01 -5.2096762726e-02 )	
124	( -6.1811403651e-01 2.5029207922e-01 -5.1782734539e-02 )	
125	( -6.1884507499e-01 2.5017586145e-01 -5.1494171626e-02 )	
126	( -6.1975600898e-01 2.5018697027e-01 -5.1145331619e-02 )	
127	( -6.2099959141e-01 2.5029365863e-01 -5.0758648562e-02 )	
128	( -6.2209904893e-01 2.5035154356e-01 -5.0369937659e-02 )	
129	( -6.2302537609e-01 2.5032095701e-01 -5.0029774595e-02 )	
130	( -6.2384560294e-01 2.5026319970e-01 -4.9745375301e-02 )	
131	( -6.2498743391e-01 2.5037478233e-01 -4.9377097414e-02 )	
132	( -6.2590217465e-01 2.5035835592e-01 -4.9008837902e-02 )	
133	( -6.2689608584e-01 2.5029453634e-01 -4.8656735448e-02 )	
134	( -6.2829677451e-01 2.5035418286e-01 -4.8186495239e-02 )	
135	( -6.2899934126e-01 2.5020769365e-01 -4.7895083964e-02 )	
136	( -6.2963122873e-01 2.5004660900e-01 -4.7619671110e-02 )	
137	( -6.2998856711e-01 2.4989810256e-01 -4.7398123797e-02 )	
138	( -6.3070404607e-01 2.4988183289e-01 -4.7085933512e-02 )	
139	( -6.3129858598e-01 2.4979468388e-01 -4.6781328246e-02 )	
140	( -6.3243601337e-01 2.4984782523e-01 -4.6349714586e-02 )	
141	( -6.3276465993e-01 2.4971548775e-01 -4.6087485462e-02 )	
142	( -6.3329220036e-01 2.4961285121e-01 -4.5802974994e-02 )	
143	( -6.3360416654e-01 2.4944653048e-01 -4.5573205375e-02 )	
144	( -6.3468673395e-01 2.4955980106e-01 -4.5107156309e-02 )	
145	( -6.3490520583e-01 2.4940649609e-01 -4.4842100383e-02 )	
146	( -6.3549142541e-01 2.4931078001e-01 -4.4509552316e-02 )	
147	( -6.3608160700e-01 2.4923585322e-01 -4.4155652017e-02 )	
148	( -6.3708272157e-01 2.4924616610e-01 -4.3707512746e-02 )	
149	( -6.3800082839e-01 2.4918444611e-01 -4.3314969093e-02 )	
150	( -6.3870656295e-01 2.4905819891e-01 -4.2969644960e-02 )	
151	( -6.3946661264e-01 2.4893189521e-01 -4.2606981162e-02 )	
152	( -6.3981467967e-01 2.4870348700e-01 -4.2311668515e-02 )	
153	( -6.4021917602e-01 2.4848406239e-01 -4.2026331069e-02 )	
154	( -6.4046872148e-01 2.4821790475e-01 -4.1761770549e-02 )	
155	( -6.4070375159e-01 2.4797727815e-01 -4.1522609639e-02 )	
156	( -6.4182264466e-01 2.4802122872e-01 -4.1121716460e-02 )	
157	( -6.4269124430e-01 2.4795482092e-01 -4.0752646138e-02 )	
158	( -6.4342589794e-01 2.4783569626e-01 -4.0422161882e-02 )	
159	( -6.4367806186e-01 2.4765251707e-01 -4.0169224541e-02 )	
160	( -6.4399666720e-01 2.4751562586e-01 -3.9883164738e-02 )	
161	( -6.4479404289e-01 2.4740207069e-01 -3.9559726335e-02 )	
162	( -6.4542710406e-01 2.4730300886e-01 -3.9287590277e-02 )	
163	( -6.4645006248e-01 2.4743563101e-01 -3.8886761619e-02 )	
164	( -6.4722430759e-01 2.4740219808e-01 -3.8516765873e-02 )	
165	( -6.4715595090e-01 2.4720076543e-01 -3.8318316311e-02 )	
166	( -6.4796239562e-01 2.4720073931e-01 -3.7987069939e-02 )	
167	( -6.4857460183e-01 2.4714126381e-01 -3.7683248595e-02 )	
168	( -6.4868864499e-01 2.4695296057e-01 -3.7447830018e-02 )	
169	( -6.4815261234e-01 2.4659737272e-01 -3.7357235633e-02 )	
170	( -6.4831209709e-01 2.4646809771e-01 -3.7123085043e-02 )	
171	( -6.4898296497e-01 2.4650242284e-01 -3.6789607953e-02 )	
172	( -6.4930239516e-01 2.4637793722e-01 -3.6508804771e-02 )	
173	( -6.4939278393e-01 2.4619779410e-01 -3.6273549518e-02 )	
174	( -6.4961980302e-01 2.4603059017e-01 -3.6002401605e-02 )	
175	( -6.5029964406e-01 2.4600477052e-01 -3.5644110433e-02 )	
176	( -6.5076626957e-01 2.4587424902e-01 -3.5346497174e-02 )	
177	( -6.5163232759e-01 2.4584914519e-01 -3.4986422716e-02 )	
178	( -6.5261963487e-01 2.4586511111e-01 -3.4609303287e-02 )	
179	( -6.5357633329e-01 2.4587578748e-01 -3.4233759825e-02 )	
180	( -6.5459406938e-01 2.4588269556e-01 -3.3876448063e-02 )	
181	( -6.5524452749e-01 2.4582852556e-01 -3.3593657032e-02 )	
182	( -6.5574097758e-01 2.4580121367e-01 -3.3337620260e-02 )	
183	( -6.5612436455e-01 2.4575283506e-01 -3.3162655521e-02 )	
184	( -6.5685189354e-01 2.4584489340e-01 -3.2930635633e-02 )	
185	( -6.5773852780e-01 2.4594505823e-01 -3.2672017431e-02 )	
186	( -6.5860575934e-01 2.4603607807e-01 -3.2423171117e-02 )	
187	( -6.5988724118e-01 2.4624596968e-01 -3.2125388819e-02 )	
188	( -6.6056346021e-01 2.4628312022e-01 -3.1947044951e-02 )	
189	( -6.6100657495e-01 2.4636033818e-01 -3.1830616658e-02 )	
190	( -6.6172995576e-01 2.4651978105e-01 -3.1697859696e-02 )	
191	( -6.6216780757e-01 2.4660448209e-01 -3.1621648349e-02 )	
192	( -6.6286602967e-01 2.4678523252e-01 -3.1475421821e-02 )	
193	( -6.6372306307e-01 2.4693025273e-01 -3.1351114823e-02 )	
194	( -6.6471520412e-01 2.4719743730e-01 -3.1207903299e-02 )	
195	( -6.6551933665e-01 2.4738472700e-01 -3.1114629382e-02 )	
196	( -6.6647958649e-01 2.4764302471e-01 -3.0983663311e-02 )	
197	( -6.6696127187e-01 2.4781885425e-01 -3.0957244258e-02 )	
198	( -6.6747733110e-01 2.4796938732e-01 -3.0922064318e-02 )	
199	( -6.6894413771e-01 2.4844546687e-01 -3.0736803823e-02 )	
200	( -6.7014740330e-01 2.4878616897e-01 -3.0575427268e-02 )	
201	( -6.7161732052e-01 2.4918922826e-01 -3.0384775930e-02 )	
202	( -6.7248335743e-01 2.4945589876e-01 -3.0307587715e-02 )	
203	( -6.7283665220e-01 2.4958644890e-01 -3.0324375001e-02 )	
204	( -6.7342936704e-01 2.4978197853e-01 -3.0291846962e-02 )	
205	( -6.7468953482e-01 2.5012838400e-01 -3.0148047531e-02 )	
206	( -6.7566124136e-01 2.5046139383e-01 -3.0058594845e-02 )	
207	( -6.7664473330e-01 2.5075374912e-01 -2.9968146314e-02 )	
208	( -6.7768634178e-01 2.5109371728e-01 -2.9861077687e-02 )	
209	( -6.7859361709e-01 2.5139418736e-01 -2.9798149303e-02 )	
210	( -6.7932620501e-01 2.5165508632e-01 -2.9768696504e-02 )	
211	( -6.8037948831e-01 2.5200280166e-01 -2.9690890838e-02 )	
212	( -6.8120407263e-01 2.5231416356e-01 -2.9657916185e-02 )	
213	( -6.8241919077e-01 2.5271416775e-01 -2.9548823222e-02 )	
214	( -6.8400037488e-01 2.5322659595e-01 -2.9376153121e-02 )	
215	( -6.8539816436e-01 2.5365115149e-01 -2.9261169379e-02 )	
216	( -6.8687763567e-01 2.5411714963e-01 -2.9135746209e-02 )	
217	( -6.8814669853e-01 2.5453240330e-01 -2.9054691312e-02 )	
218	( -6.8926484944e-01 2.5490892982e-01 -2.9012192059e-02 )	
219	( -6.9034860865e-01 2.5530493143e-01 -2.8987640036e-02 )	
220	( -6.9139398501e-01 2.5567367838e-01 -2.8972190610e-02 )	
221	( -6.9221499341e-01 2.5597121017e-01 -2.8999897487e-02 )	
222	( -6.9355410169e-01 2.5640733793e-01 -2.8938114003e-02 )	
223	( -6.9471119548e-01 2.5677934726e-01 -2.8919233783e-02 )	
224	( -6.9603013490e-01 2.5724485095e-01 -2.8879045600e-02 )	
225	( -6.9757413887e-01 2.5780082019e-01 -2.8819052468e-02 )	
226	( -6.9890231677e-01 2.5830771008e-01 -2.8798491172e-02 )	
227	( -6.9995801761e-01 2.5877707338e-01 -2.8833962881e-02 )	
228	( -7.0115280767e-01 2.5927363067e-01 -2.8850260596e-02 )	
229	( -7.0259869178e-01 2.5985095267e-01 -2.8834635507e-02 )	
230	( -7.0394883534e-01 2.6038985510e-01 -2.8821297314e-02 )	
231	( -7.0551708832e-01 2.6095828762e-01 -2.8766405148e-02 )	
232	( -7.0667128702e-01 2.6141754727e-01 -2.8777170835e-02 )	
233	( -7.0764671880e-01 2.6178981764e-01 -2.8817996840e-02 )	
234	( -7.0885328389e-01 2.6230338875e-01 -2.8831573562e-02 )	
235	( -7.1001901807e-01 2.6279216142e-01 -2.8851928691e-02 )	
236	( -7.1115977433e-01 2.6325945653e-01 -2.8878462528e-02 )	
237	( -7.1234502339e-01 2.6377207621e-01 -2.8914398453e-02 )	
238	( -7.1371226281e-01 2.6434039298e-01 -2.8923537123e-02 )	
239	( -7.1514161971e-01 2.6494482206e-01 -2.8925223372e-02 )	
240	( -7.1641425346e-01 2.6549661442e-01 -2.8955425797e-02 )	
241	( -7.1774033462e-01 2.6604357887e-01 -2.8976361928e-02 )	
242	( -7.1913715298e-01 2.6661481130e-01 -2.8979104183e-02 )	
243	( -7.2050609975e-01 2.6716368036e-01 -2.8985539144e-02 )	
244	( -7.2186111856e-01 2.6771492283e-01 -2.8994641449e-02 )	
245	( -7.2324409234e-01 2.6829315590e-01 -2.9000243722e-02 )	
246	( -7.2456938190e-01 2.6883447660e-01 -2.9007834567e-02 )	
247	( -7.2592532183e-01 2.6937874464e-01 -2.9010011194e-02 )	
248	( -7.2726629480e-01 2.6992644878e-01 -2.9002595696e-02 )	
249	( -7.2870324924e-01 2.7047970826e-01 -2.8975705376e-02 )	
250	( -7.2999503601e-01 2.7098231041e-01 -2.8957725672e-02 )	
251	( -7.3126341980e-01 2.7146736250e-01 -2.8938664389e-02 )	
252	( -7.3245590878e-01 2.7194044417e-01 -2.8926650767e-02 )	
253	( -7.3351178906e-01 2.7237766461e-01 -2.8936300523e-02 )	
254	( -7.3454809798e-01 2.7280672648e-01 -2.8942191481e-02 )	
255	( -7.3566016266e-01 2.7324239431e-01 -2.8932121033e-02 )	
256	( -7.3688131536e-01 2.7371399123e-01 -2.8901866261e-02 )	
257	( -7.3806855035e-01 2.7416405394e-01 -2.8871056457e-02 )	
258	( -7.3915882133e-01 2.7456970950e-01 -2.8844553791e-02 )	
259	( -7.4012866799e-01 2.7494354389e-01 -2.8841074526e-02 )	
260	( -7.4111664159e-01 2.7533111921e-01 -2.8831361255e-02 )	
261	( -7.4216709839e-01 2.7575220425e-01 -2.8820561551e-02 )	
262	( -7.4327033038e-01 2.7616558700e-01 -2.8793819591e-02 )	
263	( -7.4445095869e-01 2.7661388746e-01 -2.8765584970e-02 )	
264	( -7.4557989101e-01 2.7706324541e-01 -2.8748663609e-02 )	
265	( -7.4665196166e-01 2.7750356201e-01 -2.8748795593e-02 )	
266	( -7.4766872620e-01 2.7793311953e-01 -2.8763042817e-02 )	
267	( -7.4878639891e-01 2.7836970949e-01 -2.8756680054e-02 )	
268	( -7.4993263843e-01 2.7880894663e-01 -2.8743336383e-02 )	
269	( -7.5108310351e-01 2.7926604467e-01 -2.8737709166e-02 )	
270	( -7.5224193635e-01 2.7974430614e-01 -2.8734483120e-02 )	
271	( -7.5344871891e-01 2.8022201563e-01 -2.8719381643e-02 )	
272	( -7.5465217291e-01 2.8068358277e-01 -2.8691832136e-02 )	
273	( -7.5575972621e-01 2.8110727072e-01 -2.8671852348e-02 )	
274	( -7.5682614194e-01 2.8152559881e-01 -2.8653080688e-02 )	
275	( -7.5784295578e-01 2.8191687269e-01 -2.8637225997e-02 )	
276	( -7.5882416140e-01 2.8229416330e-01 -2.8615407932e-02 )	
277	( -7.5982115122e-01 2.8267508176e-01 -2.8587292691e-02 )	
278	( -7.6079321577e-01 2.8303544728e-01 -2.8546957076e-02 )	
279	( -7.6173305502e-01 2.8337084261e-01 -2.8500436763e-02 )	
280	( -7.6267232657e-01 2.8371029373e-01 -2.8446165807e-02 )	
281	( -7.6352609129e-01 2.8401173970e-01 -2.8394490521e-02 )	
282	( -7.6429967733e-01 2.8427929148e-01 -2.8340967890e-02 )	
283	( -7.6503934870e-01 2.8453337905e-01 -2.8290950023e-02 )	
284	( -7.6574322354e-01 2.8477199337e-01 -2.8238301382e-02 )	
285	( -7.6644521369e-01 2.8500569437e-01 -2.8186523862e-02 )	
286	( -7.6713261286e-01 2.8523460289e-01 -2.8131509458e-02 )	
287	( -7.6779191930e-01 2.8545238451e-01 -2.8078031654e-02 )	
288	( -7.6838179135e-01 2.8565519749e-01 -2.8034884683e-02 )	
289	( -7.6897142838e-01 2.8583722777e-01 -2.7984298172e-02 )	
290	( -7.6955358797e-01 2.8602264842e-01 -2.7936226201e-02 )	
291	( -7.7021685455e-01 2.8624633429e-01 -2.7887046505e-02 )	
292	( -7.7083804431e-01 2.8646248745e-01 -2.7842255864e-02 )	
293	( -7.7149937697e-01 2.8666875983e-01 -2.7785871056e-02 )	
294	( -7.7216250801e-01 2.8688471732e-01 -2.7730927746e-02 )	
295	( -7.7280446534e-01 2.8710098544e-01 -2.7684067767e-02 )	
296	( -7.7342772500e-01 2.8731062166e-01 -2.7636566504e-02 )	
297	( -7.7401604992e-01 2.8750782733e-01 -2.7594859666e-02 )	
298	( -7.7454687778e-01 2.8769115099e-01 -2.7558045355e-02 )	
299	( -7.7512227522e-01 2.8789187238e-01 -2.7518813073e-02 )	
300	( -7.7569611116e-01 2.8809199223e-01 -2.7473319126e-02 )	
301	( -7.7627548584e-01 2.8828124825e-01 -2.7420934178e-02 )	
302	( -7.7683185407e-01 2.8845880245e-01 -2.7363532949e-02 )	
303	( -7.7732092453e-01 2.8860239602e-01 -2.7308546971e-02 )	
304	( -7.7775734049e-01 2.8872455964e-01 -2.7252365139e-02 )	
305	( -7.7813164237e-01 2.8883248361e-01 -2.7206463990e-02 )	
306	( -7.7855036960e-01 2.8896581620e-01 -2.7156203767e-02 )	
307	( -7.7893677683e-01 2.8908120474e-01 -2.7106635005e-02 )	
308	( -7.7934999151e-01 2.8919931865e-01 -2.7046432751e-02 )	
309	( -7.7969602110e-01 2.8929342624e-01 -2.6993672283e-02 )	
310	( -7.8001328262e-01 2.8937368930e-01 -2.6937796948e-02 )	
311	( -7.8028926202e-01 2.8944593507e-01 -2.6890927297e-02 )	
312	( -7.8056318978e-01 2.8952686615e-01 -2.6846304483e-02 )	
313	( -7.8084077564e-01 2.8960657286e-01 -2.6803558828e-02 )	
314	( -7.8114926588e-01 2.8968892807e-01 -2.6750744904e-02 )	
315	( -7.8143849947e-01 2.8975839406e-01 -2.6699418451e-02 )	
316	( -7.8168603144e-01 2.8981321109e-01 -2.6649820556e-02 )	
317	( -7.8189807336e-01 2.8986564926e-01 -2.6613228035e-02 )	
318	( -7.8214610511e-01 2.8994024464e-01 -2.6575467136e-02 )	
319	( -7.8241607399e-01 2.9001573956e-01 -2.6536420272e-02 )	
320	( -7.8271414042e-01 2.9009287207e-01 -2.6488306440e-02 )	
321	( -7.8293547590e-01 2.9014487408e-01 -2.6450748917e-02 )	
322	( -7.8315185476e-01 2.9019969043e-01 -2.6414248488e-02 )	
323	( -7.8337474926e-01 2.9026558146e-01 -2.6384495545e-02 )	
324	( -7.8360532920e-01 2.9033099368e-01 -2.6349612395e-02 )	
325	( -7.8383138000e-01 2.9038899080e-01 -2.6314627626e-02 )	
326	( -7.8405410014e-01 2.9044368002e-01 -2.6275823678e-02 )	
327	( -7.8424119083e-01 2.9048887557e-01 -2.6244725461e-02 )	
328	( -7.8442073671e-01 2.9054172374e-01 -2.6217281326e-02 )	
329	( -7.8459907012e-01 2.9059101339e-01 -2.6190713405e-02 )	
330	( -7.8481877900e-01 2.9065113099e-01 -2.6159171566e-02 )	
331	( -7.8502288990e-01 2.9070951975e-01 -2.6136961131e-02 )	
332	( -7.8521344240e-01 2.9076489658e-01 -2.6112825357e-02 )	
333	( -7.8539073171e-01 2.9081834515e-01 -2.6094107998e-02 )	
334	( -7.8555909726e-01 2.9087068501e-01 -2.6075295452e-02 )	
335	( -7.8574578030e-01 2.9092812805e-01 -2.6056962816e-02 )	
336	( -7.8594280660e-01 2.9098634738e-01 -2.6033839015e-02 )	
337	( -7.8611583838e-01 2.9104144057e-01 -2.6018842893e-02 )	
338	( -7.8627664501e-01 2.9109767329e-01 -2.6005404158e-02 )	
339	( -7.8645012481e-01 2.9115419231e-01 -2.5991642036e-02 )	
340	( -7.8664113749e-01 2.9121114894e-01 -2.5971201329e-02 )	
341	( -7.8681074242e-01 2.9126459558e-01 -2.5957769888e-02 )	
342	( -7.8698802406e-01 2.9132404548e-01 -2.5943477238e-02 )	
343	( -7.8716353548e-01 2.9138347282e-01 -2.5932960540e-02 )	
344	( -7.8732463942e-01 2.9143807942e-01 -2.5921483494e-02 )	
345	( -7.8750490360e-01 2.9150446030e-01 -2.5914765610e-02 )	
346	( -7.8770051092e-01 2.9157740366e-01 -2.5905758799e-02 )	
347	( -7.8790158337e-01 2.9165087246e-01 -2.5898837511e-02 )	
348	( -7.8809597549e-01 2.9172110159e-01 -2.5889692743e-02 )	
349	( -7.8828396830e-01 2.9178987674e-01 -2.5884568272e-02 )	
350	( -7.8847517697e-01 2.9186095868e-01 -2.5877771515e-02 )	
351	( -7.8867779179e-01 2.9193676574e-01 -2.5873754090e-02 )	
352	( -7.8888911986e-01 2.9201659531e-01 -2.5867379505e-02 )	
353	( -7.8909463291e-01 2.9209698045e-01 -2.5865728203e-02 )	
354	( -7.8929743881e-01 2.9217345879e-01 -2.5860530701e-02 )	
355	( -7.8950746474e-01 2.9225230621e-01 -2.5857747353e-02 )	
356	( -7.8972507624e-01 2.9233701570e-01 -2.5853920233e-02 )	
357	( -7.8994815061e-01 2.9242300359e-01 -2.5852374730e-02 )	
358	( -7.9017263934e-01 2.9250949154e-01 -2.5848400463e-02 )	
359	( -7.9040030735e-01 2.9259628838e-01 -2.5846471776e-02 )	
360	( -7.9062663700e-01 2.9268215319e-01 -2.5841974933e-02 )	
361	( -7.9086146756e-01 2.9277169472e-01 -2.5840103147e-02 )	
362	( -7.9110619574e-01 2.9286478533e-01 -2.5835214882e-02 )	
363	( -7.9135268514e-01 2.9295714489e-01 -2.5832188517e-02 )	
364	( -7.9160254632e-01 2.9305158287e-01 -2.5827004249e-02 )	
365	( -7.9184966871e-01 2.9314326054e-01 -2.5823611267e-02 )	
366	( -7.9209450543e-01 2.9323375888e-01 -2.5817599884e-02 )	
367	( -7.9233500284e-01 2.9332090118e-01 -2.5813559650e-02 )	
368	( -7.9258011718e-01 2.9341091443e-01 -2.5807302264e-02 )	
369	( -7.9282481077e-01 2.9350037659e-01 -2.5803336507e-02 )	
370	( -7.9306792117e-01 2.9358847551e-01 -2.5796366310e-02 )	
371	( -7.9331392462e-01 2.9367728416e-01 -2.5791527229e-02 )	
372	( -7.9356234015e-01 2.9376735838e-01 -2.5784103664e-02 )	
373	( -7.9381100662e-01 2.9385676993e-01 -2.5778699308e-02 )	
374	( -7.9406244213e-01 2.9394718386e-01 -2.5770480918e-02 )	
375	( -7.9431191714e-01 2.9403500991e-01 -2.5763706058e-02 )	
376	( -7.9456278174e-01 2.9412359355e-01 -2.5754288909e-02 )	
377	( -7.9481630664e-01 2.9421312097e-01 -2.5747112468e-02 )	
378	( -7.9507147417e-01 2.9430303168e-01 -2.5737051500e-02 )	
379	( -7.9532796087e-01 2.9439220377e-01 -2.5728656677e-02 )	
380	( -7.9558358781e-01 2.9448104541e-01 -2.5717345170e-02 )	
381	( -7.9583603025e-01 2.9456766273e-01 -2.5707477606e-02 )	
382	( -7.9609086224e-01 2.9465527788e-01 -2.5694884232e-02 )	
383	( -7.9634456827e-01 2.9474154077e-01 -2.5684059251e-02 )	
384	( -7.9660095447e-01 2.9482910614e-01 -2.5670902987e-02 )	
385	( -7.9685618927e-01 2.9491530389e-01 -2.5659437107e-02 )	
386	( -7.9711307485e-01 2.9500245267e-01 -2.5645256946e-02 )	
387	( -7.9737759546e-01 2.9509304716e-01 -2.5633311174e-02 )	
388	( -7.9764234438e-01 2.9518329987e-01 -2.5618415452e-02 )	
389	( -7.9790625111e-01 2.9527201192e-01 -2.5605153940e-02 )	
390	( -7.9816787730e-01 2.9535909569e-01 -2.5588856342e-02 )	
391	( -7.9842482233e-01 2.9544298655e-01 -2.5574188248e-02 )	
392	( -7.9867608127e-01 2.9552403919e-01 -2.5556665066e-02 )	
393	( -7.9892441917e-01 2.9560306430e-01 -2.5541035743e-02 )	
394	( -7.9917148815e-01 2.9568158939e-01 -2.5523477778e-02 )	
395	( -7.9941821941e-01 2.9575905584e-01 -2.5507798770e-02 )	
396	( -7.9966455628e-01 2.9583634081e-01 -2.5489551733e-02 )	
397	( -7.9991055904e-01 2.9591289232e-01 -2.5473297281e-02 )	
398	( -8.0015536197e-01 2.9598922970e-01 -2.5454555995e-02 )	
399	( -8.0039958593e-01 2.9606486562e-01 -2.5437865695e-02 )	
400	( -8.0064294840e-01 2.9614033626e-01 -2.5418678778e-02 )	
401	( -8.0088642345e-01 2.9621539427e-01 -2.5401490240e-02 )	
402	( -8.0112929266e-01 2.9629046340e-01 -2.5381864715e-02 )	
403	( -8.0137148181e-01 2.9636483302e-01 -2.5364275915e-02 )	
404	( -8.0161295061e-01 2.9643927814e-01 -2.5344532323e-02 )	
405	( -8.0185308524e-01 2.9651288625e-01 -2.5326994576e-02 )	
406	( -8.0209413909e-01 2.9658696544e-01 -2.5306789960e-02 )	
407	( -8.0233465780e-01 2.9666014467e-01 -2.5288441824e-02 )	
408	( -8.0257433544e-01 2.9673296855e-01 -2.5267548904e-02 )	
409	( -8.0281251027e-01 2.9680458526e-01 -2.5248567275e-02 )	
410	( -8.0304963883e-01 2.9687576102e-01 -2.5227025050e-02 )	
411	( -8.0328505163e-01 2.9694566427e-01 -2.5207432944e-02 )	
412	( -8.0352112036e-01 2.9701499868e-01 -2.5185506590e-02 )	
413	( -8.0375574249e-01 2.9708314352e-01 -2.5165488579e-02 )	
414	( -8.0398923897e-01 2.9715088307e-01 -2.5142946655e-02 )	
415	( -8.0422079598e-01 2.9721728202e-01 -2.5122282229e-02 )	
416	( -8.0445119314e-01 2.9728326653e-01 -2.5099131065e-02 )	
417	( -8.0467938289e-01 2.9734785659e-01 -2.5077934292e-02 )	
418	( -8.0490621254e-01 2.9741190821e-01 -2.5054266025e-02 )	
419	( -8.0513158738e-01 2.9747486163e-01 -2.5032522174e-02 )	
420	( -8.0535566350e-01 2.9753729466e-01 -2.5008330986e-02 )	
421	( -8.0557780666e-01 2.9759841447e-01 -2.4986038773e-02 )	
422	( -8.0579872896e-01 2.9765905376e-01 -2.4961292826e-02 )	
423	( -8.0601731966e-01 2.9771822375e-01 -2.4938451601e-02 )	
424	( -8.0623385680e-01 2.9777669214e-01 -2.4913243445e-02 )	
425	( -8.0644750980e-01 2.9783379733e-01 -2.4890131672e-02 )	
426	( -8.0665898419e-01 2.9789013457e-01 -2.4864587380e-02 )	
427	( -8.0686796585e-01 2.9794501409e-01 -2.4840970301e-02 )	
428	( -8.0707450813e-01 2.9799908601e-01 -2.4815237571e-02 )	
429	( -8.0727678343e-01 2.9805148297e-01 -2.4791732958e-02 )	
430	( -8.0747685916e-01 2.9810312851e-01 -2.4765695326e-02 )	
431	( -8.0767577171e-01 2.9815350850e-01 -2.4741458345e-02 )	
432	( -8.0787387164e-01 2.9820329782e-01 -2.4714792960e-02 )	
433	( -8.0807027267e-01 2.9825172765e-01 -2.4689831453e-02 )	
434	( -8.0826493387e-01 2.9829947851e-01 -2.4662399114e-02 )	
435	( -8.0845696191e-01 2.9834575442e-01 -2.4636829143e-02 )	
436	( -8.0864623273e-01 2.9839120569e-01 -2.4609035000e-02 )	
437	( -8.0883237143e-01 2.9843514834e-01 -2.4583239782e-02 )	
438	( -8.0901598345e-01 2.9847831084e-01 -2.4555221057e-02 )	
439	( -8.0919607223e-01 2.9851996524e-01 -2.4529344319e-02 )	
440	( -8.0937338286e-01 2.9856093171e-01 -2.4501405389e-02 )	
441	( -8.0954762917e-01 2.9860050980e-01 -2.4475571206e-02 )	
442	( -8.0971980859e-01 2.9863958308e-01 -2.4447637413e-02 )	
443	( -8.0988932604e-01 2.9867742061e-01 -2.4421812087e-02 )	
444	( -8.1005686165e-01 2.9871482863e-01 -2.4393940502e-02 )	
445	( -8.1022218070e-01 2.9875120559e-01 -2.4368186634e-02 )	
446	( -8.1038581447e-01 2.9878733348e-01 -2.4340443219e-02 )	
447	( -8.1054707140e-01 2.9882242684e-01 -2.4315245151e-02 )	
448	( -8.1070648440e-01 2.9885729570e-01 -2.4288641861e-02 )	
449	( -8.1086404327e-01 2.9889134796e-01 -2.4264202635e-02 )	
450	( -8.1102025995e-01 2.9892534339e-01 -2.4237872120e-02 )	
451	( -8.1117533405e-01 2.9895893130e-01 -2.4213811535e-02 )	
452	( -8.1132950865e-01 2.9899272394e-01 -2.4187958504e-02 )	
453	( -8.1148172258e-01 2.9902566642e-01 -2.4164315391e-02 )	
454	( -8.1163258046e-01 2.9905858531e-01 -2.4138861473e-02 )	
455	( -8.1178190250e-01 2.9909092459e-01 -2.4115712378e-02 )	
456	( -8.1192997184e-01 2.9912334453e-01 -2.4090847418e-02 )	
457	( -8.1207646348e-01 2.9915522988e-01 -2.4068322260e-02 )	
458	( -8.1222172347e-01 2.9918725857e-01 -2.4044126879e-02 )	
459	( -8.1236584420e-01 2.9921889993e-01 -2.4022243028e-02 )	
460	( -8.1250879962e-01 2.9925070875e-01 -2.3998697242e-02 )	
461	( -8.1265051627e-01 2.9928216873e-01 -2.3977521629e-02 )	
462	( -8.1279122226e-01 2.9931384891e-01 -2.3954712067e-02 )	
463	( -8.1293060698e-01 2.9934511491e-01 -2.3934258920e-02 )	
464	( -8.1306900653e-01 2.9937661286e-01 -2.3912193565e-02 )	
465	( -8.1320574430e-01 2.9940762478e-01 -2.3892629446e-02 )	
466	( -8.1334170287e-01 2.9943887887e-01 -2.3871354471e-02 )	
467	( -8.1347598793e-01 2.9946967777e-01 -2.3852435782e-02 )	
468	( -8.1360880600e-01 2.9950056151e-01 -2.3831963010e-02 )	
469	( -8.1374040208e-01 2.9953099743e-01 -2.3813823099e-02 )	
470	( -8.1387136252e-01 2.9956161341e-01 -2.3793920990e-02 )	
471	( -8.1400062212e-01 2.9959169138e-01 -2.3776220853e-02 )	
472	( -8.1412841422e-01 2.9962182629e-01 -2.3756859109e-02 )	
473	( -8.1425448702e-01 2.9965136326e-01 -2.3739770898e-02 )	
474	( -8.1437952335e-01 2.9968101669e-01 -2.3721008270e-02 )	
475	( -8.1450307641e-01 2.9971010596e-01 -2.3704449760e-02 )	
476	( -8.1462524414e-01 2.9973917759e-01 -2.3686224901e-02 )	
477	( -8.1474607619e-01 2.9976764895e-01 -2.3670143539e-02 )	
478	( -8.1486545744e-01 2.9979612108e-01 -2.3652428827e-02 )	
479	( -8.1498331600e-01 2.9982405471e-01 -2.3636910573e-02 )	
480	( -8.1509956725e-01 2.9985195436e-01 -2.3619796277e-02 )	
481	( -8.1521391518e-01 2.9987922613e-01 -2.3604998574e-02 )	
482	( -8.1532649736e-01 2.9990640192e-01 -2.3588694244e-02 )	
483	( -8.1543763248e-01 2.9993299697e-01 -2.3574496114e-02 )	
484	( -8.1554742460e-01 2.9995956990e-01 -2.3558620528e-02 )	
485	( -8.1565594505e-01 2.9998556789e-01 -2.3544851860e-02 )	
486	( -8.1575973806e-01 3.0001109061e-01 -2.3530015691e-02 )	
487	( -8.1586056238e-01 3.0003578086e-01 -2.3517421849e-02 )	
488	( -8.1596011838e-01 3.0006039085e-01 -2.3503260146e-02 )	
489	( -8.1605899733e-01 3.0008449245e-01 -2.3491101252e-02 )	
490	( -8.1615677016e-01 3.0010846406e-01 -2.3477218692e-02 )	
491	( -8.1625286189e-01 3.0013167508e-01 -2.3465468017e-02 )	
492	( -8.1634740827e-01 3.0015470948e-01 -2.3452083695e-02 )	
493	( -8.1644004920e-01 3.0017700111e-01 -2.3440871168e-02 )	
494	( -8.1653100293e-01 3.0019914345e-01 -2.3428231527e-02 )	
495	( -8.1661979002e-01 3.0022052764e-01 -2.3418251573e-02 )	
496	( -8.1670683995e-01 3.0024179328e-01 -2.3406724189e-02 )	
497	( -8.1679181608e-01 3.0026236263e-01 -2.3397407839e-02 )	
498	( -8.1687508612e-01 3.0028282559e-01 -2.3386528361e-02 )	
499	( -8.1695631269e-01 3.0030259590e-01 -2.3377837801e-02 )	
500	( -8.1703578425e-01 3.0032226822e-01 -2.3367660735e-02 )	
501	( -8.1711336576e-01 3.0034127531e-01 -2.3359632716e-02 )	
502	( -8.1718953037e-01 3.0036027155e-01 -2.3350029832e-02 )	
503	( -8.1726394702e-01 3.0037868162e-01 -2.3342579795e-02 )	
504	( -8.1733688878e-01 3.0039705303e-01 -2.3333563694e-02 )	
505	( -8.1740802491e-01 3.0041479825e-01 -2.3326690149e-02 )	
506	( -8.1747762390e-01 3.0043248553e-01 -2.3318257770e-02 )	
507	( -8.1754556292e-01 3.0044958982e-01 -2.3311936199e-02 )	
508	( -8.1761206215e-01 3.0046665054e-01 -2.3304071567e-02 )	
509	( -8.1767692102e-01 3.0048312223e-01 -2.3298311991e-02 )	
510	( -8.1774057338e-01 3.0049963229e-01 -2.3290989249e-02 )	
511	( -8.1780269373e-01 3.0051557845e-01 -2.3285747437e-02 )	
512	( -8.1786362860e-01 3.0053154208e-01 -2.3278934196e-02 )	
513	( -8.1792298873e-01 3.0054693413e-01 -2.3274204699e-02 )	
514	( -8.1798130857e-01 3.0056237247e-01 -2.3267875886e-02 )	
515	( -8.1803803955e-01 3.0057722288e-01 -2.3263614341e-02 )	
516	( -8.1809377306e-01 3.0059212626e-01 -2.3257759938e-02 )	
517	( -8.1814807741e-01 3.0060648272e-01 -2.3253947693e-02 )	
518	( -8.1820139102e-01 3.0062090413e-01 -2.3248559073e-02 )	
519	( -8.1825343891e-01 3.0063483530e-01 -2.3245194023e-02 )	
520	( -8.1830454860e-01 3.0064882720e-01 -2.3240234746e-02 )	
521	( -8.1835438582e-01 3.0066231496e-01 -2.3237289369e-02 )	
522	( -8.1840326483e-01 3.0067586915e-01 -2.3232780951e-02 )	
523	( -8.1845138779e-01 3.0068899614e-01 -2.3230189570e-02 )	
524	( -8.1849885252e-01 3.0070222262e-01 -2.3225978670e-02 )	
525	( -8.1854508902e-01 3.0071497406e-01 -2.3223766288e-02 )	
526	( -8.1859046470e-01 3.0072780209e-01 -2.3219965291e-02 )	
527	( -8.1863471348e-01 3.0074017030e-01 -2.3218131598e-02 )	
528	( -8.1867814041e-01 3.0075262213e-01 -2.3214710657e-02 )	
529	( -8.1872048180e-01 3.0076462346e-01 -2.3213243266e-02 )	
530	( -8.1876205710e-01 3.0077672095e-01 -2.3210185582e-02 )	
531	( -8.1880263175e-01 3.0078839284e-01 -2.3209065093e-02 )	
532	( -8.1884253485e-01 3.0080018077e-01 -2.3206335560e-02 )	
533	( -8.1888147306e-01 3.0081154872e-01 -2.3205517894e-02 )	
534	( -8.1891983738e-01 3.0082306162e-01 -2.3203118014e-02 )	
535	( -8.1895722508e-01 3.0083414614e-01 -2.3202623859e-02 )	
536	( -8.1899411029e-01 3.0084538736e-01 -2.3200521470e-02 )	
537	( -8.1903014642e-01 3.0085623743e-01 -2.3200310971e-02 )	
538	( -8.1906566214e-01 3.0086723388e-01 -2.3198491492e-02 )	
539	( -8.1910040799e-01 3.0087786013e-01 -2.3198545184e-02 )	
540	( -8.1913466336e-01 3.0088863601e-01 -2.3196987838e-02 )	
541	( -8.1916825537e-01 3.0089907113e-01 -2.3197284394e-02 )	
542	( -8.1920140760e-01 3.0090966682e-01 -2.3195967570e-02 )	
543	( -8.1923390052e-01 3.0091992118e-01 -2.3196493977e-02 )	
544	( -8.1926603216e-01 3.0093035244e-01 -2.3195398050e-02 )	
545	( -8.1929756058e-01 3.0094045605e-01 -2.3196128793e-02 )	
546	( -8.1932876480e-01 3.0095074503e-01 -2.3195236199e-02 )	
547	( -8.1935947473e-01 3.0096073803e-01 -2.3196152850e-02 )	
548	( -8.1938991006e-01 3.0097092564e-01 -2.3195442288e-02 )	
549	( -8.1941986481e-01 3.0098082458e-01 -2.3196478634e-02 )	
550	( -8.1944962133e-01 3.0099091987e-01 -2.3195915928e-02 )	
551	( -8.1947890863e-01 3.0100071991e-01 -2.3197148129e-02 )	
552	( -8.1950809659e-01 3.0101075547e-01 -2.3196743078e-02 )	
553	( -8.1953684821e-01 3.0102049840e-01 -2.3198104493e-02 )	
554	( -8.1956555195e-01 3.0103048502e-01 -2.3197818895e-02 )	
555	( -8.1959390710e-01 3.0104020857e-01 -2.3199231126e-02 )	
556	( -8.1962219699e-01 3.0105014640e-01 -2.3199028283e-02 )	
557	( -8.1965019154e-01 3.0105982894e-01 -2.3200569966e-02 )	
558	( -8.1967816618e-01 3.0106974706e-01 -2.3200461111e-02 )	
559	( -8.1970586647e-01 3.0107940632e-01 -2.3202066282e-02 )	
560	( -8.1973365005e-01 3.0108933324e-01 -2.3201960907e-02 )	
561	( -8.1976119613e-01 3.0109899449e-01 -2.3203590704e-02 )	
562	( -8.1978879170e-01 3.0110890150e-01 -2.3203571086e-02 )	
563	( -8.1981614095e-01 3.0111852606e-01 -2.3205228651e-02 )	
564	( -8.1984360608e-01 3.0112841874e-01 -2.3205170583e-02 )	
565	( -8.1987094339e-01 3.0113807504e-01 -2.3206819196e-02 )	
566	( -8.1989845356e-01 3.0114801988e-01 -2.3206817497e-02 )	
567	( -8.1992584476e-01 3.0115773284e-01 -2.3208474732e-02 )	
568	( -8.1995343884e-01 3.0116773474e-01 -2.3208411950e-02 )	
569	( -8.1998093070e-01 3.0117748609e-01 -2.3210023857e-02 )	
570	( -8.2000865000e-01 3.0118752141e-01 -2.3209974669e-02 )	
571	( -8.2003624435e-01 3.0119731526e-01 -2.3211508751e-02 )	
572	( -8.2006409331e-01 3.0120737841e-01 -2.3211400365e-02 )	
573	( -8.2009187984e-01 3.0121721074e-01 -2.3212920577e-02 )	
574	( -8.2011992442e-01 3.0122732884e-01 -2.3212717204e-02 )	
575	( -8.2014792919e-01 3.0123720287e-01 -2.3214151685e-02 )	
576	( -8.2017621572e-01 3.0124736021e-01 -2.3213920294e-02 )	
577	( -8.2020443479e-01 3.0125728310e-01 -2.3215237170e-02 )	
578	( -8.2023295373e-01 3.0126747357e-01 -2.3214909044e-02 )	
579	( -8.2026148627e-01 3.0127745563e-01 -2.3216126588e-02 )	
580	( -8.2029025275e-01 3.0128767933e-01 -2.3215707090e-02 )	
581	( -8.2031903192e-01 3.0129768480e-01 -2.3216871408e-02 )	
582	( -8.2034814824e-01 3.0130799082e-01 -2.3216318483e-02 )	
583	( -8.2037727077e-01 3.0131805247e-01 -2.3217358633e-02 )	
584	( -8.2040664530e-01 3.0132837548e-01 -2.3216690460e-02 )	
585	( -8.2043602413e-01 3.0133845030e-01 -2.3217608753e-02 )	
586	( -8.2046571030e-01 3.0134880333e-01 -2.3216819920e-02 )	
587	( -8.2049538128e-01 3.0135889986e-01 -2.3217611792e-02 )	
588	( -8.2052535922e-01 3.0136927133e-01 -2.3216698234e-02 )	
589	( -8.2055534963e-01 3.0137939502e-01 -2.3217357986e-02 )	
590	( -8.2058560863e-01 3.0138977955e-01 -2.3216317051e-02 )	
591	( -8.2061588191e-01 3.0139991591e-01 -2.3216843002e-02 )	
592	( -8.2064646914e-01 3.0141032635e-01 -2.3215669519e-02 )	
593	( -8.2067705376e-01 3.0142048351e-01 -2.3216058590e-02 )	
594	( -8.2070796475e-01 3.0143091708e-01 -2.3214751038e-02 )	
595	( -8.2073881973e-01 3.0144107859e-01 -2.3215003206e-02 )	
596	( -8.2076999907e-01 3.0145151342e-01 -2.3213560800e-02 )	
597	( -8.2080117599e-01 3.0146170206e-01 -2.3213623050e-02 )	
598	( -8.2083263982e-01 3.0147213060e-01 -2.3212081998e-02 )	
599	( -8.2086411122e-01 3.0148233416e-01 -2.3212018775e-02 )	
600	( -8.2089581179e-01 3.0149276142e-01 -2.3210347484e-02 )	
601	( -8.2092745975e-01 3.0150295575e-01 -2.3210142246e-02 )	
602	( -8.2095945400e-01 3.0151341817e-01 -2.3208283014e-02 )	
603	( -8.2099133598e-01 3.0152360146e-01 -2.3207981152e-02 )	
604	( -8.2102350992e-01 3.0153404597e-01 -2.3206010137e-02 )	
605	( -8.2105565439e-01 3.0154423789e-01 -2.3205522536e-02 )	
606	( -8.2108804416e-01 3.0155465348e-01 -2.3203456119e-02 )	
607	( -8.2112037670e-01 3.0156482748e-01 -2.3202851887e-02 )	
608	( -8.2115294725e-01 3.0157521984e-01 -2.3200664271e-02 )	
609	( -8.2118547175e-01 3.0158537459e-01 -2.3199928824e-02 )	
610	( -8.2121818902e-01 3.0159574001e-01 -2.3197571894e-02 )	
611	( -8.2125083300e-01 3.0160583829e-01 -2.3196746560e-02 )	
612	( -8.2128368937e-01 3.0161616971e-01 -2.3194282714e-02 )	
613	( -8.2131645084e-01 3.0162623442e-01 -2.3193291668e-02 )	
614	( -8.2134939506e-01 3.0163650064e-01 -2.3190749050e-02 )	
615	( -8.2138223085e-01 3.0164651443e-01 -2.3189655663e-02 )	
616	( -8.2141525676e-01 3.0165673767e-01 -2.3186958836e-02 )	
617	( -8.2144815079e-01 3.0166668779e-01 -2.3185739750e-02 )	
618	( -8.2148119375e-01 3.0167682886e-01 -2.3182987131e-02 )	
619	( -8.2151411075e-01 3.0168671504e-01 -2.3181676564e-02 )	
620	( -8.2154713294e-01 3.0169678285e-01 -2.3178780878e-02 )	
621	( -8.2158000363e-01 3.0170656607e-01 -2.3177402456e-02 )	
622	( -8.2161300122e-01 3.0171655381e-01 -2.3174421172e-02 )	
623	( -8.2164582451e-01 3.0172625750e-01 -2.3172898423e-02 )	
624	( -8.2167875417e-01 3.0173614488e-01 -2.3169811297e-02 )	
625	( -8.2171147559e-01 3.0174573455e-01 -2.3168243376e-02 )	
626	( -8.2174429055e-01 3.0175551928e-01 -2.3165087637e-02 )	
627	( -8.2177690344e-01 3.0176501542e-01 -2.3163387442e-02 )	
628	( -8.2180960180e-01 3.0177468882e-01 -2.3160136352e-02 )	
629	( -8.2184207126e-01 3.0178406324e-01 -2.3158401044e-02 )	
630	( -8.2187456883e-01 3.0179361351e-01 -2.3155094938e-02 )	
631	( -8.2190683672e-01 3.0180287097e-01 -2.3153254333e-02 )	
632	( -8.2193914889e-01 3.0181229620e-01 -2.3149872410e-02 )	
633	( -8.2197120724e-01 3.0182141806e-01 -2.3147997993e-02 )	
634	( -8.2200331244e-01 3.0183072151e-01 -2.3144561360e-02 )	
635	( -8.2203517339e-01 3.0183973121e-01 -2.3142572626e-02 )	
636	( -8.2206706438e-01 3.0184890460e-01 -2.3139062944e-02 )	
637	( -8.2209866978e-01 3.0185777846e-01 -2.3137016604e-02 )	
638	( -8.2213031781e-01 3.0186681433e-01 -2.3133505291e-02 )	
639	( -8.2216167170e-01 3.0187556545e-01 -2.3131422387e-02 )	
640	( -8.2219305710e-01 3.0188448057e-01 -2.3127820893e-02 )	
641	( -8.2222412146e-01 3.0189309024e-01 -2.3125677578e-02 )	
642	( -8.2225519453e-01 3.0190185228e-01 -2.3122084993e-02 )	
643	( -8.2228596263e-01 3.0191033069e-01 -2.3119914686e-02 )	
644	( -8.2231678618e-01 3.0191898174e-01 -2.3116237995e-02 )	
645	( -8.2234725664e-01 3.0192732361e-01 -2.3114018384e-02 )	
646	( -8.2237773183e-01 3.0193582634e-01 -2.3110317362e-02 )	
647	( -8.2240789801e-01 3.0194402847e-01 -2.3108116623e-02 )	
648	( -8.2243804579e-01 3.0195239991e-01 -2.3104410958e-02 )	
649	( -8.2246789795e-01 3.0196048217e-01 -2.3102140823e-02 )	
650	( -8.2249772581e-01 3.0196871831e-01 -2.3098403674e-02 )	
651	( -8.2252724709e-01 3.0197666726e-01 -2.3096113858e-02 )	
652	( -8.2255672769e-01 3.0198475903e-01 -2.3092416195e-02 )	
653	( -8.2258590214e-01 3.0199258052e-01 -2.3090129873e-02 )	
654	( -8.2261504999e-01 3.0200055451e-01 -2.3086379969e-02 )	
655	( -8.2264388875e-01 3.0200824519e-01 -2.3084069546e-02 )	
656	( -8.2267269294e-01 3.0201609000e-01 -2.3080317185e-02 )	
657	( -8.2270117816e-01 3.0202364498e-01 -2.3078055269e-02 )	
658	( -8.2272962805e-01 3.0203136821e-01 -2.3074323127e-02 )	
659	( -8.2275777101e-01 3.0203881083e-01 -2.3072014987e-02 )	
660	( -8.2278585060e-01 3.0204639709e-01 -2.3068273380e-02 )	
661	( -8.2281364850e-01 3.0205371423e-01 -2.3065962186e-02 )	
662	( -8.2284138594e-01 3.0206117086e-01 -2.3062276515e-02 )	
663	( -8.2286875329e-01 3.0206834904e-01 -2.3059995384e-02 )	
664	( -8.2289615720e-01 3.0207570065e-01 -2.3056273245e-02 )	
665	( -8.2292319000e-01 3.0208276161e-01 -2.3053985116e-02 )	
666	( -8.2295019499e-01 3.0208998045e-01 -2.3050283083e-02 )	
667	( -8.2297688044e-01 3.0209692552e-01 -2.3048007636e-02 )	
668	( -8.2300351340e-01 3.0210401408e-01 -2.3044376360e-02 )	
669	( -8.2302983117e-01 3.0211084787e-01 -2.3042136755e-02 )	
670	( -8.2305610349e-01 3.0211783294e-01 -2.3038485961e-02 )	
671	( -8.2308207484e-01 3.0212455230e-01 -2.3036246469e-02 )	
672	( -8.2310800068e-01 3.0213142406e-01 -2.3032611262e-02 )	
673	( -8.2313360220e-01 3.0213801896e-01 -2.3030440481e-02 )	
674	( -8.2315915542e-01 3.0214477968e-01 -2.3026846337e-02 )	
675	( -8.2318440018e-01 3.0215127419e-01 -2.3024651205e-02 )	
676	( -8.2320959255e-01 3.0215791832e-01 -2.3021068505e-02 )	
677	( -8.2323446797e-01 3.0216429823e-01 -2.3018895734e-02 )	
678	( -8.2325927533e-01 3.0217081569e-01 -2.3015394369e-02 )	
679	( -8.2328376755e-01 3.0217708390e-01 -2.3013265796e-02 )	
680	( -8.2330821165e-01 3.0218350009e-01 -2.3009749479e-02 )	
681	( -8.2333234499e-01 3.0218965679e-01 -2.3007631331e-02 )	
682	( -8.2335629177e-01 3.0219586949e-01 -2.3004077829e-02 )	
683	( -8.2338026814e-01 3.0220206249e-01 -2.3002087092e-02 )	
684	( -8.2340361393e-01 3.0220804139e-01 -2.2998591051e-02 )	
685	( -8.2342702493e-01 3.0221401515e-01 -2.2996584930e-02 )	
686	( -8.2345022294e-01 3.0222003516e-01 -2.2993151364e-02 )	
687	( -8.2347315133e-01 3.0222582518e-01 -2.2991119071e-02 )	
688	( -8.2349598611e-01 3.0223174287e-01 -2.2987725206e-02 )	
689	( -8.2351849151e-01 3.0223739190e-01 -2.2985766403e-02 )	
690	( -8.2354092627e-01 3.0224319602e-01 -2.2982423839e-02 )	
691	( -8.2356305715e-01 3.0224874228e-01 -2.2980446536e-02 )	
692	( -8.2358512823e-01 3.0225443328e-01 -2.2977122021e-02 )	
693	( -8.2360686274e-01 3.0225986207e-01 -2.2975177293e-02 )	
694	( -8.2362857298e-01 3.0226544843e-01 -2.2971891075e-02 )	
695	( -8.2364994299e-01 3.0227076676e-01 -2.2970031800e-02 )	
696	( -8.2367127767e-01 3.0227625370e-01 -2.2966802507e-02 )	
697	( -8.2369226429e-01 3.0228147559e-01 -2.2964935474e-02 )	
698	( -8.2371326374e-01 3.0228686523e-01 -2.2961727660e-02 )	
699	( -8.2373389224e-01 3.0229198722e-01 -2.2959895432e-02 )	
700	( -8.2375450882e-01 3.0229726319e-01 -2.2956781467e-02 )	
701	( -8.2377480475e-01 3.0230230198e-01 -2.2955000365e-02 )	
702	( -8.2379505596e-01 3.0230748831e-01 -2.2951884001e-02 )	
703	( -8.2381500114e-01 3.0231242701e-01 -2.2950123836e-02 )	
704	( -8.2383489545e-01 3.0231751237e-01 -2.2947046157e-02 )	
705	( -8.2385448065e-01 3.0232235071e-01 -2.2945324377e-02 )	
706	( -8.2387399567e-01 3.0232732154e-01 -2.2942338110e-02 )	
707	( -8.2389320752e-01 3.0233206117e-01 -2.2940668174e-02 )	
708	( -8.2391236930e-01 3.0233694267e-01 -2.2937674289e-02 )	
709	( -8.2393122381e-01 3.0234157761e-01 -2.2936022751e-02 )	
710	( -8.2395001910e-01 3.0234635355e-01 -2.2933065411e-02 )	
711	( -8.2396850567e-01 3.0235088416e-01 -2.2931450547e-02 )	
712	( -8.2398692236e-01 3.0235554434e-01 -2.2928583025e-02 )	
713	( -8.2400503438e-01 3.0235997519e-01 -2.2927019112e-02 )	
714	( -8.2402309565e-01 3.0236454517e-01 -2.2924143373e-02 )	
715	( -8.2404085456e-01 3.0236887231e-01 -2.2922596475e-02 )	
716	( -8.2405855741e-01 3.0237333899e-01 -2.2919756058e-02 )	
717	( -8.2407594433e-01 3.0237755301e-01 -2.2918293825e-02 )	
718	( -8.2409327613e-01 3.0238192078e-01 -2.2915507902e-02 )	
719	( -8.2411031470e-01 3.0238604815e-01 -2.2914033566e-02 )	
720	( -8.2412729622e-01 3.0239031353e-01 -2.2911269953e-02 )	
721	( -8.2414397993e-01 3.0239434059e-01 -2.2909828686e-02 )	
722	( -8.2416060418e-01 3.0239850551e-01 -2.2907106131e-02 )	
723	( -8.2417690452e-01 3.0240241786e-01 -2.2905752682e-02 )	
724	( -8.2419318132e-01 3.0240649179e-01 -2.2903082989e-02 )	
725	( -8.2420915187e-01 3.0241032386e-01 -2.2901716347e-02 )	
726	( -8.2422506630e-01 3.0241429246e-01 -2.2899070541e-02 )	
727	( -8.2424068555e-01 3.0241802578e-01 -2.2897735881e-02 )	
728	( -8.2425624838e-01 3.0242189586e-01 -2.2895129912e-02 )	
729	( -8.2427151256e-01 3.0242552238e-01 -2.2893897643e-02 )	
730	( -8.2428670477e-01 3.0242929716e-01 -2.2891452556e-02 )	
731	( -8.2430161235e-01 3.0243283886e-01 -2.2890293239e-02 )	
732	( -8.2431644900e-01 3.0243651354e-01 -2.2887864834e-02 )	
733	( -8.2433099500e-01 3.0243995606e-01 -2.2886733300e-02 )	
734	( -8.2434548156e-01 3.0244353257e-01 -2.2884339907e-02 )	
735	( -8.2435970240e-01 3.0244687519e-01 -2.2883284692e-02 )	
736	( -8.2437384151e-01 3.0245035846e-01 -2.2880939071e-02 )	
737	( -8.2438771480e-01 3.0245361526e-01 -2.2879870143e-02 )	
738	( -8.2440153474e-01 3.0245700641e-01 -2.2877541976e-02 )	
739	( -8.2441506502e-01 3.0246016775e-01 -2.2876503162e-02 )	
740	( -8.2442854103e-01 3.0246346377e-01 -2.2874213187e-02 )	
741	( -8.2444171922e-01 3.0246652098e-01 -2.2873258266e-02 )	
742	( -8.2445484741e-01 3.0246972746e-01 -2.2871020475e-02 )	
743	( -8.2446770041e-01 3.0247270718e-01 -2.2870051166e-02 )	
744	( -8.2448050145e-01 3.0247582052e-01 -2.2867833433e-02 )	
745	( -8.2449302071e-01 3.0247870873e-01 -2.2866894892e-02 )	
746	( -8.2450548704e-01 3.0248173082e-01 -2.2864715457e-02 )	
747	( -8.2451766343e-01 3.0248451873e-01 -2.2863861128e-02 )	
748	( -8.2452980073e-01 3.0248745812e-01 -2.2861733494e-02 )	
749	( -8.2454163803e-01 3.0249016587e-01 -2.2860867549e-02 )	
750	( -8.2455347444e-01 3.0249302004e-01 -2.2858755785e-02 )	
751	( -8.2456499231e-01 3.0249564224e-01 -2.2857921285e-02 )	
752	( -8.2457647467e-01 3.0249840234e-01 -2.2855853895e-02 )	
753	( -8.2458767540e-01 3.0250093257e-01 -2.2855100683e-02 )	
754	( -8.2459883347e-01 3.0250361226e-01 -2.2853085432e-02 )	
755	( -8.2460973020e-01 3.0250607395e-01 -2.2852318537e-02 )	
756	( -8.2462059037e-01 3.0250867173e-01 -2.2850322602e-02 )	
757	( -8.2463116120e-01 3.0251104700e-01 -2.2849588452e-02 )	
758	( -8.2464171852e-01 3.0251356546e-01 -2.2847629797e-02 )	
759	( -8.2465198240e-01 3.0251586173e-01 -2.2846931946e-02 )	
760	( -8.2466222396e-01 3.0251829045e-01 -2.2845061736e-02 )	
761	( -8.2467218590e-01 3.0252051559e-01 -2.2844412193e-02 )	
762	( -8.2468212473e-01 3.0252287733e-01 -2.2842533270e-02 )	
763	( -8.2469180844e-01 3.0252502831e-01 -2.2841898330e-02 )	
764	( -8.2470145503e-01 3.0252731423e-01 -2.2840053303e-02 )	
765	( -8.2471084159e-01 3.0252938992e-01 -2.2839453624e-02 )	
766	( -8.2472020237e-01 3.0253159564e-01 -2.2837694310e-02 )	
767	( -8.2472929041e-01 3.0253360256e-01 -2.2837144536e-02 )	
768	( -8.2473838050e-01 3.0253575170e-01 -2.2835374224e-02 )	
769	( -8.2474720159e-01 3.0253768911e-01 -2.2834840033e-02 )	
770	( -8.2475601952e-01 3.0253976984e-01 -2.2833103273e-02 )	
771	( -8.2476457117e-01 3.0254164184e-01 -2.2832603323e-02 )	
772	( -8.2477312072e-01 3.0254365722e-01 -2.2830905412e-02 )	
773	( -8.2478139940e-01 3.0254545519e-01 -2.2830489045e-02 )	
774	( -8.2478968140e-01 3.0254741145e-01 -2.2828842507e-02 )	
775	( -8.2479771519e-01 3.0254916219e-01 -2.2828410600e-02 )	
776	( -8.2480574786e-01 3.0255105475e-01 -2.2826782658e-02 )	
777	( -8.2481354455e-01 3.0255274854e-01 -2.2826378005e-02 )	
778	( -8.2482132450e-01 3.0255458051e-01 -2.2824787391e-02 )	
779	( -8.2482887872e-01 3.0255621778e-01 -2.2824416566e-02 )	
780	( -8.2483640950e-01 3.0255798291e-01 -2.2822911452e-02 )	
781	( -8.2484372216e-01 3.0255957016e-01 -2.2822587329e-02 )	
782	( -8.2485103266e-01 3.0256129567e-01 -2.2821069345e-02 )	
783	( -8.2485812818e-01 3.0256282976e-01 -2.2820757640e-02 )	
784	( -8.2486521660e-01 3.0256450277e-01 -2.2819269145e-02 )	
785	( -8.2487209177e-01 3.0256598682e-01 -2.2818988644e-02 )	
786	( -8.2487896326e-01 3.0256761074e-01 -2.2817535667e-02 )	
787	( -8.2488561622e-01 3.0256903695e-01 -2.2817335537e-02 )	
788	( -8.2489227251e-01 3.0257061836e-01 -2.2815930347e-02 )	
789	( -8.2489873281e-01 3.0257201375e-01 -2.2815711159e-02 )	
790	( -8.2490519851e-01 3.0257354958e-01 -2.2814320116e-02 )	
791	( -8.2491146412e-01 3.0257490144e-01 -2.2814125810e-02 )	
792	( -8.2491773609e-01 3.0257639450e-01 -2.2812766900e-02 )	
793	( -8.2492381234e-01 3.0257770587e-01 -2.2812602319e-02 )	
794	( -8.2492989795e-01 3.0257915920e-01 -2.2811276422e-02 )	
795	( -8.2493578112e-01 3.0258042194e-01 -2.2811189299e-02 )	
796	( -8.2494168158e-01 3.0258184196e-01 -2.2809907430e-02 )	
797	( -8.2494740335e-01 3.0258308294e-01 -2.2809797390e-02 )	
798	( -8.2495314433e-01 3.0258446626e-01 -2.2808526526e-02 )	
799	( -8.2495870363e-01 3.0258567239e-01 -2.2808437394e-02 )	
800	( -8.2496428357e-01 3.0258702144e-01 -2.2807194078e-02 )	
801	( -8.2496968561e-01 3.0258819552e-01 -2.2807130877e-02 )	
802	( -8.2497511175e-01 3.0258951316e-01 -2.2805916583e-02 )	
803	( -8.2498035392e-01 3.0259064664e-01 -2.2805926936e-02 )	
804	( -8.2498562633e-01 3.0259193864e-01 -2.2804753395e-02 )	
805	( -8.2499073676e-01 3.0259305788e-01 -2.2804737704e-02 )	
806	( -8.2499587898e-01 3.0259432066e-01 -2.2803571188e-02 )	
807	( -8.2500085481e-01 3.0259541246e-01 -2.2803573300e-02 )	
808	( -8.2500586314e-01 3.0259664832e-01 -2.2802431666e-02 )	
809	( -8.2501070927e-01 3.0259771527e-01 -2.2802456273e-02 )	
810	( -8.2501559152e-01 3.0259892686e-01 -2.2801340120e-02 )	
811	( -8.2502031598e-01 3.0259997130e-01 -2.2801386462e-02 )	
812	( -8.2502506949e-01 3.0260114963e-01 -2.2800342778e-02 )	
813	( -8.2502967223e-01 3.0260217694e-01 -2.2800422234e-02 )	
814	( -8.2503432471e-01 3.0260334797e-01 -2.2799351156e-02 )	
815	( -8.2503882861e-01 3.0260435417e-01 -2.2799429859e-02 )	
816	( -8.2504337616e-01 3.0260550428e-01 -2.2798375184e-02 )	
817	( -8.2504777618e-01 3.0260649121e-01 -2.2798471017e-02 )	
818	( -8.2505222297e-01 3.0260762283e-01 -2.2797437612e-02 )	
819	( -8.2505652406e-01 3.0260859254e-01 -2.2797551825e-02 )	
820	( -8.2506087569e-01 3.0260970734e-01 -2.2796539133e-02 )	
821	( -8.2506507781e-01 3.0261065106e-01 -2.2796717585e-02 )	
822	( -8.2506933590e-01 3.0261175441e-01 -2.2795736074e-02 )	
823	( -8.2507346303e-01 3.0261269714e-01 -2.2795879713e-02 )	
824	( -8.2507765390e-01 3.0261378614e-01 -2.2794895321e-02 )	
825	( -8.2508169913e-01 3.0261471350e-01 -2.2795048529e-02 )	
826	( -8.2508581055e-01 3.0261578813e-01 -2.2794080280e-02 )	
827	( -8.2508978001e-01 3.0261670295e-01 -2.2794247409e-02 )	
828	( -8.2509381508e-01 3.0261776437e-01 -2.2793296327e-02 )	
829	( -8.2509771978e-01 3.0261866971e-01 -2.2793476132e-02 )	
830	( -8.2510168374e-01 3.0261971921e-01 -2.2792541252e-02 )	
831	( -8.2510551312e-01 3.0262060362e-01 -2.2792781267e-02 )	
832	( -8.2510940691e-01 3.0262164661e-01 -2.2791873485e-02 )	
833	( -8.2511318669e-01 3.0262253525e-01 -2.2792073959e-02 )	
834	( -8.2511703137e-01 3.0262356713e-01 -2.2791159638e-02 )	
835	( -8.2512075563e-01 3.0262444566e-01 -2.2791364466e-02 )	
836	( -8.2512454413e-01 3.0262546756e-01 -2.2790461554e-02 )	
837	( -8.2512821476e-01 3.0262633761e-01 -2.2790675736e-02 )	
838	( -8.2513195153e-01 3.0262735107e-01 -2.2789785112e-02 )	
839	( -8.2513557370e-01 3.0262821415e-01 -2.2790008295e-02 )	
840	( -8.2513926320e-01 3.0262922029e-01 -2.2789128971e-02 )	
841	( -8.2514284067e-01 3.0263007710e-01 -2.2789359921e-02 )	
842	( -8.2514647655e-01 3.0263106562e-01 -2.2788538998e-02 )	
843	( -8.2515000559e-01 3.0263192029e-01 -2.2788789343e-02 )	
844	( -8.2515361210e-01 3.0263291599e-01 -2.2787927273e-02 )	
845	( -8.2515711220e-01 3.0263376338e-01 -2.2788163455e-02 )	
846	( -8.2516068220e-01 3.0263475154e-01 -2.2787304329e-02 )	
847	( -8.2516414517e-01 3.0263559252e-01 -2.2787544604e-02 )	
848	( -8.2516767905e-01 3.0263657435e-01 -2.2786693555e-02 )	
849	( -8.2517110818e-01 3.0263741020e-01 -2.2786939053e-02 )	
850	( -8.2517460961e-01 3.0263838675e-01 -2.2786095842e-02 )	
851	( -8.2517800810e-01 3.0263921819e-01 -2.2786345822e-02 )	
852	( -8.2518147974e-01 3.0264018994e-01 -2.2785509498e-02 )	
853	( -8.2518484990e-01 3.0264101729e-01 -2.2785762965e-02 )	
854	( -8.2518829373e-01 3.0264198440e-01 -2.2784932517e-02 )	
855	( -8.2519163727e-01 3.0264280768e-01 -2.2785188484e-02 )	
856	( -8.2519504459e-01 3.0264375909e-01 -2.2784411195e-02 )	
857	( -8.2519835581e-01 3.0264458182e-01 -2.2784681571e-02 )	
858	( -8.2520174909e-01 3.0264554181e-01 -2.2783858230e-02 )	
859	( -8.2520504587e-01 3.0264635844e-01 -2.2784109832e-02 )	
860	( -8.2520841658e-01 3.0264731200e-01 -2.2783284955e-02 )	
861	( -8.2521168913e-01 3.0264812301e-01 -2.2783536411e-02 )	
862	( -8.2521503639e-01 3.0264907111e-01 -2.2782715578e-02 )	
863	( -8.2521828691e-01 3.0264987764e-01 -2.2782968475e-02 )	
864	( -8.2522161480e-01 3.0265082162e-01 -2.2782151608e-02 )	
865	( -8.2522484091e-01 3.0265162288e-01 -2.2782405999e-02 )	
866	( -8.2522815114e-01 3.0265256298e-01 -2.2781592273e-02 )	
867	( -8.2523135814e-01 3.0265336028e-01 -2.2781846997e-02 )	
868	( -8.2523464877e-01 3.0265429560e-01 -2.2781035937e-02 )	
869	( -8.2523783699e-01 3.0265508864e-01 -2.2781290235e-02 )	
870	( -8.2524110839e-01 3.0265601893e-01 -2.2780481141e-02 )	
871	( -8.2524427793e-01 3.0265680735e-01 -2.2780734291e-02 )	
872	( -8.2524753084e-01 3.0265773238e-01 -2.2779926472e-02 )	
873	( -8.2525068074e-01 3.0265851563e-01 -2.2780178072e-02 )	
874	( -8.2525390474e-01 3.0265942414e-01 -2.2779419390e-02 )	
875	( -8.2525703188e-01 3.0266020655e-01 -2.2779681418e-02 )	
876	( -8.2526024354e-01 3.0266112146e-01 -2.2778873922e-02 )	
877	( -8.2526336456e-01 3.0266189751e-01 -2.2779113788e-02 )	
878	( -8.2526655946e-01 3.0266280516e-01 -2.2778301808e-02 )	
879	( -8.2526966163e-01 3.0266357480e-01 -2.2778539025e-02 )	
880	( -8.2527283913e-01 3.0266447650e-01 -2.2777728413e-02 )	
881	( -8.2527591983e-01 3.0266523962e-01 -2.2777965295e-02 )	
882	( -8.2527908131e-01 3.0266613599e-01 -2.2777156261e-02 )	
883	( -8.2528214478e-01 3.0266689391e-01 -2.2777392305e-02 )	
884	( -8.2528528851e-01 3.0266778445e-01 -2.2776584858e-02 )	
885	( -8.2528833447e-01 3.0266853695e-01 -2.2776819529e-02 )	
886	( -8.2529146005e-01 3.0266942137e-01 -2.2776013131e-02 )	
887	( -8.2529448794e-01 3.0267016809e-01 -2.2776245928e-02 )	
888	( -8.2529759471e-01 3.0267104598e-01 -2.2775440112e-02 )	
889	( -8.2530060386e-01 3.0267178652e-01 -2.2775670643e-02 )	
890	( -8.2530369119e-01 3.0267265753e-01 -2.2774865092e-02 )	
891	( -8.2530668104e-01 3.0267339161e-01 -2.2775093136e-02 )	
892	( -8.2530974849e-01 3.0267425553e-01 -2.2774287705e-02 )	
893	( -8.2531271867e-01 3.0267498299e-01 -2.2774513213e-02 )	
894	( -8.2531576591e-01 3.0267583972e-01 -2.2773707907e-02 )	
895	( -8.2531871612e-01 3.0267656049e-01 -2.2773930960e-02 )	
896	( -8.2532174302e-01 3.0267741005e-01 -2.2773125953e-02 )	
897	( -8.2532467410e-01 3.0267812457e-01 -2.2773346764e-02 )	
898	( -8.2532768032e-01 3.0267896689e-01 -2.2772542062e-02 )	
899	( -8.2533058967e-01 3.0267967409e-01 -2.2772760554e-02 )	
900	( -8.2533357420e-01 3.0268050880e-01 -2.2771956252e-02 )	
901	( -8.2533646200e-01 3.0268120884e-01 -2.2772172535e-02 )	
902	( -8.2533942452e-01 3.0268203587e-01 -2.2771368767e-02 )	
903	( -8.2534229179e-01 3.0268272906e-01 -2.2771582825e-02 )	
904	( -8.2534522807e-01 3.0268354721e-01 -2.2770780095e-02 )	
905	( -8.2534807449e-01 3.0268423342e-01 -2.2770991890e-02 )	
906	( -8.2535098730e-01 3.0268504346e-01 -2.2770189864e-02 )	
907	( -8.2535381022e-01 3.0268572199e-01 -2.2770399858e-02 )	
908	( -8.2535669882e-01 3.0268652373e-01 -2.2769598654e-02 )	
909	( -8.2535949759e-01 3.0268719440e-01 -2.2769806981e-02 )	
910	( -8.2536236130e-01 3.0268798769e-01 -2.2769006746e-02 )	
911	( -8.2536513523e-01 3.0268865035e-01 -2.2769213571e-02 )	
912	( -8.2536797335e-01 3.0268943503e-01 -2.2768414468e-02 )	
913	( -8.2537072174e-01 3.0269008952e-01 -2.2768619971e-02 )	
914	( -8.2537353356e-01 3.0269086543e-01 -2.2767822167e-02 )	
915	( -8.2537625572e-01 3.0269151159e-01 -2.2768026531e-02 )	
916	( -8.2537904060e-01 3.0269227860e-01 -2.2767230201e-02 )	
917	( -8.2538173581e-01 3.0269291629e-01 -2.2767433606e-02 )	
918	( -8.2538449295e-01 3.0269367421e-01 -2.2766638923e-02 )	
919	( -8.2538716044e-01 3.0269430324e-01 -2.2766841557e-02 )	
920	( -8.2538988910e-01 3.0269505192e-01 -2.2766048704e-02 )	
921	( -8.2539252815e-01 3.0269567214e-01 -2.2766250761e-02 )	
922	( -8.2539522764e-01 3.0269641144e-01 -2.2765459913e-02 )	
923	( -8.2539783748e-01 3.0269702269e-01 -2.2765661586e-02 )	
924	( -8.2540050706e-01 3.0269775245e-01 -2.2764872943e-02 )	
925	( -8.2540308709e-01 3.0269835462e-01 -2.2765074417e-02 )	
926	( -8.2540572611e-01 3.0269907472e-01 -2.2764288141e-02 )	
927	( -8.2540827560e-01 3.0269966765e-01 -2.2764489590e-02 )	
928	( -8.2541088335e-01 3.0270037793e-01 -2.2763705840e-02 )	
929	( -8.2541340161e-01 3.0270096144e-01 -2.2763907425e-02 )	
930	( -8.2541597735e-01 3.0270166171e-01 -2.2763126345e-02 )	
931	( -8.2541846363e-01 3.0270223563e-01 -2.2763328212e-02 )	
932	( -8.2542100663e-01 3.0270292571e-01 -2.2762549937e-02 )	
933	( -8.2542346025e-01 3.0270348987e-01 -2.2762752227e-02 )	
934	( -8.2542596989e-01 3.0270416963e-01 -2.2761976885e-02 )	
935	( -8.2542839025e-01 3.0270472389e-01 -2.2762179745e-02 )	
936	( -8.2543086596e-01 3.0270539322e-01 -2.2761407484e-02 )	
937	( -8.2543325254e-01 3.0270593750e-01 -2.2761611072e-02 )	
938	( -8.2543569384e-01 3.0270659634e-01 -2.2760842049e-02 )	
939	( -8.2543804622e-01 3.0270713063e-01 -2.2761046544e-02 )	
940	( -8.2544045278e-01 3.0270777900e-01 -2.2760280939e-02 )	
941	( -8.2544276876e-01 3.0270830285e-01 -2.2760486774e-02 )	
942	( -8.2544514382e-01 3.0270894179e-01 -2.2759724320e-02 )	
943	( -8.2544742428e-01 3.0270945550e-01 -2.2759931657e-02 )	
944	( -8.2544976399e-01 3.0271008416e-01 -2.2759173106e-02 )	
945	( -8.2545200954e-01 3.0271058817e-01 -2.2759382037e-02 )	
946	( -8.2545431409e-01 3.0271120676e-01 -2.2758627556e-02 )	
947	( -8.2545652498e-01 3.0271170131e-01 -2.2758838267e-02 )	
948	( -8.2545879446e-01 3.0271231004e-01 -2.2758088068e-02 )	
949	( -8.2546097071e-01 3.0271279529e-01 -2.2758300786e-02 )	
950	( -8.2546320512e-01 3.0271339432e-01 -2.2757555078e-02 )	
951	( -8.2546534671e-01 3.0271387043e-01 -2.2757770004e-02 )	
952	( -8.2546754591e-01 3.0271445985e-01 -2.2757028963e-02 )	
953	( -8.2546965307e-01 3.0271492700e-01 -2.2757246311e-02 )	
954	( -8.2547181558e-01 3.0271550646e-01 -2.2756510183e-02 )	
955	( -8.2547389059e-01 3.0271596543e-01 -2.2756729706e-02 )	
956	( -8.2547601604e-01 3.0271653492e-01 -2.2755998742e-02 )	
957	( -8.2547805587e-01 3.0271698483e-01 -2.2756220878e-02 )	
958	( -8.2548014573e-01 3.0271754478e-01 -2.2755494903e-02 )	
959	( -8.2548215051e-01 3.0271798560e-01 -2.2755719725e-02 )	
960	( -8.2548420489e-01 3.0271853595e-01 -2.2754998793e-02 )	
961	( -8.2548617421e-01 3.0271896757e-01 -2.2755226373e-02 )	
962	( -8.2548819249e-01 3.0271950818e-01 -2.2754510540e-02 )	
963	( -8.2549012590e-01 3.0271993047e-01 -2.2754740912e-02 )	
964	( -8.2549210770e-01 3.0272046124e-01 -2.2754030190e-02 )	
965	( -8.2549400488e-01 3.0272087411e-01 -2.2754263372e-02 )	
966	( -8.2549594995e-01 3.0272139494e-01 -2.2753557769e-02 )	
967	( -8.2549781069e-01 3.0272179830e-01 -2.2753793776e-02 )	
968	( -8.2549971886e-01 3.0272230914e-01 -2.2753093299e-02 )	
969	( -8.2550154305e-01 3.0272270296e-01 -2.2753332145e-02 )	
970	( -8.2550341428e-01 3.0272320379e-01 -2.2752636802e-02 )	
971	( -8.2550520191e-01 3.0272358806e-01 -2.2752878510e-02 )	
972	( -8.2550703621e-01 3.0272407889e-01 -2.2752188317e-02 )	
973	( -8.2550878732e-01 3.0272445364e-01 -2.2752432902e-02 )	
974	( -8.2551058490e-01 3.0272493458e-01 -2.2751747906e-02 )	
975	( -8.2551229958e-01 3.0272529987e-01 -2.2751995385e-02 )	
976	( -8.2551406050e-01 3.0272577095e-01 -2.2751315576e-02 )	
977	( -8.2551573901e-01 3.0272612689e-01 -2.2751566002e-02 )	
978	( -8.2551746349e-01 3.0272658823e-01 -2.2750891412e-02 )	
979	( -8.2551910608e-01 3.0272693496e-01 -2.2751144826e-02 )	
980	( -8.2552079441e-01 3.0272738669e-01 -2.2750475483e-02 )	
981	( -8.2552240139e-01 3.0272772433e-01 -2.2750731918e-02 )	
982	( -8.2552405387e-01 3.0272816661e-01 -2.2750067845e-02 )	
983	( -8.2552562555e-01 3.0272849531e-01 -2.2750327330e-02 )	
984	( -8.2552724250e-01 3.0272892826e-01 -2.2749668551e-02 )	
985	( -8.2552877923e-01 3.0272924817e-01 -2.2749931111e-02 )	
986	( -8.2553036107e-01 3.0272967197e-01 -2.2749277626e-02 )	
987	( -8.2553186323e-01 3.0272998324e-01 -2.2749543272e-02 )	
988	( -8.2553341023e-01 3.0273039800e-01 -2.2748895089e-02 )	
989	( -8.2553487837e-01 3.0273070084e-01 -2.2749163859e-02 )	
990	( -8.2553639088e-01 3.0273110671e-01 -2.2748520961e-02 )	
991	( -8.2553782525e-01 3.0273140121e-01 -2.2748792827e-02 )	
992	( -8.2553930382e-01 3.0273179837e-01 -2.2748155222e-02 )	
993	( -8.2554070484e-01 3.0273208468e-01 -2.2748430180e-02 )	
994	( -8.2554214991e-01 3.0273247329e-01 -2.2747797854e-02 )	
995	( -8.2554351802e-01 3.0273275156e-01 -2.2748075894e-02 )	
996	( -8.2554492926e-01 3.0273313165e-01 -2.2747449104e-02 )	
997	( -8.2554626630e-01 3.0273340227e-01 -2.2747729755e-02 )	
998	( -8.2554764471e-01 3.0273377408e-01 -2.2747108282e-02 )	
999	( -8.2554894957e-01 3.0273403694e-01 -2.2747392048e-02 )	
1000	( -8.2555029587e-01 3.0273440066e-01 -2.2746775776e-02 )	
1001	( -8.2555156922e-01 3.0273465595e-01 -2.2747062568e-02 )	
1002	( -8.2555288399e-01 3.0273501177e-01 -2.2746451441e-02 )	
1003	( -8.2555412640e-01 3.0273525966e-01 -2.2746741223e-02 )	
1004	( -8.2555541021e-01 3.0273560775e-01 -2.2746135198e-02 )	
1005	( -8.2555662224e-01 3.0273584841e-01 -2.2746427933e-02 )	
1006	( -8.2555787563e-01 3.0273618895e-01 -2.2745826965e-02 )	
1007	( -8.2555905784e-01 3.0273642255e-01 -2.2746122614e-02 )	
1008	( -8.2556028140e-01 3.0273675570e-01 -2.2745526653e-02 )	
1009	( -8.2556143436e-01 3.0273698242e-01 -2.2745825171e-02 )	
1010	( -8.2556262929e-01 3.0273730846e-01 -2.2745233926e-02 )	
1011	( -8.2556375245e-01 3.0273752827e-01 -2.2745535643e-02 )	
1012	( -8.2556491897e-01 3.0273784733e-01 -2.2744949221e-02 )	
1013	( -8.2556601411e-01 3.0273806057e-01 -2.2745253621e-02 )	
1014	( -8.2556715344e-01 3.0273837304e-01 -2.2744671981e-02 )	
1015	( -8.2556821960e-01 3.0273857946e-01 -2.2744979259e-02 )	
1016	( -8.2556933230e-01 3.0273888548e-01 -2.2744402270e-02 )	
1017	( -8.2557037169e-01 3.0273908573e-01 -2.2744712200e-02 )	
1018	( -8.2557145745e-01 3.0273938522e-01 -2.2744139936e-02 )	
1019	( -8.2557247066e-01 3.0273957946e-01 -2.2744452448e-02 )	
1020	( -8.2557353011e-01 3.0273987259e-01 -2.2743884831e-02 )	
1021	( -8.2557451776e-01 3.0274006100e-01 -2.2744199858e-02 )	
1022	( -8.2557555152e-01 3.0274034794e-01 -2.2743636813e-02 )	
1023	( -8.2557651422e-01 3.0274053068e-01 -2.2743954288e-02 )	
1024	( -8.2557752290e-01 3.0274081160e-01 -2.2743395740e-02 )	
1025	( -8.2557846127e-01 3.0274098884e-01 -2.2743715597e-02 )	
1026	( -8.2557944550e-01 3.0274126391e-01 -2.2743161471e-02 )	
1027	( -8.2558036015e-01 3.0274143580e-01 -2.2743483639e-02 )	
1028	( -8.2558132054e-01 3.0274170519e-01 -2.2742933857e-02 )	
1029	( -8.2558221211e-01 3.0274187193e-01 -2.2743258271e-02 )	
1030	( -8.2558314923e-01 3.0274213578e-01 -2.2742712738e-02 )	
1031	( -8.2558401835e-01 3.0274229751e-01 -2.2743039329e-02 )	
1032	( -8.2558493287e-01 3.0274255601e-01 -2.2742497982e-02 )	
1033	( -8.2558578010e-01 3.0274271289e-01 -2.2742826668e-02 )	
1034	( -8.2558667263e-01 3.0274296619e-01 -2.2742289423e-02 )	
1035	( -8.2558749860e-01 3.0274311837e-01 -2.2742620128e-02 )	
1036	( -8.2558836975e-01 3.0274336664e-01 -2.2742086904e-02 )	
1037	( -8.2558917506e-01 3.0274351429e-01 -2.2742419553e-02 )	
1038	( -8.2559002544e-01 3.0274375768e-01 -2.2741890266e-02 )	
1039	( -8.2559081068e-01 3.0274390094e-01 -2.2742224782e-02 )	
1040	( -8.2559164089e-01 3.0274413961e-01 -2.2741699350e-02 )	
1041	( -8.2559240666e-01 3.0274427863e-01 -2.2742035657e-02 )	
1042	( -8.2559321730e-01 3.0274451273e-01 -2.2741513996e-02 )	
1043	( -8.2559396419e-01 3.0274464766e-01 -2.2741852017e-02 )	
1044	( -8.2559475584e-01 3.0274487733e-01 -2.2741334042e-02 )	
1045	( -8.2559548442e-01 3.0274500832e-01 -2.2741673700e-02 )	
1046	( -8.2559625767e-01 3.0274523371e-01 -2.2741159328e-02 )	
1047	( -8.2559696852e-01 3.0274536089e-01 -2.2741500548e-02 )	
1048	( -8.2559772392e-01 3.0274558214e-01 -2.2740989694e-02 )	
1049	( -8.2559841760e-01 3.0274570566e-01 -2.2741332399e-02 )	
1050	( -8.2559915574e-01 3.0274592291e-01 -2.2740824981e-02 )	
1051	( -8.2559983280e-01 3.0274604289e-01 -2.2741169093e-02 )	
1052	( -8.2560055421e-01 3.0274625628e-01 -2.2740665029e-02 )	
1053	( -8.2560121520e-01 3.0274637286e-01 -2.2741010474e-02 )	
1054	( -8.2560192043e-01 3.0274658252e-01 -2.2740509681e-02 )	
1055	( -8.2560256588e-01 3.0274669582e-01 -2.2740856384e-02 )	
1056	( -8.2560325547e-01 3.0274690187e-01 -2.2740358780e-02 )	
1057	( -8.2560388588e-01 3.0274701201e-01 -2.2740706665e-02 )	
1058	( -8.2560456040e-01 3.0274721461e-01 -2.2740212180e-02 )	
1059	( -8.2560517628e-01 3.0274732171e-01 -2.2740561171e-02 )	
1060	( -8.2560583619e-01 3.0274752094e-01 -2.2740069714e-02 )	
1061	( -8.2560643808e-01 3.0274762514e-01 -2.2740419744e-02 )	
1062	( -8.2560708387e-01 3.0274782113e-01 -2.2739931239e-02 )	
1063	( -8.2560767226e-01 3.0274792253e-01 -2.2740282238e-02 )	
1064	( -8.2560830443e-01 3.0274811540e-01 -2.2739796607e-02 )	
1065	( -8.2560887979e-01 3.0274821412e-01 -2.2740148505e-02 )	
1066	( -8.2560949881e-01 3.0274840397e-01 -2.2739665672e-02 )	
1067	( -8.2561006162e-01 3.0274850011e-01 -2.2740018402e-02 )	
1068	( -8.2561066796e-01 3.0274868706e-01 -2.2739538294e-02 )	
1069	( -8.2561121866e-01 3.0274878072e-01 -2.2739891787e-02 )	
1070	( -8.2561181277e-01 3.0274896487e-01 -2.2739414331e-02 )	
1071	( -8.2561235181e-01 3.0274905616e-01 -2.2739768523e-02 )	
1072	( -8.2561293413e-01 3.0274923761e-01 -2.2739293648e-02 )	
1073	( -8.2561346194e-01 3.0274932662e-01 -2.2739648476e-02 )	
1074	( -8.2561403289e-01 3.0274950546e-01 -2.2739176111e-02 )	
1075	( -8.2561454990e-01 3.0274959229e-01 -2.2739531512e-02 )	
1076	( -8.2561510990e-01 3.0274976862e-01 -2.2739061590e-02 )	
1077	( -8.2561561649e-01 3.0274985336e-01 -2.2739417503e-02 )	
1078	( -8.2561616594e-01 3.0275002727e-01 -2.2738949959e-02 )	
1079	( -8.2561666252e-01 3.0275011000e-01 -2.2739306325e-02 )	
1080	( -8.2561720181e-01 3.0275028158e-01 -2.2738841093e-02 )	
1081	( -8.2561768874e-01 3.0275036238e-01 -2.2739197855e-02 )	
1082	( -8.2561821825e-01 3.0275053170e-01 -2.2738734872e-02 )	
1083	( -8.2561869591e-01 3.0275061066e-01 -2.2739091975e-02 )	
1084	( -8.2561921598e-01 3.0275077782e-01 -2.2738631180e-02 )	
1085	( -8.2561968473e-01 3.0275085500e-01 -2.2738988569e-02 )	
1086	( -8.2562019572e-01 3.0275102006e-01 -2.2738529903e-02 )	
1087	( -8.2562065588e-01 3.0275109554e-01 -2.2738887525e-02 )	
1088	( -8.2562115814e-01 3.0275125858e-01 -2.2738430929e-02 )	
1089	( -8.2562161004e-01 3.0275133243e-01 -2.2738788736e-02 )	
1090	( -8.2562210387e-01 3.0275149351e-01 -2.2738334155e-02 )	
1091	( -8.2562254783e-01 3.0275156580e-01 -2.2738692096e-02 )	
1092	( -8.2562303354e-01 3.0275172499e-01 -2.2738239476e-02 )	
1093	( -8.2562346985e-01 3.0275179577e-01 -2.2738597505e-02 )	
1094	( -8.2562394775e-01 3.0275195313e-01 -2.2738146793e-02 )	
1095	( -8.2562437670e-01 3.0275202247e-01 -2.2738504864e-02 )	
1096	( -8.2562484706e-01 3.0275217805e-01 -2.2738056010e-02 )	
1097	( -8.2562526893e-01 3.0275224600e-01 -2.2738414080e-02 )	
1098	( -8.2562573203e-01 3.0275239987e-01 -2.2737967034e-02 )	
1099	( -8.2562614707e-01 3.0275246647e-01 -2.2738325062e-02 )	
1100	( -8.2562660316e-01 3.0275261868e-01 -2.2737879777e-02 )	
1101	( -8.2562701163e-01 3.0275268399e-01 -2.2738237723e-02 )	
1102	( -8.2562746096e-01 3.0275283459e-01 -2.2737794154e-02 )	
1103	( -8.2562786310e-01 3.0275289865e-01 -2.2738151978e-02 )	
1104	( -8.2562830590e-01 3.0275304768e-01 -2.2737710082e-02 )	
1105	( -8.2562870193e-01 3.0275311055e-01 -2.2738067747e-02 )	
1106	( -8.2562913843e-01 3.0275325804e-01 -2.2737627482e-02 )	
1107	( -8.2562952857e-01 3.0275331975e-01 -2.2737984954e-02 )	
1108	( -8.2562995897e-01 3.0275346576e-01 -2.2737546279e-02 )	
1109	( -8.2563034342e-01 3.0275352634e-01 -2.2737903524e-02 )	
1110	( -8.2563076793e-01 3.0275367090e-01 -2.2737466402e-02 )	
1111	( -8.2563114689e-01 3.0275373040e-01 -2.2737823389e-02 )	
1112	( -8.2563156570e-01 3.0275387355e-01 -2.2737387782e-02 )	
1113	( -8.2563193934e-01 3.0275393198e-01 -2.2737744480e-02 )	
1114	( -8.2563235263e-01 3.0275407376e-01 -2.2737310353e-02 )	
1115	( -8.2563272113e-01 3.0275413117e-01 -2.2737666735e-02 )	
1116	( -8.2563312908e-01 3.0275427160e-01 -2.2737234054e-02 )	
1117	( -8.2563349260e-01 3.0275432801e-01 -2.2737590092e-02 )	
1118	( -8.2563389535e-01 3.0275446711e-01 -2.2737158825e-02 )	
1119	( -8.2563425406e-01 3.0275452255e-01 -2.2737514494e-02 )	
1120	( -8.2563465198e-01 3.0275466043e-01 -2.2737084601e-02 )	
1121	( -8.2563500558e-01 3.0275471480e-01 -2.2737439918e-02 )	
1122	( -8.2563539878e-01 3.0275485146e-01 -2.2737011349e-02 )	
1123	( -8.2563574789e-01 3.0275490492e-01 -2.2737366247e-02 )	
1124	( -8.2563613632e-01 3.0275504033e-01 -2.2736939009e-02 )	
1125	( -8.2563648102e-01 3.0275509288e-01 -2.2737293471e-02 )	
1126	( -8.2563686481e-01 3.0275522707e-01 -2.2736867537e-02 )	
1127	( -8.2563720527e-01 3.0275527874e-01 -2.2737221538e-02 )	
1128	( -8.2563758442e-01 3.0275541170e-01 -2.2736796893e-02 )	
1129	( -8.2563792089e-01 3.0275546256e-01 -2.2737150395e-02 )	
1130	( -8.2563829527e-01 3.0275559424e-01 -2.2736727059e-02 )	
1131	( -8.2563862790e-01 3.0275564429e-01 -2.2737080031e-02 )	
1132	( -8.2563899796e-01 3.0275577480e-01 -2.2736657931e-02 )	
1133	( -8.2563932660e-01 3.0275582402e-01 -2.2737010401e-02 )	
1134	( -8.2563969244e-01 3.0275595336e-01 -2.2736589515e-02 )	
1135	( -8.2564001718e-01 3.0275600175e-01 -2.2736941466e-02 )	
1136	( -8.2564037888e-01 3.0275612995e-01 -2.2736521776e-02 )	
1137	( -8.2564069981e-01 3.0275617752e-01 -2.2736873195e-02 )	
1138	( -8.2564105748e-01 3.0275630460e-01 -2.2736454680e-02 )	
1139	( -8.2564137463e-01 3.0275635134e-01 -2.2736805554e-02 )	
1140	( -8.2564172835e-01 3.0275647730e-01 -2.2736388202e-02 )	
1141	( -8.2564204183e-01 3.0275652325e-01 -2.2736738523e-02 )	
1142	( -8.2564239162e-01 3.0275664810e-01 -2.2736322316e-02 )	
1143	( -8.2564270150e-01 3.0275669325e-01 -2.2736672075e-02 )	
1144	( -8.2564304744e-01 3.0275681699e-01 -2.2736256998e-02 )	
1145	( -8.2564335377e-01 3.0275686136e-01 -2.2736606186e-02 )	
1146	( -8.2564369591e-01 3.0275698400e-01 -2.2736192228e-02 )	
1147	( -8.2564399875e-01 3.0275702759e-01 -2.2736540837e-02 )	
1148	( -8.2564433714e-01 3.0275714913e-01 -2.2736127985e-02 )	
1149	( -8.2564463653e-01 3.0275719194e-01 -2.2736476010e-02 )	
1150	( -8.2564497120e-01 3.0275731239e-01 -2.2736064253e-02 )	
1151	( -8.2564526718e-01 3.0275735443e-01 -2.2736411689e-02 )	
1152	( -8.2564559819e-01 3.0275747379e-01 -2.2736001017e-02 )	
1153	( -8.2564589080e-01 3.0275751506e-01 -2.2736347860e-02 )	
1154	( -8.2564621818e-01 3.0275763334e-01 -2.2735938265e-02 )	
1155	( -8.2564650745e-01 3.0275767383e-01 -2.2736284511e-02 )	
1156	( -8.2564683122e-01 3.0275779103e-01 -2.2735875984e-02 )	
1157	( -8.2564711718e-01 3.0275783076e-01 -2.2736221631e-02 )	
1158	( -8.2564743738e-01 3.0275794687e-01 -2.2735814165e-02 )	
1159	( -8.2564772005e-01 3.0275798584e-01 -2.2736159212e-02 )	
1160	( -8.2564803669e-01 3.0275810087e-01 -2.2735752802e-02 )	
1161	( -8.2564831610e-01 3.0275813907e-01 -2.2736097248e-02 )	
1162	( -8.2564862921e-01 3.0275825302e-01 -2.2735691887e-02 )	
1163	( -8.2564890537e-01 3.0275829045e-01 -2.2736035732e-02 )	
1164	( -8.2564921495e-01 3.0275840333e-01 -2.2735631416e-02 )	
1165	( -8.2564948788e-01 3.0275843998e-01 -2.2735974661e-02 )	
1166	( -8.2564979395e-01 3.0275855178e-01 -2.2735571386e-02 )	
1167	( -8.2565006366e-01 3.0275858767e-01 -2.2735914033e-02 )	
1168	( -8.2565036624e-01 3.0275869839e-01 -2.2735511795e-02 )	
1169	( -8.2565063272e-01 3.0275873350e-01 -2.2735853845e-02 )	
1170	( -8.2565093181e-01 3.0275884314e-01 -2.2735452643e-02 )	
1171	( -8.2565119509e-01 3.0275887747e-01 -2.2735794099e-02 )	
1172	( -8.2565149069e-01 3.0275898603e-01 -2.2735393930e-02 )	
1173	( -8.2565175076e-01 3.0275901959e-01 -2.2735734796e-02 )	
1174	( -8.2565204288e-01 3.0275912707e-01 -2.2735335658e-02 )	
1175	( -8.2565229975e-01 3.0275915985e-01 -2.2735675937e-02 )	
1176	( -8.2565258839e-01 3.0275926624e-01 -2.2735277830e-02 )	
1177	( -8.2565284205e-01 3.0275929824e-01 -2.2735617528e-02 )	
1178	( -8.2565312721e-01 3.0275940355e-01 -2.2735220450e-02 )	
1179	( -8.2565337766e-01 3.0275943476e-01 -2.2735559571e-02 )	
1180	( -8.2565365934e-01 3.0275953899e-01 -2.2735163524e-02 )	
1181	( -8.2565390659e-01 3.0275956941e-01 -2.2735502072e-02 )	
1182	( -8.2565418478e-01 3.0275967255e-01 -2.2735107056e-02 )	
1183	( -8.2565442881e-01 3.0275970219e-01 -2.2735445037e-02 )	
1184	( -8.2565470352e-01 3.0275980423e-01 -2.2735051053e-02 )	
1185	( -8.2565494433e-01 3.0275983308e-01 -2.2735388474e-02 )	
1186	( -8.2565521555e-01 3.0275993404e-01 -2.2734995523e-02 )	
1187	( -8.2565545314e-01 3.0275996209e-01 -2.2735332389e-02 )	
1188	( -8.2565572085e-01 3.0276006196e-01 -2.2734940472e-02 )	
1189	( -8.2565595521e-01 3.0276008921e-01 -2.2735276791e-02 )	
1190	( -8.2565621943e-01 3.0276018799e-01 -2.2734885910e-02 )	
1191	( -8.2565645055e-01 3.0276021445e-01 -2.2735221687e-02 )	
1192	( -8.2565671125e-01 3.0276031213e-01 -2.2734831845e-02 )	
1193	( -8.2565693914e-01 3.0276033780e-01 -2.2735167088e-02 )	
1194	( -8.2565719633e-01 3.0276043439e-01 -2.2734778286e-02 )	
1195	( -8.2565742097e-01 3.0276045925e-01 -2.2735113002e-02 )	
1196	( -8.2565767463e-01 3.0276055475e-01 -2.2734725242e-02 )	
1197	( -8.2565789602e-01 3.0276057882e-01 -2.2735059439e-02 )	
1198	( -8.2565814616e-01 3.0276067322e-01 -2.2734672725e-02 )	
1199	( -8.2565836428e-01 3.0276069649e-01 -2.2735006408e-02 )	
1200	( -8.2565861089e-01 3.0276078980e-01 -2.2734620742e-02 )	
1201	( -8.2565882576e-01 3.0276081227e-01 -2.2734953921e-02 )	
1202	( -8.2565906883e-01 3.0276090449e-01 -2.2734569306e-02 )	
1203	( -8.2565928043e-01 3.0276092616e-01 -2.2734901986e-02 )	
1204	( -8.2565951997e-01 3.0276101730e-01 -2.2734518425e-02 )	
1205	( -8.2565972830e-01 3.0276103816e-01 -2.2734850615e-02 )	
1206	( -8.2565996429e-01 3.0276112821e-01 -2.2734468109e-02 )	
1207	( -8.2566016935e-01 3.0276114828e-01 -2.2734799817e-02 )	
1208	( -8.2566040181e-01 3.0276123725e-01 -2.2734418371e-02 )	
1209	( -8.2566060359e-01 3.0276125652e-01 -2.2734749603e-02 )	
1210	( -8.2566083250e-01 3.0276134440e-01 -2.2734369218e-02 )	
1211	( -8.2566103101e-01 3.0276136289e-01 -2.2734699982e-02 )	
1212	( -8.2566125638e-01 3.0276144969e-01 -2.2734320661e-02 )	
1213	( -8.2566145162e-01 3.0276146738e-01 -2.2734650965e-02 )	
1214	( -8.2566167346e-01 3.0276155311e-01 -2.2734272711e-02 )	
1215	( -8.2566186543e-01 3.0276157002e-01 -2.2734602560e-02 )	
1216	( -8.2566208373e-01 3.0276165468e-01 -2.2734225376e-02 )	
1217	( -8.2566227243e-01 3.0276167080e-01 -2.2734554778e-02 )	
1218	( -8.2566248721e-01 3.0276175439e-01 -2.2734178665e-02 )	
1219	( -8.2566267265e-01 3.0276176973e-01 -2.2734507627e-02 )	
1220	( -8.2566288384e-01 3.0276185225e-01 -2.2734132589e-02 )	
1221	( -8.2566306617e-01 3.0276186686e-01 -2.2734461106e-02 )	
1222	( -8.2566327375e-01 3.0276194829e-01 -2.2734087156e-02 )	
1223	( -8.2566345277e-01 3.0276196211e-01 -2.2734415257e-02 )	
1224	( -8.2566365707e-01 3.0276204256e-01 -2.2734042347e-02 )	
1225	( -8.2566383272e-01 3.0276205558e-01 -2.2734370055e-02 )	
1226	( -8.2566403353e-01 3.0276213498e-01 -2.2733998223e-02 )	
1227	( -8.2566420596e-01 3.0276214725e-01 -2.2734325513e-02 )	
1228	( -8.2566440329e-01 3.0276222562e-01 -2.2733954760e-02 )	
1229	( -8.2566457252e-01 3.0276223714e-01 -2.2734281641e-02 )	
1230	( -8.2566476639e-01 3.0276231448e-01 -2.2733911969e-02 )	
1231	( -8.2566493243e-01 3.0276232525e-01 -2.2734238445e-02 )	
1232	( -8.2566512286e-01 3.0276240159e-01 -2.2733869855e-02 )	
1233	( -8.2566528573e-01 3.0276241162e-01 -2.2734195931e-02 )	
1234	( -8.2566547273e-01 3.0276248695e-01 -2.2733828424e-02 )	
1235	( -8.2566563244e-01 3.0276249625e-01 -2.2734154106e-02 )	
1236	( -8.2566581605e-01 3.0276257058e-01 -2.2733787682e-02 )	
1237	( -8.2566597263e-01 3.0276257916e-01 -2.2734112973e-02 )	
1238	( -8.2566615285e-01 3.0276265250e-01 -2.2733747631e-02 )	
1239	( -8.2566630632e-01 3.0276266038e-01 -2.2734072536e-02 )	
1240	( -8.2566648319e-01 3.0276273274e-01 -2.2733708276e-02 )	
1241	( -8.2566663358e-01 3.0276273992e-01 -2.2734032798e-02 )	
1242	( -8.2566680712e-01 3.0276281131e-01 -2.2733669620e-02 )	
1243	( -8.2566695445e-01 3.0276281780e-01 -2.2733993763e-02 )	
1244	( -8.2566712465e-01 3.0276288822e-01 -2.2733631666e-02 )	
1245	( -8.2566726906e-01 3.0276289406e-01 -2.2733955423e-02 )	
1246	( -8.2566743592e-01 3.0276296352e-01 -2.2733594418e-02 )	
1247	( -8.2566757733e-01 3.0276296869e-01 -2.2733917800e-02 )	
1248	( -8.2566774096e-01 3.0276303722e-01 -2.2733557870e-02 )	
1249	( -8.2566787940e-01 3.0276304173e-01 -2.2733880881e-02 )	
1250	( -8.2566803983e-01 3.0276310934e-01 -2.2733522026e-02 )	
1251	( -8.2566817533e-01 3.0276311320e-01 -2.2733844669e-02 )	
1252	( -8.2566833259e-01 3.0276317991e-01 -2.2733486887e-02 )	
1253	( -8.2566846519e-01 3.0276318313e-01 -2.2733809163e-02 )	
1254	( -8.2566861933e-01 3.0276324895e-01 -2.2733452451e-02 )	
1255	( -8.2566874906e-01 3.0276325155e-01 -2.2733774362e-02 )	
1256	( -8.2566890011e-01 3.0276331648e-01 -2.2733418717e-02 )	
1257	( -8.2566902694e-01 3.0276331845e-01 -2.2733740278e-02 )	
1258	( -8.2566917511e-01 3.0276338256e-01 -2.2733385662e-02 )	
1259	( -8.2566929904e-01 3.0276338390e-01 -2.2733706880e-02 )	
1260	( -8.2566944420e-01 3.0276344716e-01 -2.2733353325e-02 )	
1261	( -8.2566956540e-01 3.0276344792e-01 -2.2733674178e-02 )	
1262	( -8.2566970758e-01 3.0276351034e-01 -2.2733321678e-02 )	
1263	( -8.2566982607e-01 3.0276351052e-01 -2.2733642167e-02 )	
1264	( -8.2566996533e-01 3.0276357211e-01 -2.2733290722e-02 )	
1265	( -8.2567008116e-01 3.0276357175e-01 -2.2733610847e-02 )	
1266	( -8.2567021751e-01 3.0276363252e-01 -2.2733260447e-02 )	
1267	( -8.2567033074e-01 3.0276363161e-01 -2.2733580205e-02 )	
1268	( -8.2567046425e-01 3.0276369158e-01 -2.2733230847e-02 )	
1269	( -8.2567057492e-01 3.0276369013e-01 -2.2733550241e-02 )	
1270	( -8.2567070563e-01 3.0276374932e-01 -2.2733201920e-02 )	
1271	( -8.2567081377e-01 3.0276374736e-01 -2.2733520947e-02 )	
1272	( -8.2567094170e-01 3.0276380577e-01 -2.2733173658e-02 )	
1273	( -8.2567104744e-01 3.0276380333e-01 -2.2733492309e-02 )	
1274	( -8.2567117263e-01 3.0276386097e-01 -2.2733146056e-02 )	
1275	( -8.2567127593e-01 3.0276385803e-01 -2.2733464335e-02 )	
1276	( -8.2567139847e-01 3.0276391493e-01 -2.2733119101e-02 )	
1277	( -8.2567149939e-01 3.0276391152e-01 -2.2733437008e-02 )	
1278	( -8.2567161933e-01 3.0276396769e-01 -2.2733092787e-02 )	
1279	( -8.2567171791e-01 3.0276396381e-01 -2.2733410319e-02 )	
1280	( -8.2567183530e-01 3.0276401928e-01 -2.2733067106e-02 )	
1281	( -8.2567193159e-01 3.0276401495e-01 -2.2733384261e-02 )	
1282	( -8.2567204648e-01 3.0276406972e-01 -2.2733042048e-02 )	
1283	( -8.2567214054e-01 3.0276406495e-01 -2.2733358824e-02 )	
1284	( -8.2567225297e-01 3.0276411904e-01 -2.2733017605e-02 )	
1285	( -8.2567234484e-01 3.0276411384e-01 -2.2733333998e-02 )	
1286	( -8.2567245487e-01 3.0276416727e-01 -2.2732993765e-02 )	
1287	( -8.2567254460e-01 3.0276416166e-01 -2.2733309773e-02 )	
1288	( -8.2567265228e-01 3.0276421444e-01 -2.2732970519e-02 )	
1289	( -8.2567273992e-01 3.0276420843e-01 -2.2733286138e-02 )	
1290	( -8.2567284533e-01 3.0276426057e-01 -2.2732947856e-02 )	
1291	( -8.2567293088e-01 3.0276425417e-01 -2.2733263080e-02 )	
1292	( -8.2567303406e-01 3.0276430570e-01 -2.2732925765e-02 )	
1293	( -8.2567311763e-01 3.0276429892e-01 -2.2733240592e-02 )	
1294	( -8.2567321861e-01 3.0276434983e-01 -2.2732904233e-02 )	
1295	( -8.2567330017e-01 3.0276434268e-01 -2.2733218674e-02 )	
1296	( -8.2567339914e-01 3.0276439304e-01 -2.2732883236e-02 )	
1297	( -8.2567347873e-01 3.0276438552e-01 -2.2733197288e-02 )	
1298	( -8.2567357561e-01 3.0276443529e-01 -2.2732862792e-02 )	
1299	( -8.2567365342e-01 3.0276442745e-01 -2.2733176422e-02 )	
1300	( -8.2567374811e-01 3.0276447663e-01 -2.2732842887e-02 )	
1301	( -8.2567382420e-01 3.0276446848e-01 -2.2733156091e-02 )	
1302	( -8.2567391690e-01 3.0276451710e-01 -2.2732823479e-02 )	
1303	( -8.2567399124e-01 3.0276450865e-01 -2.2733136267e-02 )	
1304	( -8.2567408199e-01 3.0276455672e-01 -2.2732804573e-02 )	
1305	( -8.2567415464e-01 3.0276454797e-01 -2.2733116941e-02 )	
1306	( -8.2567424348e-01 3.0276459551e-01 -2.2732786157e-02 )	
1307	( -8.2567431448e-01 3.0276458647e-01 -2.2733098100e-02 )	
1308	( -8.2567440147e-01 3.0276463350e-01 -2.2732768219e-02 )	
1309	( -8.2567447081e-01 3.0276462418e-01 -2.2733079743e-02 )	
1310	( -8.2567455613e-01 3.0276467073e-01 -2.2732750729e-02 )	
1311	( -8.2567462383e-01 3.0276466112e-01 -2.2733061832e-02 )	
1312	( -8.2567470740e-01 3.0276470718e-01 -2.2732733704e-02 )	
1313	( -8.2567477359e-01 3.0276469732e-01 -2.2733044370e-02 )	
1314	( -8.2567485544e-01 3.0276474289e-01 -2.2732717118e-02 )	
1315	( -8.2567492018e-01 3.0276473279e-01 -2.2733027341e-02 )	
1316	( -8.2567500036e-01 3.0276477789e-01 -2.2732700959e-02 )	
1317	( -8.2567506367e-01 3.0276476756e-01 -2.2733010735e-02 )	
1318	( -8.2567514223e-01 3.0276481220e-01 -2.2732685213e-02 )	
1319	( -8.2567520416e-01 3.0276480165e-01 -2.2732994539e-02 )	
1320	( -8.2567528114e-01 3.0276484584e-01 -2.2732669870e-02 )	
1321	( -8.2567534174e-01 3.0276483508e-01 -2.2732978740e-02 )	
1322	( -8.2567541717e-01 3.0276487883e-01 -2.2732654916e-02 )	
1323	( -8.2567547649e-01 3.0276486787e-01 -2.2732963326e-02 )	
1324	( -8.2567555042e-01 3.0276491119e-01 -2.2732640339e-02 )	
1325	( -8.2567560848e-01 3.0276490004e-01 -2.2732948285e-02 )	
1326	( -8.2567568097e-01 3.0276494293e-01 -2.2732626125e-02 )	
1327	( -8.2567573782e-01 3.0276493160e-01 -2.2732933601e-02 )	
1328	( -8.2567580888e-01 3.0276497409e-01 -2.2732612269e-02 )	
1329	( -8.2567586456e-01 3.0276496258e-01 -2.2732919272e-02 )	
1330	( -8.2567593425e-01 3.0276500467e-01 -2.2732598752e-02 )	
1331	( -8.2567598880e-01 3.0276499299e-01 -2.2732905280e-02 )	
1332	( -8.2567605715e-01 3.0276503469e-01 -2.2732585566e-02 )	
1333	( -8.2567611060e-01 3.0276502286e-01 -2.2732891614e-02 )	
1334	( -8.2567617766e-01 3.0276506418e-01 -2.2732572698e-02 )	
1335	( -8.2567623004e-01 3.0276505219e-01 -2.2732878263e-02 )	
1336	( -8.2567629584e-01 3.0276509314e-01 -2.2732560138e-02 )	
1337	( -8.2567634721e-01 3.0276508101e-01 -2.2732865216e-02 )	
1338	( -8.2567641176e-01 3.0276512159e-01 -2.2732547874e-02 )	
1339	( -8.2567646214e-01 3.0276510933e-01 -2.2732852463e-02 )	
1340	( -8.2567652551e-01 3.0276514955e-01 -2.2732535897e-02 )	
1341	( -8.2567657493e-01 3.0276513717e-01 -2.2732839991e-02 )	
1342	( -8.2567663714e-01 3.0276517703e-01 -2.2732524195e-02 )	
1343	( -8.2567668564e-01 3.0276516453e-01 -2.2732827791e-02 )	
1344	( -8.2567674672e-01 3.0276520405e-01 -2.2732512758e-02 )	
1345	( -8.2567679432e-01 3.0276519143e-01 -2.2732815853e-02 )	
