# Time           	totalLift        	frontLift        	rearLift         	drag             	side             	Xmoment          	Ymoment          	Zmoment          
1	-3.6130615542e+00	-8.9047619076e-01	-2.7225853635e+00	1.7766731016e+00	0.0000000000e+00	-4.3821527549e+00	2.2901364659e+00	-2.1548630738e+00
2	-1.1760643762e+00	-3.3266217645e-01	-8.4340219976e-01	4.9803718810e-01	0.0000000000e+00	-1.4264062953e+00	6.3842502914e-01	-6.0405144034e-01
3	-6.3892958303e-01	-2.0206914469e-01	-4.3686043834e-01	2.2124943300e-01	0.0000000000e+00	-7.7493477220e-01	2.9348911706e-01	-2.6834550084e-01
4	-5.8657808928e-01	-1.9064058898e-01	-3.9593750030e-01	1.8902209555e-01	0.0000000000e+00	-7.1143952334e-01	2.5662113916e-01	-2.2925811927e-01
5	-6.1775061450e-01	-2.0167498023e-01	-4.1607563427e-01	1.9373791446e-01	0.0000000000e+00	-7.4924756098e-01	2.6800081756e-01	-2.3497776687e-01
6	-6.5946396480e-01	-2.1646213661e-01	-4.4300182819e-01	2.0179130087e-01	0.0000000000e+00	-7.9984018727e-01	2.8317461447e-01	-2.4474543037e-01
7	-6.9906797641e-01	-2.3091521717e-01	-4.6815275923e-01	2.0857452050e-01	0.0000000000e+00	-8.4787447230e-01	2.9654692757e-01	-2.5297255413e-01
8	-7.3707952404e-01	-2.4477749352e-01	-4.9230203052e-01	2.1465730242e-01	0.0000000000e+00	-8.9397731492e-01	3.0940567125e-01	-2.6035014213e-01
9	-7.7400855846e-01	-2.5829572033e-01	-5.1571283813e-01	2.2019510593e-01	0.0000000000e+00	-9.3876721608e-01	3.2177139724e-01	-2.6706674536e-01
10	-8.0689160621e-01	-2.7060733053e-01	-5.3628427568e-01	2.2412936681e-01	0.0000000000e+00	-9.7864988515e-01	3.3209618143e-01	-2.7183846926e-01
11	-8.3699155736e-01	-2.8209112884e-01	-5.5490042852e-01	2.2699117458e-01	0.0000000000e+00	-1.0151570362e+00	3.4101162459e-01	-2.7530945324e-01
12	-8.6311714859e-01	-2.9238299696e-01	-5.7073415163e-01	2.2835729380e-01	0.0000000000e+00	-1.0468438286e+00	3.4793894334e-01	-2.7696637024e-01
13	-8.8776694063e-01	-3.0217805110e-01	-5.8558888953e-01	2.2934549573e-01	0.0000000000e+00	-1.0767406772e+00	3.5426354804e-01	-2.7816492491e-01
14	-9.0988494040e-01	-3.1117354342e-01	-5.9871139699e-01	2.2947590567e-01	0.0000000000e+00	-1.1035668057e+00	3.5942231697e-01	-2.7832309445e-01
15	-9.2852681953e-01	-3.1898603333e-01	-6.0954078620e-01	2.2856453447e-01	0.0000000000e+00	-1.1261768722e+00	3.6319344109e-01	-2.7721772501e-01
16	-9.4468945225e-01	-3.2591348513e-01	-6.1877596712e-01	2.2720390214e-01	0.0000000000e+00	-1.1457799497e+00	3.6607810249e-01	-2.7556746288e-01
17	-9.5813203135e-01	-3.3184325502e-01	-6.2628877633e-01	2.2534730531e-01	0.0000000000e+00	-1.1620839717e+00	3.6805690164e-01	-2.7331566317e-01
18	-9.6914500317e-01	-3.3685384719e-01	-6.3229115598e-01	2.2304685108e-01	0.0000000000e+00	-1.1754412101e+00	3.6929663599e-01	-2.7052552476e-01
19	-9.7696027330e-01	-3.4065548928e-01	-6.3630478401e-01	2.2023088799e-01	0.0000000000e+00	-1.1849200709e+00	3.6956161842e-01	-2.6711014414e-01
20	-9.8251341191e-01	-3.4358715375e-01	-6.3892625816e-01	2.1716809328e-01	0.0000000000e+00	-1.1916552735e+00	3.6917388051e-01	-2.6339539030e-01
21	-9.8562873215e-01	-3.4567145455e-01	-6.3995727760e-01	2.1368241507e-01	0.0000000000e+00	-1.1954337337e+00	3.6785727882e-01	-2.5916773623e-01
22	-9.8594524595e-01	-3.4679943721e-01	-6.3914580874e-01	2.0961192738e-01	0.0000000000e+00	-1.1958176220e+00	3.6543296441e-01	-2.5423078773e-01
23	-9.8302079454e-01	-3.4684173958e-01	-6.3617905497e-01	2.0481205458e-01	0.0000000000e+00	-1.1922706597e+00	3.6167164424e-01	-2.4840919419e-01
24	-9.7657322180e-01	-3.4570347109e-01	-6.3086975071e-01	1.9921022860e-01	0.0000000000e+00	-1.1844506300e+00	3.5645784952e-01	-2.4161494040e-01
25	-9.6729283772e-01	-3.4343728187e-01	-6.2385555585e-01	1.9345168994e-01	0.0000000000e+00	-1.1731947851e+00	3.5052284248e-01	-2.3463061542e-01
26	-9.5711282743e-01	-3.4046663425e-01	-6.1664619318e-01	1.8855012819e-01	0.0000000000e+00	-1.1608478158e+00	3.4522444867e-01	-2.2868568700e-01
27	-9.4895806521e-01	-3.3754965041e-01	-6.1140841480e-01	1.8580930202e-01	0.0000000000e+00	-1.1509571972e+00	3.4232345550e-01	-2.2536143725e-01
28	-9.3933209813e-01	-3.3442836325e-01	-6.0490373488e-01	1.8220504057e-01	0.0000000000e+00	-1.1392822070e+00	3.3809421454e-01	-2.2098995782e-01
29	-9.2666914953e-01	-3.3028370254e-01	-5.9638544698e-01	1.7805328432e-01	0.0000000000e+00	-1.1239237709e+00	3.3262718055e-01	-2.1595444160e-01
30	-9.1274826717e-01	-3.2561128266e-01	-5.8713698451e-01	1.7405403225e-01	0.0000000000e+00	-1.1070396320e+00	3.2690712731e-01	-2.1110389222e-01
31	-8.9755072887e-01	-3.2058402759e-01	-5.7696670128e-01	1.6970537249e-01	0.0000000000e+00	-1.0886070830e+00	3.2047834211e-01	-2.0582955879e-01
32	-8.8225359327e-01	-3.1530457793e-01	-5.6694901535e-01	1.6598490054e-01	0.0000000000e+00	-1.0700537359e+00	3.1455554677e-01	-2.0131713181e-01
33	-8.6704394108e-01	-3.0987115298e-01	-5.5717278810e-01	1.6295608611e-01	0.0000000000e+00	-1.0516064944e+00	3.0912704391e-01	-1.9764359144e-01
34	-8.5173876485e-01	-3.0430091160e-01	-5.4743785325e-01	1.6024707305e-01	0.0000000000e+00	-1.0330433951e+00	3.0392117706e-01	-1.9435792668e-01
35	-8.3602611696e-01	-2.9849258235e-01	-5.3753353461e-01	1.5779480595e-01	0.0000000000e+00	-1.0139860882e+00	2.9880119033e-01	-1.9138365988e-01
36	-8.2205783341e-01	-2.9298520797e-01	-5.2907262544e-01	1.5664893297e-01	0.0000000000e+00	-9.9704445809e-01	2.9510927184e-01	-1.8999387164e-01
37	-8.0768509176e-01	-2.8760465397e-01	-5.2008043779e-01	1.5480412781e-01	0.0000000000e+00	-9.7961227531e-01	2.9059472978e-01	-1.8775637364e-01
38	-7.9349362766e-01	-2.8228638054e-01	-5.1120724712e-01	1.5304551371e-01	0.0000000000e+00	-9.6239995756e-01	2.8615108322e-01	-1.8562341368e-01
39	-7.8049127295e-01	-2.7742197912e-01	-5.0306929383e-01	1.5154864790e-01	0.0000000000e+00	-9.4662986795e-01	2.8205914339e-01	-1.8380791883e-01
40	-7.6887118438e-01	-2.7290385623e-01	-4.9596732815e-01	1.5077348567e-01	0.0000000000e+00	-9.3253627934e-01	2.7882933990e-01	-1.8286775237e-01
41	-7.5779370327e-01	-2.6857162985e-01	-4.8922207342e-01	1.5020625772e-01	0.0000000000e+00	-9.1910079987e-01	2.7581305446e-01	-1.8217978194e-01
42	-7.4780793041e-01	-2.6453525661e-01	-4.8327267380e-01	1.5018124219e-01	0.0000000000e+00	-9.0698941416e-01	2.7342177148e-01	-1.8214944149e-01
43	-7.3812950887e-01	-2.6073570232e-01	-4.7739380655e-01	1.4997273309e-01	0.0000000000e+00	-8.9525080385e-01	2.7082263028e-01	-1.8189654829e-01
44	-7.2900574842e-01	-2.5732957133e-01	-4.7167617709e-01	1.4949131585e-01	0.0000000000e+00	-8.8418492208e-01	2.6793325721e-01	-1.8131265459e-01
45	-7.1925410933e-01	-2.5368787352e-01	-4.6556623581e-01	1.4878130931e-01	0.0000000000e+00	-8.7235750883e-01	2.6484795287e-01	-1.8045151313e-01
46	-7.1093414972e-01	-2.5047410448e-01	-4.6046004524e-01	1.4840374818e-01	0.0000000000e+00	-8.6226652827e-01	2.6248242595e-01	-1.7999358277e-01
47	-7.0276995497e-01	-2.4730772303e-01	-4.5546223194e-01	1.4797422023e-01	0.0000000000e+00	-8.5236446931e-01	2.6019313613e-01	-1.7947262374e-01
48	-6.9545499755e-01	-2.4440716456e-01	-4.5104783299e-01	1.4772044986e-01	0.0000000000e+00	-8.4349241985e-01	2.5830083554e-01	-1.7916483475e-01
49	-6.8873471275e-01	-2.4170461662e-01	-4.4703009613e-01	1.4756775825e-01	0.0000000000e+00	-8.3534162748e-01	2.5665684939e-01	-1.7897964058e-01
50	-6.8179492893e-01	-2.3899371307e-01	-4.4280121587e-01	1.4718920661e-01	0.0000000000e+00	-8.2692461263e-01	2.5475937850e-01	-1.7852050887e-01
51	-6.7468107128e-01	-2.3627323947e-01	-4.3840783180e-01	1.4663818346e-01	0.0000000000e+00	-8.1829646985e-01	2.5266824041e-01	-1.7785219266e-01
52	-6.6764851843e-01	-2.3360899755e-01	-4.3403952088e-01	1.4606101323e-01	0.0000000000e+00	-8.0976693877e-01	2.5053815416e-01	-1.7715216359e-01
53	-6.6088239171e-01	-2.3105597995e-01	-4.2982641176e-01	1.4554102882e-01	0.0000000000e+00	-8.0156054638e-01	2.4846303976e-01	-1.7652149315e-01
54	-6.5429017646e-01	-2.2857042533e-01	-4.2571975112e-01	1.4501595637e-01	0.0000000000e+00	-7.9356508497e-01	2.4643665724e-01	-1.7588465162e-01
55	-6.4759695926e-01	-2.2611071152e-01	-4.2148624774e-01	1.4427761225e-01	0.0000000000e+00	-7.8544712193e-01	2.4421942028e-01	-1.7498914051e-01
56	-6.4136719807e-01	-2.2381733318e-01	-4.1754986488e-01	1.4362375696e-01	0.0000000000e+00	-7.7789126804e-01	2.4216566463e-01	-1.7419610289e-01
57	-6.3507968213e-01	-2.2157359894e-01	-4.1350608320e-01	1.4280964606e-01	0.0000000000e+00	-7.7026536551e-01	2.3991560532e-01	-1.7320869698e-01
58	-6.2875923147e-01	-2.1937925898e-01	-4.0937997250e-01	1.4181594485e-01	0.0000000000e+00	-7.6259951762e-01	2.3750089190e-01	-1.7200347242e-01
59	-6.2277590672e-01	-2.1732734656e-01	-4.0544856016e-01	1.4079909156e-01	0.0000000000e+00	-7.5534255766e-01	2.3515151700e-01	-1.7077016754e-01
60	-6.1701231430e-01	-2.1536477899e-01	-4.0164753531e-01	1.3977743098e-01	0.0000000000e+00	-7.4835210316e-01	2.3285344539e-01	-1.6953103208e-01
61	-6.1176673010e-01	-2.1357103138e-01	-3.9819569871e-01	1.3887916538e-01	0.0000000000e+00	-7.4198992224e-01	2.3078083416e-01	-1.6844155796e-01
62	-6.0685191527e-01	-2.1189633835e-01	-3.9495557693e-01	1.3800804373e-01	0.0000000000e+00	-7.3602891964e-01	2.2882404822e-01	-1.6738500575e-01
63	-6.0232774174e-01	-2.1036194484e-01	-3.9196579690e-01	1.3718506582e-01	0.0000000000e+00	-7.3054171185e-01	2.2700481508e-01	-1.6638684537e-01
64	-5.9871260550e-01	-2.0908461452e-01	-3.8962799097e-01	1.3669488307e-01	0.0000000000e+00	-7.2615704278e-01	2.2567922056e-01	-1.6579232030e-01
65	-5.9583541558e-01	-2.0804179150e-01	-3.8779362409e-01	1.3640964740e-01	0.0000000000e+00	-7.2266740234e-01	2.2468979074e-01	-1.6544636818e-01
66	-5.9374336401e-01	-2.0725411222e-01	-3.8648925179e-01	1.3637073735e-01	0.0000000000e+00	-7.2013002803e-01	2.2404392447e-01	-1.6539917557e-01
67	-5.9269537764e-01	-2.0679248526e-01	-3.8590289238e-01	1.3667826062e-01	0.0000000000e+00	-7.1885896296e-01	2.2388800889e-01	-1.6577215952e-01
68	-5.9209739290e-01	-2.0650760911e-01	-3.8558978379e-01	1.3701448761e-01	0.0000000000e+00	-7.1813368871e-01	2.2385271836e-01	-1.6617995717e-01
69	-5.9184118894e-01	-2.0637687601e-01	-3.8546431293e-01	1.3731365472e-01	0.0000000000e+00	-7.1782294812e-01	2.2385929615e-01	-1.6654280623e-01
70	-5.9166878367e-01	-2.0632030251e-01	-3.8534848116e-01	1.3749116778e-01	0.0000000000e+00	-7.1761384395e-01	2.2378522331e-01	-1.6675810545e-01
71	-5.9140099116e-01	-2.0629336166e-01	-3.8510762950e-01	1.3744622534e-01	0.0000000000e+00	-7.1728904802e-01	2.2351783481e-01	-1.6670359638e-01
72	-5.9135650524e-01	-2.0636509725e-01	-3.8499140799e-01	1.3736563484e-01	0.0000000000e+00	-7.1723509265e-01	2.2328288843e-01	-1.6660585106e-01
73	-5.9164885315e-01	-2.0654559101e-01	-3.8510326214e-01	1.3736498455e-01	0.0000000000e+00	-7.1758967094e-01	2.2319708891e-01	-1.6660506234e-01
74	-5.9220385488e-01	-2.0682217951e-01	-3.8538167537e-01	1.3738311695e-01	0.0000000000e+00	-7.1826281263e-01	2.2319936983e-01	-1.6662705448e-01
75	-5.9316539253e-01	-2.0722208797e-01	-3.8594330456e-01	1.3752494107e-01	0.0000000000e+00	-7.1942902715e-01	2.2340152074e-01	-1.6679906786e-01
76	-5.9450693714e-01	-2.0774183722e-01	-3.8676509992e-01	1.3777519795e-01	0.0000000000e+00	-7.2105613849e-01	2.2377907838e-01	-1.6710259546e-01
77	-5.9617108090e-01	-2.0835793092e-01	-3.8781314998e-01	1.3813215033e-01	0.0000000000e+00	-7.2307451876e-01	2.2431902383e-01	-1.6753553020e-01
78	-5.9844731380e-01	-2.0913416311e-01	-3.8931315068e-01	1.3873743434e-01	0.0000000000e+00	-7.2583527999e-01	2.2522373447e-01	-1.6826965746e-01
79	-6.0113223884e-01	-2.1002726868e-01	-3.9110497015e-01	1.3948856713e-01	0.0000000000e+00	-7.2909172926e-01	2.2634712684e-01	-1.6918067948e-01
80	-6.0414494743e-01	-2.1102658810e-01	-3.9311835933e-01	1.4033389973e-01	0.0000000000e+00	-7.3274573545e-01	2.2761471403e-01	-1.7020595306e-01
81	-6.0717276965e-01	-2.1205681794e-01	-3.9511595171e-01	1.4111066771e-01	0.0000000000e+00	-7.3641807240e-01	2.2882391722e-01	-1.7114806709e-01
82	-6.1015752878e-01	-2.1309724719e-01	-3.9706028159e-01	1.4180729970e-01	0.0000000000e+00	-7.4003817969e-01	2.2995379300e-01	-1.7199298703e-01
83	-6.1321102985e-01	-2.1417393065e-01	-3.9903709920e-01	1.4248160594e-01	0.0000000000e+00	-7.4374166160e-01	2.3107896070e-01	-1.7281082889e-01
84	-6.1621302978e-01	-2.1525186271e-01	-4.0096116707e-01	1.4307593466e-01	0.0000000000e+00	-7.4738267963e-01	2.3213663045e-01	-1.7353166886e-01
85	-6.1918702435e-01	-2.1633530348e-01	-4.0285172087e-01	1.4360588770e-01	0.0000000000e+00	-7.5098973097e-01	2.3314552173e-01	-1.7417442990e-01
86	-6.2216745085e-01	-2.1746970219e-01	-4.0469774866e-01	1.4400499518e-01	0.0000000000e+00	-7.5460458336e-01	2.3403505810e-01	-1.7465849304e-01
87	-6.2540125036e-01	-2.1867847472e-01	-4.0672277564e-01	1.4448163274e-01	0.0000000000e+00	-7.5852674279e-01	2.3505537615e-01	-1.7523658964e-01
88	-6.2876210994e-01	-2.1993364878e-01	-4.0882846116e-01	1.4497567217e-01	0.0000000000e+00	-7.6260300881e-01	2.3611851547e-01	-1.7583579234e-01
89	-6.3229247141e-01	-2.2123890213e-01	-4.1105356928e-01	1.4552346927e-01	0.0000000000e+00	-7.6688485760e-01	2.3726833394e-01	-1.7650019581e-01
90	-6.3589044517e-01	-2.2256842929e-01	-4.1332201587e-01	1.4607913724e-01	0.0000000000e+00	-7.7124871091e-01	2.3844198322e-01	-1.7717414555e-01
91	-6.3943614896e-01	-2.2388951114e-01	-4.1554663781e-01	1.4659572107e-01	0.0000000000e+00	-7.7554916784e-01	2.3957140833e-01	-1.7780069154e-01
92	-6.4276618729e-01	-2.2515223346e-01	-4.1761395383e-01	1.4700380468e-01	0.0000000000e+00	-7.7958805189e-01	2.4057715046e-01	-1.7829564152e-01
93	-6.4596803454e-01	-2.2637455097e-01	-4.1959348357e-01	1.4736071703e-01	0.0000000000e+00	-7.8347145757e-01	2.4152366575e-01	-1.7872852771e-01
94	-6.4899904953e-01	-2.2754514257e-01	-4.2145390696e-01	1.4765117672e-01	0.0000000000e+00	-7.8714766691e-01	2.4238595549e-01	-1.7908081585e-01
95	-6.5187897343e-01	-2.2866911577e-01	-4.2320985766e-01	1.4788618156e-01	0.0000000000e+00	-7.9064062331e-01	2.4317592737e-01	-1.7936584479e-01
96	-6.5463089716e-01	-2.2974790116e-01	-4.2488299601e-01	1.4808998992e-01	0.0000000000e+00	-7.9397833289e-01	2.4391886856e-01	-1.7961303664e-01
97	-6.5724255493e-01	-2.3078154470e-01	-4.2646101024e-01	1.4825634733e-01	0.0000000000e+00	-7.9714591892e-01	2.4459933193e-01	-1.7981480557e-01
98	-6.5975348499e-01	-2.3177402047e-01	-4.2797946453e-01	1.4840871372e-01	0.0000000000e+00	-8.0019133592e-01	2.4525680508e-01	-1.7999960530e-01
99	-6.6213761987e-01	-2.3271865309e-01	-4.2941896678e-01	1.4853273553e-01	0.0000000000e+00	-8.0308296759e-01	2.4587539211e-01	-1.8015002690e-01
100	-6.6442716007e-01	-2.3362529781e-01	-4.3080186226e-01	1.4864602128e-01	0.0000000000e+00	-8.0585986877e-01	2.4647070555e-01	-1.8028742712e-01
101	-6.6659975822e-01	-2.3448747675e-01	-4.3211228146e-01	1.4874186293e-01	0.0000000000e+00	-8.0849493513e-01	2.4703100589e-01	-1.8040367003e-01
102	-6.6868115927e-01	-2.3531045600e-01	-4.3337070327e-01	1.4883075234e-01	0.0000000000e+00	-8.1101939180e-01	2.4757530910e-01	-1.8051148080e-01
103	-6.7064492459e-01	-2.3608390652e-01	-4.3456101808e-01	1.4890865264e-01	0.0000000000e+00	-8.1340117232e-01	2.4809638945e-01	-1.8060596328e-01
104	-6.7253112713e-01	-2.3682165121e-01	-4.3570947592e-01	1.4898392709e-01	0.0000000000e+00	-8.1568887972e-01	2.4860978089e-01	-1.8069726097e-01
105	-6.7424400740e-01	-2.3748918478e-01	-4.3675482262e-01	1.4904816685e-01	0.0000000000e+00	-8.1776637076e-01	2.4908204730e-01	-1.8077517507e-01
106	-6.7581569924e-01	-2.3809848884e-01	-4.3771721041e-01	1.4910700979e-01	0.0000000000e+00	-8.1967261942e-01	2.4952340196e-01	-1.8084654356e-01
107	-6.7726794131e-01	-2.3865732855e-01	-4.3861061276e-01	1.4916330328e-01	0.0000000000e+00	-8.2143399173e-01	2.4994160527e-01	-1.8091481990e-01
108	-6.7860105701e-01	-2.3916827646e-01	-4.3943278055e-01	1.4921091138e-01	0.0000000000e+00	-8.2305087994e-01	2.5033063012e-01	-1.8097256207e-01
109	-6.7981945030e-01	-2.3963337156e-01	-4.4018607874e-01	1.4924940201e-01	0.0000000000e+00	-8.2452862546e-01	2.5069088397e-01	-1.8101924597e-01
110	-6.8090558062e-01	-2.4004808664e-01	-4.4085749398e-01	1.4927249808e-01	0.0000000000e+00	-8.2584595395e-01	2.5101175917e-01	-1.8104725837e-01
111	-6.8185655129e-01	-2.4041221104e-01	-4.4144434025e-01	1.4927917518e-01	0.0000000000e+00	-8.2699935217e-01	2.5129016152e-01	-1.8105535678e-01
112	-6.8267741194e-01	-2.4072768220e-01	-4.4194972974e-01	1.4927013759e-01	0.0000000000e+00	-8.2799494461e-01	2.5152755944e-01	-1.8104439541e-01
113	-6.8337609171e-01	-2.4099675589e-01	-4.4237933582e-01	1.4925048438e-01	0.0000000000e+00	-8.2884234824e-01	2.5172822491e-01	-1.8102055874e-01
114	-6.8392921009e-01	-2.4121410785e-01	-4.4271510224e-01	1.4920709834e-01	0.0000000000e+00	-8.2951320568e-01	2.5187624298e-01	-1.8096793737e-01
115	-6.8436666409e-01	-2.4138633701e-01	-4.4298032708e-01	1.4915623371e-01	0.0000000000e+00	-8.3004377794e-01	2.5199248758e-01	-1.8090624548e-01
116	-6.8469741360e-01	-2.4151440528e-01	-4.4318300832e-01	1.4910067159e-01	0.0000000000e+00	-8.3044493216e-01	2.5208575381e-01	-1.8083885618e-01
117	-6.8490877915e-01	-2.4159768253e-01	-4.4331109662e-01	1.4903210750e-01	0.0000000000e+00	-8.3070128985e-01	2.5214176761e-01	-1.8075569725e-01
118	-6.8497864966e-01	-2.4163040663e-01	-4.4334824303e-01	1.4894021536e-01	0.0000000000e+00	-8.3078603329e-01	2.5214729550e-01	-1.8064424457e-01
119	-6.8495795198e-01	-2.4162678878e-01	-4.4333116321e-01	1.4884688098e-01	0.0000000000e+00	-8.3076092982e-01	2.5213046804e-01	-1.8053104265e-01
120	-6.8483620934e-01	-2.4158310298e-01	-4.4325310636e-01	1.4875130617e-01	0.0000000000e+00	-8.3061327254e-01	2.5208750423e-01	-1.8041512340e-01
121	-6.8463141986e-01	-2.4150567360e-01	-4.4312574627e-01	1.4865627356e-01	0.0000000000e+00	-8.3036489073e-01	2.5202509083e-01	-1.8029986175e-01
122	-6.8432107026e-01	-2.4138944066e-01	-4.4293162959e-01	1.4854793496e-01	0.0000000000e+00	-8.2998847882e-01	2.5192773616e-01	-1.8016846175e-01
123	-6.8391034790e-01	-2.4123590505e-01	-4.4267444285e-01	1.4842801865e-01	0.0000000000e+00	-8.2949032841e-01	2.5179817225e-01	-1.8002301956e-01
124	-6.8340649707e-01	-2.4104736246e-01	-4.4235913461e-01	1.4829931093e-01	0.0000000000e+00	-8.2887922581e-01	2.5163971519e-01	-1.7986691458e-01
125	-6.8283448475e-01	-2.4083015279e-01	-4.4200433196e-01	1.4817480293e-01	0.0000000000e+00	-8.2818545258e-01	2.5146772397e-01	-1.7971590329e-01
126	-6.8220390461e-01	-2.4058855870e-01	-4.4161534591e-01	1.4805449425e-01	0.0000000000e+00	-8.2742064456e-01	2.5128348401e-01	-1.7956998522e-01
127	-6.8152550629e-01	-2.4032664003e-01	-4.4119886627e-01	1.4794014853e-01	0.0000000000e+00	-8.2659783957e-01	2.5109028280e-01	-1.7943129939e-01
128	-6.8078767147e-01	-2.4004215793e-01	-4.4074551354e-01	1.4782358898e-01	0.0000000000e+00	-8.2570294618e-01	2.5087919452e-01	-1.7928992849e-01
129	-6.7999918457e-01	-2.3973828878e-01	-4.4026089578e-01	1.4770662170e-01	0.0000000000e+00	-8.2474661870e-01	2.5065325875e-01	-1.7914806307e-01
130	-6.7916251823e-01	-2.3941625665e-01	-4.3974626158e-01	1.4758835488e-01	0.0000000000e+00	-8.2373185611e-01	2.5041250616e-01	-1.7900462149e-01
131	-6.7828478107e-01	-2.3907901213e-01	-4.3920576895e-01	1.4746920385e-01	0.0000000000e+00	-8.2266728020e-01	2.5015844602e-01	-1.7886010748e-01
132	-6.7735059345e-01	-2.3872404067e-01	-4.3862655278e-01	1.4733693740e-01	0.0000000000e+00	-8.2153423754e-01	2.4987814014e-01	-1.7869968625e-01
133	-6.7645376610e-01	-2.3838872097e-01	-4.3806504512e-01	1.4719812068e-01	0.0000000000e+00	-8.2044650781e-01	2.4959540518e-01	-1.7853132043e-01
134	-6.7555581355e-01	-2.3805395732e-01	-4.3750185623e-01	1.4706253809e-01	0.0000000000e+00	-8.1935741338e-01	2.4930987363e-01	-1.7836687717e-01
135	-6.7466619022e-01	-2.3772229985e-01	-4.3694389037e-01	1.4693454145e-01	0.0000000000e+00	-8.1827842116e-01	2.4902698816e-01	-1.7821163463e-01
136	-6.7378194010e-01	-2.3739220758e-01	-4.3638973252e-01	1.4681377395e-01	0.0000000000e+00	-8.1720594590e-01	2.4874690618e-01	-1.7806516007e-01
137	-6.7289738636e-01	-2.3706220339e-01	-4.3583518297e-01	1.4669654126e-01	0.0000000000e+00	-8.1613310240e-01	2.4846622448e-01	-1.7792297273e-01
138	-6.7202539258e-01	-2.3673620559e-01	-4.3528918699e-01	1.4658685094e-01	0.0000000000e+00	-8.1507549243e-01	2.4819122675e-01	-1.7778993329e-01
139	-6.7115515966e-01	-2.3641049225e-01	-4.3474466741e-01	1.4648205459e-01	0.0000000000e+00	-8.1402001813e-01	2.4791771894e-01	-1.7766282956e-01
140	-6.7028465797e-01	-2.3608523526e-01	-4.3419942271e-01	1.4637832938e-01	0.0000000000e+00	-8.1296421786e-01	2.4764273432e-01	-1.7753702496e-01
141	-6.6941973641e-01	-2.3576247859e-01	-4.3365725782e-01	1.4627626655e-01	0.0000000000e+00	-8.1191518553e-01	2.4736847403e-01	-1.7741323662e-01
142	-6.6856678406e-01	-2.3544503708e-01	-4.3312174698e-01	1.4617518534e-01	0.0000000000e+00	-8.1088067022e-01	2.4709588737e-01	-1.7729063884e-01
143	-6.6771715094e-01	-2.3513108446e-01	-4.3258606648e-01	1.4606945688e-01	0.0000000000e+00	-8.0985018068e-01	2.4681872752e-01	-1.7716240459e-01
144	-6.6688003875e-01	-2.3482279511e-01	-4.3205724364e-01	1.4596427746e-01	0.0000000000e+00	-8.0883487733e-01	2.4654306066e-01	-1.7703483625e-01
145	-6.6605896027e-01	-2.3452141268e-01	-4.3153754759e-01	1.4586013339e-01	0.0000000000e+00	-8.0783902070e-01	2.4627016865e-01	-1.7690852364e-01
146	-6.6525900402e-01	-2.3422883011e-01	-4.3103017391e-01	1.4575771784e-01	0.0000000000e+00	-8.0686878246e-01	2.4600167974e-01	-1.7678430749e-01
147	-6.6448096758e-01	-2.3394560539e-01	-4.3053536219e-01	1.4565573879e-01	0.0000000000e+00	-8.0592512997e-01	2.4573719599e-01	-1.7666062076e-01
148	-6.6373146114e-01	-2.3367365092e-01	-4.3005781022e-01	1.4555667291e-01	0.0000000000e+00	-8.0501608049e-01	2.4548019913e-01	-1.7654046731e-01
149	-6.6301474272e-01	-2.3341416624e-01	-4.2960057649e-01	1.4546217581e-01	0.0000000000e+00	-8.0414679844e-01	2.4523301281e-01	-1.7642585516e-01
150	-6.6233542282e-01	-2.3316834432e-01	-4.2916707849e-01	1.4537422909e-01	0.0000000000e+00	-8.0332287569e-01	2.4499841771e-01	-1.7631918774e-01
151	-6.6169348543e-01	-2.3293629547e-01	-4.2875718996e-01	1.4529229382e-01	0.0000000000e+00	-8.0254429286e-01	2.4477611810e-01	-1.7621981140e-01
152	-6.6109581464e-01	-2.3271944832e-01	-4.2837636632e-01	1.4522029110e-01	0.0000000000e+00	-8.0181939940e-01	2.4457114750e-01	-1.7613248188e-01
153	-6.6054828870e-01	-2.3251919318e-01	-4.2802909552e-01	1.4516142704e-01	0.0000000000e+00	-8.0115532483e-01	2.4438737793e-01	-1.7606108777e-01
154	-6.6005781370e-01	-2.3233729515e-01	-4.2772051855e-01	1.4512017529e-01	0.0000000000e+00	-8.0056044530e-01	2.4422902925e-01	-1.7601105500e-01
155	-6.5961320462e-01	-2.3217141826e-01	-4.2744178636e-01	1.4508877190e-01	0.0000000000e+00	-8.0002119488e-01	2.4408796012e-01	-1.7597296695e-01
156	-6.5920602478e-01	-2.3201974536e-01	-4.2718627941e-01	1.4506162550e-01	0.0000000000e+00	-7.9952734106e-01	2.4395816757e-01	-1.7594004206e-01
157	-6.5884143831e-01	-2.3188338312e-01	-4.2695805518e-01	1.4504202980e-01	0.0000000000e+00	-7.9908514721e-01	2.4384334007e-01	-1.7591627514e-01
158	-6.5851537743e-01	-2.3176137312e-01	-4.2675400432e-01	1.4502704559e-01	0.0000000000e+00	-7.9868967967e-01	2.4374078900e-01	-1.7589810133e-01
159	-6.5822614114e-01	-2.3165324679e-01	-4.2657289435e-01	1.4501621372e-01	0.0000000000e+00	-7.9833887534e-01	2.4364955945e-01	-1.7588496374e-01
160	-6.5797385800e-01	-2.3155879454e-01	-4.2641506345e-01	1.4500980590e-01	0.0000000000e+00	-7.9803289017e-01	2.4357033614e-01	-1.7587719193e-01
161	-6.5775854181e-01	-2.3147790554e-01	-4.2628063627e-01	1.4500794904e-01	0.0000000000e+00	-7.9777174089e-01	2.4350341342e-01	-1.7587493981e-01
162	-6.5757980058e-01	-2.3141039457e-01	-4.2616940601e-01	1.4501058504e-01	0.0000000000e+00	-7.9755495207e-01	2.4344876429e-01	-1.7587813692e-01
163	-6.5743738912e-01	-2.3135602312e-01	-4.2608136600e-01	1.4501795534e-01	0.0000000000e+00	-7.9738222632e-01	2.4340667861e-01	-1.7588707608e-01
164	-6.5733335100e-01	-2.3131521369e-01	-4.2601813731e-01	1.4503131430e-01	0.0000000000e+00	-7.9725604221e-01	2.4337865452e-01	-1.7590327869e-01
165	-6.5726690037e-01	-2.3128764037e-01	-4.2597926000e-01	1.4505057863e-01	0.0000000000e+00	-7.9717544663e-01	2.4336452454e-01	-1.7592664371e-01
166	-6.5723658736e-01	-2.3127279821e-01	-4.2596378915e-01	1.4507540015e-01	0.0000000000e+00	-7.9713868106e-01	2.4336373868e-01	-1.7595674883e-01
167	-6.5724167166e-01	-2.3127030904e-01	-4.2597136262e-01	1.4510599508e-01	0.0000000000e+00	-7.9714484763e-01	2.4337631697e-01	-1.7599385634e-01
168	-6.5727751738e-01	-2.3127895847e-01	-4.2599855891e-01	1.4514024014e-01	0.0000000000e+00	-7.9718832361e-01	2.4339950055e-01	-1.7603539094e-01
169	-6.5734088598e-01	-2.3129757353e-01	-4.2604331245e-01	1.4517751050e-01	0.0000000000e+00	-7.9726518112e-01	2.4343217364e-01	-1.7608059482e-01
170	-6.5743207335e-01	-2.3132611153e-01	-4.2610596182e-01	1.4521850015e-01	0.0000000000e+00	-7.9737577901e-01	2.4347481287e-01	-1.7613030970e-01
171	-6.5755304872e-01	-2.3136489887e-01	-4.2618814985e-01	1.4526480274e-01	0.0000000000e+00	-7.9752250569e-01	2.4352906372e-01	-1.7618646844e-01
172	-6.5769982277e-01	-2.3141278021e-01	-4.2628704256e-01	1.4531503951e-01	0.0000000000e+00	-7.9770052268e-01	2.4359282795e-01	-1.7624739882e-01
173	-6.5786382438e-01	-2.3146741615e-01	-4.2639640823e-01	1.4536536562e-01	0.0000000000e+00	-7.9789943435e-01	2.4366124011e-01	-1.7630843755e-01
174	-6.5804334350e-01	-2.3152829386e-01	-4.2651504964e-01	1.4541532560e-01	0.0000000000e+00	-7.9811716665e-01	2.4373344471e-01	-1.7636903223e-01
175	-6.5823428148e-01	-2.3159402450e-01	-4.2664025698e-01	1.4546394163e-01	0.0000000000e+00	-7.9834874848e-01	2.4380779061e-01	-1.7642799686e-01
176	-6.5844060572e-01	-2.3166537089e-01	-4.2677523483e-01	1.4551416792e-01	0.0000000000e+00	-7.9859899174e-01	2.4388732993e-01	-1.7648891452e-01
177	-6.5865774566e-01	-2.3174081244e-01	-4.2691693321e-01	1.4556470093e-01	0.0000000000e+00	-7.9886235298e-01	2.4397015097e-01	-1.7655020420e-01
178	-6.5888028901e-01	-2.3181893210e-01	-4.2706135690e-01	1.4561291049e-01	0.0000000000e+00	-7.9913226783e-01	2.4405303100e-01	-1.7660867585e-01
179	-6.5910860597e-01	-2.3189956467e-01	-4.2720904130e-01	1.4565983306e-01	0.0000000000e+00	-7.9940918528e-01	2.4413684578e-01	-1.7666558655e-01
180	-6.5934217622e-01	-2.3198225133e-01	-4.2735992490e-01	1.4570613912e-01	0.0000000000e+00	-7.9969247426e-01	2.4422209196e-01	-1.7672174951e-01
181	-6.5957835301e-01	-2.3206615201e-01	-4.2751220100e-01	1.4575101538e-01	0.0000000000e+00	-7.9997892462e-01	2.4430756124e-01	-1.7677617831e-01
182	-6.5981389593e-01	-2.3215027366e-01	-4.2766362227e-01	1.4579344117e-01	0.0000000000e+00	-8.0026460618e-01	2.4439168575e-01	-1.7682763503e-01
183	-6.6005163503e-01	-2.3223498936e-01	-4.2781664567e-01	1.4583584590e-01	0.0000000000e+00	-8.0055295141e-01	2.4447707039e-01	-1.7687906621e-01
184	-6.6028797145e-01	-2.3231927654e-01	-4.2796869491e-01	1.4587678814e-01	0.0000000000e+00	-8.0083959536e-01	2.4456177296e-01	-1.7692872359e-01
185	-6.6052180055e-01	-2.3240271456e-01	-4.2811908599e-01	1.4591627464e-01	0.0000000000e+00	-8.0112319830e-01	2.4464546429e-01	-1.7697661535e-01
186	-6.6075201898e-01	-2.3248490928e-01	-4.2826710970e-01	1.4595416481e-01	0.0000000000e+00	-8.0140242198e-01	2.4472775052e-01	-1.7702257098e-01
187	-6.6097660727e-01	-2.3256521098e-01	-4.2841139629e-01	1.4598995739e-01	0.0000000000e+00	-8.0167481706e-01	2.4480773163e-01	-1.7706598251e-01
188	-6.6119385453e-01	-2.3264294847e-01	-4.2855090606e-01	1.4602344225e-01	0.0000000000e+00	-8.0193830847e-01	2.4488494698e-01	-1.7710659509e-01
189	-6.6140419856e-01	-2.3271808965e-01	-4.2868610891e-01	1.4605547843e-01	0.0000000000e+00	-8.0219342720e-01	2.4496002408e-01	-1.7714545062e-01
190	-6.6160682472e-01	-2.3279038180e-01	-4.2881644292e-01	1.4608593867e-01	0.0000000000e+00	-8.0243918519e-01	2.4503257639e-01	-1.7718239476e-01
191	-6.6180079431e-01	-2.3285961759e-01	-4.2894117673e-01	1.4611443059e-01	0.0000000000e+00	-8.0267444396e-01	2.4510194893e-01	-1.7721695159e-01
192	-6.6198451634e-01	-2.3292534122e-01	-4.2905917512e-01	1.4614038638e-01	0.0000000000e+00	-8.0289727381e-01	2.4516729236e-01	-1.7724843243e-01
193	-6.6215784559e-01	-2.3298742227e-01	-4.2917042333e-01	1.4616410988e-01	0.0000000000e+00	-8.0310749865e-01	2.4522875133e-01	-1.7727720582e-01
194	-6.6231919769e-01	-2.3304548266e-01	-4.2927371504e-01	1.4618485705e-01	0.0000000000e+00	-8.0330319682e-01	2.4528529047e-01	-1.7730236932e-01
195	-6.6246879450e-01	-2.3309952204e-01	-4.2936927246e-01	1.4620298417e-01	0.0000000000e+00	-8.0348463742e-01	2.4533718803e-01	-1.7732435505e-01
196	-6.6260615518e-01	-2.3314937291e-01	-4.2945678226e-01	1.4621841496e-01	0.0000000000e+00	-8.0365123726e-01	2.4538426168e-01	-1.7734307050e-01
197	-6.6273158550e-01	-2.3319506892e-01	-4.2953651658e-01	1.4623143276e-01	0.0000000000e+00	-8.0380336720e-01	2.4542680958e-01	-1.7735885932e-01
198	-6.6284356514e-01	-2.3323624630e-01	-4.2960731884e-01	1.4624136907e-01	0.0000000000e+00	-8.0393918328e-01	2.4546384067e-01	-1.7737091072e-01
199	-6.6294167201e-01	-2.3327279812e-01	-4.2966887389e-01	1.4624801761e-01	0.0000000000e+00	-8.0405817359e-01	2.4549509471e-01	-1.7737897449e-01
200	-6.6302599426e-01	-2.3330472850e-01	-4.2972126577e-01	1.4625144942e-01	0.0000000000e+00	-8.0416044502e-01	2.4552067158e-01	-1.7738313681e-01
201	-6.6309728663e-01	-2.3333221675e-01	-4.2976506988e-01	1.4625212054e-01	0.0000000000e+00	-8.0424691298e-01	2.4554106641e-01	-1.7738395078e-01
202	-6.6315622284e-01	-2.3335541688e-01	-4.2980080596e-01	1.4625043176e-01	0.0000000000e+00	-8.0431839459e-01	2.4555673635e-01	-1.7738190253e-01
203	-6.6320269172e-01	-2.3337425275e-01	-4.2982843897e-01	1.4624644346e-01	0.0000000000e+00	-8.0437475503e-01	2.4556773278e-01	-1.7737706526e-01
204	-6.6323806663e-01	-2.3338909232e-01	-4.2984897432e-01	1.4624081203e-01	0.0000000000e+00	-8.0441766000e-01	2.4557485250e-01	-1.7737023511e-01
205	-6.6326316995e-01	-2.3340019027e-01	-4.2986297968e-01	1.4623380748e-01	0.0000000000e+00	-8.0444810690e-01	2.4557848676e-01	-1.7736173954e-01
206	-6.6327866707e-01	-2.3340774509e-01	-4.2987092198e-01	1.4622567879e-01	0.0000000000e+00	-8.0446690281e-01	2.4557897111e-01	-1.7735188054e-01
207	-6.6328528921e-01	-2.3341199754e-01	-4.2987329167e-01	1.4621660529e-01	0.0000000000e+00	-8.0447493457e-01	2.4557661766e-01	-1.7734087562e-01
208	-6.6328384484e-01	-2.3341322267e-01	-4.2987062217e-01	1.4620678902e-01	0.0000000000e+00	-8.0447318274e-01	2.4557174938e-01	-1.7732896982e-01
209	-6.6327526661e-01	-2.3341173856e-01	-4.2986352805e-01	1.4619646741e-01	0.0000000000e+00	-8.0446277851e-01	2.4556473687e-01	-1.7731645111e-01
210	-6.6325976940e-01	-2.3340768799e-01	-4.2985208141e-01	1.4618547128e-01	0.0000000000e+00	-8.0444398250e-01	2.4555549178e-01	-1.7730311429e-01
211	-6.6323773672e-01	-2.3340122961e-01	-4.2983650711e-01	1.4617379408e-01	0.0000000000e+00	-8.0441725986e-01	2.4554409688e-01	-1.7728895143e-01
212	-6.6320916027e-01	-2.3339242087e-01	-4.2981673940e-01	1.4616122341e-01	0.0000000000e+00	-8.0438260050e-01	2.4553039817e-01	-1.7727370492e-01
213	-6.6317583810e-01	-2.3338177242e-01	-4.2979406568e-01	1.4614851524e-01	0.0000000000e+00	-8.0434218524e-01	2.4551536658e-01	-1.7725829164e-01
214	-6.6313826758e-01	-2.3336947294e-01	-4.2976879465e-01	1.4613573875e-01	0.0000000000e+00	-8.0429661731e-01	2.4549915214e-01	-1.7724279549e-01
215	-6.6309680394e-01	-2.3335568243e-01	-4.2974112151e-01	1.4612282956e-01	0.0000000000e+00	-8.0424632754e-01	2.4548179886e-01	-1.7722713839e-01
216	-6.6305210493e-01	-2.3334060952e-01	-4.2971149541e-01	1.4610995757e-01	0.0000000000e+00	-8.0419211372e-01	2.4546360736e-01	-1.7721152642e-01
217	-6.6300539400e-01	-2.3332466878e-01	-4.2968072522e-01	1.4609745562e-01	0.0000000000e+00	-8.0413545970e-01	2.4544507055e-01	-1.7719636325e-01
218	-6.6295642821e-01	-2.3330785188e-01	-4.2964857633e-01	1.4608499914e-01	0.0000000000e+00	-8.0407607086e-01	2.4542590556e-01	-1.7718125523e-01
219	-6.6290569218e-01	-2.3329030700e-01	-4.2961538518e-01	1.4607271445e-01	0.0000000000e+00	-8.0401453494e-01	2.4540634772e-01	-1.7716635558e-01
220	-6.6285376670e-01	-2.3327222889e-01	-4.2958153782e-01	1.4606074312e-01	0.0000000000e+00	-8.0395155639e-01	2.4538663616e-01	-1.7715183598e-01
221	-6.6280153322e-01	-2.3325392077e-01	-4.2954761245e-01	1.4604930504e-01	0.0000000000e+00	-8.0388820427e-01	2.4536711461e-01	-1.7713796315e-01
222	-6.6274932702e-01	-2.3323553966e-01	-4.2951378736e-01	1.4603835457e-01	0.0000000000e+00	-8.0382488525e-01	2.4534780963e-01	-1.7712468171e-01
223	-6.6269710847e-01	-2.3321713779e-01	-4.2947997068e-01	1.4602767332e-01	0.0000000000e+00	-8.0376155124e-01	2.4532854112e-01	-1.7711172681e-01
224	-6.6264490397e-01	-2.3319872174e-01	-4.2944618222e-01	1.4601722372e-01	0.0000000000e+00	-8.0369823428e-01	2.4530932560e-01	-1.7709905287e-01
225	-6.6259313542e-01	-2.3318042160e-01	-4.2941271382e-01	1.4600713548e-01	0.0000000000e+00	-8.0363544607e-01	2.4529036527e-01	-1.7708681719e-01
226	-6.6254225023e-01	-2.3316238664e-01	-4.2937986359e-01	1.4599752471e-01	0.0000000000e+00	-8.0357372924e-01	2.4527184618e-01	-1.7707516064e-01
227	-6.6249234690e-01	-2.3314466431e-01	-4.2934768259e-01	1.4598835045e-01	0.0000000000e+00	-8.0351320328e-01	2.4525377284e-01	-1.7706403350e-01
228	-6.6244357599e-01	-2.3312730392e-01	-4.2931627208e-01	1.4597963204e-01	0.0000000000e+00	-8.0345405080e-01	2.4523621020e-01	-1.7705345926e-01
229	-6.6239608854e-01	-2.3311035653e-01	-4.2928573201e-01	1.4597139388e-01	0.0000000000e+00	-8.0339645497e-01	2.4521921935e-01	-1.7704346750e-01
230	-6.6235001453e-01	-2.3309386856e-01	-4.2925614597e-01	1.4596364230e-01	0.0000000000e+00	-8.0334057345e-01	2.4520284676e-01	-1.7703406588e-01
231	-6.6230552424e-01	-2.3307789381e-01	-4.2922763043e-01	1.4595641700e-01	0.0000000000e+00	-8.0328661278e-01	2.4518717078e-01	-1.7702530257e-01
232	-6.6226278532e-01	-2.3306247975e-01	-4.2920030557e-01	1.4594977376e-01	0.0000000000e+00	-8.0323477628e-01	2.4517228227e-01	-1.7701724523e-01
233	-6.6222181651e-01	-2.3304763994e-01	-4.2917417657e-01	1.4594368331e-01	0.0000000000e+00	-8.0318508668e-01	2.4515817078e-01	-1.7700985834e-01
234	-6.6218272038e-01	-2.3303341272e-01	-4.2914930765e-01	1.4593815669e-01	0.0000000000e+00	-8.0313766838e-01	2.4514486866e-01	-1.7700315530e-01
235	-6.6214561449e-01	-2.3301983994e-01	-4.2912577455e-01	1.4593321675e-01	0.0000000000e+00	-8.0309266397e-01	2.4513241825e-01	-1.7699716382e-01
236	-6.6211054109e-01	-2.3300694304e-01	-4.2910359805e-01	1.4592885159e-01	0.0000000000e+00	-8.0305012471e-01	2.4512081877e-01	-1.7699186948e-01
237	-6.6207750010e-01	-2.3299473157e-01	-4.2908276853e-01	1.4592503032e-01	0.0000000000e+00	-8.0301005048e-01	2.4511004621e-01	-1.7698723480e-01
238	-6.6204646924e-01	-2.3298320817e-01	-4.2906326106e-01	1.4592171519e-01	0.0000000000e+00	-8.0297241426e-01	2.4510006611e-01	-1.7698321399e-01
239	-6.6201741515e-01	-2.3297237130e-01	-4.2904504385e-01	1.4591886634e-01	0.0000000000e+00	-8.0293717560e-01	2.4509084068e-01	-1.7697975873e-01
240	-6.6199030531e-01	-2.3296221826e-01	-4.2902808705e-01	1.4591644815e-01	0.0000000000e+00	-8.0290429505e-01	2.4508233599e-01	-1.7697682579e-01
241	-6.6196511537e-01	-2.3295274653e-01	-4.2901236883e-01	1.4591443369e-01	0.0000000000e+00	-8.0287374307e-01	2.4507452788e-01	-1.7697438252e-01
242	-6.6194163286e-01	-2.3294390565e-01	-4.2899772721e-01	1.4591269748e-01	0.0000000000e+00	-8.0284526198e-01	2.4506727694e-01	-1.7697227674e-01
243	-6.6191996541e-01	-2.3293572071e-01	-4.2898424470e-01	1.4591129593e-01	0.0000000000e+00	-8.0281898231e-01	2.4506065499e-01	-1.7697057685e-01
244	-6.6190014570e-01	-2.3292820046e-01	-4.2897194524e-01	1.4591024074e-01	0.0000000000e+00	-8.0279494368e-01	2.4505468097e-01	-1.7696929704e-01
245	-6.6188216503e-01	-2.3292134339e-01	-4.2896082164e-01	1.4590952266e-01	0.0000000000e+00	-8.0277313557e-01	2.4504934781e-01	-1.7696842612e-01
246	-6.6186599820e-01	-2.3291514338e-01	-4.2895085482e-01	1.4590911732e-01	0.0000000000e+00	-8.0275352741e-01	2.4504463930e-01	-1.7696793449e-01
247	-6.6185159454e-01	-2.3290958646e-01	-4.2894200807e-01	1.4590899525e-01	0.0000000000e+00	-8.0273605772e-01	2.4504052701e-01	-1.7696778644e-01
248	-6.6183892767e-01	-2.3290466367e-01	-4.2893426400e-01	1.4590914590e-01	0.0000000000e+00	-8.0272069453e-01	2.4503700042e-01	-1.7696796916e-01
249	-6.6182798258e-01	-2.3290036842e-01	-4.2892761416e-01	1.4590956410e-01	0.0000000000e+00	-8.0270741963e-01	2.4503405717e-01	-1.7696847637e-01
250	-6.6181872734e-01	-2.3289668955e-01	-4.2892203780e-01	1.4591023684e-01	0.0000000000e+00	-8.0269619428e-01	2.4503168531e-01	-1.7696929231e-01
251	-6.6181112515e-01	-2.3289361414e-01	-4.2891751102e-01	1.4591115106e-01	0.0000000000e+00	-8.0268697386e-01	2.4502987110e-01	-1.7697040113e-01
252	-6.6180516718e-01	-2.3289113584e-01	-4.2891403134e-01	1.4591230785e-01	0.0000000000e+00	-8.0267974765e-01	2.4502861938e-01	-1.7697180417e-01
253	-6.6180079440e-01	-2.3288923570e-01	-4.2891155870e-01	1.4591368728e-01	0.0000000000e+00	-8.0267444406e-01	2.4502790375e-01	-1.7697347723e-01
254	-6.6179792187e-01	-2.3288788756e-01	-4.2891003431e-01	1.4591525915e-01	0.0000000000e+00	-8.0267096007e-01	2.4502768344e-01	-1.7697538369e-01
255	-6.6179650943e-01	-2.3288707587e-01	-4.2890943355e-01	1.4591701473e-01	0.0000000000e+00	-8.0266924697e-01	2.4502794710e-01	-1.7697751298e-01
256	-6.6179650437e-01	-2.3288678179e-01	-4.2890972259e-01	1.4591894123e-01	0.0000000000e+00	-8.0266924084e-01	2.4502867600e-01	-1.7697984956e-01
257	-6.6179784508e-01	-2.3288698379e-01	-4.2891086129e-01	1.4592102318e-01	0.0000000000e+00	-8.0267086694e-01	2.4502984688e-01	-1.7698237468e-01
258	-6.6180046770e-01	-2.3288765952e-01	-4.2891280818e-01	1.4592324513e-01	0.0000000000e+00	-8.0267404781e-01	2.4503143582e-01	-1.7698506960e-01
259	-6.6180430188e-01	-2.3288878471e-01	-4.2891551717e-01	1.4592558917e-01	0.0000000000e+00	-8.0267869815e-01	2.4503341557e-01	-1.7698791260e-01
260	-6.6180927690e-01	-2.3289033435e-01	-4.2891894255e-01	1.4592803932e-01	0.0000000000e+00	-8.0268473218e-01	2.4503576025e-01	-1.7699088431e-01
261	-6.6181531220e-01	-2.3289227906e-01	-4.2892303314e-01	1.4593058137e-01	0.0000000000e+00	-8.0269205218e-01	2.4503844259e-01	-1.7699396747e-01
262	-6.6182232772e-01	-2.3289459321e-01	-4.2892773451e-01	1.4593318833e-01	0.0000000000e+00	-8.0270056105e-01	2.4504142662e-01	-1.7699712935e-01
263	-6.6183026355e-01	-2.3289725326e-01	-4.2893301029e-01	1.4593585492e-01	0.0000000000e+00	-8.0271018613e-01	2.4504469628e-01	-1.7700036356e-01
264	-6.6183905171e-01	-2.3290023350e-01	-4.2893881820e-01	1.4593857217e-01	0.0000000000e+00	-8.0272084497e-01	2.4504823087e-01	-1.7700365922e-01
265	-6.6184866166e-01	-2.3290351775e-01	-4.2894514391e-01	1.4594134708e-01	0.0000000000e+00	-8.0273250055e-01	2.4505203271e-01	-1.7700702480e-01
266	-6.6185897425e-01	-2.3290706759e-01	-4.2895190666e-01	1.4594414444e-01	0.0000000000e+00	-8.0274500831e-01	2.4505604884e-01	-1.7701041763e-01
267	-6.6186987409e-01	-2.3291084454e-01	-4.2895902955e-01	1.4594693476e-01	0.0000000000e+00	-8.0275822834e-01	2.4506023126e-01	-1.7701380190e-01
268	-6.6188129902e-01	-2.3291482287e-01	-4.2896647614e-01	1.4594971499e-01	0.0000000000e+00	-8.0277208522e-01	2.4506456659e-01	-1.7701717395e-01
269	-6.6189318410e-01	-2.3291897666e-01	-4.2897420744e-01	1.4595248159e-01	0.0000000000e+00	-8.0278650021e-01	2.4506903848e-01	-1.7702052946e-01
270	-6.6190547377e-01	-2.3292328376e-01	-4.2898219001e-01	1.4595523303e-01	0.0000000000e+00	-8.0280140592e-01	2.4507363280e-01	-1.7702386658e-01
271	-6.6191807664e-01	-2.3292771194e-01	-4.2899036471e-01	1.4595795128e-01	0.0000000000e+00	-8.0281669148e-01	2.4507831596e-01	-1.7702716345e-01
272	-6.6193093193e-01	-2.3293223694e-01	-4.2899869500e-01	1.4596063457e-01	0.0000000000e+00	-8.0283228321e-01	2.4508307258e-01	-1.7703041791e-01
273	-6.6194398942e-01	-2.3293683993e-01	-4.2900714949e-01	1.4596328061e-01	0.0000000000e+00	-8.0284812017e-01	2.4508788695e-01	-1.7703362720e-01
274	-6.6195717571e-01	-2.3294149613e-01	-4.2901567958e-01	1.4596587481e-01	0.0000000000e+00	-8.0286411334e-01	2.4509272931e-01	-1.7703677362e-01
275	-6.6197040821e-01	-2.3294617813e-01	-4.2902423008e-01	1.4596839836e-01	0.0000000000e+00	-8.0288016257e-01	2.4509756494e-01	-1.7703983433e-01
276	-6.6198361228e-01	-2.3295086043e-01	-4.2903275185e-01	1.4597083661e-01	0.0000000000e+00	-8.0289617731e-01	2.4510236428e-01	-1.7704279160e-01
277	-6.6199671643e-01	-2.3295551835e-01	-4.2904119807e-01	1.4597317674e-01	0.0000000000e+00	-8.0291207086e-01	2.4510709965e-01	-1.7704562986e-01
278	-6.6200965524e-01	-2.3296012896e-01	-4.2904952628e-01	1.4597540868e-01	0.0000000000e+00	-8.0292776388e-01	2.4511174665e-01	-1.7704833690e-01
279	-6.6202236545e-01	-2.3296467003e-01	-4.2905769542e-01	1.4597752263e-01	0.0000000000e+00	-8.0294317964e-01	2.4511628173e-01	-1.7705090084e-01
280	-6.6203479128e-01	-2.3296912151e-01	-4.2906566977e-01	1.4597951186e-01	0.0000000000e+00	-8.0295825048e-01	2.4512068532e-01	-1.7705331350e-01
281	-6.6204688444e-01	-2.3297346559e-01	-4.2907341885e-01	1.4598137239e-01	0.0000000000e+00	-8.0297291784e-01	2.4512494158e-01	-1.7705557007e-01
282	-6.6205860001e-01	-2.3297768563e-01	-4.2908091437e-01	1.4598310072e-01	0.0000000000e+00	-8.0298712723e-01	2.4512903593e-01	-1.7705766630e-01
283	-6.6206989801e-01	-2.3298176663e-01	-4.2908813138e-01	1.4598469467e-01	0.0000000000e+00	-8.0300083017e-01	2.4513295594e-01	-1.7705959955e-01
284	-6.6208074239e-01	-2.3298569491e-01	-4.2909504747e-01	1.4598615284e-01	0.0000000000e+00	-8.0301398293e-01	2.4513669070e-01	-1.7706136810e-01
285	-6.6209110130e-01	-2.3298945826e-01	-4.2910164304e-01	1.4598747475e-01	0.0000000000e+00	-8.0302654689e-01	2.4514023098e-01	-1.7706297141e-01
286	-6.6210094639e-01	-2.3299304570e-01	-4.2910790069e-01	1.4598866052e-01	0.0000000000e+00	-8.0303848764e-01	2.4514356874e-01	-1.7706440959e-01
287	-6.6211025290e-01	-2.3299644756e-01	-4.2911380534e-01	1.4598971086e-01	0.0000000000e+00	-8.0304977517e-01	2.4514669723e-01	-1.7706568351e-01
288	-6.6211899919e-01	-2.3299965531e-01	-4.2911934388e-01	1.4599062699e-01	0.0000000000e+00	-8.0306038324e-01	2.4514961071e-01	-1.7706679464e-01
289	-6.6212716679e-01	-2.3300266161e-01	-4.2912450518e-01	1.4599141063e-01	0.0000000000e+00	-8.0307028943e-01	2.4515230446e-01	-1.7706774510e-01
290	-6.6213474737e-01	-2.3300546262e-01	-4.2912928475e-01	1.4599206623e-01	0.0000000000e+00	-8.0307948364e-01	2.4515477766e-01	-1.7706854025e-01
291	-6.6214170632e-01	-2.3300804682e-01	-4.2913365950e-01	1.4599258635e-01	0.0000000000e+00	-8.0308792390e-01	2.4515701586e-01	-1.7706917108e-01
292	-6.6214804710e-01	-2.3301041289e-01	-4.2913763421e-01	1.4599298228e-01	0.0000000000e+00	-8.0309561441e-01	2.4515902665e-01	-1.7706965129e-01
293	-6.6215376818e-01	-2.3301255941e-01	-4.2914120876e-01	1.4599325957e-01	0.0000000000e+00	-8.0310255329e-01	2.4516081169e-01	-1.7706998760e-01
294	-6.6215886611e-01	-2.3301448484e-01	-4.2914438127e-01	1.4599342145e-01	0.0000000000e+00	-8.0310873639e-01	2.4516237054e-01	-1.7707018395e-01
295	-6.6216333892e-01	-2.3301618822e-01	-4.2914715071e-01	1.4599347094e-01	0.0000000000e+00	-8.0311416131e-01	2.4516370312e-01	-1.7707024397e-01
296	-6.6216718799e-01	-2.3301766968e-01	-4.2914951831e-01	1.4599341183e-01	0.0000000000e+00	-8.0311882970e-01	2.4516481079e-01	-1.7707017227e-01
297	-6.6217041886e-01	-2.3301893066e-01	-4.2915148820e-01	1.4599325023e-01	0.0000000000e+00	-8.0312274831e-01	2.4516569692e-01	-1.7706997628e-01
298	-6.6217303879e-01	-2.3301997351e-01	-4.2915306527e-01	1.4599298799e-01	0.0000000000e+00	-8.0312592593e-01	2.4516636470e-01	-1.7706965822e-01
299	-6.6217505753e-01	-2.3302080107e-01	-4.2915425646e-01	1.4599263166e-01	0.0000000000e+00	-8.0312837439e-01	2.4516681924e-01	-1.7706922604e-01
300	-6.6217648975e-01	-2.3302141810e-01	-4.2915507165e-01	1.4599218765e-01	0.0000000000e+00	-8.0313011147e-01	2.4516706693e-01	-1.7706868751e-01
301	-6.6217735307e-01	-2.3302183029e-01	-4.2915552278e-01	1.4599166267e-01	0.0000000000e+00	-8.0313115856e-01	2.4516711562e-01	-1.7706805078e-01
302	-6.6217766799e-01	-2.3302204434e-01	-4.2915562365e-01	1.4599106366e-01	0.0000000000e+00	-8.0313154052e-01	2.4516697413e-01	-1.7706732426e-01
303	-6.6217745732e-01	-2.3302206785e-01	-4.2915538947e-01	1.4599039767e-01	0.0000000000e+00	-8.0313128500e-01	2.4516665203e-01	-1.7706651651e-01
304	-6.6217674601e-01	-2.3302190922e-01	-4.2915483679e-01	1.4598967181e-01	0.0000000000e+00	-8.0313042228e-01	2.4516615946e-01	-1.7706563614e-01
305	-6.6217556126e-01	-2.3302157771e-01	-4.2915398355e-01	1.4598889331e-01	0.0000000000e+00	-8.0312898534e-01	2.4516550729e-01	-1.7706469192e-01
306	-6.6217393196e-01	-2.3302108325e-01	-4.2915284871e-01	1.4598806930e-01	0.0000000000e+00	-8.0312700922e-01	2.4516470684e-01	-1.7706369252e-01
307	-6.6217188864e-01	-2.3302043637e-01	-4.2915145226e-01	1.4598720692e-01	0.0000000000e+00	-8.0312453095e-01	2.4516376986e-01	-1.7706264656e-01
308	-6.6216946291e-01	-2.3301964811e-01	-4.2914981479e-01	1.4598631309e-01	0.0000000000e+00	-8.0312158887e-01	2.4516270835e-01	-1.7706156247e-01
309	-6.6216668746e-01	-2.3301872992e-01	-4.2914795754e-01	1.4598539460e-01	0.0000000000e+00	-8.0311822262e-01	2.4516153453e-01	-1.7706044846e-01
310	-6.6216359578e-01	-2.3301769356e-01	-4.2914590222e-01	1.4598445806e-01	0.0000000000e+00	-8.0311447284e-01	2.4516026082e-01	-1.7705931256e-01
311	-6.6216022182e-01	-2.3301655106e-01	-4.2914367076e-01	1.4598350983e-01	0.0000000000e+00	-8.0311038069e-01	2.4515889963e-01	-1.7705816249e-01
312	-6.6215660004e-01	-2.3301531475e-01	-4.2914128529e-01	1.4598255587e-01	0.0000000000e+00	-8.0310598796e-01	2.4515746318e-01	-1.7705700547e-01
313	-6.6215276439e-01	-2.3301399674e-01	-4.2913876765e-01	1.4598160191e-01	0.0000000000e+00	-8.0310133583e-01	2.4515596364e-01	-1.7705584845e-01
314	-6.6214874717e-01	-2.3301260862e-01	-4.2913613855e-01	1.4598065289e-01	0.0000000000e+00	-8.0309646349e-01	2.4515441242e-01	-1.7705469741e-01
315	-6.6214458148e-01	-2.3301116217e-01	-4.2913341931e-01	1.4597971410e-01	0.0000000000e+00	-8.0309141108e-01	2.4515282142e-01	-1.7705355879e-01
316	-6.6214030098e-01	-2.3300966934e-01	-4.2913063164e-01	1.4597879110e-01	0.0000000000e+00	-8.0308621941e-01	2.4515120287e-01	-1.7705243932e-01
317	-6.6213593855e-01	-2.3300814184e-01	-4.2912779670e-01	1.4597788903e-01	0.0000000000e+00	-8.0308092837e-01	2.4514956858e-01	-1.7705134523e-01
318	-6.6213152589e-01	-2.3300659106e-01	-4.2912493484e-01	1.4597701252e-01	0.0000000000e+00	-8.0307557642e-01	2.4514792973e-01	-1.7705028214e-01
319	-6.6212709339e-01	-2.3300502793e-01	-4.2912206546e-01	1.4597616573e-01	0.0000000000e+00	-8.0307020040e-01	2.4514629691e-01	-1.7704925510e-01
320	-6.6212266989e-01	-2.3300346293e-01	-4.2911920696e-01	1.4597535232e-01	0.0000000000e+00	-8.0306483530e-01	2.4514468004e-01	-1.7704826854e-01
321	-6.6211828254e-01	-2.3300190595e-01	-4.2911637659e-01	1.4597457546e-01	0.0000000000e+00	-8.0305951404e-01	2.4514308831e-01	-1.7704732632e-01
322	-6.6211395684e-01	-2.3300036631e-01	-4.2911359053e-01	1.4597383793e-01	0.0000000000e+00	-8.0305426755e-01	2.4514153028e-01	-1.7704643180e-01
323	-6.6210971647e-01	-2.3299885271e-01	-4.2911086377e-01	1.4597314207e-01	0.0000000000e+00	-8.0304912456e-01	2.4514001382e-01	-1.7704558781e-01
324	-6.6210558334e-01	-2.3299737322e-01	-4.2910821012e-01	1.4597248986e-01	0.0000000000e+00	-8.0304411164e-01	2.4513854613e-01	-1.7704479677e-01
325	-6.6210157751e-01	-2.3299593526e-01	-4.2910564225e-01	1.4597188292e-01	0.0000000000e+00	-8.0303925311e-01	2.4513713374e-01	-1.7704406063e-01
326	-6.6209771715e-01	-2.3299454558e-01	-4.2910317157e-01	1.4597132251e-01	0.0000000000e+00	-8.0303457101e-01	2.4513578248e-01	-1.7704338093e-01
327	-6.6209401858e-01	-2.3299321027e-01	-4.2910080832e-01	1.4597080958e-01	0.0000000000e+00	-8.0303008515e-01	2.4513449756e-01	-1.7704275882e-01
328	-6.6209049619e-01	-2.3299193470e-01	-4.2909856149e-01	1.4597034490e-01	0.0000000000e+00	-8.0302581297e-01	2.4513328348e-01	-1.7704219522e-01
329	-6.6208716171e-01	-2.3299072342e-01	-4.2909643829e-01	1.4596992845e-01	0.0000000000e+00	-8.0302176870e-01	2.4513214359e-01	-1.7704169012e-01
330	-6.6208402590e-01	-2.3298958051e-01	-4.2909444539e-01	1.4596955954e-01	0.0000000000e+00	-8.0301796539e-01	2.4513108110e-01	-1.7704124269e-01
331	-6.6208109753e-01	-2.3298850927e-01	-4.2909258825e-01	1.4596923861e-01	0.0000000000e+00	-8.0301441367e-01	2.4513009873e-01	-1.7704085344e-01
332	-6.6207838412e-01	-2.3298751265e-01	-4.2909087147e-01	1.4596896530e-01	0.0000000000e+00	-8.0301112267e-01	2.4512919852e-01	-1.7704052195e-01
333	-6.6207589072e-01	-2.3298659272e-01	-4.2908929800e-01	1.4596873871e-01	0.0000000000e+00	-8.0300809852e-01	2.4512838160e-01	-1.7704024713e-01
334	-6.6207362065e-01	-2.3298575091e-01	-4.2908786974e-01	1.4596855768e-01	0.0000000000e+00	-8.0300534523e-01	2.4512764853e-01	-1.7704002757e-01
335	-6.6207157544e-01	-2.3298498805e-01	-4.2908658739e-01	1.4596842078e-01	0.0000000000e+00	-8.0300286467e-01	2.4512699918e-01	-1.7703986153e-01
336	-6.6206975499e-01	-2.3298430436e-01	-4.2908545064e-01	1.4596832637e-01	0.0000000000e+00	-8.0300065672e-01	2.4512643285e-01	-1.7703974703e-01
337	-6.6206815761e-01	-2.3298369950e-01	-4.2908445811e-01	1.4596827258e-01	0.0000000000e+00	-8.0299871931e-01	2.4512594826e-01	-1.7703968179e-01
338	-6.6206677997e-01	-2.3298317257e-01	-4.2908360739e-01	1.4596825730e-01	0.0000000000e+00	-8.0299704841e-01	2.4512554353e-01	-1.7703966325e-01
339	-6.6206561770e-01	-2.3298272225e-01	-4.2908289545e-01	1.4596827838e-01	0.0000000000e+00	-8.0299563874e-01	2.4512521649e-01	-1.7703968881e-01
340	-6.6206466529e-01	-2.3298234681e-01	-4.2908231848e-01	1.4596833356e-01	0.0000000000e+00	-8.0299448360e-01	2.4512496458e-01	-1.7703975574e-01
341	-6.6206391607e-01	-2.3298204409e-01	-4.2908187198e-01	1.4596842049e-01	0.0000000000e+00	-8.0299357490e-01	2.4512478486e-01	-1.7703986118e-01
342	-6.6206336239e-01	-2.3298181157e-01	-4.2908155082e-01	1.4596853672e-01	0.0000000000e+00	-8.0299290336e-01	2.4512467406e-01	-1.7704000214e-01
343	-6.6206299577e-01	-2.3298164642e-01	-4.2908134935e-01	1.4596867977e-01	0.0000000000e+00	-8.0299245869e-01	2.4512462867e-01	-1.7704017565e-01
344	-6.6206280703e-01	-2.3298154553e-01	-4.2908126150e-01	1.4596884716e-01	0.0000000000e+00	-8.0299222977e-01	2.4512464496e-01	-1.7704037867e-01
345	-6.6206278640e-01	-2.3298150557e-01	-4.2908128082e-01	1.4596903641e-01	0.0000000000e+00	-8.0299220476e-01	2.4512471906e-01	-1.7704060820e-01
346	-6.6206292365e-01	-2.3298152304e-01	-4.2908140061e-01	1.4596924504e-01	0.0000000000e+00	-8.0299237123e-01	2.4512484696e-01	-1.7704086124e-01
347	-6.6206320816e-01	-2.3298159426e-01	-4.2908161389e-01	1.4596947061e-01	0.0000000000e+00	-8.0299271629e-01	2.4512502454e-01	-1.7704113484e-01
348	-6.6206362901e-01	-2.3298171546e-01	-4.2908191356e-01	1.4596971075e-01	0.0000000000e+00	-8.0299322673e-01	2.4512524763e-01	-1.7704142608e-01
349	-6.6206417513e-01	-2.3298188276e-01	-4.2908229238e-01	1.4596996310e-01	0.0000000000e+00	-8.0299388910e-01	2.4512551202e-01	-1.7704173215e-01
350	-6.6206483536e-01	-2.3298209226e-01	-4.2908274310e-01	1.4597022540e-01	0.0000000000e+00	-8.0299468987e-01	2.4512581354e-01	-1.7704205029e-01
351	-6.6206559850e-01	-2.3298234005e-01	-4.2908325845e-01	1.4597049546e-01	0.0000000000e+00	-8.0299561545e-01	2.4512614801e-01	-1.7704237783e-01
352	-6.6206645345e-01	-2.3298262220e-01	-4.2908383125e-01	1.4597077117e-01	0.0000000000e+00	-8.0299665239e-01	2.4512651131e-01	-1.7704271223e-01
353	-6.6206738925e-01	-2.3298293486e-01	-4.2908445439e-01	1.4597105052e-01	0.0000000000e+00	-8.0299778739e-01	2.4512689941e-01	-1.7704305105e-01
354	-6.6206839518e-01	-2.3298327423e-01	-4.2908512095e-01	1.4597133161e-01	0.0000000000e+00	-8.0299900745e-01	2.4512730841e-01	-1.7704339196e-01
355	-6.6206946076e-01	-2.3298363659e-01	-4.2908582417e-01	1.4597161261e-01	0.0000000000e+00	-8.0300029985e-01	2.4512773448e-01	-1.7704373279e-01
356	-6.6207057584e-01	-2.3298401833e-01	-4.2908655751e-01	1.4597189185e-01	0.0000000000e+00	-8.0300165229e-01	2.4512817398e-01	-1.7704407146e-01
357	-6.6207173065e-01	-2.3298441597e-01	-4.2908731469e-01	1.4597216774e-01	0.0000000000e+00	-8.0300305292e-01	2.4512862340e-01	-1.7704440609e-01
358	-6.6207291584e-01	-2.3298482616e-01	-4.2908808968e-01	1.4597243883e-01	0.0000000000e+00	-8.0300449039e-01	2.4512907940e-01	-1.7704473488e-01
359	-6.6207412248e-01	-2.3298524570e-01	-4.2908887678e-01	1.4597270379e-01	0.0000000000e+00	-8.0300595389e-01	2.4512953886e-01	-1.7704505624e-01
360	-6.6207534211e-01	-2.3298567154e-01	-4.2908967057e-01	1.4597296139e-01	0.0000000000e+00	-8.0300743313e-01	2.4512999879e-01	-1.7704536867e-01
361	-6.6207656680e-01	-2.3298610082e-01	-4.2909046598e-01	1.4597321056e-01	0.0000000000e+00	-8.0300891852e-01	2.4513045645e-01	-1.7704567088e-01
362	-6.6207778907e-01	-2.3298653082e-01	-4.2909125824e-01	1.4597345032e-01	0.0000000000e+00	-8.0301040095e-01	2.4513090927e-01	-1.7704596167e-01
363	-6.6207900138e-01	-2.3298695887e-01	-4.2909204251e-01	1.4597367953e-01	0.0000000000e+00	-8.0301187133e-01	2.4513135455e-01	-1.7704623968e-01
364	-6.6208019757e-01	-2.3298738266e-01	-4.2909281492e-01	1.4597389764e-01	0.0000000000e+00	-8.0301332215e-01	2.4513179032e-01	-1.7704650422e-01
365	-6.6208137183e-01	-2.3298780004e-01	-4.2909357179e-01	1.4597410410e-01	0.0000000000e+00	-8.0301474636e-01	2.4513221469e-01	-1.7704675462e-01
366	-6.6208251881e-01	-2.3298820903e-01	-4.2909430978e-01	1.4597429844e-01	0.0000000000e+00	-8.0301613749e-01	2.4513262594e-01	-1.7704699033e-01
367	-6.6208363369e-01	-2.3298860783e-01	-4.2909502586e-01	1.4597448031e-01	0.0000000000e+00	-8.0301748969e-01	2.4513302255e-01	-1.7704721091e-01
368	-6.6208471215e-01	-2.3298899481e-01	-4.2909571735e-01	1.4597464944e-01	0.0000000000e+00	-8.0301879772e-01	2.4513340318e-01	-1.7704741605e-01
369	-6.6208575035e-01	-2.3298936851e-01	-4.2909638185e-01	1.4597480567e-01	0.0000000000e+00	-8.0302005692e-01	2.4513376668e-01	-1.7704760553e-01
370	-6.6208674492e-01	-2.3298972764e-01	-4.2909701728e-01	1.4597494890e-01	0.0000000000e+00	-8.0302126318e-01	2.4513411205e-01	-1.7704777925e-01
371	-6.6208769294e-01	-2.3299007107e-01	-4.2909762186e-01	1.4597507913e-01	0.0000000000e+00	-8.0302241301e-01	2.4513443849e-01	-1.7704793721e-01
372	-6.6208859197e-01	-2.3299039785e-01	-4.2909819411e-01	1.4597519644e-01	0.0000000000e+00	-8.0302350340e-01	2.4513474533e-01	-1.7704807948e-01
373	-6.6208943999e-01	-2.3299070716e-01	-4.2909873283e-01	1.4597530096e-01	0.0000000000e+00	-8.0302453194e-01	2.4513503208e-01	-1.7704820626e-01
374	-6.6209023543e-01	-2.3299099836e-01	-4.2909923708e-01	1.4597539293e-01	0.0000000000e+00	-8.0302549671e-01	2.4513529840e-01	-1.7704831779e-01
375	-6.6209097710e-01	-2.3299127092e-01	-4.2909970618e-01	1.4597547259e-01	0.0000000000e+00	-8.0302639624e-01	2.4513554408e-01	-1.7704841442e-01
376	-6.6209166421e-01	-2.3299152448e-01	-4.2910013973e-01	1.4597554030e-01	0.0000000000e+00	-8.0302722962e-01	2.4513576905e-01	-1.7704849654e-01
377	-6.6209229632e-01	-2.3299175881e-01	-4.2910053751e-01	1.4597559643e-01	0.0000000000e+00	-8.0302799629e-01	2.4513597337e-01	-1.7704856461e-01
378	-6.6209287335e-01	-2.3299197379e-01	-4.2910089955e-01	1.4597564138e-01	0.0000000000e+00	-8.0302869614e-01	2.4513615720e-01	-1.7704861914e-01
379	-6.6209339550e-01	-2.3299216943e-01	-4.2910122607e-01	1.4597567562e-01	0.0000000000e+00	-8.0302932944e-01	2.4513632079e-01	-1.7704866066e-01
380	-6.6209386330e-01	-2.3299234584e-01	-4.2910151746e-01	1.4597569962e-01	0.0000000000e+00	-8.0302989681e-01	2.4513646452e-01	-1.7704868977e-01
381	-6.6209427753e-01	-2.3299250323e-01	-4.2910177430e-01	1.4597571388e-01	0.0000000000e+00	-8.0303039922e-01	2.4513658884e-01	-1.7704870707e-01
382	-6.6209463920e-01	-2.3299264190e-01	-4.2910199729e-01	1.4597571893e-01	0.0000000000e+00	-8.0303083787e-01	2.4513669424e-01	-1.7704871319e-01
383	-6.6209494956e-01	-2.3299276225e-01	-4.2910218732e-01	1.4597571530e-01	0.0000000000e+00	-8.0303121431e-01	2.4513678133e-01	-1.7704870878e-01
384	-6.6209521009e-01	-2.3299286474e-01	-4.2910234535e-01	1.4597570354e-01	0.0000000000e+00	-8.0303153029e-01	2.4513685077e-01	-1.7704869452e-01
385	-6.6209542239e-01	-2.3299294990e-01	-4.2910247249e-01	1.4597568420e-01	0.0000000000e+00	-8.0303178778e-01	2.4513690324e-01	-1.7704867107e-01
386	-6.6209558825e-01	-2.3299301832e-01	-4.2910256993e-01	1.4597565786e-01	0.0000000000e+00	-8.0303198895e-01	2.4513693951e-01	-1.7704863912e-01
387	-6.6209570961e-01	-2.3299307066e-01	-4.2910263895e-01	1.4597562506e-01	0.0000000000e+00	-8.0303213614e-01	2.4513696036e-01	-1.7704859934e-01
388	-6.6209578849e-01	-2.3299310760e-01	-4.2910268089e-01	1.4597558637e-01	0.0000000000e+00	-8.0303223181e-01	2.4513696661e-01	-1.7704855241e-01
389	-6.6209582706e-01	-2.3299312988e-01	-4.2910269718e-01	1.4597554235e-01	0.0000000000e+00	-8.0303227859e-01	2.4513695912e-01	-1.7704849903e-01
390	-6.6209582751e-01	-2.3299313826e-01	-4.2910268925e-01	1.4597549356e-01	0.0000000000e+00	-8.0303227913e-01	2.4513693874e-01	-1.7704843984e-01
391	-6.6209579213e-01	-2.3299313352e-01	-4.2910265861e-01	1.4597544053e-01	0.0000000000e+00	-8.0303223623e-01	2.4513690637e-01	-1.7704837553e-01
392	-6.6209572326e-01	-2.3299311647e-01	-4.2910260678e-01	1.4597538379e-01	0.0000000000e+00	-8.0303215269e-01	2.4513686289e-01	-1.7704830672e-01
393	-6.6209562323e-01	-2.3299308794e-01	-4.2910253529e-01	1.4597532388e-01	0.0000000000e+00	-8.0303203138e-01	2.4513680919e-01	-1.7704823405e-01
394	-6.6209549443e-01	-2.3299304875e-01	-4.2910244568e-01	1.4597526129e-01	0.0000000000e+00	-8.0303187515e-01	2.4513674616e-01	-1.7704815813e-01
395	-6.6209533921e-01	-2.3299299973e-01	-4.2910233948e-01	1.4597519650e-01	0.0000000000e+00	-8.0303168689e-01	2.4513667469e-01	-1.7704807956e-01
396	-6.6209515992e-01	-2.3299294170e-01	-4.2910221822e-01	1.4597513000e-01	0.0000000000e+00	-8.0303146944e-01	2.4513659564e-01	-1.7704799890e-01
397	-6.6209495890e-01	-2.3299287551e-01	-4.2910208340e-01	1.4597506223e-01	0.0000000000e+00	-8.0303122563e-01	2.4513650986e-01	-1.7704791670e-01
398	-6.6209473844e-01	-2.3299280194e-01	-4.2910193650e-01	1.4597499361e-01	0.0000000000e+00	-8.0303095824e-01	2.4513641820e-01	-1.7704783348e-01
399	-6.6209450079e-01	-2.3299272181e-01	-4.2910177897e-01	1.4597492456e-01	0.0000000000e+00	-8.0303067000e-01	2.4513632145e-01	-1.7704774973e-01
400	-6.6209424813e-01	-2.3299263590e-01	-4.2910161223e-01	1.4597485546e-01	0.0000000000e+00	-8.0303036356e-01	2.4513622040e-01	-1.7704766592e-01
401	-6.6209398261e-01	-2.3299254498e-01	-4.2910143763e-01	1.4597478666e-01	0.0000000000e+00	-8.0303004153e-01	2.4513611582e-01	-1.7704758248e-01
402	-6.6209370631e-01	-2.3299244978e-01	-4.2910125653e-01	1.4597471852e-01	0.0000000000e+00	-8.0302970640e-01	2.4513600844e-01	-1.7704749983e-01
403	-6.6209342121e-01	-2.3299235103e-01	-4.2910107018e-01	1.4597465134e-01	0.0000000000e+00	-8.0302936062e-01	2.4513589894e-01	-1.7704741835e-01
404	-6.6209312926e-01	-2.3299224942e-01	-4.2910087984e-01	1.4597458541e-01	0.0000000000e+00	-8.0302900652e-01	2.4513578802e-01	-1.7704733838e-01
405	-6.6209283230e-01	-2.3299214563e-01	-4.2910068667e-01	1.4597452100e-01	0.0000000000e+00	-8.0302864635e-01	2.4513567630e-01	-1.7704726027e-01
406	-6.6209253210e-01	-2.3299204030e-01	-4.2910049180e-01	1.4597445836e-01	0.0000000000e+00	-8.0302828225e-01	2.4513556438e-01	-1.7704718429e-01
407	-6.6209223035e-01	-2.3299193404e-01	-4.2910029631e-01	1.4597439771e-01	0.0000000000e+00	-8.0302791627e-01	2.4513545285e-01	-1.7704711073e-01
408	-6.6209192865e-01	-2.3299182743e-01	-4.2910010121e-01	1.4597433925e-01	0.0000000000e+00	-8.0302755035e-01	2.4513534223e-01	-1.7704703982e-01
409	-6.6209162852e-01	-2.3299172105e-01	-4.2909990747e-01	1.4597428315e-01	0.0000000000e+00	-8.0302718633e-01	2.4513523303e-01	-1.7704697179e-01
410	-6.6209133138e-01	-2.3299161540e-01	-4.2909971598e-01	1.4597422958e-01	0.0000000000e+00	-8.0302682594e-01	2.4513512573e-01	-1.7704690681e-01
411	-6.6209103857e-01	-2.3299151099e-01	-4.2909952759e-01	1.4597417866e-01	0.0000000000e+00	-8.0302647081e-01	2.4513502075e-01	-1.7704684506e-01
412	-6.6209075135e-01	-2.3299140827e-01	-4.2909934307e-01	1.4597413052e-01	0.0000000000e+00	-8.0302612244e-01	2.4513491850e-01	-1.7704678666e-01
413	-6.6209047085e-01	-2.3299130768e-01	-4.2909916317e-01	1.4597408524e-01	0.0000000000e+00	-8.0302578224e-01	2.4513481936e-01	-1.7704673175e-01
414	-6.6209019816e-01	-2.3299120962e-01	-4.2909898854e-01	1.4597404290e-01	0.0000000000e+00	-8.0302545149e-01	2.4513472364e-01	-1.7704668040e-01
415	-6.6208993424e-01	-2.3299111445e-01	-4.2909881978e-01	1.4597400357e-01	0.0000000000e+00	-8.0302513140e-01	2.4513463167e-01	-1.7704663269e-01
416	-6.6208967998e-01	-2.3299102251e-01	-4.2909865747e-01	1.4597396727e-01	0.0000000000e+00	-8.0302482301e-01	2.4513454369e-01	-1.7704658867e-01
417	-6.6208943617e-01	-2.3299093410e-01	-4.2909850207e-01	1.4597393404e-01	0.0000000000e+00	-8.0302452731e-01	2.4513445996e-01	-1.7704654836e-01
418	-6.6208920353e-01	-2.3299084949e-01	-4.2909835403e-01	1.4597390387e-01	0.0000000000e+00	-8.0302424514e-01	2.4513438067e-01	-1.7704651178e-01
419	-6.6208898266e-01	-2.3299076892e-01	-4.2909821373e-01	1.4597387677e-01	0.0000000000e+00	-8.0302397726e-01	2.4513430601e-01	-1.7704647891e-01
420	-6.6208877409e-01	-2.3299069260e-01	-4.2909808149e-01	1.4597385271e-01	0.0000000000e+00	-8.0302372430e-01	2.4513423611e-01	-1.7704644972e-01
421	-6.6208857828e-01	-2.3299062071e-01	-4.2909795757e-01	1.4597383165e-01	0.0000000000e+00	-8.0302348680e-01	2.4513417108e-01	-1.7704642418e-01
422	-6.6208839557e-01	-2.3299055338e-01	-4.2909784219e-01	1.4597381355e-01	0.0000000000e+00	-8.0302326521e-01	2.4513411102e-01	-1.7704640222e-01
423	-6.6208822625e-01	-2.3299049074e-01	-4.2909773552e-01	1.4597379834e-01	0.0000000000e+00	-8.0302305984e-01	2.4513405597e-01	-1.7704638377e-01
424	-6.6208807052e-01	-2.3299043287e-01	-4.2909763765e-01	1.4597378595e-01	0.0000000000e+00	-8.0302287096e-01	2.4513400597e-01	-1.7704636875e-01
425	-6.6208792848e-01	-2.3299037983e-01	-4.2909754865e-01	1.4597377630e-01	0.0000000000e+00	-8.0302269869e-01	2.4513396102e-01	-1.7704635704e-01
426	-6.6208780020e-01	-2.3299033166e-01	-4.2909746854e-01	1.4597376929e-01	0.0000000000e+00	-8.0302254310e-01	2.4513392110e-01	-1.7704634855e-01
427	-6.6208768563e-01	-2.3299028835e-01	-4.2909739728e-01	1.4597376484e-01	0.0000000000e+00	-8.0302240414e-01	2.4513388615e-01	-1.7704634314e-01
428	-6.6208758469e-01	-2.3299024990e-01	-4.2909733479e-01	1.4597376282e-01	0.0000000000e+00	-8.0302228172e-01	2.4513385612e-01	-1.7704634070e-01
429	-6.6208749721e-01	-2.3299021624e-01	-4.2909728097e-01	1.4597376312e-01	0.0000000000e+00	-8.0302217561e-01	2.4513383090e-01	-1.7704634107e-01
430	-6.6208742297e-01	-2.3299018733e-01	-4.2909723564e-01	1.4597376563e-01	0.0000000000e+00	-8.0302208557e-01	2.4513381039e-01	-1.7704634411e-01
431	-6.6208736169e-01	-2.3299016306e-01	-4.2909719863e-01	1.4597377022e-01	0.0000000000e+00	-8.0302201125e-01	2.4513379446e-01	-1.7704634967e-01
432	-6.6208731304e-01	-2.3299014333e-01	-4.2909716970e-01	1.4597377675e-01	0.0000000000e+00	-8.0302195224e-01	2.4513378296e-01	-1.7704635759e-01
433	-6.6208727663e-01	-2.3299012802e-01	-4.2909714861e-01	1.4597378509e-01	0.0000000000e+00	-8.0302190807e-01	2.4513377573e-01	-1.7704636771e-01
434	-6.6208725203e-01	-2.3299011698e-01	-4.2909713505e-01	1.4597379511e-01	0.0000000000e+00	-8.0302187824e-01	2.4513377259e-01	-1.7704637986e-01
435	-6.6208723877e-01	-2.3299011004e-01	-4.2909712872e-01	1.4597380667e-01	0.0000000000e+00	-8.0302186216e-01	2.4513377335e-01	-1.7704639388e-01
436	-6.6208723634e-01	-2.3299010705e-01	-4.2909712929e-01	1.4597381962e-01	0.0000000000e+00	-8.0302185921e-01	2.4513377781e-01	-1.7704640959e-01
437	-6.6208724421e-01	-2.3299010780e-01	-4.2909713640e-01	1.4597383383e-01	0.0000000000e+00	-8.0302186876e-01	2.4513378575e-01	-1.7704642682e-01
438	-6.6208726180e-01	-2.3299011211e-01	-4.2909714968e-01	1.4597384916e-01	0.0000000000e+00	-8.0302189009e-01	2.4513379696e-01	-1.7704644541e-01
439	-6.6208728852e-01	-2.3299011977e-01	-4.2909716874e-01	1.4597386546e-01	0.0000000000e+00	-8.0302192250e-01	2.4513381121e-01	-1.7704646518e-01
440	-6.6208732375e-01	-2.3299013057e-01	-4.2909719319e-01	1.4597388260e-01	0.0000000000e+00	-8.0302196524e-01	2.4513382828e-01	-1.7704648598e-01
441	-6.6208736688e-01	-2.3299014427e-01	-4.2909722260e-01	1.4597390045e-01	0.0000000000e+00	-8.0302201754e-01	2.4513384791e-01	-1.7704650762e-01
442	-6.6208741725e-01	-2.3299016067e-01	-4.2909725658e-01	1.4597391886e-01	0.0000000000e+00	-8.0302207863e-01	2.4513386988e-01	-1.7704652995e-01
443	-6.6208747422e-01	-2.3299017953e-01	-4.2909729469e-01	1.4597393772e-01	0.0000000000e+00	-8.0302214772e-01	2.4513389395e-01	-1.7704655283e-01
444	-6.6208753713e-01	-2.3299020062e-01	-4.2909733651e-01	1.4597395689e-01	0.0000000000e+00	-8.0302222403e-01	2.4513391987e-01	-1.7704657608e-01
445	-6.6208760533e-01	-2.3299022370e-01	-4.2909738163e-01	1.4597397626e-01	0.0000000000e+00	-8.0302230675e-01	2.4513394741e-01	-1.7704659957e-01
446	-6.6208767818e-01	-2.3299024856e-01	-4.2909742962e-01	1.4597399571e-01	0.0000000000e+00	-8.0302239511e-01	2.4513397633e-01	-1.7704662316e-01
447	-6.6208775503e-01	-2.3299027495e-01	-4.2909748008e-01	1.4597401512e-01	0.0000000000e+00	-8.0302248831e-01	2.4513400640e-01	-1.7704664670e-01
448	-6.6208783524e-01	-2.3299030266e-01	-4.2909753258e-01	1.4597403440e-01	0.0000000000e+00	-8.0302258560e-01	2.4513403741e-01	-1.7704667009e-01
449	-6.6208791820e-01	-2.3299033145e-01	-4.2909758675e-01	1.4597405344e-01	0.0000000000e+00	-8.0302268622e-01	2.4513406912e-01	-1.7704669318e-01
450	-6.6208800331e-01	-2.3299036112e-01	-4.2909764218e-01	1.4597407215e-01	0.0000000000e+00	-8.0302278944e-01	2.4513410132e-01	-1.7704671587e-01
451	-6.6208808997e-01	-2.3299039146e-01	-4.2909769851e-01	1.4597409045e-01	0.0000000000e+00	-8.0302289455e-01	2.4513413382e-01	-1.7704673806e-01
452	-6.6208817762e-01	-2.3299042225e-01	-4.2909775537e-01	1.4597410825e-01	0.0000000000e+00	-8.0302300086e-01	2.4513416640e-01	-1.7704675965e-01
453	-6.6208826572e-01	-2.3299045330e-01	-4.2909781242e-01	1.4597412548e-01	0.0000000000e+00	-8.0302310772e-01	2.4513419889e-01	-1.7704678055e-01
454	-6.6208835376e-01	-2.3299048443e-01	-4.2909786933e-01	1.4597414207e-01	0.0000000000e+00	-8.0302321449e-01	2.4513423112e-01	-1.7704680068e-01
455	-6.6208844119e-01	-2.3299051544e-01	-4.2909792575e-01	1.4597415796e-01	0.0000000000e+00	-8.0302332053e-01	2.4513426288e-01	-1.7704681995e-01
456	-6.6208852769e-01	-2.3299054621e-01	-4.2909798148e-01	1.4597417313e-01	0.0000000000e+00	-8.0302342545e-01	2.4513429409e-01	-1.7704683835e-01
457	-6.6208861270e-01	-2.3299057653e-01	-4.2909803616e-01	1.4597418748e-01	0.0000000000e+00	-8.0302352855e-01	2.4513432454e-01	-1.7704685576e-01
458	-6.6208869584e-01	-2.3299060627e-01	-4.2909808956e-01	1.4597420101e-01	0.0000000000e+00	-8.0302362939e-01	2.4513435411e-01	-1.7704687216e-01
459	-6.6208877675e-01	-2.3299063530e-01	-4.2909814145e-01	1.4597421367e-01	0.0000000000e+00	-8.0302372753e-01	2.4513438270e-01	-1.7704688752e-01
460	-6.6208885510e-01	-2.3299066348e-01	-4.2909819162e-01	1.4597422544e-01	0.0000000000e+00	-8.0302382255e-01	2.4513441018e-01	-1.7704690179e-01
461	-6.6208893057e-01	-2.3299069070e-01	-4.2909823987e-01	1.4597423630e-01	0.0000000000e+00	-8.0302391408e-01	2.4513443646e-01	-1.7704691497e-01
462	-6.6208900289e-01	-2.3299071686e-01	-4.2909828602e-01	1.4597424624e-01	0.0000000000e+00	-8.0302400180e-01	2.4513446145e-01	-1.7704692702e-01
463	-6.6208907181e-01	-2.3299074187e-01	-4.2909832994e-01	1.4597425525e-01	0.0000000000e+00	-8.0302408539e-01	2.4513448509e-01	-1.7704693795e-01
464	-6.6208913713e-01	-2.3299076564e-01	-4.2909837149e-01	1.4597426333e-01	0.0000000000e+00	-8.0302416461e-01	2.4513450730e-01	-1.7704694775e-01
465	-6.6208919866e-01	-2.3299078811e-01	-4.2909841055e-01	1.4597427048e-01	0.0000000000e+00	-8.0302423924e-01	2.4513452804e-01	-1.7704695642e-01
466	-6.6208925626e-01	-2.3299080922e-01	-4.2909844704e-01	1.4597427672e-01	0.0000000000e+00	-8.0302430910e-01	2.4513454727e-01	-1.7704696398e-01
467	-6.6208930981e-01	-2.3299082892e-01	-4.2909848089e-01	1.4597428204e-01	0.0000000000e+00	-8.0302437405e-01	2.4513456496e-01	-1.7704697045e-01
468	-6.6208935922e-01	-2.3299084718e-01	-4.2909851205e-01	1.4597428649e-01	0.0000000000e+00	-8.0302443398e-01	2.4513458109e-01	-1.7704697583e-01
469	-6.6208940444e-01	-2.3299086396e-01	-4.2909854048e-01	1.4597429006e-01	0.0000000000e+00	-8.0302448882e-01	2.4513459565e-01	-1.7704698017e-01
470	-6.6208944542e-01	-2.3299087925e-01	-4.2909856617e-01	1.4597429280e-01	0.0000000000e+00	-8.0302453853e-01	2.4513460864e-01	-1.7704698350e-01
471	-6.6208948217e-01	-2.3299089305e-01	-4.2909858911e-01	1.4597429474e-01	0.0000000000e+00	-8.0302458310e-01	2.4513462008e-01	-1.7704698584e-01
472	-6.6208951470e-01	-2.3299090536e-01	-4.2909860934e-01	1.4597429589e-01	0.0000000000e+00	-8.0302462256e-01	2.4513462997e-01	-1.7704698724e-01
473	-6.6208954306e-01	-2.3299091619e-01	-4.2909862687e-01	1.4597429631e-01	0.0000000000e+00	-8.0302465696e-01	2.4513463836e-01	-1.7704698775e-01
474	-6.6208956732e-01	-2.3299092555e-01	-4.2909864176e-01	1.4597429602e-01	0.0000000000e+00	-8.0302468637e-01	2.4513464527e-01	-1.7704698740e-01
475	-6.6208958755e-01	-2.3299093348e-01	-4.2909865407e-01	1.4597429507e-01	0.0000000000e+00	-8.0302471091e-01	2.4513465074e-01	-1.7704698625e-01
476	-6.6208960386e-01	-2.3299094000e-01	-4.2909866386e-01	1.4597429350e-01	0.0000000000e+00	-8.0302473069e-01	2.4513465482e-01	-1.7704698434e-01
477	-6.6208961638e-01	-2.3299094516e-01	-4.2909867122e-01	1.4597429136e-01	0.0000000000e+00	-8.0302474588e-01	2.4513465757e-01	-1.7704698174e-01
478	-6.6208962524e-01	-2.3299094900e-01	-4.2909867623e-01	1.4597428867e-01	0.0000000000e+00	-8.0302475662e-01	2.4513465904e-01	-1.7704697849e-01
479	-6.6208963059e-01	-2.3299095158e-01	-4.2909867901e-01	1.4597428550e-01	0.0000000000e+00	-8.0302476311e-01	2.4513465929e-01	-1.7704697464e-01
480	-6.6208963259e-01	-2.3299095294e-01	-4.2909867965e-01	1.4597428189e-01	0.0000000000e+00	-8.0302476554e-01	2.4513465839e-01	-1.7704697026e-01
481	-6.6208963143e-01	-2.3299095315e-01	-4.2909867828e-01	1.4597427788e-01	0.0000000000e+00	-8.0302476413e-01	2.4513465641e-01	-1.7704696539e-01
482	-6.6208962728e-01	-2.3299095227e-01	-4.2909867501e-01	1.4597427351e-01	0.0000000000e+00	-8.0302475910e-01	2.4513465342e-01	-1.7704696010e-01
483	-6.6208962034e-01	-2.3299095037e-01	-4.2909866997e-01	1.4597426884e-01	0.0000000000e+00	-8.0302475068e-01	2.4513464950e-01	-1.7704695443e-01
484	-6.6208961079e-01	-2.3299094751e-01	-4.2909866328e-01	1.4597426390e-01	0.0000000000e+00	-8.0302473910e-01	2.4513464471e-01	-1.7704694844e-01
485	-6.6208959885e-01	-2.3299094377e-01	-4.2909865508e-01	1.4597425874e-01	0.0000000000e+00	-8.0302472461e-01	2.4513463913e-01	-1.7704694218e-01
486	-6.6208958471e-01	-2.3299093921e-01	-4.2909864550e-01	1.4597425340e-01	0.0000000000e+00	-8.0302470747e-01	2.4513463285e-01	-1.7704693571e-01
487	-6.6208956858e-01	-2.3299093392e-01	-4.2909863467e-01	1.4597424793e-01	0.0000000000e+00	-8.0302468791e-01	2.4513462594e-01	-1.7704692907e-01
488	-6.6208955067e-01	-2.3299092795e-01	-4.2909862272e-01	1.4597424235e-01	0.0000000000e+00	-8.0302466618e-01	2.4513461847e-01	-1.7704692230e-01
489	-6.6208953118e-01	-2.3299092138e-01	-4.2909860979e-01	1.4597423671e-01	0.0000000000e+00	-8.0302464254e-01	2.4513461051e-01	-1.7704691547e-01
490	-6.6208951031e-01	-2.3299091430e-01	-4.2909859601e-01	1.4597423105e-01	0.0000000000e+00	-8.0302461723e-01	2.4513460215e-01	-1.7704690860e-01
491	-6.6208948826e-01	-2.3299090675e-01	-4.2909858151e-01	1.4597422540e-01	0.0000000000e+00	-8.0302459049e-01	2.4513459345e-01	-1.7704690174e-01
492	-6.6208946523e-01	-2.3299089882e-01	-4.2909856641e-01	1.4597421979e-01	0.0000000000e+00	-8.0302456256e-01	2.4513458448e-01	-1.7704689493e-01
493	-6.6208944141e-01	-2.3299089058e-01	-4.2909855083e-01	1.4597421424e-01	0.0000000000e+00	-8.0302453366e-01	2.4513457532e-01	-1.7704688821e-01
494	-6.6208941697e-01	-2.3299088208e-01	-4.2909853489e-01	1.4597420880e-01	0.0000000000e+00	-8.0302450402e-01	2.4513456601e-01	-1.7704688161e-01
495	-6.6208939209e-01	-2.3299087339e-01	-4.2909851870e-01	1.4597420348e-01	0.0000000000e+00	-8.0302447385e-01	2.4513455663e-01	-1.7704687516e-01
496	-6.6208936695e-01	-2.3299086458e-01	-4.2909850237e-01	1.4597419831e-01	0.0000000000e+00	-8.0302444336e-01	2.4513454724e-01	-1.7704686889e-01
497	-6.6208934170e-01	-2.3299085570e-01	-4.2909848601e-01	1.4597419332e-01	0.0000000000e+00	-8.0302441274e-01	2.4513453789e-01	-1.7704686283e-01
498	-6.6208931650e-01	-2.3299084680e-01	-4.2909846970e-01	1.4597418850e-01	0.0000000000e+00	-8.0302438217e-01	2.4513452862e-01	-1.7704685699e-01
499	-6.6208929153e-01	-2.3299083796e-01	-4.2909845357e-01	1.4597418391e-01	0.0000000000e+00	-8.0302435188e-01	2.4513451952e-01	-1.7704685142e-01
500	-6.6208926679e-01	-2.3299082917e-01	-4.2909843762e-01	1.4597417951e-01	0.0000000000e+00	-8.0302432188e-01	2.4513451056e-01	-1.7704684609e-01
501	-6.6208924254e-01	-2.3299082053e-01	-4.2909842201e-01	1.4597417536e-01	0.0000000000e+00	-8.0302429246e-01	2.4513450185e-01	-1.7704684105e-01
502	-6.6208921885e-01	-2.3299081207e-01	-4.2909840679e-01	1.4597417145e-01	0.0000000000e+00	-8.0302426373e-01	2.4513449340e-01	-1.7704683632e-01
503	-6.6208919583e-01	-2.3299080382e-01	-4.2909839201e-01	1.4597416780e-01	0.0000000000e+00	-8.0302423581e-01	2.4513448524e-01	-1.7704683188e-01
504	-6.6208917356e-01	-2.3299079581e-01	-4.2909837774e-01	1.4597416440e-01	0.0000000000e+00	-8.0302420880e-01	2.4513447742e-01	-1.7704682776e-01
