# Time           	e423_0           
1	( -4.0393093265e+01 2.3676332236e+01 -2.2163908798e+01 )	
2	( -2.2698356589e+00 1.0654095427e+00 -1.1752655929e+00 )	
3	( -1.0172293142e+00 4.4575787445e-01 -3.2480659376e-01 )	
4	( -9.1137327233e-01 3.9702923296e-01 -1.8408116101e-01 )	
5	( -7.8628885150e-01 3.4475463976e-01 -1.4652740338e-01 )	
6	( -7.2866901707e-01 3.2712086939e-01 -1.5058222417e-01 )	
7	( -7.5919443015e-01 3.2364593679e-01 -1.5504022861e-01 )	
8	( -7.6854654591e-01 3.1507026190e-01 -1.5522119007e-01 )	
9	( -7.7492635620e-01 3.0729713228e-01 -1.5455754580e-01 )	
10	( -7.5976050318e-01 2.9767696294e-01 -1.5404274252e-01 )	
11	( -7.4683036056e-01 2.9153738485e-01 -1.5546316522e-01 )	
12	( -7.4610795288e-01 2.8862489287e-01 -1.5279261509e-01 )	
13	( -7.4587044701e-01 2.8744784397e-01 -1.5228218527e-01 )	
14	( -7.5302101731e-01 2.8856295460e-01 -1.5226716749e-01 )	
15	( -7.6150683824e-01 2.9018818887e-01 -1.5249474445e-01 )	
16	( -7.7086368779e-01 2.9240822018e-01 -1.5295322698e-01 )	
17	( -7.8134729490e-01 2.9496460035e-01 -1.5375299589e-01 )	
18	( -7.9190616926e-01 2.9791401927e-01 -1.5488441871e-01 )	
19	( -8.0222734222e-01 3.0102535846e-01 -1.5612316451e-01 )	
20	( -8.1400493285e-01 3.0450558221e-01 -1.5755864203e-01 )	
21	( -8.2600332204e-01 3.0810249886e-01 -1.5904353918e-01 )	
22	( -8.3826051248e-01 3.1182244345e-01 -1.6050421702e-01 )	
23	( -8.5081754110e-01 3.1569872060e-01 -1.6210715079e-01 )	
24	( -8.6380518149e-01 3.1976272213e-01 -1.6367610025e-01 )	
25	( -8.7641637730e-01 3.2363786533e-01 -1.6510866661e-01 )	
26	( -8.8935673059e-01 3.2762600259e-01 -1.6640915109e-01 )	
27	( -9.0107176821e-01 3.3119069697e-01 -1.6739170645e-01 )	
28	( -9.1190011463e-01 3.3431936985e-01 -1.6808947897e-01 )	
29	( -9.2176363959e-01 3.3705978547e-01 -1.6857076980e-01 )	
30	( -9.3129390364e-01 3.3961846679e-01 -1.6895141048e-01 )	
31	( -9.3949614156e-01 3.4168584313e-01 -1.6915791194e-01 )	
32	( -9.4756661505e-01 3.4365245723e-01 -1.6923919370e-01 )	
33	( -9.5483262181e-01 3.4528536847e-01 -1.6914388417e-01 )	
34	( -9.6111120381e-01 3.4641338628e-01 -1.6867600692e-01 )	
35	( -9.6661501961e-01 3.4728666837e-01 -1.6815794838e-01 )	
36	( -9.7160766072e-01 3.4793871903e-01 -1.6747432548e-01 )	
37	( -9.7607399402e-01 3.4838311504e-01 -1.6670157891e-01 )	
38	( -9.8010907770e-01 3.4867526114e-01 -1.6574553020e-01 )	
39	( -9.8408474213e-01 3.4894411791e-01 -1.6475949565e-01 )	
40	( -9.8807575988e-01 3.4924355672e-01 -1.6374762537e-01 )	
41	( -9.9214062092e-01 3.4955473330e-01 -1.6281115535e-01 )	
42	( -9.9595052450e-01 3.4980366782e-01 -1.6180186966e-01 )	
43	( -9.9976700615e-01 3.5006495419e-01 -1.6088219666e-01 )	
44	( -1.0034547909e+00 3.5033173754e-01 -1.5988165594e-01 )	
45	( -1.0072712814e+00 3.5061216960e-01 -1.5891422545e-01 )	
46	( -1.0110329668e+00 3.5092008567e-01 -1.5789911938e-01 )	
47	( -1.0149885623e+00 3.5126499888e-01 -1.5693023490e-01 )	
48	( -1.0189683055e+00 3.5166009084e-01 -1.5594927482e-01 )	
49	( -1.0229900028e+00 3.5205781380e-01 -1.5504203836e-01 )	
50	( -1.0271490051e+00 3.5252465407e-01 -1.5415417385e-01 )	
51	( -1.0312616941e+00 3.5297916509e-01 -1.5334383684e-01 )	
52	( -1.0353635209e+00 3.5345410445e-01 -1.5250913636e-01 )	
53	( -1.0394406115e+00 3.5392749538e-01 -1.5172535262e-01 )	
54	( -1.0436341154e+00 3.5445262587e-01 -1.5092032631e-01 )	
55	( -1.0477487948e+00 3.5495157652e-01 -1.5016588575e-01 )	
56	( -1.0518566027e+00 3.5546613059e-01 -1.4939197435e-01 )	
57	( -1.0559730465e+00 3.5598975484e-01 -1.4866717022e-01 )	
58	( -1.0601028751e+00 3.5653910772e-01 -1.4792126650e-01 )	
59	( -1.0642849096e+00 3.5711654550e-01 -1.4721937445e-01 )	
60	( -1.0685419135e+00 3.5773502373e-01 -1.4652013059e-01 )	
61	( -1.0727076673e+00 3.5833437027e-01 -1.4583961612e-01 )	
62	( -1.0769584702e+00 3.5897031377e-01 -1.4513089376e-01 )	
63	( -1.0811705302e+00 3.5960082129e-01 -1.4446919447e-01 )	
64	( -1.0854397464e+00 3.6025898860e-01 -1.4383299936e-01 )	
65	( -1.0896090539e+00 3.6088249248e-01 -1.4323409144e-01 )	
66	( -1.0937825694e+00 3.6150416043e-01 -1.4260677865e-01 )	
67	( -1.0978993241e+00 3.6210396186e-01 -1.4201594210e-01 )	
68	( -1.1020002219e+00 3.6270093920e-01 -1.4140627060e-01 )	
69	( -1.1060250592e+00 3.6327370822e-01 -1.4085753871e-01 )	
70	( -1.1100275072e+00 3.6384441934e-01 -1.4027324447e-01 )	
71	( -1.1139931246e+00 3.6440431482e-01 -1.3970680511e-01 )	
72	( -1.1180108233e+00 3.6498197457e-01 -1.3904172911e-01 )	
73	( -1.1218901309e+00 3.6552192197e-01 -1.3845299661e-01 )	
74	( -1.1258013555e+00 3.6607812938e-01 -1.3782762833e-01 )	
75	( -1.1295687955e+00 3.6659711105e-01 -1.3720001717e-01 )	
76	( -1.1332025899e+00 3.6707118406e-01 -1.3652365438e-01 )	
77	( -1.1372005881e+00 3.6776667184e-01 -1.3603507575e-01 )	
78	( -1.1406158040e+00 3.6812138855e-01 -1.3527081292e-01 )	
79	( -1.1446829788e+00 3.6891921262e-01 -1.3484418766e-01 )	
80	( -1.1478926108e+00 3.6918618890e-01 -1.3398916193e-01 )	
81	( -1.1517781553e+00 3.6990200510e-01 -1.3351583863e-01 )	
82	( -1.1549236643e+00 3.7015351935e-01 -1.3265012934e-01 )	
83	( -1.1588998822e+00 3.7097084396e-01 -1.3225311427e-01 )	
84	( -1.1618806256e+00 3.7116310116e-01 -1.3136349853e-01 )	
85	( -1.1657981838e+00 3.7195568909e-01 -1.3093262313e-01 )	
86	( -1.1686936755e+00 3.7213157027e-01 -1.2999928412e-01 )	
87	( -1.1726152254e+00 3.7297165329e-01 -1.2959124019e-01 )	
88	( -1.1754277376e+00 3.7311695604e-01 -1.2865779415e-01 )	
89	( -1.1793798610e+00 3.7399659874e-01 -1.2828284500e-01 )	
90	( -1.1821092296e+00 3.7413850683e-01 -1.2732979445e-01 )	
91	( -1.1859503235e+00 3.7497472639e-01 -1.2692783966e-01 )	
92	( -1.1888738853e+00 3.7521072435e-01 -1.2601783085e-01 )	
93	( -1.1925239991e+00 3.7594405719e-01 -1.2551096679e-01 )	
94	( -1.1953852504e+00 3.7619053740e-01 -1.2461899697e-01 )	
95	( -1.1988497720e+00 3.7682847359e-01 -1.2404435992e-01 )	
96	( -1.2016886317e+00 3.7710649069e-01 -1.2315350760e-01 )	
97	( -1.2049334385e+00 3.7766519514e-01 -1.2249133887e-01 )	
98	( -1.2078056408e+00 3.7801787551e-01 -1.2163301722e-01 )	
99	( -1.2108486482e+00 3.7852381614e-01 -1.2091106530e-01 )	
100	( -1.2137336163e+00 3.7893193674e-01 -1.2008668518e-01 )	
101	( -1.2167381418e+00 3.7939392715e-01 -1.1934270434e-01 )	
102	( -1.2196693464e+00 3.7982896945e-01 -1.1857367480e-01 )	
103	( -1.2225089339e+00 3.8023857204e-01 -1.1783645280e-01 )	
104	( -1.2252984832e+00 3.8065744436e-01 -1.1713151886e-01 )	
105	( -1.2279599481e+00 3.8104390563e-01 -1.1645692397e-01 )	
106	( -1.2306366159e+00 3.8143569842e-01 -1.1577484938e-01 )	
107	( -1.2332473455e+00 3.8180018682e-01 -1.1509572383e-01 )	
108	( -1.2358310168e+00 3.8215235732e-01 -1.1440033710e-01 )	
109	( -1.2383473322e+00 3.8248384998e-01 -1.1370672321e-01 )	
110	( -1.2408221509e+00 3.8280479602e-01 -1.1300081241e-01 )	
111	( -1.2432382000e+00 3.8310774131e-01 -1.1231773592e-01 )	
112	( -1.2456646110e+00 3.8341949776e-01 -1.1163092421e-01 )	
113	( -1.2480771948e+00 3.8373119474e-01 -1.1097177543e-01 )	
114	( -1.2504356754e+00 3.8404143132e-01 -1.1030606920e-01 )	
115	( -1.2527535509e+00 3.8434399259e-01 -1.0966829680e-01 )	
116	( -1.2550314400e+00 3.8463089634e-01 -1.0901923232e-01 )	
117	( -1.2572940027e+00 3.8491819389e-01 -1.0839937481e-01 )	
118	( -1.2594591345e+00 3.8516963165e-01 -1.0775457017e-01 )	
119	( -1.2614418166e+00 3.8535682416e-01 -1.0708892139e-01 )	
120	( -1.2634370226e+00 3.8555736737e-01 -1.0641119292e-01 )	
121	( -1.2654333248e+00 3.8575540524e-01 -1.0574389315e-01 )	
122	( -1.2674367712e+00 3.8595752198e-01 -1.0506826831e-01 )	
123	( -1.2694199019e+00 3.8615771745e-01 -1.0441401044e-01 )	
124	( -1.2713886666e+00 3.8636538923e-01 -1.0376149196e-01 )	
125	( -1.2733391429e+00 3.8654186626e-01 -1.0312203554e-01 )	
126	( -1.2753030032e+00 3.8671450781e-01 -1.0245987439e-01 )	
127	( -1.2772828654e+00 3.8690001621e-01 -1.0182089460e-01 )	
128	( -1.2792404944e+00 3.8707323113e-01 -1.0115621574e-01 )	
129	( -1.2811512185e+00 3.8723106677e-01 -1.0050524637e-01 )	
130	( -1.2830713273e+00 3.8739617040e-01 -9.9853710324e-02 )	
131	( -1.2848730177e+00 3.8750723311e-01 -9.9189270705e-02 )	
132	( -1.2867066891e+00 3.8765962865e-01 -9.8562702812e-02 )	
133	( -1.2886168985e+00 3.8787304805e-01 -9.8002965450e-02 )	
134	( -1.2906129609e+00 3.8815164180e-01 -9.7484378890e-02 )	
135	( -1.2925062656e+00 3.8837346516e-01 -9.6950257959e-02 )	
136	( -1.2943669014e+00 3.8858404041e-01 -9.6398454800e-02 )	
137	( -1.2962134364e+00 3.8879187264e-01 -9.5860617267e-02 )	
138	( -1.2981227753e+00 3.8904738278e-01 -9.5353979376e-02 )	
139	( -1.2999875172e+00 3.8928171579e-01 -9.4846131100e-02 )	
140	( -1.3017529605e+00 3.8946340633e-01 -9.4294539574e-02 )	
141	( -1.3033956504e+00 3.8957716526e-01 -9.3709341807e-02 )	
142	( -1.3051960755e+00 3.8979481243e-01 -9.3193796351e-02 )	
143	( -1.3069539440e+00 3.8999858521e-01 -9.2667153850e-02 )	
144	( -1.3085672596e+00 3.9012869751e-01 -9.2095135901e-02 )	
145	( -1.3101225802e+00 3.9023377360e-01 -9.1523473464e-02 )	
146	( -1.3115872552e+00 3.9029804130e-01 -9.0918570459e-02 )	
147	( -1.3130956698e+00 3.9039220876e-01 -9.0356827050e-02 )	
148	( -1.3146332770e+00 3.9050865817e-01 -8.9810920396e-02 )	
149	( -1.3161089982e+00 3.9060733443e-01 -8.9270044126e-02 )	
150	( -1.3175717002e+00 3.9070187598e-01 -8.8720271862e-02 )	
151	( -1.3190635337e+00 3.9082021935e-01 -8.8202558434e-02 )	
152	( -1.3206005617e+00 3.9097428146e-01 -8.7706819685e-02 )	
153	( -1.3220955165e+00 3.9111441160e-01 -8.7219401126e-02 )	
154	( -1.3235641754e+00 3.9124848113e-01 -8.6726599636e-02 )	
155	( -1.3250494078e+00 3.9139986695e-01 -8.6260526626e-02 )	
156	( -1.3265351871e+00 3.9155631067e-01 -8.5790950546e-02 )	
157	( -1.3279858494e+00 3.9170155796e-01 -8.5326643988e-02 )	
158	( -1.3293976587e+00 3.9183226881e-01 -8.4849281909e-02 )	
159	( -1.3307726517e+00 3.9194932344e-01 -8.4378573820e-02 )	
160	( -1.3320501170e+00 3.9200845573e-01 -8.3859126841e-02 )	
161	( -1.3332925350e+00 3.9205903980e-01 -8.3351264491e-02 )	
162	( -1.3345921594e+00 3.9215425963e-01 -8.2872876360e-02 )	
163	( -1.3358885187e+00 3.9225307222e-01 -8.2410129593e-02 )	
164	( -1.3371999854e+00 3.9236488008e-01 -8.1950417549e-02 )	
165	( -1.3384870846e+00 3.9247007150e-01 -8.1500755590e-02 )	
166	( -1.3397696008e+00 3.9257622829e-01 -8.1046830256e-02 )	
167	( -1.3409886336e+00 3.9265472065e-01 -8.0587624987e-02 )	
168	( -1.3422352979e+00 3.9275824872e-01 -8.0140557157e-02 )	
169	( -1.3435188275e+00 3.9288970131e-01 -7.9726908088e-02 )	
170	( -1.3447757482e+00 3.9300891958e-01 -7.9297748639e-02 )	
171	( -1.3460142808e+00 3.9312409014e-01 -7.8878975372e-02 )	
172	( -1.3472527768e+00 3.9324575083e-01 -7.8458713960e-02 )	
173	( -1.3484951145e+00 3.9337336835e-01 -7.8055488886e-02 )	
174	( -1.3497299937e+00 3.9350388167e-01 -7.7649493099e-02 )	
175	( -1.3509681940e+00 3.9364067404e-01 -7.7260689554e-02 )	
176	( -1.3521974172e+00 3.9377496804e-01 -7.6862573632e-02 )	
177	( -1.3534066475e+00 3.9390513700e-01 -7.6474050683e-02 )	
178	( -1.3546157926e+00 3.9403902557e-01 -7.6081935538e-02 )	
179	( -1.3558185919e+00 3.9417504862e-01 -7.5704223424e-02 )	
180	( -1.3570166340e+00 3.9431266246e-01 -7.5322873275e-02 )	
181	( -1.3582050784e+00 3.9445205216e-01 -7.4956951527e-02 )	
182	( -1.3593640416e+00 3.9457870482e-01 -7.4577231098e-02 )	
183	( -1.3605169189e+00 3.9470441242e-01 -7.4206916112e-02 )	
184	( -1.3616492847e+00 3.9482472734e-01 -7.3828683106e-02 )	
185	( -1.3627751848e+00 3.9494293455e-01 -7.3460839689e-02 )	
186	( -1.3638970105e+00 3.9506349452e-01 -7.3090652800e-02 )	
187	( -1.3650033584e+00 3.9518272545e-01 -7.2732754502e-02 )	
188	( -1.3661027952e+00 3.9530131691e-01 -7.2370165156e-02 )	
189	( -1.3671844310e+00 3.9541459841e-01 -7.2013266453e-02 )	
190	( -1.3682387205e+00 3.9552007203e-01 -7.1647776392e-02 )	
191	( -1.3692670864e+00 3.9561707911e-01 -7.1289047742e-02 )	
192	( -1.3702753033e+00 3.9570765019e-01 -7.0922406539e-02 )	
193	( -1.3712614734e+00 3.9579069669e-01 -7.0562623246e-02 )	
194	( -1.3722461127e+00 3.9587451246e-01 -7.0197545828e-02 )	
195	( -1.3732135452e+00 3.9595819395e-01 -6.9845658640e-02 )	
196	( -1.3741773066e+00 3.9604550443e-01 -6.9491644488e-02 )	
197	( -1.3751298255e+00 3.9613228191e-01 -6.9149856327e-02 )	
198	( -1.3760943095e+00 3.9622835801e-01 -6.8809354811e-02 )	
199	( -1.3770541241e+00 3.9632739394e-01 -6.8483916193e-02 )	
200	( -1.3780028115e+00 3.9642477703e-01 -6.8153774572e-02 )	
201	( -1.3789457292e+00 3.9652322382e-01 -6.7835921411e-02 )	
202	( -1.3798727409e+00 3.9662010328e-01 -6.7514117688e-02 )	
203	( -1.3807905770e+00 3.9671543695e-01 -6.7202532090e-02 )	
204	( -1.3816825150e+00 3.9679915874e-01 -6.6878502195e-02 )	
205	( -1.3825587597e+00 3.9688098612e-01 -6.6566787939e-02 )	
206	( -1.3834322304e+00 3.9696913631e-01 -6.6257248718e-02 )	
207	( -1.3842840781e+00 3.9704946013e-01 -6.5953806127e-02 )	
208	( -1.3851281717e+00 3.9712929769e-01 -6.5646231376e-02 )	
209	( -1.3859552001e+00 3.9720570352e-01 -6.5348889956e-02 )	
210	( -1.3867616493e+00 3.9727414328e-01 -6.5042284725e-02 )	
211	( -1.3875436324e+00 3.9733411061e-01 -6.4742906983e-02 )	
212	( -1.3883208207e+00 3.9739903928e-01 -6.4443784140e-02 )	
213	( -1.3890810706e+00 3.9746213036e-01 -6.4154791400e-02 )	
214	( -1.3898236665e+00 3.9752048487e-01 -6.3861320110e-02 )	
215	( -1.3905663622e+00 3.9757897654e-01 -6.3579975309e-02 )	
216	( -1.3912908221e+00 3.9763379985e-01 -6.3293421691e-02 )	
217	( -1.3920305514e+00 3.9769368045e-01 -6.3019353715e-02 )	
218	( -1.3927225123e+00 3.9773195753e-01 -6.2725530101e-02 )	
219	( -1.3934160781e+00 3.9777864584e-01 -6.2450029693e-02 )	
220	( -1.3941146318e+00 3.9782764894e-01 -6.2171305353e-02 )	
221	( -1.3947569094e+00 3.9785424714e-01 -6.1885784582e-02 )	
222	( -1.3953796851e+00 3.9787810479e-01 -6.1601238947e-02 )	
223	( -1.3959665594e+00 3.9788864750e-01 -6.1317882353e-02 )	
224	( -1.3965530304e+00 3.9790142872e-01 -6.1031960478e-02 )	
225	( -1.3971405941e+00 3.9792234274e-01 -6.0765087312e-02 )	
226	( -1.3977362799e+00 3.9795294177e-01 -6.0503446528e-02 )	
227	( -1.3983490253e+00 3.9800133459e-01 -6.0269201261e-02 )	
228	( -1.3988739566e+00 3.9801169095e-01 -6.0003206910e-02 )	
229	( -1.3993624589e+00 3.9800452490e-01 -5.9735989829e-02 )	
230	( -1.3998536043e+00 3.9800075112e-01 -5.9468611335e-02 )	
231	( -1.4003375966e+00 3.9799658833e-01 -5.9212364975e-02 )	
232	( -1.4008028559e+00 3.9798781961e-01 -5.8950415543e-02 )	
233	( -1.4012585499e+00 3.9797913329e-01 -5.8700433004e-02 )	
234	( -1.4016578182e+00 3.9794668457e-01 -5.8430494230e-02 )	
235	( -1.4020826489e+00 3.9793319808e-01 -5.8185502358e-02 )	
236	( -1.4024370184e+00 3.9789665685e-01 -5.7922901430e-02 )	
237	( -1.4027884727e+00 3.9786173504e-01 -5.7672380938e-02 )	
238	( -1.4031829365e+00 3.9784631351e-01 -5.7431010450e-02 )	
239	( -1.4036892905e+00 3.9790240595e-01 -5.7258443048e-02 )	
240	( -1.4040822277e+00 3.9789872466e-01 -5.7038829253e-02 )	
241	( -1.4044135647e+00 3.9786312187e-01 -5.6805608598e-02 )	
242	( -1.4049133483e+00 3.9790904262e-01 -5.6630018751e-02 )	
243	( -1.4052633471e+00 3.9788416580e-01 -5.6414023540e-02 )	
244	( -1.4056676331e+00 3.9789155361e-01 -5.6219417570e-02 )	
245	( -1.4060619567e+00 3.9789495045e-01 -5.6031371553e-02 )	
246	( -1.4064339167e+00 3.9788815018e-01 -5.5832855104e-02 )	
247	( -1.4068001082e+00 3.9787969764e-01 -5.5642870222e-02 )	
248	( -1.4071702689e+00 3.9787190467e-01 -5.5449595191e-02 )	
249	( -1.4075355296e+00 3.9786853470e-01 -5.5270091622e-02 )	
250	( -1.4078572232e+00 3.9785181695e-01 -5.5077053258e-02 )	
251	( -1.4081108625e+00 3.9780815314e-01 -5.4874626799e-02 )	
252	( -1.4084124783e+00 3.9778557098e-01 -5.4684068710e-02 )	
253	( -1.4087587127e+00 3.9778414373e-01 -5.4519937774e-02 )	
254	( -1.4091214675e+00 3.9779543340e-01 -5.4362562053e-02 )	
255	( -1.4092658724e+00 3.9770759058e-01 -5.4138734709e-02 )	
256	( -1.4094907725e+00 3.9766537367e-01 -5.3948856228e-02 )	
257	( -1.4097286452e+00 3.9763060229e-01 -5.3774862327e-02 )	
258	( -1.4099575717e+00 3.9759153929e-01 -5.3594166431e-02 )	
259	( -1.4101744685e+00 3.9754967366e-01 -5.3421644844e-02 )	
260	( -1.4103473637e+00 3.9748820141e-01 -5.3231448663e-02 )	
261	( -1.4104793560e+00 3.9741700441e-01 -5.3044751821e-02 )	
262	( -1.4106325290e+00 3.9736066239e-01 -5.2867008033e-02 )	
263	( -1.4108005554e+00 3.9731392540e-01 -5.2704752194e-02 )	
264	( -1.4109640928e+00 3.9726699609e-01 -5.2538943948e-02 )	
265	( -1.4111345219e+00 3.9722492896e-01 -5.2385146983e-02 )	
266	( -1.4113091786e+00 3.9718612297e-01 -5.2229652815e-02 )	
267	( -1.4114875196e+00 3.9715272025e-01 -5.2086149337e-02 )	
268	( -1.4116720218e+00 3.9712458700e-01 -5.1942862031e-02 )	
269	( -1.4118349102e+00 3.9708823099e-01 -5.1802037474e-02 )	
270	( -1.4119868739e+00 3.9704634136e-01 -5.1651950862e-02 )	
271	( -1.4121585219e+00 3.9701558355e-01 -5.1518078509e-02 )	
272	( -1.4123162231e+00 3.9697949368e-01 -5.1376496417e-02 )	
273	( -1.4124176856e+00 3.9692502601e-01 -5.1230373676e-02 )	
274	( -1.4124546922e+00 3.9684952764e-01 -5.1066446548e-02 )	
275	( -1.4125403453e+00 3.9679832613e-01 -5.0930272843e-02 )	
276	( -1.4126738752e+00 3.9676845397e-01 -5.0807226670e-02 )	
277	( -1.4128277522e+00 3.9675164676e-01 -5.0704306919e-02 )	
278	( -1.4130293543e+00 3.9676198439e-01 -5.0620731197e-02 )	
279	( -1.4131531684e+00 3.9674738648e-01 -5.0528293523e-02 )	
280	( -1.4132205221e+00 3.9670586569e-01 -5.0413471107e-02 )	
281	( -1.4132789841e+00 3.9665890937e-01 -5.0303268803e-02 )	
282	( -1.4133348829e+00 3.9661144406e-01 -5.0191195150e-02 )	
283	( -1.4133832335e+00 3.9656312844e-01 -5.0088244414e-02 )	
284	( -1.4134146211e+00 3.9650925816e-01 -4.9979908554e-02 )	
285	( -1.4134281914e+00 3.9644977638e-01 -4.9877371788e-02 )	
286	( -1.4134296232e+00 3.9638726761e-01 -4.9771229921e-02 )	
287	( -1.4134184501e+00 3.9632266571e-01 -4.9673737223e-02 )	
288	( -1.4133948610e+00 3.9625444943e-01 -4.9572019686e-02 )	
289	( -1.4133610611e+00 3.9618427353e-01 -4.9478844884e-02 )	
290	( -1.4132993321e+00 3.9610671785e-01 -4.9378692512e-02 )	
291	( -1.4132361605e+00 3.9603261748e-01 -4.9291501149e-02 )	
292	( -1.4131712134e+00 3.9596115450e-01 -4.9205289320e-02 )	
293	( -1.4130974625e+00 3.9588964261e-01 -4.9128746071e-02 )	
294	( -1.4130086612e+00 3.9581519954e-01 -4.9048701257e-02 )	
295	( -1.4129111621e+00 3.9573977121e-01 -4.8977547843e-02 )	
296	( -1.4128324376e+00 3.9567108791e-01 -4.8908937449e-02 )	
297	( -1.4127204472e+00 3.9559181167e-01 -4.8842102567e-02 )	
298	( -1.4125664618e+00 3.9549782202e-01 -4.8763201962e-02 )	
299	( -1.4124139113e+00 3.9540694621e-01 -4.8696270872e-02 )	
300	( -1.4123158186e+00 3.9534286383e-01 -4.8647802093e-02 )	
301	( -1.4121967881e+00 3.9527203128e-01 -4.8603655914e-02 )	
302	( -1.4120643449e+00 3.9519740109e-01 -4.8555235393e-02 )	
303	( -1.4119119977e+00 3.9511690489e-01 -4.8512274891e-02 )	
304	( -1.4117316219e+00 3.9502717927e-01 -4.8461409278e-02 )	
305	( -1.4115272608e+00 3.9493126665e-01 -4.8416057919e-02 )	
306	( -1.4113030902e+00 3.9483154265e-01 -4.8367846424e-02 )	
307	( -1.4111143860e+00 3.9474994875e-01 -4.8342957919e-02 )	
308	( -1.4109410852e+00 3.9467703319e-01 -4.8323472549e-02 )	
309	( -1.4107672776e+00 3.9460767641e-01 -4.8316769618e-02 )	
310	( -1.4106066332e+00 3.9454936844e-01 -4.8318079812e-02 )	
311	( -1.4104353466e+00 3.9448894588e-01 -4.8327495699e-02 )	
312	( -1.4102516327e+00 3.9442517348e-01 -4.8333244359e-02 )	
313	( -1.4100479755e+00 3.9435250726e-01 -4.8341552317e-02 )	
314	( -1.4098421436e+00 3.9428176871e-01 -4.8349149556e-02 )	
315	( -1.4096203074e+00 3.9420658936e-01 -4.8362277984e-02 )	
316	( -1.4093636770e+00 3.9411697292e-01 -4.8362827076e-02 )	
317	( -1.4090586824e+00 3.9400909660e-01 -4.8358784915e-02 )	
318	( -1.4087609232e+00 3.9390874058e-01 -4.8359457246e-02 )	
319	( -1.4085055947e+00 3.9383091432e-01 -4.8386028642e-02 )	
320	( -1.4082418479e+00 3.9374897528e-01 -4.8406720688e-02 )	
321	( -1.4079720111e+00 3.9366714005e-01 -4.8436092948e-02 )	
322	( -1.4076914001e+00 3.9358204550e-01 -4.8460958812e-02 )	
323	( -1.4074106010e+00 3.9349978838e-01 -4.8495793847e-02 )	
324	( -1.4071290644e+00 3.9341880925e-01 -4.8529040836e-02 )	
325	( -1.4068429371e+00 3.9333790300e-01 -4.8569855097e-02 )	
326	( -1.4065566246e+00 3.9325852144e-01 -4.8609121952e-02 )	
327	( -1.4062685131e+00 3.9318044676e-01 -4.8657257367e-02 )	
328	( -1.4059397437e+00 3.9308462139e-01 -4.8689056208e-02 )	
329	( -1.4055890218e+00 3.9298137179e-01 -4.8722686178e-02 )	
330	( -1.4052851058e+00 3.9290104631e-01 -4.8770530105e-02 )	
331	( -1.4049800709e+00 3.9282138620e-01 -4.8826119775e-02 )	
332	( -1.4046600082e+00 3.9273666528e-01 -4.8874696570e-02 )	
333	( -1.4043323512e+00 3.9265115899e-01 -4.8930135228e-02 )	
334	( -1.4039913444e+00 3.9255968862e-01 -4.8977333944e-02 )	
335	( -1.4036227539e+00 3.9245791629e-01 -4.9022864838e-02 )	
336	( -1.4032378084e+00 3.9235226980e-01 -4.9062889887e-02 )	
337	( -1.4027957560e+00 3.9222646949e-01 -4.9093918597e-02 )	
338	( -1.4023829325e+00 3.9211299429e-01 -4.9131040533e-02 )	
339	( -1.4019803973e+00 3.9200092486e-01 -4.9174044334e-02 )	
340	( -1.4016370873e+00 3.9191676166e-01 -4.9234249221e-02 )	
341	( -1.4013604475e+00 3.9187110082e-01 -4.9332086969e-02 )	
342	( -1.4010719382e+00 3.9182109231e-01 -4.9421985773e-02 )	
343	( -1.4007442734e+00 3.9174766383e-01 -4.9498178779e-02 )	
344	( -1.4004364427e+00 3.9167920220e-01 -4.9571808604e-02 )	
345	( -1.4000931186e+00 3.9159286547e-01 -4.9636026465e-02 )	
346	( -1.3997208551e+00 3.9149162569e-01 -4.9682670239e-02 )	
347	( -1.3994084507e+00 3.9141745459e-01 -4.9754496591e-02 )	
348	( -1.3991524052e+00 3.9136803290e-01 -4.9839583957e-02 )	
349	( -1.3988920604e+00 3.9131655861e-01 -4.9926544427e-02 )	
350	( -1.3986369324e+00 3.9126626990e-01 -5.0007895918e-02 )	
351	( -1.3983865244e+00 3.9121781253e-01 -5.0094087424e-02 )	
352	( -1.3981481756e+00 3.9117358232e-01 -5.0176398681e-02 )	
353	( -1.3979129019e+00 3.9113026887e-01 -5.0263633409e-02 )	
354	( -1.3976853469e+00 3.9108666139e-01 -5.0343111063e-02 )	
355	( -1.3974638330e+00 3.9104438333e-01 -5.0426490797e-02 )	
356	( -1.3972567917e+00 3.9100723492e-01 -5.0506415737e-02 )	
357	( -1.3970310721e+00 3.9096226416e-01 -5.0582986520e-02 )	
358	( -1.3968170033e+00 3.9092084356e-01 -5.0655201565e-02 )	
359	( -1.3966136267e+00 3.9088219626e-01 -5.0731962511e-02 )	
360	( -1.3964302491e+00 3.9085047275e-01 -5.0806781933e-02 )	
361	( -1.3962396633e+00 3.9081279410e-01 -5.0878885106e-02 )	
362	( -1.3960401559e+00 3.9076960106e-01 -5.0939313374e-02 )	
363	( -1.3958418077e+00 3.9072572108e-01 -5.1001481174e-02 )	
364	( -1.3956452211e+00 3.9068055382e-01 -5.1055412806e-02 )	
365	( -1.3954472813e+00 3.9063256329e-01 -5.1108955536e-02 )	
366	( -1.3952582930e+00 3.9058606598e-01 -5.1156269757e-02 )	
367	( -1.3950714908e+00 3.9053761677e-01 -5.1203781823e-02 )	
368	( -1.3949048598e+00 3.9049633103e-01 -5.1248915860e-02 )	
369	( -1.3947393203e+00 3.9045287954e-01 -5.1294163649e-02 )	
370	( -1.3945805495e+00 3.9040915821e-01 -5.1331054127e-02 )	
371	( -1.3944033712e+00 3.9035213773e-01 -5.1358558451e-02 )	
372	( -1.3942468609e+00 3.9030330902e-01 -5.1384981393e-02 )	
373	( -1.3941027655e+00 3.9025810399e-01 -5.1415596112e-02 )	
374	( -1.3939713935e+00 3.9021598500e-01 -5.1440470500e-02 )	
375	( -1.3938468983e+00 3.9017582741e-01 -5.1468320969e-02 )	
376	( -1.3937298012e+00 3.9013567981e-01 -5.1487797883e-02 )	
377	( -1.3936217952e+00 3.9009908565e-01 -5.1511471974e-02 )	
378	( -1.3935330655e+00 3.9007054671e-01 -5.1533559518e-02 )	
379	( -1.3934562573e+00 3.9004660886e-01 -5.1560593109e-02 )	
380	( -1.3933952770e+00 3.9002956218e-01 -5.1585282395e-02 )	
381	( -1.3933213794e+00 3.9000846001e-01 -5.1608091295e-02 )	
382	( -1.3932270076e+00 3.8997936207e-01 -5.1617035962e-02 )	
383	( -1.3931675248e+00 3.8996417900e-01 -5.1638047890e-02 )	
384	( -1.3931184293e+00 3.8995202329e-01 -5.1653401995e-02 )	
385	( -1.3930668706e+00 3.8993896467e-01 -5.1669672002e-02 )	
386	( -1.3930437161e+00 3.8993662862e-01 -5.1686562878e-02 )	
387	( -1.3930454628e+00 3.8994418726e-01 -5.1712564478e-02 )	
388	( -1.3930686487e+00 3.8995999689e-01 -5.1737361386e-02 )	
389	( -1.3931212889e+00 3.8998827425e-01 -5.1773486205e-02 )	
390	( -1.3931883360e+00 3.9002141282e-01 -5.1805817487e-02 )	
391	( -1.3932695014e+00 3.9006203692e-01 -5.1846138308e-02 )	
392	( -1.3933388241e+00 3.9009480656e-01 -5.1872648236e-02 )	
393	( -1.3934163476e+00 3.9013039450e-01 -5.1903323044e-02 )	
394	( -1.3935008129e+00 3.9016896221e-01 -5.1929539745e-02 )	
395	( -1.3935980355e+00 3.9021478392e-01 -5.1964030752e-02 )	
396	( -1.3937053906e+00 3.9026483814e-01 -5.1995387141e-02 )	
397	( -1.3938138276e+00 3.9031444198e-01 -5.2028719224e-02 )	
398	( -1.3939243608e+00 3.9036283752e-01 -5.2054319734e-02 )	
399	( -1.3940333425e+00 3.9040949544e-01 -5.2080880777e-02 )	
400	( -1.3941475099e+00 3.9045704678e-01 -5.2101415469e-02 )	
401	( -1.3942662984e+00 3.9050624224e-01 -5.2125731308e-02 )	
402	( -1.3943895573e+00 3.9055617616e-01 -5.2144097579e-02 )	
403	( -1.3945249014e+00 3.9061137580e-01 -5.2169273532e-02 )	
404	( -1.3946705258e+00 3.9067029465e-01 -5.2191152703e-02 )	
405	( -1.3948187749e+00 3.9073024006e-01 -5.2216523796e-02 )	
406	( -1.3949734799e+00 3.9079247651e-01 -5.2237610452e-02 )	
407	( -1.3951303018e+00 3.9085524032e-01 -5.2261966630e-02 )	
408	( -1.3952925268e+00 3.9091943355e-01 -5.2281405197e-02 )	
409	( -1.3954596088e+00 3.9098569391e-01 -5.2305313898e-02 )	
410	( -1.3956326981e+00 3.9105387811e-01 -5.2325002645e-02 )	
411	( -1.3958047871e+00 3.9112099504e-01 -5.2346889905e-02 )	
412	( -1.3959821235e+00 3.9118940927e-01 -5.2363933128e-02 )	
413	( -1.3961727780e+00 3.9126329693e-01 -5.2388228983e-02 )	
414	( -1.3963728265e+00 3.9134030112e-01 -5.2409323160e-02 )	
415	( -1.3965692325e+00 3.9141568146e-01 -5.2432532797e-02 )	
416	( -1.3967505509e+00 3.9148397286e-01 -5.2445188347e-02 )	
417	( -1.3969396900e+00 3.9155566815e-01 -5.2463915358e-02 )	
418	( -1.3971341331e+00 3.9162967059e-01 -5.2479385761e-02 )	
419	( -1.3973310853e+00 3.9170507224e-01 -5.2499706774e-02 )	
420	( -1.3975315040e+00 3.9178198616e-01 -5.2516376597e-02 )	
421	( -1.3977365507e+00 3.9185960249e-01 -5.2536878071e-02 )	
422	( -1.3979455785e+00 3.9193770231e-01 -5.2552828812e-02 )	
423	( -1.3981548066e+00 3.9201566159e-01 -5.2572323384e-02 )	
424	( -1.3983658367e+00 3.9209334110e-01 -5.2586634821e-02 )	
425	( -1.3985781675e+00 3.9217130344e-01 -5.2604946272e-02 )	
426	( -1.3987982573e+00 3.9225151885e-01 -5.2620093177e-02 )	
427	( -1.3990094262e+00 3.9232752384e-01 -5.2635757431e-02 )	
428	( -1.3992171562e+00 3.9240092441e-01 -5.2644713513e-02 )	
429	( -1.3994239851e+00 3.9247325910e-01 -5.2656658561e-02 )	
430	( -1.3996312624e+00 3.9254472307e-01 -5.2663351486e-02 )	
431	( -1.3998362267e+00 3.9261454043e-01 -5.2672647388e-02 )	
432	( -1.4000220230e+00 3.9267471433e-01 -5.2669564588e-02 )	
433	( -1.4001982776e+00 3.9273396062e-01 -5.2670352821e-02 )	
434	( -1.4003743575e+00 3.9279453483e-01 -5.2668111387e-02 )	
435	( -1.4005550964e+00 3.9285866540e-01 -5.2673090787e-02 )	
436	( -1.4007433089e+00 3.9292677736e-01 -5.2677170523e-02 )	
437	( -1.4009213938e+00 3.9298895749e-01 -5.2680345767e-02 )	
438	( -1.4010886511e+00 3.9304614227e-01 -5.2675513777e-02 )	
439	( -1.4012535235e+00 3.9310273543e-01 -5.2674720950e-02 )	
440	( -1.4014208264e+00 3.9315908020e-01 -5.2669496552e-02 )	
441	( -1.4015817985e+00 3.9321252426e-01 -5.2666345361e-02 )	
442	( -1.4017381453e+00 3.9326325276e-01 -5.2657092169e-02 )	
443	( -1.4018830043e+00 3.9330868288e-01 -5.2648169073e-02 )	
444	( -1.4020268042e+00 3.9335306509e-01 -5.2634489851e-02 )	
445	( -1.4021553585e+00 3.9338923034e-01 -5.2618548067e-02 )	
446	( -1.4022753564e+00 3.9342387405e-01 -5.2598497513e-02 )	
447	( -1.4023943157e+00 3.9345881448e-01 -5.2583430773e-02 )	
448	( -1.4025116177e+00 3.9349260812e-01 -5.2563936384e-02 )	
449	( -1.4026236986e+00 3.9352431090e-01 -5.2547559618e-02 )	
450	( -1.4027328343e+00 3.9355443114e-01 -5.2526444387e-02 )	
451	( -1.4028354419e+00 3.9358223818e-01 -5.2508422910e-02 )	
452	( -1.4029341249e+00 3.9360822307e-01 -5.2485675378e-02 )	
453	( -1.4030282454e+00 3.9363231724e-01 -5.2466360002e-02 )	
454	( -1.4031210210e+00 3.9365522917e-01 -5.2442724838e-02 )	
455	( -1.4032076383e+00 3.9367574616e-01 -5.2422073267e-02 )	
456	( -1.4032886643e+00 3.9369342555e-01 -5.2396003457e-02 )	
457	( -1.4033615223e+00 3.9370752958e-01 -5.2371925627e-02 )	
458	( -1.4034297831e+00 3.9371907701e-01 -5.2342475834e-02 )	
459	( -1.4034923757e+00 3.9372859619e-01 -5.2316348078e-02 )	
460	( -1.4035523128e+00 3.9373657907e-01 -5.2285729562e-02 )	
461	( -1.4036089628e+00 3.9374348705e-01 -5.2259250754e-02 )	
462	( -1.4036645034e+00 3.9374964376e-01 -5.2228885894e-02 )	
463	( -1.4037150580e+00 3.9375390586e-01 -5.2201830440e-02 )	
464	( -1.4037601852e+00 3.9375567131e-01 -5.2169602456e-02 )	
465	( -1.4037989512e+00 3.9375489044e-01 -5.2140163559e-02 )	
466	( -1.4038341476e+00 3.9375202302e-01 -5.2105748971e-02 )	
467	( -1.4038633448e+00 3.9374690329e-01 -5.2074300048e-02 )	
468	( -1.4038896310e+00 3.9374030682e-01 -5.2038433923e-02 )	
469	( -1.4039118352e+00 3.9373254597e-01 -5.2006434494e-02 )	
470	( -1.4039334704e+00 3.9372471019e-01 -5.1971138074e-02 )	
471	( -1.4039517533e+00 3.9371608948e-01 -5.1939856536e-02 )	
472	( -1.4039667906e+00 3.9370597121e-01 -5.1904194190e-02 )	
473	( -1.4039737308e+00 3.9369303928e-01 -5.1871102151e-02 )	
474	( -1.4039775997e+00 3.9367865993e-01 -5.1833689521e-02 )	
475	( -1.4039810646e+00 3.9366379413e-01 -5.1800346676e-02 )	
476	( -1.4039817947e+00 3.9364762183e-01 -5.1762781882e-02 )	
477	( -1.4039788126e+00 3.9363049135e-01 -5.1729116348e-02 )	
478	( -1.4039741066e+00 3.9361271122e-01 -5.1691839351e-02 )	
479	( -1.4039658238e+00 3.9359412512e-01 -5.1658673714e-02 )	
480	( -1.4039560952e+00 3.9357490905e-01 -5.1621854779e-02 )	
481	( -1.4039423371e+00 3.9355479531e-01 -5.1589175345e-02 )	
482	( -1.4039275897e+00 3.9353421096e-01 -5.1552928552e-02 )	
483	( -1.4039089300e+00 3.9351275945e-01 -5.1520689220e-02 )	
484	( -1.4038895471e+00 3.9349080364e-01 -5.1484645579e-02 )	
485	( -1.4038664003e+00 3.9346803910e-01 -5.1452699130e-02 )	
486	( -1.4038426722e+00 3.9344514869e-01 -5.1417544170e-02 )	
487	( -1.4038166193e+00 3.9342201394e-01 -5.1386782420e-02 )	
488	( -1.4037916643e+00 3.9339924213e-01 -5.1353101566e-02 )	
489	( -1.4037647375e+00 3.9337630389e-01 -5.1323795505e-02 )	
490	( -1.4037360887e+00 3.9335269526e-01 -5.1290852423e-02 )	
491	( -1.4037042921e+00 3.9332864453e-01 -5.1262105647e-02 )	
492	( -1.4036723092e+00 3.9330455069e-01 -5.1230149370e-02 )	
493	( -1.4036387760e+00 3.9328054632e-01 -5.1202714165e-02 )	
494	( -1.4036059301e+00 3.9325695952e-01 -5.1172377929e-02 )	
495	( -1.4035714853e+00 3.9323352775e-01 -5.1146614534e-02 )	
496	( -1.4035379645e+00 3.9321057920e-01 -5.1117964062e-02 )	
497	( -1.4035032201e+00 3.9318786302e-01 -5.1093830294e-02 )	
498	( -1.4034695398e+00 3.9316571001e-01 -5.1066856432e-02 )	
499	( -1.4034345926e+00 3.9314384266e-01 -5.1044453128e-02 )	
500	( -1.4034012704e+00 3.9312271812e-01 -5.1019268731e-02 )	
501	( -1.4033670030e+00 3.9310203485e-01 -5.0998768939e-02 )	
502	( -1.4033342339e+00 3.9308212466e-01 -5.0975618165e-02 )	
503	( -1.4033004472e+00 3.9306252547e-01 -5.0956992894e-02 )	
504	( -1.4032676533e+00 3.9304337370e-01 -5.0935462950e-02 )	
505	( -1.4032332377e+00 3.9302425647e-01 -5.0918254967e-02 )	
506	( -1.4031996762e+00 3.9300561744e-01 -5.0898229798e-02 )	
507	( -1.4031649139e+00 3.9298715092e-01 -5.0882561321e-02 )	
508	( -1.4031307823e+00 3.9296903973e-01 -5.0863930001e-02 )	
509	( -1.4030954606e+00 3.9295110873e-01 -5.0849628499e-02 )	
510	( -1.4030611460e+00 3.9293387118e-01 -5.0832722276e-02 )	
511	( -1.4030250861e+00 3.9291648597e-01 -5.0819875719e-02 )	
512	( -1.4029889588e+00 3.9289908171e-01 -5.0803832996e-02 )	
513	( -1.4029496061e+00 3.9288114009e-01 -5.0791656231e-02 )	
514	( -1.4029111910e+00 3.9286361363e-01 -5.0776600574e-02 )	
515	( -1.4028713407e+00 3.9284604719e-01 -5.0765629107e-02 )	
516	( -1.4028320415e+00 3.9282871442e-01 -5.0751653669e-02 )	
517	( -1.4027906871e+00 3.9281110827e-01 -5.0741621973e-02 )	
518	( -1.4027489021e+00 3.9279323007e-01 -5.0728206061e-02 )	
519	( -1.4027048808e+00 3.9277494048e-01 -5.0718560127e-02 )	
520	( -1.4026627066e+00 3.9275707653e-01 -5.0706008582e-02 )	
521	( -1.4026206425e+00 3.9273959236e-01 -5.0697759996e-02 )	
522	( -1.4025771828e+00 3.9272179095e-01 -5.0686267555e-02 )	
523	( -1.4025311810e+00 3.9270371979e-01 -5.0678684684e-02 )	
524	( -1.4024856373e+00 3.9268572769e-01 -5.0668008853e-02 )	
525	( -1.4024386224e+00 3.9266732897e-01 -5.0660931146e-02 )	
526	( -1.4023897557e+00 3.9264770403e-01 -5.0649748438e-02 )	
527	( -1.4023385513e+00 3.9262741568e-01 -5.0641920214e-02 )	
528	( -1.4022873721e+00 3.9260698809e-01 -5.0630806930e-02 )	
529	( -1.4022351130e+00 3.9258662530e-01 -5.0623753920e-02 )	
530	( -1.4021851576e+00 3.9256734938e-01 -5.0614499091e-02 )	
531	( -1.4021354542e+00 3.9254871602e-01 -5.0609698611e-02 )	
532	( -1.4020875320e+00 3.9253086641e-01 -5.0602363705e-02 )	
533	( -1.4020386214e+00 3.9251298931e-01 -5.0598864550e-02 )	
534	( -1.4019888096e+00 3.9249438441e-01 -5.0591582798e-02 )	
535	( -1.4019358263e+00 3.9247450886e-01 -5.0587025412e-02 )	
536	( -1.4018812124e+00 3.9245350861e-01 -5.0578334931e-02 )	
537	( -1.4018276775e+00 3.9243366629e-01 -5.0574467373e-02 )	
538	( -1.4017767355e+00 3.9241498937e-01 -5.0568362968e-02 )	
539	( -1.4017258373e+00 3.9239670337e-01 -5.0566291433e-02 )	
540	( -1.4016756012e+00 3.9237846608e-01 -5.0561034831e-02 )	
541	( -1.4016253507e+00 3.9236062160e-01 -5.0559716655e-02 )	
542	( -1.4015766660e+00 3.9234337484e-01 -5.0555601099e-02 )	
543	( -1.4015278465e+00 3.9232643252e-01 -5.0555319500e-02 )	
544	( -1.4014805423e+00 3.9231002726e-01 -5.0552183144e-02 )	
545	( -1.4014332780e+00 3.9229403161e-01 -5.0552969787e-02 )	
546	( -1.4013873105e+00 3.9227836931e-01 -5.0550669875e-02 )	
547	( -1.4013413662e+00 3.9226307211e-01 -5.0552177262e-02 )	
548	( -1.4012969551e+00 3.9224825609e-01 -5.0550718047e-02 )	
549	( -1.4012526029e+00 3.9223387334e-01 -5.0553092959e-02 )	
550	( -1.4012102830e+00 3.9222022632e-01 -5.0552655796e-02 )	
551	( -1.4011682698e+00 3.9220716763e-01 -5.0556153133e-02 )	
552	( -1.4011285749e+00 3.9219492561e-01 -5.0556883977e-02 )	
553	( -1.4010890837e+00 3.9218319571e-01 -5.0561465623e-02 )	
554	( -1.4010513892e+00 3.9217205009e-01 -5.0563060853e-02 )	
555	( -1.4010137993e+00 3.9216133162e-01 -5.0568403326e-02 )	
556	( -1.4009781960e+00 3.9215130138e-01 -5.0570877590e-02 )	
557	( -1.4009429530e+00 3.9214186047e-01 -5.0577206812e-02 )	
558	( -1.4009108962e+00 3.9213372060e-01 -5.0581158343e-02 )	
559	( -1.4008790253e+00 3.9212605248e-01 -5.0588829265e-02 )	
560	( -1.4008479703e+00 3.9211838321e-01 -5.0593125503e-02 )	
561	( -1.4008163361e+00 3.9211067344e-01 -5.0600737649e-02 )	
562	( -1.4007854683e+00 3.9210297518e-01 -5.0605026096e-02 )	
563	( -1.4007535733e+00 3.9209517512e-01 -5.0612614842e-02 )	
564	( -1.4007205034e+00 3.9208640756e-01 -5.0616169845e-02 )	
565	( -1.4006889587e+00 3.9207875277e-01 -5.0623894680e-02 )	
566	( -1.4006597654e+00 3.9207195155e-01 -5.0628893292e-02 )	
567	( -1.4006303188e+00 3.9206529224e-01 -5.0637254346e-02 )	
568	( -1.4006024669e+00 3.9205908154e-01 -5.0642601394e-02 )	
569	( -1.4005737807e+00 3.9205278913e-01 -5.0651166154e-02 )	
570	( -1.4005455158e+00 3.9204630503e-01 -5.0656168209e-02 )	
571	( -1.4005172486e+00 3.9204024595e-01 -5.0664873040e-02 )	
572	( -1.4004909340e+00 3.9203470910e-01 -5.0670563776e-02 )	
573	( -1.4004649385e+00 3.9202962510e-01 -5.0679828130e-02 )	
574	( -1.4004408477e+00 3.9202504553e-01 -5.0686098750e-02 )	
575	( -1.4004170762e+00 3.9202091023e-01 -5.0695928965e-02 )	
576	( -1.4003967530e+00 3.9201820052e-01 -5.0703496316e-02 )	
577	( -1.4003773864e+00 3.9201620815e-01 -5.0714817094e-02 )	
578	( -1.4003600804e+00 3.9201477076e-01 -5.0723061202e-02 )	
579	( -1.4003430409e+00 3.9201374954e-01 -5.0734766236e-02 )	
580	( -1.4003280955e+00 3.9201336638e-01 -5.0743554038e-02 )	
581	( -1.4003127703e+00 3.9201305448e-01 -5.0755538158e-02 )	
582	( -1.4002993387e+00 3.9201321135e-01 -5.0764470884e-02 )	
583	( -1.4002858216e+00 3.9201362376e-01 -5.0776710052e-02 )	
584	( -1.4002746505e+00 3.9201465960e-01 -5.0786055134e-02 )	
585	( -1.4002634113e+00 3.9201597293e-01 -5.0798693365e-02 )	
586	( -1.4002540279e+00 3.9201766821e-01 -5.0808142724e-02 )	
587	( -1.4002447891e+00 3.9201972978e-01 -5.0820973067e-02 )	
588	( -1.4002376080e+00 3.9202232348e-01 -5.0830798746e-02 )	
589	( -1.4002307350e+00 3.9202529678e-01 -5.0843960059e-02 )	
590	( -1.4002260002e+00 3.9202884124e-01 -5.0854148595e-02 )	
591	( -1.4002215688e+00 3.9203279289e-01 -5.0867702538e-02 )	
592	( -1.4002191919e+00 3.9203726720e-01 -5.0878246064e-02 )	
593	( -1.4002170744e+00 3.9204209008e-01 -5.0892071337e-02 )	
594	( -1.4002168598e+00 3.9204737787e-01 -5.0902866982e-02 )	
595	( -1.4002158490e+00 3.9205242464e-01 -5.0916509641e-02 )	
596	( -1.4002162395e+00 3.9205767831e-01 -5.0926956741e-02 )	
597	( -1.4002168133e+00 3.9206325482e-01 -5.0940642554e-02 )	
598	( -1.4002191964e+00 3.9206925725e-01 -5.0951289433e-02 )	
599	( -1.4002216035e+00 3.9207548645e-01 -5.0965092445e-02 )	
600	( -1.4002256511e+00 3.9208205420e-01 -5.0975802902e-02 )	
601	( -1.4002296270e+00 3.9208879955e-01 -5.0989622149e-02 )	
602	( -1.4002351651e+00 3.9209584139e-01 -5.1000325334e-02 )	
603	( -1.4002404892e+00 3.9210299664e-01 -5.1014088354e-02 )	
604	( -1.4002474761e+00 3.9211045138e-01 -5.1024710055e-02 )	
605	( -1.4002540420e+00 3.9211795905e-01 -5.1038366032e-02 )	
606	( -1.4002622247e+00 3.9212573975e-01 -5.1048872753e-02 )	
607	( -1.4002702216e+00 3.9213364135e-01 -5.1062412997e-02 )	
608	( -1.4002793955e+00 3.9214163441e-01 -5.1072711408e-02 )	
609	( -1.4002882063e+00 3.9214964267e-01 -5.1085948588e-02 )	
610	( -1.4002983563e+00 3.9215782929e-01 -5.1096013010e-02 )	
611	( -1.4003079738e+00 3.9216596518e-01 -5.1108968589e-02 )	
612	( -1.4003189684e+00 3.9217426519e-01 -5.1118724973e-02 )	
613	( -1.4003294526e+00 3.9218255669e-01 -5.1131413889e-02 )	
614	( -1.4003412941e+00 3.9219100090e-01 -5.1140903915e-02 )	
615	( -1.4003523959e+00 3.9219927509e-01 -5.1153156894e-02 )	
616	( -1.4003645640e+00 3.9220760552e-01 -5.1162164572e-02 )	
617	( -1.4003761507e+00 3.9221588462e-01 -5.1174027529e-02 )	
618	( -1.4003866369e+00 3.9222337759e-01 -5.1182058934e-02 )	
619	( -1.4003974713e+00 3.9223122487e-01 -5.1193266316e-02 )	
620	( -1.4004095565e+00 3.9223918743e-01 -5.1201291878e-02 )	
621	( -1.4004210624e+00 3.9224709097e-01 -5.1212156610e-02 )	
622	( -1.4004335796e+00 3.9225504503e-01 -5.1219832393e-02 )	
623	( -1.4004455336e+00 3.9226293998e-01 -5.1230333014e-02 )	
624	( -1.4004585868e+00 3.9227094063e-01 -5.1237690402e-02 )	
625	( -1.4004711323e+00 3.9227892698e-01 -5.1247893329e-02 )	
626	( -1.4004846486e+00 3.9228695848e-01 -5.1254923881e-02 )	
627	( -1.4004976557e+00 3.9229497036e-01 -5.1264793462e-02 )	
628	( -1.4005115791e+00 3.9230300737e-01 -5.1271495015e-02 )	
629	( -1.4005248935e+00 3.9231097350e-01 -5.1280997029e-02 )	
630	( -1.4005392494e+00 3.9231903346e-01 -5.1287404344e-02 )	
631	( -1.4005530191e+00 3.9232700421e-01 -5.1296588873e-02 )	
632	( -1.4005674585e+00 3.9233486227e-01 -5.1302533117e-02 )	
633	( -1.4005803630e+00 3.9234215311e-01 -5.1310910252e-02 )	
634	( -1.4005948484e+00 3.9234985012e-01 -5.1316443985e-02 )	
635	( -1.4006088218e+00 3.9235750920e-01 -5.1324780800e-02 )	
636	( -1.4006235150e+00 3.9236510326e-01 -5.1329948369e-02 )	
637	( -1.4006372084e+00 3.9237243913e-01 -5.1337776155e-02 )	
638	( -1.4006514874e+00 3.9237964275e-01 -5.1342404253e-02 )	
639	( -1.4006637455e+00 3.9238602674e-01 -5.1349215070e-02 )	
640	( -1.4006764740e+00 3.9239226625e-01 -5.1352835637e-02 )	
641	( -1.4006884251e+00 3.9239835389e-01 -5.1359192670e-02 )	
642	( -1.4007010519e+00 3.9240433637e-01 -5.1362406341e-02 )	
643	( -1.4007129662e+00 3.9241014905e-01 -5.1368314358e-02 )	
644	( -1.4007255517e+00 3.9241587550e-01 -5.1371099388e-02 )	
645	( -1.4007369818e+00 3.9242121144e-01 -5.1376386630e-02 )	
646	( -1.4007488834e+00 3.9242639438e-01 -5.1378510712e-02 )	
647	( -1.4007606289e+00 3.9243171056e-01 -5.1383527486e-02 )	
648	( -1.4007724178e+00 3.9243661485e-01 -5.1385213372e-02 )	
649	( -1.4007831995e+00 3.9244119591e-01 -5.1389456368e-02 )	
650	( -1.4007944771e+00 3.9244561722e-01 -5.1390556994e-02 )	
651	( -1.4008049485e+00 3.9244984101e-01 -5.1394295861e-02 )	
652	( -1.4008158290e+00 3.9245389082e-01 -5.1394898636e-02 )	
653	( -1.4008257422e+00 3.9245764559e-01 -5.1398049273e-02 )	
654	( -1.4008363905e+00 3.9246137336e-01 -5.1398178938e-02 )	
655	( -1.4008464632e+00 3.9246503902e-01 -5.1401048781e-02 )	
656	( -1.4008572077e+00 3.9246866301e-01 -5.1400907754e-02 )	
657	( -1.4008671416e+00 3.9247212081e-01 -5.1403422054e-02 )	
658	( -1.4008775971e+00 3.9247547705e-01 -5.1402896458e-02 )	
659	( -1.4008870927e+00 3.9247861267e-01 -5.1404989926e-02 )	
660	( -1.4008970434e+00 3.9248161620e-01 -5.1404030439e-02 )	
661	( -1.4009059948e+00 3.9248438043e-01 -5.1405672987e-02 )	
662	( -1.4009154237e+00 3.9248703647e-01 -5.1404305493e-02 )	
663	( -1.4009237784e+00 3.9248944857e-01 -5.1405541740e-02 )	
664	( -1.4009325606e+00 3.9249173144e-01 -5.1403756441e-02 )	
665	( -1.4009419876e+00 3.9249471414e-01 -5.1405255823e-02 )	
666	( -1.4009521257e+00 3.9249770148e-01 -5.1403834963e-02 )	
667	( -1.4009612801e+00 3.9250047765e-01 -5.1405020829e-02 )	
668	( -1.4009708806e+00 3.9250314002e-01 -5.1403224252e-02 )	
669	( -1.4009795756e+00 3.9250563541e-01 -5.1404066404e-02 )	
670	( -1.4009888466e+00 3.9250807461e-01 -5.1401973346e-02 )	
671	( -1.4009972394e+00 3.9251036389e-01 -5.1402529656e-02 )	
672	( -1.4010062411e+00 3.9251262917e-01 -5.1400203398e-02 )	
673	( -1.4010143898e+00 3.9251474943e-01 -5.1400520538e-02 )	
674	( -1.4010230920e+00 3.9251682037e-01 -5.1397945049e-02 )	
675	( -1.4010309397e+00 3.9251875685e-01 -5.1398017688e-02 )	
676	( -1.4010396798e+00 3.9252083885e-01 -5.1395352747e-02 )	
677	( -1.4010476514e+00 3.9252284149e-01 -5.1395375893e-02 )	
678	( -1.4010562856e+00 3.9252486195e-01 -5.1392575478e-02 )	
679	( -1.4010640321e+00 3.9252676055e-01 -5.1392433481e-02 )	
680	( -1.4010724127e+00 3.9252868532e-01 -5.1389503842e-02 )	
681	( -1.4010800532e+00 3.9253055300e-01 -5.1389270053e-02 )	
682	( -1.4010883087e+00 3.9253243935e-01 -5.1386257712e-02 )	
683	( -1.4010957489e+00 3.9253424093e-01 -5.1385924908e-02 )	
684	( -1.4011038156e+00 3.9253605721e-01 -5.1382814670e-02 )	
685	( -1.4011110006e+00 3.9253776927e-01 -5.1382377427e-02 )	
686	( -1.4011187356e+00 3.9253947210e-01 -5.1379171304e-02 )	
687	( -1.4011255870e+00 3.9254106308e-01 -5.1378632149e-02 )	
688	( -1.4011329921e+00 3.9254263593e-01 -5.1375319220e-02 )	
689	( -1.4011394249e+00 3.9254406424e-01 -5.1374656441e-02 )	
690	( -1.4011463194e+00 3.9254543835e-01 -5.1371229329e-02 )	
691	( -1.4011522880e+00 3.9254666202e-01 -5.1370422943e-02 )	
692	( -1.4011585597e+00 3.9254778548e-01 -5.1366850084e-02 )	
693	( -1.4011637370e+00 3.9254870396e-01 -5.1365862967e-02 )	
694	( -1.4011694149e+00 3.9254957489e-01 -5.1362150506e-02 )	
695	( -1.4011740286e+00 3.9255025757e-01 -5.1361045841e-02 )	
696	( -1.4011789815e+00 3.9255084422e-01 -5.1357200302e-02 )	
697	( -1.4011828993e+00 3.9255124451e-01 -5.1355953418e-02 )	
698	( -1.4011871622e+00 3.9255155421e-01 -5.1351984151e-02 )	
699	( -1.4011903451e+00 3.9255167745e-01 -5.1350625363e-02 )	
700	( -1.4011939214e+00 3.9255171763e-01 -5.1346552267e-02 )	
701	( -1.4011964074e+00 3.9255156750e-01 -5.1345084518e-02 )	
702	( -1.4011992932e+00 3.9255134295e-01 -5.1340923168e-02 )	
703	( -1.4012011130e+00 3.9255094071e-01 -5.1339372312e-02 )	
704	( -1.4012033515e+00 3.9255047525e-01 -5.1335148519e-02 )	
705	( -1.4012045502e+00 3.9254983999e-01 -5.1333532524e-02 )	
706	( -1.4012061388e+00 3.9254913943e-01 -5.1329263488e-02 )	
707	( -1.4012067595e+00 3.9254829444e-01 -5.1327605656e-02 )	
708	( -1.4012077775e+00 3.9254739301e-01 -5.1323314047e-02 )	
709	( -1.4012078493e+00 3.9254635838e-01 -5.1321635644e-02 )	
710	( -1.4012083364e+00 3.9254527754e-01 -5.1317340786e-02 )	
711	( -1.4012078968e+00 3.9254407325e-01 -5.1315659163e-02 )	
712	( -1.4012078853e+00 3.9254282959e-01 -5.1311375935e-02 )	
713	( -1.4012069616e+00 3.9254146935e-01 -5.1309703887e-02 )	
714	( -1.4012064782e+00 3.9254007645e-01 -5.1305444439e-02 )	
715	( -1.4012050830e+00 3.9253856961e-01 -5.1303793462e-02 )	
716	( -1.4012041638e+00 3.9253704114e-01 -5.1299565692e-02 )	
717	( -1.4012023199e+00 3.9253539894e-01 -5.1297944455e-02 )	
718	( -1.4012009771e+00 3.9253374409e-01 -5.1293759688e-02 )	
719	( -1.4011987343e+00 3.9253198607e-01 -5.1292179939e-02 )	
720	( -1.4011969895e+00 3.9253021800e-01 -5.1288049927e-02 )	
721	( -1.4011943724e+00 3.9252835105e-01 -5.1286514276e-02 )	
722	( -1.4011922232e+00 3.9252646758e-01 -5.1282438770e-02 )	
723	( -1.4011892140e+00 3.9252448957e-01 -5.1280952421e-02 )	
724	( -1.4011867050e+00 3.9252250250e-01 -5.1276933156e-02 )	
725	( -1.4011833110e+00 3.9252041597e-01 -5.1275498223e-02 )	
726	( -1.4011804478e+00 3.9251832900e-01 -5.1271539554e-02 )	
727	( -1.4011767152e+00 3.9251614671e-01 -5.1270157759e-02 )	
728	( -1.4011734942e+00 3.9251396180e-01 -5.1266263951e-02 )	
729	( -1.4011694473e+00 3.9251169288e-01 -5.1264939670e-02 )	
730	( -1.4011659197e+00 3.9250942449e-01 -5.1261111529e-02 )	
731	( -1.4011615708e+00 3.9250707632e-01 -5.1259849216e-02 )	
732	( -1.4011577674e+00 3.9250473899e-01 -5.1256095539e-02 )	
733	( -1.4011531676e+00 3.9250233050e-01 -5.1254902220e-02 )	
734	( -1.4011491287e+00 3.9249993980e-01 -5.1251228324e-02 )	
735	( -1.4011443207e+00 3.9249748799e-01 -5.1250110440e-02 )	
736	( -1.4011400920e+00 3.9249506252e-01 -5.1246523661e-02 )	
737	( -1.4011351241e+00 3.9249258669e-01 -5.1245488784e-02 )	
738	( -1.4011307520e+00 3.9249014458e-01 -5.1241995576e-02 )	
739	( -1.4011256731e+00 3.9248766243e-01 -5.1241048693e-02 )	
740	( -1.4011211917e+00 3.9248521833e-01 -5.1237654753e-02 )	
741	( -1.4011160560e+00 3.9248275265e-01 -5.1236805149e-02 )	
742	( -1.4011115329e+00 3.9248033134e-01 -5.1233517320e-02 )	
743	( -1.4011063704e+00 3.9247789377e-01 -5.1232767820e-02 )	
744	( -1.4011018428e+00 3.9247551109e-01 -5.1229592435e-02 )	
745	( -1.4010966990e+00 3.9247311905e-01 -5.1228947028e-02 )	
746	( -1.4010922055e+00 3.9247078597e-01 -5.1225882341e-02 )	
747	( -1.4010871272e+00 3.9246845423e-01 -5.1225342665e-02 )	
748	( -1.4010826959e+00 3.9246618357e-01 -5.1222392640e-02 )	
749	( -1.4010777184e+00 3.9246392300e-01 -5.1221959034e-02 )	
750	( -1.4010734246e+00 3.9246174306e-01 -5.1219134948e-02 )	
751	( -1.4010690094e+00 3.9245980455e-01 -5.1218982099e-02 )	
752	( -1.4010653096e+00 3.9245796085e-01 -5.1216452000e-02 )	
753	( -1.4010611222e+00 3.9245614835e-01 -5.1216427881e-02 )	
754	( -1.4010576265e+00 3.9245441660e-01 -5.1214020739e-02 )	
755	( -1.4010536748e+00 3.9245272683e-01 -5.1214114307e-02 )	
756	( -1.4010504269e+00 3.9245112511e-01 -5.1211834981e-02 )	
757	( -1.4010467461e+00 3.9244957239e-01 -5.1212048672e-02 )	
758	( -1.4010437768e+00 3.9244811231e-01 -5.1209896866e-02 )	
759	( -1.4010403924e+00 3.9244670658e-01 -5.1210230087e-02 )	
760	( -1.4010377250e+00 3.9244539585e-01 -5.1208204118e-02 )	
761	( -1.4010346534e+00 3.9244414331e-01 -5.1208654168e-02 )	
762	( -1.4010323104e+00 3.9244298866e-01 -5.1206750409e-02 )	
763	( -1.4010295674e+00 3.9244189336e-01 -5.1207313057e-02 )	
764	( -1.4010275439e+00 3.9244089346e-01 -5.1205526197e-02 )	
765	( -1.4010251340e+00 3.9243995578e-01 -5.1206196421e-02 )	
766	( -1.4010234487e+00 3.9243911548e-01 -5.1204522786e-02 )	
767	( -1.4010213783e+00 3.9243833644e-01 -5.1205296593e-02 )	
768	( -1.4010200311e+00 3.9243765379e-01 -5.1203731249e-02 )	
769	( -1.4010182979e+00 3.9243702962e-01 -5.1204601763e-02 )	
770	( -1.4010172824e+00 3.9243649871e-01 -5.1203136691e-02 )	
771	( -1.4010158772e+00 3.9243602243e-01 -5.1204095706e-02 )	
772	( -1.4010151817e+00 3.9243563484e-01 -5.1202721878e-02 )	
773	( -1.4010140901e+00 3.9243529654e-01 -5.1203759533e-02 )	
774	( -1.4010136984e+00 3.9243504163e-01 -5.1202466860e-02 )	
775	( -1.4010129018e+00 3.9243482975e-01 -5.1203569428e-02 )	
776	( -1.4010127826e+00 3.9243469096e-01 -5.1202338482e-02 )	
777	( -1.4010122511e+00 3.9243459150e-01 -5.1203493283e-02 )	
778	( -1.4010124069e+00 3.9243457012e-01 -5.1202325754e-02 )	
779	( -1.4010121608e+00 3.9243459041e-01 -5.1203537811e-02 )	
780	( -1.4010125920e+00 3.9243468327e-01 -5.1202430646e-02 )	
781	( -1.4010126129e+00 3.9243481145e-01 -5.1203689868e-02 )	
782	( -1.4010132927e+00 3.9243500421e-01 -5.1202631275e-02 )	
783	( -1.4010135555e+00 3.9243522814e-01 -5.1203927992e-02 )	
784	( -1.4010144790e+00 3.9243551875e-01 -5.1202914733e-02 )	
785	( -1.4010149422e+00 3.9243582172e-01 -5.1204237048e-02 )	
786	( -1.4010160498e+00 3.9243618644e-01 -5.1203254665e-02 )	
787	( -1.4010167531e+00 3.9243658501e-01 -5.1204613171e-02 )	
788	( -1.4010180897e+00 3.9243703787e-01 -5.1203667916e-02 )	
789	( -1.4010189976e+00 3.9243751115e-01 -5.1205046804e-02 )	
790	( -1.4010205258e+00 3.9243803442e-01 -5.1204126205e-02 )	
791	( -1.4010216171e+00 3.9243857371e-01 -5.1205519463e-02 )	
792	( -1.4010233211e+00 3.9243915993e-01 -5.1204618726e-02 )	
793	( -1.4010245853e+00 3.9243976147e-01 -5.1206024712e-02 )	
794	( -1.4010264519e+00 3.9244040606e-01 -5.1205141723e-02 )	
795	( -1.4010278737e+00 3.9244106155e-01 -5.1206554968e-02 )	
796	( -1.4010298853e+00 3.9244175608e-01 -5.1205684535e-02 )	
797	( -1.4010314460e+00 3.9244245879e-01 -5.1207101998e-02 )	
798	( -1.4010335867e+00 3.9244319681e-01 -5.1206241002e-02 )	
799	( -1.4010352705e+00 3.9244393928e-01 -5.1207658492e-02 )	
800	( -1.4010375190e+00 3.9244471239e-01 -5.1206802832e-02 )	
801	( -1.4010393051e+00 3.9244548770e-01 -5.1208217858e-02 )	
802	( -1.4010416498e+00 3.9244629062e-01 -5.1207365064e-02 )	
803	( -1.4010435267e+00 3.9244709167e-01 -5.1208773239e-02 )	
804	( -1.4010459482e+00 3.9244791580e-01 -5.1207918652e-02 )	
805	( -1.4010478954e+00 3.9244873382e-01 -5.1209315646e-02 )	
806	( -1.4010503751e+00 3.9244957075e-01 -5.1208455496e-02 )	
807	( -1.4010523714e+00 3.9245039817e-01 -5.1209838625e-02 )	
808	( -1.4010548945e+00 3.9245124136e-01 -5.1208969259e-02 )	
809	( -1.4010569292e+00 3.9245207265e-01 -5.1210335406e-02 )	
810	( -1.4010594820e+00 3.9245291737e-01 -5.1209455442e-02 )	
811	( -1.4010615440e+00 3.9245374822e-01 -5.1210802821e-02 )	
812	( -1.4010641147e+00 3.9245459022e-01 -5.1209911354e-02 )	
813	( -1.4010661888e+00 3.9245541660e-01 -5.1211240312e-02 )	
814	( -1.4010687701e+00 3.9245625305e-01 -5.1210336337e-02 )	
815	( -1.4010708518e+00 3.9245707244e-01 -5.1211645774e-02 )	
816	( -1.4010734359e+00 3.9245790079e-01 -5.1210728886e-02 )	
817	( -1.4010755133e+00 3.9245871044e-01 -5.1212019486e-02 )	
818	( -1.4010780873e+00 3.9245952743e-01 -5.1211090831e-02 )	
819	( -1.4010801607e+00 3.9246032571e-01 -5.1212361235e-02 )	
820	( -1.4010827171e+00 3.9246112881e-01 -5.1211420331e-02 )	
821	( -1.4010847702e+00 3.9246191207e-01 -5.1212672098e-02 )	
822	( -1.4010873075e+00 3.9246269972e-01 -5.1211717825e-02 )	
823	( -1.4010893327e+00 3.9246346537e-01 -5.1212950508e-02 )	
824	( -1.4010918387e+00 3.9246423439e-01 -5.1211983718e-02 )	
825	( -1.4010938326e+00 3.9246498069e-01 -5.1213196633e-02 )	
826	( -1.4010962979e+00 3.9246572796e-01 -5.1212217254e-02 )	
827	( -1.4010982482e+00 3.9246645209e-01 -5.1213411270e-02 )	
828	( -1.4011006655e+00 3.9246717545e-01 -5.1212419577e-02 )	
829	( -1.4011025698e+00 3.9246787558e-01 -5.1213594158e-02 )	
830	( -1.4011049374e+00 3.9246857415e-01 -5.1212589621e-02 )	
831	( -1.4011067815e+00 3.9246924762e-01 -5.1213746435e-02 )	
832	( -1.4011090931e+00 3.9246991977e-01 -5.1212729915e-02 )	
833	( -1.4011108802e+00 3.9247056651e-01 -5.1213868393e-02 )	
834	( -1.4011131272e+00 3.9247121031e-01 -5.1212840928e-02 )	
835	( -1.4011148471e+00 3.9247182861e-01 -5.1213962915e-02 )	
836	( -1.4011170295e+00 3.9247244417e-01 -5.1212925118e-02 )	
837	( -1.4011186825e+00 3.9247303380e-01 -5.1214030925e-02 )	
838	( -1.4011207955e+00 3.9247362064e-01 -5.1212984221e-02 )	
839	( -1.4011223790e+00 3.9247418145e-01 -5.1214075182e-02 )	
840	( -1.4011244194e+00 3.9247473912e-01 -5.1213020618e-02 )	
841	( -1.4011259331e+00 3.9247527151e-01 -5.1214097731e-02 )	
842	( -1.4011278981e+00 3.9247579961e-01 -5.1213036555e-02 )	
843	( -1.4011293353e+00 3.9247630282e-01 -5.1214101648e-02 )	
844	( -1.4011312263e+00 3.9247680213e-01 -5.1213034728e-02 )	
845	( -1.4011325883e+00 3.9247727646e-01 -5.1214088335e-02 )	
846	( -1.4011344019e+00 3.9247774692e-01 -5.1213017057e-02 )	
847	( -1.4011356870e+00 3.9247819248e-01 -5.1214060425e-02 )	
848	( -1.4011374213e+00 3.9247863401e-01 -5.1212985808e-02 )	
849	( -1.4011386291e+00 3.9247905123e-01 -5.1214019833e-02 )	
850	( -1.4011402828e+00 3.9247946388e-01 -5.1212942857e-02 )	
851	( -1.4011414082e+00 3.9247985238e-01 -5.1213969367e-02 )	
852	( -1.4011429806e+00 3.9248023623e-01 -5.1212890921e-02 )	
853	( -1.4011440270e+00 3.9248059695e-01 -5.1213910145e-02 )	
854	( -1.4011455162e+00 3.9248095217e-01 -5.1212831371e-02 )	
855	( -1.4011464783e+00 3.9248128457e-01 -5.1213844800e-02 )	
856	( -1.4011478847e+00 3.9248161178e-01 -5.1212766563e-02 )	
857	( -1.4011487643e+00 3.9248191640e-01 -5.1213774865e-02 )	
858	( -1.4011500858e+00 3.9248221572e-01 -5.1212698298e-02 )	
859	( -1.4011508820e+00 3.9248249285e-01 -5.1213702484e-02 )	
860	( -1.4011521178e+00 3.9248276454e-01 -5.1212628476e-02 )	
861	( -1.4011528302e+00 3.9248301452e-01 -5.1213629323e-02 )	
862	( -1.4011539788e+00 3.9248325839e-01 -5.1212558461e-02 )	
863	( -1.4011546015e+00 3.9248348054e-01 -5.1213556797e-02 )	
864	( -1.4011556641e+00 3.9248369810e-01 -5.1212490469e-02 )	
865	( -1.4011562040e+00 3.9248389513e-01 -5.1213488131e-02 )	
866	( -1.4011571822e+00 3.9248408747e-01 -5.1212427665e-02 )	
867	( -1.4011576393e+00 3.9248425960e-01 -5.1213425326e-02 )	
868	( -1.4011585330e+00 3.9248442695e-01 -5.1212371340e-02 )	
869	( -1.4011589074e+00 3.9248457447e-01 -5.1213369661e-02 )	
870	( -1.4011597168e+00 3.9248471716e-01 -5.1212322766e-02 )	
871	( -1.4011600086e+00 3.9248484040e-01 -5.1213322359e-02 )	
872	( -1.4011607340e+00 3.9248495878e-01 -5.1212283113e-02 )	
873	( -1.4011609436e+00 3.9248505809e-01 -5.1213284532e-02 )	
874	( -1.4011615854e+00 3.9248515254e-01 -5.1212253440e-02 )	
875	( -1.4011617136e+00 3.9248522836e-01 -5.1213257213e-02 )	
876	( -1.4011622726e+00 3.9248529961e-01 -5.1212234977e-02 )	
877	( -1.4011623208e+00 3.9248535266e-01 -5.1213241716e-02 )	
878	( -1.4011627974e+00 3.9248540071e-01 -5.1212228446e-02 )	
879	( -1.4011627659e+00 3.9248543091e-01 -5.1213238058e-02 )	
880	( -1.4011631612e+00 3.9248545643e-01 -5.1212234205e-02 )	
881	( -1.4011630511e+00 3.9248546480e-01 -5.1213247563e-02 )	
882	( -1.4011633676e+00 3.9248546886e-01 -5.1212253738e-02 )	
883	( -1.4011631816e+00 3.9248545632e-01 -5.1213271352e-02 )	
884	( -1.4011634214e+00 3.9248543983e-01 -5.1212287994e-02 )	
885	( -1.4011631605e+00 3.9248540731e-01 -5.1213310517e-02 )	
886	( -1.4011633277e+00 3.9248537135e-01 -5.1212337858e-02 )	
887	( -1.4011629944e+00 3.9248531980e-01 -5.1213365603e-02 )	
888	( -1.4011630904e+00 3.9248526528e-01 -5.1212404125e-02 )	
889	( -1.4011626881e+00 3.9248519576e-01 -5.1213437363e-02 )	
890	( -1.4011627156e+00 3.9248512370e-01 -5.1212487330e-02 )	
891	( -1.4011622473e+00 3.9248503729e-01 -5.1213526306e-02 )	
892	( -1.4011622094e+00 3.9248494884e-01 -5.1212587951e-02 )	
893	( -1.4011616778e+00 3.9248484661e-01 -5.1213632996e-02 )	
894	( -1.4011615790e+00 3.9248474284e-01 -5.1212706241e-02 )	
895	( -1.4011609883e+00 3.9248462616e-01 -5.1213757295e-02 )	
896	( -1.4011608304e+00 3.9248450812e-01 -5.1212842444e-02 )	
897	( -1.4011601842e+00 3.9248437799e-01 -5.1213899586e-02 )	
898	( -1.4011599712e+00 3.9248424693e-01 -5.1212996587e-02 )	
899	( -1.4011592722e+00 3.9248410444e-01 -5.1214059963e-02 )	
900	( -1.4011590093e+00 3.9248396165e-01 -5.1213168576e-02 )	
901	( -1.4011582628e+00 3.9248380826e-01 -5.1214237864e-02 )	
902	( -1.4011579518e+00 3.9248365470e-01 -5.1213358195e-02 )	
903	( -1.4011571615e+00 3.9248349141e-01 -5.1214433309e-02 )	
904	( -1.4011568069e+00 3.9248332839e-01 -5.1213565092e-02 )	
905	( -1.4011559757e+00 3.9248315625e-01 -5.1214645971e-02 )	
906	( -1.4011555831e+00 3.9248298505e-01 -5.1213788755e-02 )	
907	( -1.4011547166e+00 3.9248280559e-01 -5.1214874864e-02 )	
908	( -1.4011542866e+00 3.9248262665e-01 -5.1214028274e-02 )	
909	( -1.4011533861e+00 3.9248244046e-01 -5.1215119374e-02 )	
910	( -1.4011529273e+00 3.9248225645e-01 -5.1214283555e-02 )	
911	( -1.4011520016e+00 3.9248206621e-01 -5.1215379756e-02 )	
912	( -1.4011515170e+00 3.9248187823e-01 -5.1214554590e-02 )	
913	( -1.4011505690e+00 3.9248168471e-01 -5.1215655598e-02 )	
914	( -1.4011500646e+00 3.9248149397e-01 -5.1214840283e-02 )	
915	( -1.4011490998e+00 3.9248129849e-01 -5.1215945305e-02 )	
916	( -1.4011485781e+00 3.9248110591e-01 -5.1215139544e-02 )	
917	( -1.4011476002e+00 3.9248090937e-01 -5.1216248160e-02 )	
918	( -1.4011470658e+00 3.9248071616e-01 -5.1215451313e-02 )	
919	( -1.4011460785e+00 3.9248051965e-01 -5.1216563114e-02 )	
920	( -1.4011455372e+00 3.9248032701e-01 -5.1215774458e-02 )	
921	( -1.4011445457e+00 3.9248013188e-01 -5.1216888648e-02 )	
922	( -1.4011439997e+00 3.9247994073e-01 -5.1216107843e-02 )	
923	( -1.4011430070e+00 3.9247974778e-01 -5.1217224104e-02 )	
924	( -1.4011424623e+00 3.9247955940e-01 -5.1216450327e-02 )	
925	( -1.4011414739e+00 3.9247937004e-01 -5.1217567844e-02 )	
926	( -1.4011409327e+00 3.9247918529e-01 -5.1216800716e-02 )	
927	( -1.4011399521e+00 3.9247900034e-01 -5.1217918985e-02 )	
928	( -1.4011394190e+00 3.9247882037e-01 -5.1217157817e-02 )	
929	( -1.4011384493e+00 3.9247864074e-01 -5.1218276329e-02 )	
930	( -1.4011379291e+00 3.9247846651e-01 -5.1217520326e-02 )	
931	( -1.4011369749e+00 3.9247829334e-01 -5.1218638250e-02 )	
932	( -1.4011364694e+00 3.9247812553e-01 -5.1217886945e-02 )	
933	( -1.4011355340e+00 3.9247795947e-01 -5.1219003705e-02 )	
934	( -1.4011350470e+00 3.9247779898e-01 -5.1218256361e-02 )	
935	( -1.4011341328e+00 3.9247764073e-01 -5.1219371388e-02 )	
936	( -1.4011336684e+00 3.9247748830e-01 -5.1218627175e-02 )	
937	( -1.4011327791e+00 3.9247733870e-01 -5.1219739624e-02 )	
938	( -1.4011323388e+00 3.9247719480e-01 -5.1218998025e-02 )	
939	( -1.4011314770e+00 3.9247705431e-01 -5.1220107289e-02 )	
940	( -1.4011310636e+00 3.9247691957e-01 -5.1219367563e-02 )	
941	( -1.4011302316e+00 3.9247678868e-01 -5.1220472951e-02 )	
942	( -1.4011298476e+00 3.9247666355e-01 -5.1219734406e-02 )	
943	( -1.4011290477e+00 3.9247654268e-01 -5.1220835257e-02 )	
944	( -1.4011286949e+00 3.9247642753e-01 -5.1220097223e-02 )	
945	( -1.4011279284e+00 3.9247631697e-01 -5.1221192976e-02 )	
946	( -1.4011276100e+00 3.9247621223e-01 -5.1220454641e-02 )	
947	( -1.4011268785e+00 3.9247611221e-01 -5.1221544617e-02 )	
948	( -1.4011265944e+00 3.9247601788e-01 -5.1220805552e-02 )	
949	( -1.4011259005e+00 3.9247592883e-01 -5.1221889035e-02 )	
950	( -1.4011256523e+00 3.9247584514e-01 -5.1221148549e-02 )	
951	( -1.4011249959e+00 3.9247576685e-01 -5.1222225102e-02 )	
952	( -1.4011247847e+00 3.9247569387e-01 -5.1221482651e-02 )	
953	( -1.4011241678e+00 3.9247562671e-01 -5.1222551588e-02 )	
954	( -1.4011239941e+00 3.9247556443e-01 -5.1221806578e-02 )	
955	( -1.4011234165e+00 3.9247550810e-01 -5.1222867509e-02 )	
956	( -1.4011232814e+00 3.9247545656e-01 -5.1222119456e-02 )	
957	( -1.4011227437e+00 3.9247541109e-01 -5.1223171833e-02 )	
958	( -1.4011226471e+00 3.9247537012e-01 -5.1222420255e-02 )	
959	( -1.4011221496e+00 3.9247533537e-01 -5.1223463650e-02 )	
960	( -1.4011220920e+00 3.9247530491e-01 -5.1222707996e-02 )	
961	( -1.4011216339e+00 3.9247528048e-01 -5.1223742230e-02 )	
962	( -1.4011216150e+00 3.9247526024e-01 -5.1222982162e-02 )	
963	( -1.4011211969e+00 3.9247524614e-01 -5.1224006603e-02 )	
964	( -1.4011212161e+00 3.9247523579e-01 -5.1223241843e-02 )	
965	( -1.4011208377e+00 3.9247523166e-01 -5.1224255986e-02 )	
966	( -1.4011208936e+00 3.9247523086e-01 -5.1223486573e-02 )	
967	( -1.4011205543e+00 3.9247523641e-01 -5.1224490296e-02 )	
968	( -1.4011206471e+00 3.9247524480e-01 -5.1223715513e-02 )	
969	( -1.4011203458e+00 3.9247525963e-01 -5.1224708652e-02 )	
970	( -1.4011204746e+00 3.9247527683e-01 -5.1223928321e-02 )	
971	( -1.4011202101e+00 3.9247530047e-01 -5.1224910686e-02 )	
972	( -1.4011203738e+00 3.9247532604e-01 -5.1224124594e-02 )	
973	( -1.4011201450e+00 3.9247535807e-01 -5.1225096020e-02 )	
974	( -1.4011203426e+00 3.9247539155e-01 -5.1224304008e-02 )	
975	( -1.4011201482e+00 3.9247543146e-01 -5.1225264368e-02 )	
976	( -1.4011203782e+00 3.9247547239e-01 -5.1224466316e-02 )	
977	( -1.4011202172e+00 3.9247551961e-01 -5.1225415446e-02 )	
978	( -1.4011204779e+00 3.9247556748e-01 -5.1224611307e-02 )	
979	( -1.4011203488e+00 3.9247562157e-01 -5.1225549182e-02 )	
980	( -1.4011206391e+00 3.9247567576e-01 -5.1224738773e-02 )	
981	( -1.4011205401e+00 3.9247573624e-01 -5.1225665423e-02 )	
982	( -1.4011208585e+00 3.9247579629e-01 -5.1224848752e-02 )	
983	( -1.4011207881e+00 3.9247586256e-01 -5.1225764200e-02 )	
984	( -1.4011211330e+00 3.9247592790e-01 -5.1224941171e-02 )	
985	( -1.4011210896e+00 3.9247599941e-01 -5.1225845395e-02 )	
986	( -1.4011214593e+00 3.9247606956e-01 -5.1225016159e-02 )	
987	( -1.4011214416e+00 3.9247614579e-01 -5.1225909185e-02 )	
988	( -1.4011218343e+00 3.9247622026e-01 -5.1225073799e-02 )	
989	( -1.4011218403e+00 3.9247630064e-01 -5.1225955734e-02 )	
990	( -1.4011222548e+00 3.9247637891e-01 -5.1225114239e-02 )	
991	( -1.4011222831e+00 3.9247646296e-01 -5.1225985195e-02 )	
992	( -1.4011227174e+00 3.9247654449e-01 -5.1225137702e-02 )	
993	( -1.4011227664e+00 3.9247663173e-01 -5.1225997787e-02 )	
994	( -1.4011232190e+00 3.9247671605e-01 -5.1225144425e-02 )	
995	( -1.4011232872e+00 3.9247680599e-01 -5.1225993808e-02 )	
996	( -1.4011237566e+00 3.9247689261e-01 -5.1225134676e-02 )	
997	( -1.4011238420e+00 3.9247698475e-01 -5.1225973561e-02 )	
998	( -1.4011243269e+00 3.9247707329e-01 -5.1225108858e-02 )	
999	( -1.4011244282e+00 3.9247716720e-01 -5.1225937392e-02 )	
1000	( -1.4011249268e+00 3.9247725717e-01 -5.1225067301e-02 )	
1001	( -1.4011250427e+00 3.9247735247e-01 -5.1225885673e-02 )	
1002	( -1.4011255537e+00 3.9247744341e-01 -5.1225010348e-02 )	
1003	( -1.4011256822e+00 3.9247753967e-01 -5.1225818854e-02 )	
1004	( -1.4011262043e+00 3.9247763127e-01 -5.1224938528e-02 )	
1005	( -1.4011263446e+00 3.9247772812e-01 -5.1225737323e-02 )	
1006	( -1.4011268759e+00 3.9247781991e-01 -5.1224852231e-02 )	
1007	( -1.4011270266e+00 3.9247791701e-01 -5.1225641563e-02 )	
1008	( -1.4011275663e+00 3.9247800872e-01 -5.1224751899e-02 )	
1009	( -1.4011277255e+00 3.9247810565e-01 -5.1225532095e-02 )	
1010	( -1.4011282723e+00 3.9247819696e-01 -5.1224638125e-02 )	
1011	( -1.4011284392e+00 3.9247829346e-01 -5.1225409354e-02 )	
1012	( -1.4011289918e+00 3.9247838395e-01 -5.1224511207e-02 )	
1013	( -1.4011291646e+00 3.9247847971e-01 -5.1225274022e-02 )	
1014	( -1.4011297222e+00 3.9247856923e-01 -5.1224372015e-02 )	
1015	( -1.4011298999e+00 3.9247866394e-01 -5.1225126481e-02 )	
1016	( -1.4011304608e+00 3.9247875210e-01 -5.1224220952e-02 )	
1017	( -1.4011306427e+00 3.9247884552e-01 -5.1224967316e-02 )	
1018	( -1.4011312058e+00 3.9247893214e-01 -5.1224058578e-02 )	
1019	( -1.4011313910e+00 3.9247902409e-01 -5.1224797127e-02 )	
1020	( -1.4011319547e+00 3.9247910875e-01 -5.1223885499e-02 )	
1021	( -1.4011321417e+00 3.9247919898e-01 -5.1224616617e-02 )	
1022	( -1.4011327056e+00 3.9247928159e-01 -5.1223702355e-02 )	
1023	( -1.4011328935e+00 3.9247936985e-01 -5.1224426307e-02 )	
1024	( -1.4011334564e+00 3.9247945023e-01 -5.1223509741e-02 )	
1025	( -1.4011336443e+00 3.9247953630e-01 -5.1224226867e-02 )	
1026	( -1.4011342053e+00 3.9247961427e-01 -5.1223308279e-02 )	
1027	( -1.4011343917e+00 3.9247969794e-01 -5.1224018968e-02 )	
1028	( -1.4011349498e+00 3.9247977328e-01 -5.1223098704e-02 )	
1029	( -1.4011351344e+00 3.9247985443e-01 -5.1223803242e-02 )	
1030	( -1.4011356888e+00 3.9247992701e-01 -5.1222881607e-02 )	
1031	( -1.4011358701e+00 3.9248000545e-01 -5.1223580397e-02 )	
1032	( -1.4011364198e+00 3.9248007506e-01 -5.1222657746e-02 )	
1033	( -1.4011365973e+00 3.9248015067e-01 -5.1223351074e-02 )	
1034	( -1.4011371414e+00 3.9248021726e-01 -5.1222427770e-02 )	
1035	( -1.4011373143e+00 3.9248028985e-01 -5.1223116000e-02 )	
1036	( -1.4011378519e+00 3.9248035327e-01 -5.1222192379e-02 )	
1037	( -1.4011380193e+00 3.9248042275e-01 -5.1222875875e-02 )	
1038	( -1.4011385497e+00 3.9248048287e-01 -5.1221952282e-02 )	
1039	( -1.4011387109e+00 3.9248054916e-01 -5.1222631401e-02 )	
1040	( -1.4011392332e+00 3.9248060583e-01 -5.1221708154e-02 )	
1041	( -1.4011393871e+00 3.9248066881e-01 -5.1222383327e-02 )	
1042	( -1.4011399008e+00 3.9248072200e-01 -5.1221460782e-02 )	
1043	( -1.4011400469e+00 3.9248078157e-01 -5.1222132299e-02 )	
1044	( -1.4011405511e+00 3.9248083119e-01 -5.1221210828e-02 )	
1045	( -1.4011406889e+00 3.9248088731e-01 -5.1221879057e-02 )	
1046	( -1.4011411829e+00 3.9248093323e-01 -5.1220958975e-02 )	
1047	( -1.4011413113e+00 3.9248098581e-01 -5.1221624339e-02 )	
1048	( -1.4011417947e+00 3.9248102804e-01 -5.1220705998e-02 )	
1049	( -1.4011419134e+00 3.9248107704e-01 -5.1221368788e-02 )	
1050	( -1.4011423854e+00 3.9248111546e-01 -5.1220452521e-02 )	
1051	( -1.4011424935e+00 3.9248116082e-01 -5.1221113147e-02 )	
1052	( -1.4011429538e+00 3.9248119549e-01 -5.1220199299e-02 )	
1053	( -1.4011430510e+00 3.9248123714e-01 -5.1220858053e-02 )	
1054	( -1.4011434987e+00 3.9248126800e-01 -5.1219946970e-02 )	
1055	( -1.4011435845e+00 3.9248130596e-01 -5.1220604197e-02 )	
1056	( -1.4011440194e+00 3.9248133299e-01 -5.1219696200e-02 )	
1057	( -1.4011440933e+00 3.9248136723e-01 -5.1220352232e-02 )	
1058	( -1.4011445147e+00 3.9248139043e-01 -5.1219447635e-02 )	
1059	( -1.4011445766e+00 3.9248142100e-01 -5.1220102799e-02 )	
1060	( -1.4011449842e+00 3.9248144031e-01 -5.1219201875e-02 )	
1061	( -1.4011450332e+00 3.9248146721e-01 -5.1219856532e-02 )	
1062	( -1.4011454269e+00 3.9248148274e-01 -5.1218959585e-02 )	
1063	( -1.4011454630e+00 3.9248150597e-01 -5.1219613982e-02 )	
1064	( -1.4011458424e+00 3.9248151773e-01 -5.1218721312e-02 )	
1065	( -1.4011458653e+00 3.9248153733e-01 -5.1219375745e-02 )	
1066	( -1.4011462301e+00 3.9248154537e-01 -5.1218487622e-02 )	
1067	( -1.4011462396e+00 3.9248156143e-01 -5.1219142370e-02 )	
1068	( -1.4011465897e+00 3.9248156575e-01 -5.1218259022e-02 )	
1069	( -1.4011465856e+00 3.9248157832e-01 -5.1218914389e-02 )	
1070	( -1.4011469209e+00 3.9248157906e-01 -5.1218036068e-02 )	
1071	( -1.4011469030e+00 3.9248158814e-01 -5.1218692301e-02 )	
1072	( -1.4011472238e+00 3.9248158546e-01 -5.1217819160e-02 )	
1073	( -1.4011471921e+00 3.9248159116e-01 -5.1218476473e-02 )	
1074	( -1.4011474979e+00 3.9248158506e-01 -5.1217608834e-02 )	
1075	( -1.4011474526e+00 3.9248158751e-01 -5.1218267420e-02 )	
1076	( -1.4011477436e+00 3.9248157809e-01 -5.1217405465e-02 )	
1077	( -1.4011476848e+00 3.9248157741e-01 -5.1218065520e-02 )	
1078	( -1.4011479610e+00 3.9248156479e-01 -5.1217209425e-02 )	
1079	( -1.4011478888e+00 3.9248156110e-01 -5.1217871132e-02 )	
1080	( -1.4011481505e+00 3.9248154541e-01 -5.1217021059e-02 )	
1081	( -1.4011480651e+00 3.9248153884e-01 -5.1217684584e-02 )	
1082	( -1.4011483124e+00 3.9248152021e-01 -5.1216840678e-02 )	
1083	( -1.4011482140e+00 3.9248151093e-01 -5.1217506179e-02 )	
1084	( -1.4011484472e+00 3.9248148946e-01 -5.1216668555e-02 )	
1085	( -1.4011483362e+00 3.9248147761e-01 -5.1217336163e-02 )	
1086	( -1.4011485555e+00 3.9248145351e-01 -5.1216504942e-02 )	
1087	( -1.4011484323e+00 3.9248143927e-01 -5.1217174759e-02 )	
1088	( -1.4011486381e+00 3.9248141262e-01 -5.1216350044e-02 )	
1089	( -1.4011485028e+00 3.9248139614e-01 -5.1217022196e-02 )	
1090	( -1.4011486958e+00 3.9248136718e-01 -5.1216204029e-02 )	
1091	( -1.4011485489e+00 3.9248134860e-01 -5.1216878580e-02 )	
1092	( -1.4011487293e+00 3.9248131752e-01 -5.1216067036e-02 )	
1093	( -1.4011485713e+00 3.9248129702e-01 -5.1216744056e-02 )	
1094	( -1.4011487397e+00 3.9248126400e-01 -5.1215939179e-02 )	
1095	( -1.4011485711e+00 3.9248124176e-01 -5.1216618717e-02 )	
1096	( -1.4011487278e+00 3.9248120697e-01 -5.1215820533e-02 )	
1097	( -1.4011485492e+00 3.9248118317e-01 -5.1216502621e-02 )	
1098	( -1.4011486949e+00 3.9248114681e-01 -5.1215711140e-02 )	
1099	( -1.4011485067e+00 3.9248112166e-01 -5.1216395804e-02 )	
1100	( -1.4011486421e+00 3.9248108388e-01 -5.1215610995e-02 )	
1101	( -1.4011484449e+00 3.9248105758e-01 -5.1216298256e-02 )	
1102	( -1.4011485704e+00 3.9248101860e-01 -5.1215520119e-02 )	
1103	( -1.4011483648e+00 3.9248099131e-01 -5.1216209933e-02 )	
1104	( -1.4011484812e+00 3.9248095132e-01 -5.1215438445e-02 )	
1105	( -1.4011482678e+00 3.9248092324e-01 -5.1216130798e-02 )	
1106	( -1.4011483755e+00 3.9248088242e-01 -5.1215365896e-02 )	
1107	( -1.4011481550e+00 3.9248085374e-01 -5.1216060746e-02 )	
1108	( -1.4011482548e+00 3.9248081230e-01 -5.1215302389e-02 )	
1109	( -1.4011480278e+00 3.9248078319e-01 -5.1215999675e-02 )	
1110	( -1.4011481202e+00 3.9248074131e-01 -5.1215247793e-02 )	
1111	( -1.4011478873e+00 3.9248071194e-01 -5.1215947455e-02 )	
1112	( -1.4011479730e+00 3.9248066980e-01 -5.1215201963e-02 )	
1113	( -1.4011477350e+00 3.9248064038e-01 -5.1215903935e-02 )	
1114	( -1.4011478146e+00 3.9248059814e-01 -5.1215164720e-02 )	
1115	( -1.4011475719e+00 3.9248056885e-01 -5.1215868934e-02 )	
1116	( -1.4011476462e+00 3.9248052669e-01 -5.1215135911e-02 )	
1117	( -1.4011473995e+00 3.9248049766e-01 -5.1215842245e-02 )	
1118	( -1.4011474690e+00 3.9248045576e-01 -5.1215115309e-02 )	
1119	( -1.4011472190e+00 3.9248042718e-01 -5.1215823702e-02 )	
1120	( -1.4011472843e+00 3.9248038566e-01 -5.1215102668e-02 )	
1121	( -1.4011470315e+00 3.9248035765e-01 -5.1215812978e-02 )	
1122	( -1.4011470932e+00 3.9248031669e-01 -5.1215097789e-02 )	
1123	( -1.4011468382e+00 3.9248028940e-01 -5.1215809890e-02 )	
1124	( -1.4011468970e+00 3.9248024915e-01 -5.1215100405e-02 )	
1125	( -1.4011466404e+00 3.9248022270e-01 -5.1215814169e-02 )	
1126	( -1.4011466966e+00 3.9248018325e-01 -5.1215110224e-02 )	
1127	( -1.4011464390e+00 3.9248015783e-01 -5.1215825554e-02 )	
1128	( -1.4011464933e+00 3.9248011931e-01 -5.1215127018e-02 )	
1129	( -1.4011462352e+00 3.9248009498e-01 -5.1215843745e-02 )	
1130	( -1.4011462882e+00 3.9248005751e-01 -5.1215150447e-02 )	
1131	( -1.4011460300e+00 3.9248003439e-01 -5.1215868445e-02 )	
1132	( -1.4011460821e+00 3.9247999807e-01 -5.1215180249e-02 )	
1133	( -1.4011458244e+00 3.9247997626e-01 -5.1215899385e-02 )	
1134	( -1.4011458761e+00 3.9247994119e-01 -5.1215216082e-02 )	
1135	( -1.4011456192e+00 3.9247992074e-01 -5.1215936177e-02 )	
1136	( -1.4011456709e+00 3.9247988701e-01 -5.1215257665e-02 )	
1137	( -1.4011454154e+00 3.9247986802e-01 -5.1215978575e-02 )	
1138	( -1.4011454675e+00 3.9247983568e-01 -5.1215304659e-02 )	
1139	( -1.4011452137e+00 3.9247981821e-01 -5.1216026225e-02 )	
1140	( -1.4011452667e+00 3.9247978734e-01 -5.1215356758e-02 )	
1141	( -1.4011450149e+00 3.9247977145e-01 -5.1216078813e-02 )	
1142	( -1.4011450690e+00 3.9247974208e-01 -5.1215413616e-02 )	
1143	( -1.4011448197e+00 3.9247972782e-01 -5.1216136015e-02 )	
1144	( -1.4011448753e+00 3.9247970000e-01 -5.1215474918e-02 )	
1145	( -1.4011446287e+00 3.9247968739e-01 -5.1216197491e-02 )	
1146	( -1.4011446860e+00 3.9247966113e-01 -5.1215540310e-02 )	
1147	( -1.4011444425e+00 3.9247965026e-01 -5.1216262929e-02 )	
1148	( -1.4011445019e+00 3.9247962558e-01 -5.1215609489e-02 )	
1149	( -1.4011442616e+00 3.9247961639e-01 -5.1216331965e-02 )	
1150	( -1.4011443233e+00 3.9247959333e-01 -5.1215682118e-02 )	
1151	( -1.4011440865e+00 3.9247958584e-01 -5.1216404288e-02 )	
1152	( -1.4011441507e+00 3.9247956441e-01 -5.1215757862e-02 )	
1153	( -1.4011439176e+00 3.9247955861e-01 -5.1216479569e-02 )	
1154	( -1.4011439845e+00 3.9247953880e-01 -5.1215836389e-02 )	
1155	( -1.4011437552e+00 3.9247953471e-01 -5.1216557495e-02 )	
1156	( -1.4011438250e+00 3.9247951648e-01 -5.1215917378e-02 )	
1157	( -1.4011435997e+00 3.9247951408e-01 -5.1216637719e-02 )	
1158	( -1.4011436726e+00 3.9247949745e-01 -5.1216000531e-02 )	
1159	( -1.4011434513e+00 3.9247949666e-01 -5.1216719938e-02 )	
1160	( -1.4011435273e+00 3.9247948161e-01 -5.1216085507e-02 )	
1161	( -1.4011433102e+00 3.9247948244e-01 -5.1216803841e-02 )	
1162	( -1.4011433894e+00 3.9247946891e-01 -5.1216172005e-02 )	
1163	( -1.4011431766e+00 3.9247947134e-01 -5.1216889139e-02 )	
1164	( -1.4011432592e+00 3.9247945928e-01 -5.1216259724e-02 )	
1165	( -1.4011430507e+00 3.9247946326e-01 -5.1216975505e-02 )	
1166	( -1.4011431365e+00 3.9247945265e-01 -5.1216348382e-02 )	
1167	( -1.4011429325e+00 3.9247945812e-01 -5.1217062664e-02 )	
1168	( -1.4011430217e+00 3.9247944892e-01 -5.1216437684e-02 )	
1169	( -1.4011428220e+00 3.9247945583e-01 -5.1217150332e-02 )	
1170	( -1.4011429146e+00 3.9247944797e-01 -5.1216527352e-02 )	
1171	( -1.4011427193e+00 3.9247945627e-01 -5.1217238238e-02 )	
1172	( -1.4011428153e+00 3.9247944970e-01 -5.1216617118e-02 )	
1173	( -1.4011426244e+00 3.9247945933e-01 -5.1217326115e-02 )	
1174	( -1.4011427237e+00 3.9247945400e-01 -5.1216706721e-02 )	
1175	( -1.4011425371e+00 3.9247946489e-01 -5.1217413710e-02 )	
1176	( -1.4011426398e+00 3.9247946073e-01 -5.1216795914e-02 )	
1177	( -1.4011424576e+00 3.9247947283e-01 -5.1217500780e-02 )	
1178	( -1.4011425635e+00 3.9247946979e-01 -5.1216884457e-02 )	
1179	( -1.4011423855e+00 3.9247948302e-01 -5.1217587092e-02 )	
1180	( -1.4011424947e+00 3.9247948102e-01 -5.1216972125e-02 )	
1181	( -1.4011423209e+00 3.9247949534e-01 -5.1217672422e-02 )	
1182	( -1.4011424332e+00 3.9247949432e-01 -5.1217058698e-02 )	
1183	( -1.4011422636e+00 3.9247950964e-01 -5.1217756562e-02 )	
1184	( -1.4011423790e+00 3.9247950954e-01 -5.1217143974e-02 )	
1185	( -1.4011422134e+00 3.9247952580e-01 -5.1217839311e-02 )	
1186	( -1.4011423318e+00 3.9247952654e-01 -5.1217227760e-02 )	
1187	( -1.4011421702e+00 3.9247954367e-01 -5.1217920484e-02 )	
1188	( -1.4011422915e+00 3.9247954520e-01 -5.1217309874e-02 )	
1189	( -1.4011421338e+00 3.9247956314e-01 -5.1217999905e-02 )	
1190	( -1.4011422579e+00 3.9247956538e-01 -5.1217390147e-02 )	
1191	( -1.4011421039e+00 3.9247958406e-01 -5.1218077411e-02 )	
1192	( -1.4011422308e+00 3.9247958695e-01 -5.1217468424e-02 )	
1193	( -1.4011420804e+00 3.9247960630e-01 -5.1218152851e-02 )	
1194	( -1.4011422099e+00 3.9247960978e-01 -5.1217544558e-02 )	
1195	( -1.4011420631e+00 3.9247962974e-01 -5.1218226087e-02 )	
1196	( -1.4011421951e+00 3.9247963373e-01 -5.1217618417e-02 )	
1197	( -1.4011420517e+00 3.9247965424e-01 -5.1218296992e-02 )	
1198	( -1.4011421861e+00 3.9247965869e-01 -5.1217689881e-02 )	
1199	( -1.4011420461e+00 3.9247967968e-01 -5.1218365450e-02 )	
1200	( -1.4011421827e+00 3.9247968454e-01 -5.1217758840e-02 )	
1201	( -1.4011420459e+00 3.9247970594e-01 -5.1218431359e-02 )	
1202	( -1.4011421847e+00 3.9247971114e-01 -5.1217825197e-02 )	
1203	( -1.4011420509e+00 3.9247973291e-01 -5.1218494627e-02 )	
1204	( -1.4011421918e+00 3.9247973839e-01 -5.1217888867e-02 )	
1205	( -1.4011420610e+00 3.9247976046e-01 -5.1218555174e-02 )	
1206	( -1.4011422038e+00 3.9247976615e-01 -5.1217949760e-02 )	
1207	( -1.4011420758e+00 3.9247978850e-01 -5.1218612935e-02 )	
1208	( -1.4011422204e+00 3.9247979436e-01 -5.1218007845e-02 )	
1209	( -1.4011420951e+00 3.9247981690e-01 -5.1218667847e-02 )	
1210	( -1.4011422414e+00 3.9247982289e-01 -5.1218063049e-02 )	
1211	( -1.4011421187e+00 3.9247984557e-01 -5.1218719862e-02 )	
1212	( -1.4011422665e+00 3.9247985163e-01 -5.1218115330e-02 )	
1213	( -1.4011421463e+00 3.9247987441e-01 -5.1218768943e-02 )	
1214	( -1.4011422955e+00 3.9247988049e-01 -5.1218164658e-02 )	
1215	( -1.4011421776e+00 3.9247990334e-01 -5.1218815090e-02 )	
1216	( -1.4011423282e+00 3.9247990938e-01 -5.1218210996e-02 )	
1217	( -1.4011422125e+00 3.9247993224e-01 -5.1218858223e-02 )	
1218	( -1.4011423643e+00 3.9247993822e-01 -5.1218254359e-02 )	
1219	( -1.4011422506e+00 3.9247996104e-01 -5.1218898379e-02 )	
1220	( -1.4011424035e+00 3.9247996691e-01 -5.1218294718e-02 )	
1221	( -1.4011422918e+00 3.9247998966e-01 -5.1218935556e-02 )	
1222	( -1.4011424457e+00 3.9247999539e-01 -5.1218332109e-02 )	
1223	( -1.4011423358e+00 3.9248001802e-01 -5.1218969757e-02 )	
1224	( -1.4011424905e+00 3.9248002357e-01 -5.1218366525e-02 )	
1225	( -1.4011423824e+00 3.9248004605e-01 -5.1219000998e-02 )	
1226	( -1.4011425378e+00 3.9248005138e-01 -5.1218397988e-02 )	
1227	( -1.4011424313e+00 3.9248007368e-01 -5.1219029325e-02 )	
1228	( -1.4011425873e+00 3.9248007875e-01 -5.1218426504e-02 )	
1229	( -1.4011424822e+00 3.9248010084e-01 -5.1219054728e-02 )	
1230	( -1.4011426387e+00 3.9248010563e-01 -5.1218452159e-02 )	
1231	( -1.4011425351e+00 3.9248012748e-01 -5.1219077274e-02 )	
1232	( -1.4011426920e+00 3.9248013196e-01 -5.1218474970e-02 )	
1233	( -1.4011425895e+00 3.9248015353e-01 -5.1219097004e-02 )	
1234	( -1.4011427467e+00 3.9248015768e-01 -5.1218494982e-02 )	
1235	( -1.4011426454e+00 3.9248017895e-01 -5.1219113970e-02 )	
1236	( -1.4011428028e+00 3.9248018274e-01 -5.1218512241e-02 )	
1237	( -1.4011427025e+00 3.9248020369e-01 -5.1219128248e-02 )	
1238	( -1.4011428600e+00 3.9248020709e-01 -5.1218526827e-02 )	
1239	( -1.4011427606e+00 3.9248022770e-01 -5.1219139858e-02 )	
1240	( -1.4011429180e+00 3.9248023069e-01 -5.1218538792e-02 )	
1241	( -1.4011428195e+00 3.9248025094e-01 -5.1219148900e-02 )	
1242	( -1.4011429768e+00 3.9248025350e-01 -5.1218548218e-02 )	
1243	( -1.4011428790e+00 3.9248027336e-01 -5.1219155424e-02 )	
1244	( -1.4011430361e+00 3.9248027550e-01 -5.1218555165e-02 )	
1245	( -1.4011429389e+00 3.9248029494e-01 -5.1219159528e-02 )	
1246	( -1.4011430956e+00 3.9248029663e-01 -5.1218559724e-02 )	
1247	( -1.4011429990e+00 3.9248031568e-01 -5.1219161295e-02 )	
1248	( -1.4011431553e+00 3.9248031688e-01 -5.1218561952e-02 )	
1249	( -1.4011430591e+00 3.9248033548e-01 -5.1219160763e-02 )	
1250	( -1.4011432150e+00 3.9248033623e-01 -5.1218561963e-02 )	
1251	( -1.4011431191e+00 3.9248035438e-01 -5.1219158056e-02 )	
1252	( -1.4011432745e+00 3.9248035464e-01 -5.1218559813e-02 )	
1253	( -1.4011431788e+00 3.9248037235e-01 -5.1219153256e-02 )	
1254	( -1.4011433335e+00 3.9248037211e-01 -5.1218555618e-02 )	
1255	( -1.4011432381e+00 3.9248038936e-01 -5.1219146455e-02 )	
1256	( -1.4011433921e+00 3.9248038862e-01 -5.1218549449e-02 )	
1257	( -1.4011432968e+00 3.9248040540e-01 -5.1219137725e-02 )	
1258	( -1.4011434500e+00 3.9248040416e-01 -5.1218541400e-02 )	
1259	( -1.4011433547e+00 3.9248042047e-01 -5.1219127173e-02 )	
1260	( -1.4011435071e+00 3.9248041872e-01 -5.1218531580e-02 )	
1261	( -1.4011434118e+00 3.9248043456e-01 -5.1219114893e-02 )	
1262	( -1.4011435632e+00 3.9248043230e-01 -5.1218520070e-02 )	
1263	( -1.4011434678e+00 3.9248044767e-01 -5.1219100976e-02 )	
1264	( -1.4011436183e+00 3.9248044490e-01 -5.1218506967e-02 )	
1265	( -1.4011435228e+00 3.9248045980e-01 -5.1219085525e-02 )	
1266	( -1.4011436723e+00 3.9248045652e-01 -5.1218492365e-02 )	
1267	( -1.4011435766e+00 3.9248047095e-01 -5.1219068621e-02 )	
1268	( -1.4011437250e+00 3.9248046717e-01 -5.1218476362e-02 )	
1269	( -1.4011436290e+00 3.9248048113e-01 -5.1219050369e-02 )	
1270	( -1.4011437763e+00 3.9248047685e-01 -5.1218459049e-02 )	
1271	( -1.4011436801e+00 3.9248049035e-01 -5.1219030864e-02 )	
1272	( -1.4011438263e+00 3.9248048558e-01 -5.1218440532e-02 )	
1273	( -1.4011437297e+00 3.9248049862e-01 -5.1219010203e-02 )	
1274	( -1.4011438747e+00 3.9248049337e-01 -5.1218420898e-02 )	
1275	( -1.4011437778e+00 3.9248050596e-01 -5.1218988476e-02 )	
1276	( -1.4011439216e+00 3.9248050024e-01 -5.1218400241e-02 )	
1277	( -1.4011438243e+00 3.9248051238e-01 -5.1218965778e-02 )	
1278	( -1.4011439668e+00 3.9248050620e-01 -5.1218378655e-02 )	
1279	( -1.4011438691e+00 3.9248051791e-01 -5.1218942201e-02 )	
1280	( -1.4011440104e+00 3.9248051128e-01 -5.1218356231e-02 )	
1281	( -1.4011439123e+00 3.9248052258e-01 -5.1218917837e-02 )	
1282	( -1.4011440524e+00 3.9248051550e-01 -5.1218333059e-02 )	
1283	( -1.4011439537e+00 3.9248052639e-01 -5.1218892774e-02 )	
1284	( -1.4011440925e+00 3.9248051889e-01 -5.1218309228e-02 )	
1285	( -1.4011439935e+00 3.9248052939e-01 -5.1218867100e-02 )	
1286	( -1.4011441310e+00 3.9248052148e-01 -5.1218284827e-02 )	
1287	( -1.4011440314e+00 3.9248053160e-01 -5.1218840897e-02 )	
1288	( -1.4011441676e+00 3.9248052329e-01 -5.1218259936e-02 )	
1289	( -1.4011440676e+00 3.9248053304e-01 -5.1218814258e-02 )	
1290	( -1.4011442026e+00 3.9248052436e-01 -5.1218234641e-02 )	
1291	( -1.4011441021e+00 3.9248053376e-01 -5.1218787259e-02 )	
1292	( -1.4011442357e+00 3.9248052471e-01 -5.1218209022e-02 )	
1293	( -1.4011441347e+00 3.9248053379e-01 -5.1218759981e-02 )	
1294	( -1.4011442671e+00 3.9248052439e-01 -5.1218183158e-02 )	
1295	( -1.4011441657e+00 3.9248053315e-01 -5.1218732500e-02 )	
1296	( -1.4011442968e+00 3.9248052343e-01 -5.1218157128e-02 )	
1297	( -1.4011441949e+00 3.9248053189e-01 -5.1218704887e-02 )	
1298	( -1.4011443247e+00 3.9248052186e-01 -5.1218130991e-02 )	
1299	( -1.4011442224e+00 3.9248053005e-01 -5.1218677230e-02 )	
1300	( -1.4011443510e+00 3.9248051972e-01 -5.1218104838e-02 )	
1301	( -1.4011442482e+00 3.9248052765e-01 -5.1218649579e-02 )	
1302	( -1.4011443756e+00 3.9248051705e-01 -5.1218078725e-02 )	
1303	( -1.4011442724e+00 3.9248052474e-01 -5.1218622009e-02 )	
1304	( -1.4011443985e+00 3.9248051389e-01 -5.1218052720e-02 )	
1305	( -1.4011442949e+00 3.9248052135e-01 -5.1218594582e-02 )	
1306	( -1.4011444199e+00 3.9248051026e-01 -5.1218026890e-02 )	
1307	( -1.4011443159e+00 3.9248051752e-01 -5.1218567355e-02 )	
1308	( -1.4011444397e+00 3.9248050622e-01 -5.1218001286e-02 )	
1309	( -1.4011443354e+00 3.9248051329e-01 -5.1218540397e-02 )	
1310	( -1.4011444581e+00 3.9248050180e-01 -5.1217975968e-02 )	
1311	( -1.4011443534e+00 3.9248050870e-01 -5.1218513756e-02 )	
1312	( -1.4011444750e+00 3.9248049703e-01 -5.1217950989e-02 )	
1313	( -1.4011443700e+00 3.9248050378e-01 -5.1218487486e-02 )	
1314	( -1.4011444904e+00 3.9248049195e-01 -5.1217926400e-02 )	
1315	( -1.4011443851e+00 3.9248049857e-01 -5.1218461637e-02 )	
1316	( -1.4011445046e+00 3.9248048660e-01 -5.1217902247e-02 )	
1317	( -1.4011443990e+00 3.9248049311e-01 -5.1218436248e-02 )	
1318	( -1.4011445175e+00 3.9248048100e-01 -5.1217878566e-02 )	
1319	( -1.4011444116e+00 3.9248048743e-01 -5.1218411373e-02 )	
1320	( -1.4011445291e+00 3.9248047521e-01 -5.1217855422e-02 )	
1321	( -1.4011444230e+00 3.9248048156e-01 -5.1218387040e-02 )	
1322	( -1.4011445395e+00 3.9248046926e-01 -5.1217832837e-02 )	
1323	( -1.4011444333e+00 3.9248047554e-01 -5.1218363289e-02 )	
1324	( -1.4011445488e+00 3.9248046316e-01 -5.1217810847e-02 )	
1325	( -1.4011444424e+00 3.9248046940e-01 -5.1218340155e-02 )	
1326	( -1.4011445571e+00 3.9248045697e-01 -5.1217789495e-02 )	
1327	( -1.4011444506e+00 3.9248046316e-01 -5.1218317662e-02 )	
1328	( -1.4011445643e+00 3.9248045070e-01 -5.1217768790e-02 )	
1329	( -1.4011444577e+00 3.9248045688e-01 -5.1218295856e-02 )	
1330	( -1.4011445706e+00 3.9248044436e-01 -5.1217748755e-02 )	
1331	( -1.4011444639e+00 3.9248045056e-01 -5.1218274752e-02 )	
1332	( -1.4011445760e+00 3.9248043803e-01 -5.1217729444e-02 )	
1333	( -1.4011444692e+00 3.9248044423e-01 -5.1218254365e-02 )	
1334	( -1.4011445805e+00 3.9248043170e-01 -5.1217710859e-02 )	
1335	( -1.4011444737e+00 3.9248043792e-01 -5.1218234722e-02 )	
1336	( -1.4011445843e+00 3.9248042540e-01 -5.1217693019e-02 )	
1337	( -1.4011444775e+00 3.9248043165e-01 -5.1218215830e-02 )	
1338	( -1.4011445873e+00 3.9248041916e-01 -5.1217675941e-02 )	
1339	( -1.4011444805e+00 3.9248042545e-01 -5.1218197712e-02 )	
1340	( -1.4011445896e+00 3.9248041299e-01 -5.1217659635e-02 )	
1341	( -1.4011444828e+00 3.9248041934e-01 -5.1218180372e-02 )	
1342	( -1.4011445912e+00 3.9248040692e-01 -5.1217644112e-02 )	
1343	( -1.4011444846e+00 3.9248041333e-01 -5.1218163831e-02 )	
1344	( -1.4011445923e+00 3.9248040097e-01 -5.1217629379e-02 )	
1345	( -1.4011444857e+00 3.9248040744e-01 -5.1218148083e-02 )	
1346	( -1.4011445928e+00 3.9248039514e-01 -5.1217615440e-02 )	
1347	( -1.4011444863e+00 3.9248040169e-01 -5.1218133135e-02 )	
1348	( -1.4011445928e+00 3.9248038947e-01 -5.1217602303e-02 )	
1349	( -1.4011444864e+00 3.9248039610e-01 -5.1218118992e-02 )	
1350	( -1.4011445923e+00 3.9248038395e-01 -5.1217589961e-02 )	
1351	( -1.4011444861e+00 3.9248039068e-01 -5.1218105645e-02 )	
