# Time           	e423_0           
1	-3.1140361447e+01	
2	-1.7498908138e+00	
3	-7.8421546750e-01	
4	-7.0260757025e-01	
5	-6.0617588451e-01	
6	-5.6175486285e-01	
7	-5.8528790575e-01	
8	-5.9249775876e-01	
9	-5.9741616392e-01	
10	-5.8572431003e-01	
11	-5.7575603867e-01	
12	-5.7519911088e-01	
13	-5.7501600981e-01	
14	-5.8052861916e-01	
15	-5.8707061705e-01	
16	-5.9428411949e-01	
17	-6.0236627633e-01	
18	-6.1050645915e-01	
19	-6.1846339017e-01	
20	-6.2754312137e-01	
21	-6.3679307342e-01	
22	-6.4624254386e-01	
23	-6.5592316939e-01	
24	-6.6593576767e-01	
25	-6.7565815246e-01	
26	-6.8563429556e-01	
27	-6.9466580259e-01	
28	-7.0301373028e-01	
29	-7.1061784543e-01	
30	-7.1796503880e-01	
31	-7.2428841324e-01	
32	-7.3051020616e-01	
33	-7.3611180926e-01	
34	-7.4095217421e-01	
35	-7.4519524647e-01	
36	-7.4904423737e-01	
37	-7.5248748032e-01	
38	-7.5559825877e-01	
39	-7.5866322898e-01	
40	-7.6174003557e-01	
41	-7.6487377036e-01	
42	-7.6781095009e-01	
43	-7.7075320106e-01	
44	-7.7359623540e-01	
45	-7.7653849319e-01	
46	-7.7943849994e-01	
47	-7.8248799836e-01	
48	-7.8555611298e-01	
49	-7.8865657144e-01	
50	-7.9186288281e-01	
51	-7.9503348978e-01	
52	-7.9819572267e-01	
53	-8.0133888569e-01	
54	-8.0457179544e-01	
55	-8.0774393686e-01	
56	-8.1091078080e-01	
57	-8.1408428244e-01	
58	-8.1726810288e-01	
59	-8.2049217055e-01	
60	-8.2377403455e-01	
61	-8.2698555090e-01	
62	-8.3026263437e-01	
63	-8.3350984969e-01	
64	-8.3680112860e-01	
65	-8.4001538460e-01	
66	-8.4323288474e-01	
67	-8.4640662600e-01	
68	-8.4956814272e-01	
69	-8.5267102195e-01	
70	-8.5575664050e-01	
71	-8.5881386506e-01	
72	-8.6191124093e-01	
73	-8.6490192649e-01	
74	-8.6791721786e-01	
75	-8.7082166106e-01	
76	-8.7362307246e-01	
77	-8.7670526048e-01	
78	-8.7933816248e-01	
79	-8.8247368104e-01	
80	-8.8494809172e-01	
81	-8.8794358547e-01	
82	-8.9036856161e-01	
83	-8.9343395853e-01	
84	-8.9573191149e-01	
85	-8.9875208567e-01	
86	-9.0098431529e-01	
87	-9.0400756680e-01	
88	-9.0617582473e-01	
89	-9.0922264641e-01	
90	-9.1132680627e-01	
91	-9.1428803166e-01	
92	-9.1654190141e-01	
93	-9.1935589393e-01	
94	-9.2156172645e-01	
95	-9.2423263986e-01	
96	-9.2642121004e-01	
97	-9.2892273809e-01	
98	-9.3113701313e-01	
99	-9.3348296743e-01	
100	-9.3570708399e-01	
101	-9.3802337136e-01	
102	-9.4028313316e-01	
103	-9.4247226440e-01	
104	-9.4462281946e-01	
105	-9.4667463017e-01	
106	-9.4873816124e-01	
107	-9.5075085836e-01	
108	-9.5274269537e-01	
109	-9.5468260547e-01	
110	-9.5659052446e-01	
111	-9.5845313600e-01	
112	-9.6032373587e-01	
113	-9.6218367597e-01	
114	-9.6400190604e-01	
115	-9.6578883233e-01	
116	-9.6754493185e-01	
117	-9.6928921569e-01	
118	-9.7095838682e-01	
119	-9.7248690157e-01	
120	-9.7402507138e-01	
121	-9.7556408627e-01	
122	-9.7710860888e-01	
123	-9.7863746943e-01	
124	-9.8015525476e-01	
125	-9.8165894089e-01	
126	-9.8317294527e-01	
127	-9.8469928601e-01	
128	-9.8620848647e-01	
129	-9.8768152640e-01	
130	-9.8916180134e-01	
131	-9.9055078361e-01	
132	-9.9196442104e-01	
133	-9.9343706417e-01	
134	-9.9497589424e-01	
135	-9.9643550493e-01	
136	-9.9786993017e-01	
137	-9.9929348464e-01	
138	-1.0007654566e+00	
139	-1.0022030473e+00	
140	-1.0035640855e+00	
141	-1.0048304891e+00	
142	-1.0062184959e+00	
143	-1.0075736945e+00	
144	-1.0088174524e+00	
145	-1.0100165001e+00	
146	-1.0111456661e+00	
147	-1.0123085524e+00	
148	-1.0134939443e+00	
149	-1.0146316262e+00	
150	-1.0157592712e+00	
151	-1.0169093746e+00	
152	-1.0180943199e+00	
153	-1.0192468297e+00	
154	-1.0203790671e+00	
155	-1.0215240814e+00	
156	-1.0226695175e+00	
157	-1.0237878807e+00	
158	-1.0248762908e+00	
159	-1.0259363180e+00	
160	-1.0269211579e+00	
161	-1.0278789788e+00	
162	-1.0288809019e+00	
163	-1.0298803078e+00	
164	-1.0308913606e+00	
165	-1.0318836276e+00	
166	-1.0328723614e+00	
167	-1.0338121538e+00	
168	-1.0347732482e+00	
169	-1.0357627633e+00	
170	-1.0367317648e+00	
171	-1.0376865902e+00	
172	-1.0386413874e+00	
173	-1.0395991463e+00	
174	-1.0405511552e+00	
175	-1.0415057245e+00	
176	-1.0424533730e+00	
177	-1.0433856083e+00	
178	-1.0443177780e+00	
179	-1.0452450555e+00	
180	-1.0461686654e+00	
181	-1.0470848762e+00	
182	-1.0479783590e+00	
183	-1.0488671499e+00	
184	-1.0497401279e+00	
185	-1.0506081213e+00	
186	-1.0514729735e+00	
187	-1.0523258934e+00	
188	-1.0531734853e+00	
189	-1.0540073539e+00	
190	-1.0548201402e+00	
191	-1.0556129413e+00	
192	-1.0563902088e+00	
193	-1.0571504797e+00	
194	-1.0579095704e+00	
195	-1.0586553959e+00	
196	-1.0593983912e+00	
197	-1.0601327193e+00	
198	-1.0608762717e+00	
199	-1.0616162243e+00	
200	-1.0623475985e+00	
201	-1.0630745247e+00	
202	-1.0637891885e+00	
203	-1.0644967785e+00	
204	-1.0651844027e+00	
205	-1.0658599285e+00	
206	-1.0665333158e+00	
207	-1.0671900331e+00	
208	-1.0678407725e+00	
209	-1.0684783559e+00	
210	-1.0691000741e+00	
211	-1.0697029305e+00	
212	-1.0703020905e+00	
213	-1.0708881920e+00	
214	-1.0714606836e+00	
215	-1.0720332521e+00	
216	-1.0725917620e+00	
217	-1.0731620436e+00	
218	-1.0736954990e+00	
219	-1.0742301916e+00	
220	-1.0747687296e+00	
221	-1.0752638825e+00	
222	-1.0757440007e+00	
223	-1.0761964414e+00	
224	-1.0766485711e+00	
225	-1.0771015433e+00	
226	-1.0775607770e+00	
227	-1.0780331625e+00	
228	-1.0784378493e+00	
229	-1.0788144518e+00	
230	-1.0791930919e+00	
231	-1.0795662175e+00	
232	-1.0799249011e+00	
233	-1.0802762106e+00	
234	-1.0805840196e+00	
235	-1.0809115355e+00	
236	-1.0811847306e+00	
237	-1.0814556783e+00	
238	-1.0817597834e+00	
239	-1.0821501483e+00	
240	-1.0824530764e+00	
241	-1.0827085150e+00	
242	-1.0830938146e+00	
243	-1.0833636402e+00	
244	-1.0836753175e+00	
245	-1.0839793145e+00	
246	-1.0842660707e+00	
247	-1.0845483797e+00	
248	-1.0848337488e+00	
249	-1.0851153402e+00	
250	-1.0853633444e+00	
251	-1.0855588833e+00	
252	-1.0857914088e+00	
253	-1.0860583323e+00	
254	-1.0863379918e+00	
255	-1.0864493183e+00	
256	-1.0866227012e+00	
257	-1.0868060851e+00	
258	-1.0869825720e+00	
259	-1.0871497849e+00	
260	-1.0872830754e+00	
261	-1.0873848327e+00	
262	-1.0875029188e+00	
263	-1.0876324558e+00	
264	-1.0877585322e+00	
265	-1.0878899216e+00	
266	-1.0880245701e+00	
267	-1.0881620591e+00	
268	-1.0883042978e+00	
269	-1.0884298739e+00	
270	-1.0885470277e+00	
271	-1.0886793567e+00	
272	-1.0888009338e+00	
273	-1.0888791546e+00	
274	-1.0889076842e+00	
275	-1.0889737170e+00	
276	-1.0890766595e+00	
277	-1.0891952884e+00	
278	-1.0893507100e+00	
279	-1.0894461624e+00	
280	-1.0894980876e+00	
281	-1.0895431578e+00	
282	-1.0895862521e+00	
283	-1.0896235271e+00	
284	-1.0896477249e+00	
285	-1.0896581866e+00	
286	-1.0896592905e+00	
287	-1.0896506768e+00	
288	-1.0896324912e+00	
289	-1.0896064337e+00	
290	-1.0895588448e+00	
291	-1.0895101437e+00	
292	-1.0894600739e+00	
293	-1.0894032169e+00	
294	-1.0893347570e+00	
295	-1.0892595918e+00	
296	-1.0891989005e+00	
297	-1.0891125634e+00	
298	-1.0889938510e+00	
299	-1.0888762448e+00	
300	-1.0888006219e+00	
301	-1.0887088575e+00	
302	-1.0886067526e+00	
303	-1.0884893031e+00	
304	-1.0883502456e+00	
305	-1.0881926968e+00	
306	-1.0880198764e+00	
307	-1.0878743982e+00	
308	-1.0877407948e+00	
309	-1.0876068009e+00	
310	-1.0874829548e+00	
311	-1.0873509043e+00	
312	-1.0872092733e+00	
313	-1.0870522673e+00	
314	-1.0868935847e+00	
315	-1.0867225639e+00	
316	-1.0865247191e+00	
317	-1.0862895887e+00	
318	-1.0860600364e+00	
319	-1.0858631953e+00	
320	-1.0856598642e+00	
321	-1.0854518382e+00	
322	-1.0852355060e+00	
323	-1.0850190287e+00	
324	-1.0848019829e+00	
325	-1.0845813980e+00	
326	-1.0843606702e+00	
327	-1.0841385557e+00	
328	-1.0838850965e+00	
329	-1.0836147135e+00	
330	-1.0833804147e+00	
331	-1.0831452533e+00	
332	-1.0828985064e+00	
333	-1.0826459049e+00	
334	-1.0823830115e+00	
335	-1.0820988530e+00	
336	-1.0818020859e+00	
337	-1.0814612932e+00	
338	-1.0811430340e+00	
339	-1.0808327064e+00	
340	-1.0805680375e+00	
341	-1.0803547668e+00	
342	-1.0801323455e+00	
343	-1.0798797379e+00	
344	-1.0796424212e+00	
345	-1.0793777413e+00	
346	-1.0790907512e+00	
347	-1.0788499084e+00	
348	-1.0786525145e+00	
349	-1.0784518062e+00	
350	-1.0782551196e+00	
351	-1.0780620719e+00	
352	-1.0778783209e+00	
353	-1.0776969407e+00	
354	-1.0775215111e+00	
355	-1.0773507388e+00	
356	-1.0771911238e+00	
357	-1.0770171092e+00	
358	-1.0768520765e+00	
359	-1.0766952868e+00	
360	-1.0765539150e+00	
361	-1.0764069861e+00	
362	-1.0762531794e+00	
363	-1.0761002662e+00	
364	-1.0759487111e+00	
365	-1.0757961129e+00	
366	-1.0756504156e+00	
367	-1.0755064036e+00	
368	-1.0753779423e+00	
369	-1.0752503225e+00	
370	-1.0751279209e+00	
371	-1.0749913283e+00	
372	-1.0748706693e+00	
373	-1.0747595815e+00	
374	-1.0746583025e+00	
375	-1.0745623251e+00	
376	-1.0744720511e+00	
377	-1.0743887857e+00	
378	-1.0743203811e+00	
379	-1.0742611671e+00	
380	-1.0742141554e+00	
381	-1.0741571853e+00	
382	-1.0740844310e+00	
383	-1.0740385737e+00	
384	-1.0740007244e+00	
385	-1.0739609761e+00	
386	-1.0739431256e+00	
387	-1.0739444721e+00	
388	-1.0739623469e+00	
389	-1.0740029290e+00	
390	-1.0740546178e+00	
391	-1.0741171908e+00	
392	-1.0741706340e+00	
393	-1.0742303994e+00	
394	-1.0742955165e+00	
395	-1.0743704686e+00	
396	-1.0744532322e+00	
397	-1.0745368298e+00	
398	-1.0746220435e+00	
399	-1.0747060610e+00	
400	-1.0747940764e+00	
401	-1.0748856544e+00	
402	-1.0749806787e+00	
403	-1.0750850199e+00	
404	-1.0751972865e+00	
405	-1.0753115767e+00	
406	-1.0754308438e+00	
407	-1.0755517430e+00	
408	-1.0756768075e+00	
409	-1.0758056165e+00	
410	-1.0759390567e+00	
411	-1.0760717258e+00	
412	-1.0762084403e+00	
413	-1.0763554221e+00	
414	-1.0765096460e+00	
415	-1.0766610618e+00	
416	-1.0768008461e+00	
417	-1.0769466597e+00	
418	-1.0770965623e+00	
419	-1.0772483992e+00	
420	-1.0774029086e+00	
421	-1.0775609858e+00	
422	-1.0777221321e+00	
423	-1.0778834329e+00	
424	-1.0780461230e+00	
425	-1.0782098158e+00	
426	-1.0783794903e+00	
427	-1.0785422873e+00	
428	-1.0787024332e+00	
429	-1.0788618843e+00	
430	-1.0790216813e+00	
431	-1.0791796949e+00	
432	-1.0793229314e+00	
433	-1.0794588118e+00	
434	-1.0795945576e+00	
435	-1.0797338952e+00	
436	-1.0798789943e+00	
437	-1.0800162859e+00	
438	-1.0801452300e+00	
439	-1.0802723355e+00	
440	-1.0804013148e+00	
441	-1.0805254135e+00	
442	-1.0806459464e+00	
443	-1.0807576230e+00	
444	-1.0808684830e+00	
445	-1.0809675898e+00	
446	-1.0810601000e+00	
447	-1.0811518097e+00	
448	-1.0812422416e+00	
449	-1.0813286485e+00	
450	-1.0814127848e+00	
451	-1.0814918884e+00	
452	-1.0815679664e+00	
453	-1.0816405269e+00	
454	-1.0817120507e+00	
455	-1.0817788268e+00	
456	-1.0818412924e+00	
457	-1.0818974610e+00	
458	-1.0819500855e+00	
459	-1.0819983402e+00	
460	-1.0820445477e+00	
461	-1.0820882211e+00	
462	-1.0821310391e+00	
463	-1.0821700133e+00	
464	-1.0822048033e+00	
465	-1.0822346893e+00	
466	-1.0822618234e+00	
467	-1.0822843324e+00	
468	-1.0823045974e+00	
469	-1.0823217153e+00	
470	-1.0823383946e+00	
471	-1.0823524895e+00	
472	-1.0823640822e+00	
473	-1.0823694327e+00	
474	-1.0823724153e+00	
475	-1.0823750865e+00	
476	-1.0823756494e+00	
477	-1.0823733503e+00	
478	-1.0823697224e+00	
479	-1.0823633368e+00	
480	-1.0823558368e+00	
481	-1.0823452302e+00	
482	-1.0823338610e+00	
483	-1.0823194756e+00	
484	-1.0823045327e+00	
485	-1.0822866880e+00	
486	-1.0822683952e+00	
487	-1.0822483103e+00	
488	-1.0822290716e+00	
489	-1.0822083128e+00	
490	-1.0821862266e+00	
491	-1.0821617135e+00	
492	-1.0821370569e+00	
493	-1.0821112050e+00	
494	-1.0820858830e+00	
495	-1.0820593284e+00	
496	-1.0820334861e+00	
497	-1.0820067005e+00	
498	-1.0819807353e+00	
499	-1.0819537933e+00	
500	-1.0819281041e+00	
501	-1.0819016863e+00	
502	-1.0818764235e+00	
503	-1.0818503762e+00	
504	-1.0818250944e+00	
505	-1.0817985622e+00	
506	-1.0817726885e+00	
507	-1.0817458892e+00	
508	-1.0817195760e+00	
509	-1.0816923453e+00	
510	-1.0816658910e+00	
511	-1.0816380913e+00	
512	-1.0816102396e+00	
513	-1.0815799013e+00	
514	-1.0815502858e+00	
515	-1.0815195639e+00	
516	-1.0814892669e+00	
517	-1.0814573855e+00	
518	-1.0814251720e+00	
519	-1.0813912346e+00	
520	-1.0813587211e+00	
521	-1.0813262924e+00	
522	-1.0812927879e+00	
523	-1.0812573236e+00	
524	-1.0812222126e+00	
525	-1.0811859672e+00	
526	-1.0811482943e+00	
527	-1.0811088191e+00	
528	-1.0810693634e+00	
529	-1.0810290751e+00	
530	-1.0809905629e+00	
531	-1.0809522448e+00	
532	-1.0809153001e+00	
533	-1.0808775933e+00	
534	-1.0808391917e+00	
535	-1.0807983452e+00	
536	-1.0807562415e+00	
537	-1.0807149697e+00	
538	-1.0806756968e+00	
539	-1.0806364577e+00	
540	-1.0805977291e+00	
541	-1.0805589894e+00	
542	-1.0805214567e+00	
543	-1.0804838201e+00	
544	-1.0804473518e+00	
545	-1.0804109142e+00	
546	-1.0803754763e+00	
547	-1.0803400564e+00	
548	-1.0803058184e+00	
549	-1.0802716258e+00	
550	-1.0802390000e+00	
551	-1.0802066107e+00	
552	-1.0801760086e+00	
553	-1.0801455635e+00	
554	-1.0801165036e+00	
555	-1.0800875243e+00	
556	-1.0800600765e+00	
557	-1.0800329066e+00	
558	-1.0800081929e+00	
559	-1.0799836226e+00	
560	-1.0799596813e+00	
561	-1.0799352934e+00	
562	-1.0799114965e+00	
563	-1.0798869075e+00	
564	-1.0798614128e+00	
565	-1.0798370940e+00	
566	-1.0798145880e+00	
567	-1.0797918866e+00	
568	-1.0797704147e+00	
569	-1.0797482995e+00	
570	-1.0797265092e+00	
571	-1.0797047170e+00	
572	-1.0796844303e+00	
573	-1.0796643895e+00	
574	-1.0796458171e+00	
575	-1.0796274909e+00	
576	-1.0796118230e+00	
577	-1.0795968927e+00	
578	-1.0795835510e+00	
579	-1.0795704146e+00	
580	-1.0795588927e+00	
581	-1.0795470781e+00	
582	-1.0795367232e+00	
583	-1.0795263024e+00	
584	-1.0795176902e+00	
585	-1.0795090256e+00	
586	-1.0795017916e+00	
587	-1.0794946691e+00	
588	-1.0794891330e+00	
589	-1.0794838343e+00	
590	-1.0794801841e+00	
591	-1.0794767678e+00	
592	-1.0794749354e+00	
593	-1.0794733029e+00	
594	-1.0794731375e+00	
595	-1.0794723582e+00	
596	-1.0794726593e+00	
597	-1.0794731016e+00	
598	-1.0794749388e+00	
599	-1.0794767945e+00	
600	-1.0794799150e+00	
601	-1.0794829801e+00	
602	-1.0794872497e+00	
603	-1.0794913542e+00	
604	-1.0794967406e+00	
605	-1.0795018024e+00	
606	-1.0795081107e+00	
607	-1.0795142758e+00	
608	-1.0795213483e+00	
609	-1.0795281408e+00	
610	-1.0795359658e+00	
611	-1.0795433802e+00	
612	-1.0795518564e+00	
613	-1.0795599390e+00	
614	-1.0795690680e+00	
615	-1.0795776267e+00	
616	-1.0795870075e+00	
617	-1.0795959401e+00	
618	-1.0796040242e+00	
619	-1.0796123768e+00	
620	-1.0796216937e+00	
621	-1.0796305640e+00	
622	-1.0796402139e+00	
623	-1.0796494296e+00	
624	-1.0796594927e+00	
625	-1.0796691645e+00	
626	-1.0796795847e+00	
627	-1.0796896122e+00	
628	-1.0797003463e+00	
629	-1.0797106108e+00	
630	-1.0797216782e+00	
631	-1.0797322937e+00	
632	-1.0797434255e+00	
633	-1.0797533740e+00	
634	-1.0797645413e+00	
635	-1.0797753138e+00	
636	-1.0797866413e+00	
637	-1.0797971980e+00	
638	-1.0798082061e+00	
639	-1.0798176563e+00	
640	-1.0798274691e+00	
641	-1.0798366826e+00	
642	-1.0798464171e+00	
643	-1.0798556021e+00	
644	-1.0798653047e+00	
645	-1.0798741166e+00	
646	-1.0798832919e+00	
647	-1.0798923469e+00	
648	-1.0799014353e+00	
649	-1.0799097473e+00	
650	-1.0799184416e+00	
651	-1.0799265144e+00	
652	-1.0799349025e+00	
653	-1.0799425449e+00	
654	-1.0799507540e+00	
655	-1.0799585194e+00	
656	-1.0799668027e+00	
657	-1.0799744611e+00	
658	-1.0799825215e+00	
659	-1.0799898420e+00	
660	-1.0799975134e+00	
661	-1.0800044142e+00	
662	-1.0800116833e+00	
663	-1.0800181242e+00	
664	-1.0800248947e+00	
665	-1.0800321623e+00	
666	-1.0800399781e+00	
667	-1.0800470356e+00	
668	-1.0800544369e+00	
669	-1.0800611401e+00	
670	-1.0800682875e+00	
671	-1.0800747577e+00	
672	-1.0800816974e+00	
673	-1.0800879795e+00	
674	-1.0800946883e+00	
675	-1.0801007384e+00	
676	-1.0801074764e+00	
677	-1.0801136220e+00	
678	-1.0801202784e+00	
679	-1.0801262504e+00	
680	-1.0801327113e+00	
681	-1.0801386016e+00	
682	-1.0801449660e+00	
683	-1.0801507019e+00	
684	-1.0801569208e+00	
685	-1.0801624600e+00	
686	-1.0801684231e+00	
687	-1.0801737051e+00	
688	-1.0801794140e+00	
689	-1.0801843732e+00	
690	-1.0801896884e+00	
691	-1.0801942898e+00	
692	-1.0801991248e+00	
693	-1.0802031162e+00	
694	-1.0802074935e+00	
695	-1.0802110503e+00	
696	-1.0802148687e+00	
697	-1.0802178890e+00	
698	-1.0802211754e+00	
699	-1.0802236293e+00	
700	-1.0802263863e+00	
701	-1.0802283029e+00	
702	-1.0802305277e+00	
703	-1.0802319306e+00	
704	-1.0802336563e+00	
705	-1.0802345805e+00	
706	-1.0802358052e+00	
707	-1.0802362836e+00	
708	-1.0802370684e+00	
709	-1.0802371238e+00	
710	-1.0802374994e+00	
711	-1.0802371604e+00	
712	-1.0802371515e+00	
713	-1.0802364395e+00	
714	-1.0802360668e+00	
715	-1.0802349912e+00	
716	-1.0802342826e+00	
717	-1.0802328610e+00	
718	-1.0802318258e+00	
719	-1.0802300967e+00	
720	-1.0802287516e+00	
721	-1.0802267341e+00	
722	-1.0802250771e+00	
723	-1.0802227573e+00	
724	-1.0802208229e+00	
725	-1.0802182065e+00	
726	-1.0802159991e+00	
727	-1.0802131215e+00	
728	-1.0802106383e+00	
729	-1.0802075184e+00	
730	-1.0802047989e+00	
731	-1.0802014462e+00	
732	-1.0801985140e+00	
733	-1.0801949679e+00	
734	-1.0801918542e+00	
735	-1.0801881475e+00	
736	-1.0801848875e+00	
737	-1.0801810575e+00	
738	-1.0801776869e+00	
739	-1.0801737715e+00	
740	-1.0801703167e+00	
741	-1.0801663574e+00	
742	-1.0801628703e+00	
743	-1.0801588904e+00	
744	-1.0801553999e+00	
745	-1.0801514344e+00	
746	-1.0801479702e+00	
747	-1.0801440552e+00	
748	-1.0801406390e+00	
749	-1.0801368016e+00	
750	-1.0801334914e+00	
751	-1.0801300876e+00	
752	-1.0801272353e+00	
753	-1.0801240071e+00	
754	-1.0801213121e+00	
755	-1.0801182656e+00	
756	-1.0801157617e+00	
757	-1.0801129240e+00	
758	-1.0801106350e+00	
759	-1.0801080258e+00	
760	-1.0801059694e+00	
761	-1.0801036014e+00	
762	-1.0801017951e+00	
763	-1.0800996805e+00	
764	-1.0800981204e+00	
765	-1.0800962626e+00	
766	-1.0800949633e+00	
767	-1.0800933672e+00	
768	-1.0800923286e+00	
769	-1.0800909924e+00	
770	-1.0800902095e+00	
771	-1.0800891262e+00	
772	-1.0800885900e+00	
773	-1.0800877485e+00	
774	-1.0800874465e+00	
775	-1.0800868324e+00	
776	-1.0800867405e+00	
777	-1.0800863307e+00	
778	-1.0800864509e+00	
779	-1.0800862611e+00	
780	-1.0800865935e+00	
781	-1.0800866097e+00	
782	-1.0800871338e+00	
783	-1.0800873364e+00	
784	-1.0800880483e+00	
785	-1.0800884054e+00	
786	-1.0800892593e+00	
787	-1.0800898015e+00	
788	-1.0800908319e+00	
789	-1.0800915318e+00	
790	-1.0800927100e+00	
791	-1.0800935513e+00	
792	-1.0800948650e+00	
793	-1.0800958396e+00	
794	-1.0800972786e+00	
795	-1.0800983747e+00	
796	-1.0800999255e+00	
797	-1.0801011287e+00	
798	-1.0801027790e+00	
799	-1.0801040772e+00	
800	-1.0801058106e+00	
801	-1.0801071875e+00	
802	-1.0801089952e+00	
803	-1.0801104421e+00	
804	-1.0801123089e+00	
805	-1.0801138101e+00	
806	-1.0801157218e+00	
807	-1.0801172608e+00	
808	-1.0801192059e+00	
809	-1.0801207745e+00	
810	-1.0801227426e+00	
811	-1.0801243322e+00	
812	-1.0801263141e+00	
813	-1.0801279131e+00	
814	-1.0801299031e+00	
815	-1.0801315079e+00	
816	-1.0801335001e+00	
817	-1.0801351016e+00	
818	-1.0801370860e+00	
819	-1.0801386845e+00	
820	-1.0801406553e+00	
821	-1.0801422381e+00	
822	-1.0801441941e+00	
823	-1.0801457554e+00	
824	-1.0801476875e+00	
825	-1.0801492246e+00	
826	-1.0801511251e+00	
827	-1.0801526287e+00	
828	-1.0801544923e+00	
829	-1.0801559604e+00	
830	-1.0801577856e+00	
831	-1.0801592073e+00	
832	-1.0801609894e+00	
833	-1.0801623671e+00	
834	-1.0801640994e+00	
835	-1.0801654254e+00	
836	-1.0801671078e+00	
837	-1.0801683822e+00	
838	-1.0801700111e+00	
839	-1.0801712319e+00	
840	-1.0801728049e+00	
841	-1.0801739719e+00	
842	-1.0801754868e+00	
843	-1.0801765948e+00	
844	-1.0801780526e+00	
845	-1.0801791026e+00	
846	-1.0801805008e+00	
847	-1.0801814915e+00	
848	-1.0801828285e+00	
849	-1.0801837597e+00	
850	-1.0801850346e+00	
851	-1.0801859022e+00	
852	-1.0801871144e+00	
853	-1.0801879211e+00	
854	-1.0801890691e+00	
855	-1.0801898109e+00	
856	-1.0801908952e+00	
857	-1.0801915732e+00	
858	-1.0801925920e+00	
859	-1.0801932058e+00	
860	-1.0801941586e+00	
861	-1.0801947078e+00	
862	-1.0801955933e+00	
863	-1.0801960733e+00	
864	-1.0801968925e+00	
865	-1.0801973087e+00	
866	-1.0801980629e+00	
867	-1.0801984153e+00	
868	-1.0801991043e+00	
869	-1.0801993929e+00	
870	-1.0802000169e+00	
871	-1.0802002419e+00	
872	-1.0802008011e+00	
873	-1.0802009626e+00	
874	-1.0802014575e+00	
875	-1.0802015563e+00	
876	-1.0802019872e+00	
877	-1.0802020244e+00	
878	-1.0802023918e+00	
879	-1.0802023675e+00	
880	-1.0802026723e+00	
881	-1.0802025874e+00	
882	-1.0802028314e+00	
883	-1.0802026880e+00	
884	-1.0802028729e+00	
885	-1.0802026717e+00	
886	-1.0802028007e+00	
887	-1.0802025437e+00	
888	-1.0802026177e+00	
889	-1.0802023075e+00	
890	-1.0802023287e+00	
891	-1.0802019677e+00	
892	-1.0802019385e+00	
893	-1.0802015287e+00	
894	-1.0802014525e+00	
895	-1.0802009971e+00	
896	-1.0802008754e+00	
897	-1.0802003772e+00	
898	-1.0802002130e+00	
899	-1.0801996742e+00	
900	-1.0801994715e+00	
901	-1.0801988960e+00	
902	-1.0801986562e+00	
903	-1.0801980469e+00	
904	-1.0801977736e+00	
905	-1.0801971327e+00	
906	-1.0801968301e+00	
907	-1.0801961621e+00	
908	-1.0801958305e+00	
909	-1.0801951364e+00	
910	-1.0801947827e+00	
911	-1.0801940690e+00	
912	-1.0801936954e+00	
913	-1.0801929645e+00	
914	-1.0801925757e+00	
915	-1.0801918319e+00	
916	-1.0801914297e+00	
917	-1.0801906758e+00	
918	-1.0801902638e+00	
919	-1.0801895027e+00	
920	-1.0801890853e+00	
921	-1.0801883210e+00	
922	-1.0801879001e+00	
923	-1.0801871348e+00	
924	-1.0801867148e+00	
925	-1.0801859528e+00	
926	-1.0801855356e+00	
927	-1.0801847796e+00	
928	-1.0801843686e+00	
929	-1.0801836211e+00	
930	-1.0801832200e+00	
931	-1.0801824844e+00	
932	-1.0801820947e+00	
933	-1.0801813735e+00	
934	-1.0801809982e+00	
935	-1.0801802933e+00	
936	-1.0801799353e+00	
937	-1.0801792498e+00	
938	-1.0801789103e+00	
939	-1.0801782459e+00	
940	-1.0801779272e+00	
941	-1.0801772858e+00	
942	-1.0801769897e+00	
943	-1.0801763730e+00	
944	-1.0801761011e+00	
945	-1.0801755102e+00	
946	-1.0801752647e+00	
947	-1.0801747008e+00	
948	-1.0801744817e+00	
949	-1.0801739468e+00	
950	-1.0801737554e+00	
951	-1.0801732494e+00	
952	-1.0801730865e+00	
953	-1.0801726110e+00	
954	-1.0801724771e+00	
955	-1.0801720318e+00	
956	-1.0801719276e+00	
957	-1.0801715131e+00	
958	-1.0801714387e+00	
959	-1.0801710551e+00	
960	-1.0801710107e+00	
961	-1.0801706575e+00	
962	-1.0801706430e+00	
963	-1.0801703206e+00	
964	-1.0801703354e+00	
965	-1.0801700437e+00	
966	-1.0801700868e+00	
967	-1.0801698253e+00	
968	-1.0801698968e+00	
969	-1.0801696645e+00	
970	-1.0801697638e+00	
971	-1.0801695598e+00	
972	-1.0801696861e+00	
973	-1.0801695097e+00	
974	-1.0801696620e+00	
975	-1.0801695122e+00	
976	-1.0801696895e+00	
977	-1.0801695654e+00	
978	-1.0801697664e+00	
979	-1.0801696668e+00	
980	-1.0801698906e+00	
981	-1.0801698143e+00	
982	-1.0801700597e+00	
983	-1.0801700055e+00	
984	-1.0801702713e+00	
985	-1.0801702379e+00	
986	-1.0801705229e+00	
987	-1.0801705093e+00	
988	-1.0801708121e+00	
989	-1.0801708167e+00	
990	-1.0801711362e+00	
991	-1.0801711580e+00	
992	-1.0801714928e+00	
993	-1.0801715306e+00	
994	-1.0801718796e+00	
995	-1.0801719321e+00	
996	-1.0801722940e+00	
997	-1.0801723598e+00	
998	-1.0801727336e+00	
999	-1.0801728118e+00	
1000	-1.0801731961e+00	
1001	-1.0801732855e+00	
1002	-1.0801736794e+00	
1003	-1.0801737785e+00	
1004	-1.0801741810e+00	
1005	-1.0801742891e+00	
1006	-1.0801746988e+00	
1007	-1.0801748149e+00	
1008	-1.0801752310e+00	
1009	-1.0801753537e+00	
1010	-1.0801757753e+00	
1011	-1.0801759040e+00	
1012	-1.0801763300e+00	
1013	-1.0801764632e+00	
1014	-1.0801768930e+00	
1015	-1.0801770301e+00	
1016	-1.0801774625e+00	
1017	-1.0801776027e+00	
1018	-1.0801780368e+00	
1019	-1.0801781796e+00	
1020	-1.0801786142e+00	
1021	-1.0801787583e+00	
1022	-1.0801791930e+00	
1023	-1.0801793379e+00	
1024	-1.0801797719e+00	
1025	-1.0801799167e+00	
1026	-1.0801803492e+00	
1027	-1.0801804930e+00	
1028	-1.0801809232e+00	
1029	-1.0801810655e+00	
1030	-1.0801814929e+00	
1031	-1.0801816327e+00	
1032	-1.0801820564e+00	
1033	-1.0801821933e+00	
1034	-1.0801826128e+00	
1035	-1.0801827461e+00	
1036	-1.0801831605e+00	
1037	-1.0801832896e+00	
1038	-1.0801836984e+00	
1039	-1.0801838227e+00	
1040	-1.0801842254e+00	
1041	-1.0801843440e+00	
1042	-1.0801847400e+00	
1043	-1.0801848527e+00	
1044	-1.0801852414e+00	
1045	-1.0801853476e+00	
1046	-1.0801857285e+00	
1047	-1.0801858275e+00	
1048	-1.0801862001e+00	
1049	-1.0801862917e+00	
1050	-1.0801866555e+00	
1051	-1.0801867389e+00	
1052	-1.0801870937e+00	
1053	-1.0801871686e+00	
1054	-1.0801875138e+00	
1055	-1.0801875800e+00	
1056	-1.0801879152e+00	
1057	-1.0801879722e+00	
1058	-1.0801882971e+00	
1059	-1.0801883448e+00	
1060	-1.0801886590e+00	
1061	-1.0801886968e+00	
1062	-1.0801890003e+00	
1063	-1.0801890282e+00	
1064	-1.0801893206e+00	
1065	-1.0801893383e+00	
1066	-1.0801896195e+00	
1067	-1.0801896269e+00	
1068	-1.0801898968e+00	
1069	-1.0801898936e+00	
1070	-1.0801901521e+00	
1071	-1.0801901383e+00	
1072	-1.0801903856e+00	
1073	-1.0801903612e+00	
1074	-1.0801905970e+00	
1075	-1.0801905620e+00	
1076	-1.0801907864e+00	
1077	-1.0801907410e+00	
1078	-1.0801909540e+00	
1079	-1.0801908983e+00	
1080	-1.0801911000e+00	
1081	-1.0801910342e+00	
1082	-1.0801912248e+00	
1083	-1.0801911490e+00	
1084	-1.0801913288e+00	
1085	-1.0801912432e+00	
1086	-1.0801914123e+00	
1087	-1.0801913173e+00	
1088	-1.0801914760e+00	
1089	-1.0801913717e+00	
1090	-1.0801915204e+00	
1091	-1.0801914072e+00	
1092	-1.0801915463e+00	
1093	-1.0801914245e+00	
1094	-1.0801915542e+00	
1095	-1.0801914243e+00	
1096	-1.0801915451e+00	
1097	-1.0801914074e+00	
1098	-1.0801915198e+00	
1099	-1.0801913747e+00	
1100	-1.0801914790e+00	
1101	-1.0801913270e+00	
1102	-1.0801914238e+00	
1103	-1.0801912653e+00	
1104	-1.0801913550e+00	
1105	-1.0801911905e+00	
1106	-1.0801912735e+00	
1107	-1.0801911036e+00	
1108	-1.0801911804e+00	
1109	-1.0801910054e+00	
1110	-1.0801910767e+00	
1111	-1.0801908972e+00	
1112	-1.0801909632e+00	
1113	-1.0801907797e+00	
1114	-1.0801908411e+00	
1115	-1.0801906540e+00	
1116	-1.0801907112e+00	
1117	-1.0801905211e+00	
1118	-1.0801905746e+00	
1119	-1.0801903819e+00	
1120	-1.0801904323e+00	
1121	-1.0801902374e+00	
1122	-1.0801902849e+00	
1123	-1.0801900884e+00	
1124	-1.0801901336e+00	
1125	-1.0801899358e+00	
1126	-1.0801899792e+00	
1127	-1.0801897806e+00	
1128	-1.0801898225e+00	
1129	-1.0801896235e+00	
1130	-1.0801896643e+00	
1131	-1.0801894653e+00	
1132	-1.0801895055e+00	
1133	-1.0801893068e+00	
1134	-1.0801893466e+00	
1135	-1.0801891486e+00	
1136	-1.0801891885e+00	
1137	-1.0801889914e+00	
1138	-1.0801890317e+00	
1139	-1.0801888360e+00	
1140	-1.0801888768e+00	
1141	-1.0801886827e+00	
1142	-1.0801887244e+00	
1143	-1.0801885322e+00	
1144	-1.0801885751e+00	
1145	-1.0801883850e+00	
1146	-1.0801884292e+00	
1147	-1.0801882414e+00	
1148	-1.0801882872e+00	
1149	-1.0801881020e+00	
1150	-1.0801881496e+00	
1151	-1.0801879670e+00	
1152	-1.0801880165e+00	
1153	-1.0801878367e+00	
1154	-1.0801878884e+00	
1155	-1.0801877116e+00	
1156	-1.0801877654e+00	
1157	-1.0801875917e+00	
1158	-1.0801876479e+00	
1159	-1.0801874772e+00	
1160	-1.0801875359e+00	
1161	-1.0801873685e+00	
1162	-1.0801874296e+00	
1163	-1.0801872655e+00	
1164	-1.0801873291e+00	
1165	-1.0801871684e+00	
1166	-1.0801872346e+00	
1167	-1.0801870773e+00	
1168	-1.0801871461e+00	
1169	-1.0801869921e+00	
1170	-1.0801870635e+00	
1171	-1.0801869130e+00	
1172	-1.0801869869e+00	
1173	-1.0801868398e+00	
1174	-1.0801869163e+00	
1175	-1.0801867725e+00	
1176	-1.0801868516e+00	
1177	-1.0801867112e+00	
1178	-1.0801867928e+00	
1179	-1.0801866556e+00	
1180	-1.0801867398e+00	
1181	-1.0801866058e+00	
1182	-1.0801866924e+00	
1183	-1.0801865616e+00	
1184	-1.0801866506e+00	
1185	-1.0801865230e+00	
1186	-1.0801866142e+00	
1187	-1.0801864896e+00	
1188	-1.0801865832e+00	
1189	-1.0801864615e+00	
1190	-1.0801865572e+00	
1191	-1.0801864385e+00	
1192	-1.0801865363e+00	
1193	-1.0801864204e+00	
1194	-1.0801865202e+00	
1195	-1.0801864071e+00	
1196	-1.0801865088e+00	
1197	-1.0801863983e+00	
1198	-1.0801865019e+00	
1199	-1.0801863939e+00	
1200	-1.0801864993e+00	
1201	-1.0801863938e+00	
1202	-1.0801865008e+00	
1203	-1.0801863977e+00	
1204	-1.0801865063e+00	
1205	-1.0801864054e+00	
1206	-1.0801865155e+00	
1207	-1.0801864169e+00	
1208	-1.0801865283e+00	
1209	-1.0801864317e+00	
1210	-1.0801865445e+00	
1211	-1.0801864499e+00	
1212	-1.0801865639e+00	
1213	-1.0801864712e+00	
1214	-1.0801865863e+00	
1215	-1.0801864954e+00	
1216	-1.0801866115e+00	
1217	-1.0801865222e+00	
1218	-1.0801866393e+00	
1219	-1.0801865517e+00	
1220	-1.0801866695e+00	
1221	-1.0801865834e+00	
1222	-1.0801867020e+00	
1223	-1.0801866173e+00	
1224	-1.0801867366e+00	
1225	-1.0801866532e+00	
1226	-1.0801867730e+00	
1227	-1.0801866909e+00	
1228	-1.0801868112e+00	
1229	-1.0801867302e+00	
1230	-1.0801868508e+00	
1231	-1.0801867709e+00	
1232	-1.0801868919e+00	
1233	-1.0801868129e+00	
1234	-1.0801869341e+00	
1235	-1.0801868560e+00	
1236	-1.0801869773e+00	
1237	-1.0801869000e+00	
1238	-1.0801870214e+00	
1239	-1.0801869448e+00	
1240	-1.0801870662e+00	
1241	-1.0801869902e+00	
1242	-1.0801871115e+00	
1243	-1.0801870361e+00	
1244	-1.0801871572e+00	
1245	-1.0801870822e+00	
1246	-1.0801872031e+00	
1247	-1.0801871286e+00	
1248	-1.0801872491e+00	
1249	-1.0801871749e+00	
1250	-1.0801872951e+00	
1251	-1.0801872212e+00	
1252	-1.0801873409e+00	
1253	-1.0801872672e+00	
1254	-1.0801873865e+00	
1255	-1.0801873129e+00	
1256	-1.0801874316e+00	
1257	-1.0801873581e+00	
1258	-1.0801874762e+00	
1259	-1.0801874028e+00	
1260	-1.0801875203e+00	
1261	-1.0801874468e+00	
1262	-1.0801875636e+00	
1263	-1.0801874900e+00	
1264	-1.0801876060e+00	
1265	-1.0801875324e+00	
1266	-1.0801876476e+00	
1267	-1.0801875738e+00	
1268	-1.0801876883e+00	
1269	-1.0801876143e+00	
1270	-1.0801877278e+00	
1271	-1.0801876537e+00	
1272	-1.0801877663e+00	
1273	-1.0801876919e+00	
1274	-1.0801878037e+00	
1275	-1.0801877290e+00	
1276	-1.0801878398e+00	
1277	-1.0801877648e+00	
1278	-1.0801878747e+00	
1279	-1.0801877994e+00	
1280	-1.0801879083e+00	
1281	-1.0801878327e+00	
1282	-1.0801879406e+00	
1283	-1.0801878646e+00	
1284	-1.0801879716e+00	
1285	-1.0801878952e+00	
1286	-1.0801880012e+00	
1287	-1.0801879245e+00	
1288	-1.0801880295e+00	
1289	-1.0801879524e+00	
1290	-1.0801880564e+00	
1291	-1.0801879790e+00	
1292	-1.0801880820e+00	
1293	-1.0801880042e+00	
1294	-1.0801881062e+00	
1295	-1.0801880280e+00	
1296	-1.0801881291e+00	
1297	-1.0801880505e+00	
1298	-1.0801881506e+00	
1299	-1.0801880717e+00	
1300	-1.0801881709e+00	
1301	-1.0801880916e+00	
1302	-1.0801881898e+00	
1303	-1.0801881103e+00	
1304	-1.0801882075e+00	
1305	-1.0801881276e+00	
1306	-1.0801882240e+00	
1307	-1.0801881438e+00	
1308	-1.0801882393e+00	
1309	-1.0801881589e+00	
1310	-1.0801882534e+00	
1311	-1.0801881727e+00	
1312	-1.0801882664e+00	
1313	-1.0801881855e+00	
1314	-1.0801882784e+00	
1315	-1.0801881972e+00	
1316	-1.0801882893e+00	
1317	-1.0801882079e+00	
1318	-1.0801882992e+00	
1319	-1.0801882176e+00	
1320	-1.0801883082e+00	
1321	-1.0801882264e+00	
1322	-1.0801883162e+00	
1323	-1.0801882343e+00	
1324	-1.0801883234e+00	
1325	-1.0801882414e+00	
1326	-1.0801883298e+00	
1327	-1.0801882476e+00	
1328	-1.0801883353e+00	
1329	-1.0801882531e+00	
1330	-1.0801883402e+00	
1331	-1.0801882579e+00	
1332	-1.0801883443e+00	
1333	-1.0801882620e+00	
1334	-1.0801883478e+00	
1335	-1.0801882655e+00	
1336	-1.0801883507e+00	
1337	-1.0801882684e+00	
1338	-1.0801883530e+00	
1339	-1.0801882707e+00	
1340	-1.0801883548e+00	
1341	-1.0801882725e+00	
1342	-1.0801883561e+00	
1343	-1.0801882738e+00	
1344	-1.0801883569e+00	
1345	-1.0801882747e+00	
1346	-1.0801883573e+00	
1347	-1.0801882752e+00	
1348	-1.0801883573e+00	
1349	-1.0801882753e+00	
1350	-1.0801883569e+00	
1351	-1.0801882751e+00	
