# Time           	e423_0           
1	3.5834601768e-17	
2	-8.3734387597e-19	
3	9.1040326821e-19	
4	-3.0097508992e-19	
5	1.2755186147e-19	
6	1.1035197651e-19	
7	-2.7757695571e-19	
8	-3.7943537245e-19	
9	-6.5747998882e-19	
10	-6.7576104401e-19	
11	-6.9975658337e-19	
12	-2.8851091741e-19	
13	-1.4268361175e-19	
14	-2.3546816942e-19	
15	-2.5327723633e-19	
16	-2.6316558865e-19	
17	-2.7528217311e-19	
18	-2.8445763190e-19	
19	-2.9740188542e-19	
20	-3.0608757493e-19	
21	-3.1854860987e-19	
22	-3.2679294426e-19	
23	-3.3863129359e-19	
24	-3.4669296031e-19	
25	-3.5898163804e-19	
26	-3.6745859397e-19	
27	-3.7892837371e-19	
28	-3.8713205926e-19	
29	-3.9924975790e-19	
30	-4.0781587043e-19	
31	-4.1932344856e-19	
32	-4.2761756521e-19	
33	-4.3871571875e-19	
34	-4.4658098368e-19	
35	-4.5719674362e-19	
36	-4.6430999212e-19	
37	-4.7443832323e-19	
38	-4.8089986729e-19	
39	-4.9006935737e-19	
40	-4.9612993139e-19	
41	-5.0474042556e-19	
42	-5.1063304673e-19	
43	-5.1895437217e-19	
44	-5.2481521890e-19	
45	-5.3291042166e-19	
46	-5.3868238526e-19	
47	-5.4669637431e-19	
48	-5.5274607641e-19	
49	-5.6071953681e-19	
50	-5.6708249715e-19	
51	-5.7516701639e-19	
52	-5.8156049534e-19	
53	-5.8956266689e-19	
54	-5.9613196339e-19	
55	-6.0424962327e-19	
56	-6.1080808453e-19	
57	-6.1874896110e-19	
58	-6.2539633529e-19	
59	-6.3329662779e-19	
60	-6.3990632544e-19	
61	-6.4764875235e-19	
62	-6.5423335877e-19	
63	-6.6187919725e-19	
64	-6.6843598899e-19	
65	-6.7588811298e-19	
66	-6.8243459959e-19	
67	-6.8982114466e-19	
68	-6.9627206308e-19	
69	-7.0353927500e-19	
70	-7.0991656302e-19	
71	-7.1729103656e-19	
72	-7.2381200881e-19	
73	-7.3108036947e-19	
74	-7.3747203777e-19	
75	-7.4469863965e-19	
76	-7.5102609208e-19	
77	-7.5808569952e-19	
78	-7.6434638778e-19	
79	-7.7117716676e-19	
80	-7.7732539328e-19	
81	-7.8392706215e-19	
82	-7.8999480488e-19	
83	-7.9650976602e-19	
84	-8.0253957169e-19	
85	-7.7422099480e-19	
86	-6.9756455444e-19	
87	-6.2789235873e-19	
88	-5.2611790533e-19	
89	-3.7124069889e-19	
90	-1.0751532252e-19	
91	-1.5772828951e-19	
92	-1.9440378737e-19	
93	-1.9910043658e-19	
94	-2.0439363239e-19	
95	-2.0985658160e-19	
96	-2.1557452187e-19	
97	-2.2115971195e-19	
98	-2.2682166943e-19	
99	-2.3162923140e-19	
100	-2.3724552299e-19	
101	-2.4279395839e-19	
102	-2.4892938477e-19	
103	-4.7148545737e-19	
104	-6.9665608126e-19	
105	-8.2343511604e-19	
106	-9.3656276785e-19	
107	-1.0009428772e-18	
108	-9.5518877069e-19	
109	-9.6011541314e-19	
110	-9.6487557028e-19	
111	-9.6958436738e-19	
112	-9.7420261032e-19	
113	-9.7881130181e-19	
114	-9.8324944734e-19	
115	-9.8761536360e-19	
116	-9.9198164877e-19	
117	-9.9629652384e-19	
118	-1.0005282689e-18	
119	-1.0046675732e-18	
120	-1.0087722044e-18	
121	-1.0129487347e-18	
122	-1.0171010626e-18	
123	-1.0212461513e-18	
124	-1.0252787282e-18	
125	-1.0292892864e-18	
126	-1.0332963279e-18	
127	-1.0372833823e-18	
128	-1.0412835592e-18	
129	-1.0452726131e-18	
130	-1.0492545281e-18	
131	-1.0532639766e-18	
132	-1.0572126937e-18	
133	-1.0611514184e-18	
134	-1.0650410050e-18	
135	-1.0688786100e-18	
136	-1.0726581178e-18	
137	-1.0763996506e-18	
138	-1.0800775724e-18	
139	-1.0837344860e-18	
140	-1.0873281131e-18	
141	-1.0908994574e-18	
142	-1.0944253664e-18	
143	-1.0979598208e-18	
144	-1.1372168267e-18	
145	-1.2065895495e-18	
146	-1.2679033518e-18	
147	-1.3357705385e-18	
148	-1.4155876907e-18	
149	-1.5053312955e-18	
150	-1.5950173829e-18	
151	-1.6806983142e-18	
152	-1.7662176101e-18	
153	-1.8459542902e-18	
154	-1.8681895295e-18	
155	-1.8449165998e-18	
156	-1.8493853173e-18	
157	-1.8538122725e-18	
158	-1.8581790771e-18	
159	-1.8625153184e-18	
160	-1.8667880697e-18	
161	-1.8710208912e-18	
162	-1.8752109589e-18	
163	-1.8794031659e-18	
164	-1.8835661123e-18	
165	-1.9837642888e-18	
166	-2.1381672564e-18	
167	-2.5535399076e-18	
168	-2.7990125749e-18	
169	-2.6282202935e-18	
170	-2.6324632577e-18	
171	-2.6367533744e-18	
172	-2.6410052400e-18	
173	-2.4640139347e-18	
174	-1.7641798861e-18	
175	-1.8188366672e-18	
176	-1.9269042173e-18	
177	-1.9302075389e-18	
178	-1.9336103323e-18	
179	-1.9370086757e-18	
180	-1.9401166189e-18	
181	-1.9430553405e-18	
182	-1.9460550326e-18	
183	-1.9492992873e-18	
184	-1.9525524022e-18	
185	-1.9557817684e-18	
186	-1.9589814279e-18	
187	-1.9621564470e-18	
188	-1.9652977517e-18	
189	-1.9684316773e-18	
190	-1.9715619779e-18	
191	-1.9746728761e-18	
192	-1.9777573569e-18	
193	-1.9808186235e-18	
194	-1.9838595090e-18	
195	-1.9868784126e-18	
196	-1.9898705426e-18	
197	-1.9928615989e-18	
198	-1.9957982532e-18	
199	-1.9987267567e-18	
200	-2.0016223579e-18	
201	-2.0045019327e-18	
202	-2.0073204752e-18	
203	-2.0101232218e-18	
204	-2.0128462655e-18	
205	-2.0155446869e-18	
206	-2.0180867844e-18	
207	-2.0205723052e-18	
208	-2.0230048221e-18	
209	-2.0253953664e-18	
210	-2.0280110555e-18	
211	-2.0306418980e-18	
212	-2.0331656582e-18	
213	-2.0356540996e-18	
214	-2.0380797223e-18	
215	-2.0404739598e-18	
216	-2.0428133057e-18	
217	-2.0451342655e-18	
218	-2.0473981595e-18	
219	-2.0496273068e-18	
220	-2.0518487527e-18	
221	-2.0540463177e-18	
222	-2.0561822601e-18	
223	-2.0583184869e-18	
224	-2.0604147589e-18	
225	-2.0624630202e-18	
226	-2.0644828987e-18	
227	-2.0664648862e-18	
228	-2.0649843823e-18	
229	-2.0246344011e-18	
230	-1.9965403042e-18	
231	-1.9785656891e-18	
232	-1.9646570759e-18	
233	-1.9501857052e-18	
234	-1.9355341885e-18	
235	-1.9206609504e-18	
236	-1.9054710918e-18	
237	-1.8904174085e-18	
238	-1.8777912939e-18	
239	-1.8645427982e-18	
240	-1.8513817825e-18	
241	-1.8393885217e-18	
242	-1.8285562885e-18	
243	-1.8170693267e-18	
244	-1.8055512479e-18	
245	-1.7941554193e-18	
246	-1.7826178078e-18	
247	-1.7709080482e-18	
248	-1.7594790314e-18	
249	-1.7480081324e-18	
250	-1.7366505576e-18	
251	-1.7257535416e-18	
252	-1.7153351617e-18	
253	-1.7063237756e-18	
254	-1.6994948650e-18	
255	-1.6930477094e-18	
256	-1.6876508118e-18	
257	-1.6828113845e-18	
258	-1.6782822450e-18	
259	-1.6742680387e-18	
260	-1.6703980489e-18	
261	-1.6665570491e-18	
262	-1.6633297587e-18	
263	-1.6601877611e-18	
264	-1.6572426527e-18	
265	-1.6544504787e-18	
266	-1.6518175844e-18	
267	-1.6492958268e-18	
268	-1.6466442945e-18	
269	-1.6433401213e-18	
270	-1.6346803666e-18	
271	-1.6239018047e-18	
272	-1.6118787866e-18	
273	-1.5995073730e-18	
274	-1.5879717743e-18	
275	-1.5763651711e-18	
276	-1.5647573597e-18	
277	-1.5532568449e-18	
278	-1.5420165783e-18	
279	-1.5307727999e-18	
280	-1.5200405230e-18	
281	-1.5097529156e-18	
282	-1.5000950373e-18	
283	-1.4909907802e-18	
284	-1.4825028768e-18	
285	-1.4745186900e-18	
286	-1.4670862064e-18	
287	-1.4602733001e-18	
288	-1.4540459309e-18	
289	-1.4484239627e-18	
290	-1.4432792614e-18	
291	-1.4389343363e-18	
292	-1.4353046061e-18	
293	-1.4322951068e-18	
294	-1.4298979043e-18	
295	-1.4280644827e-18	
296	-1.4267881449e-18	
297	-1.4259266577e-18	
298	-1.4254374144e-18	
299	-1.4254411175e-18	
300	-1.4260193183e-18	
301	-1.4270485276e-18	
302	-1.4285633893e-18	
303	-1.4305670031e-18	
304	-1.4330289275e-18	
305	-1.4359696776e-18	
306	-1.4394157073e-18	
307	-1.4435026400e-18	
308	-1.4481599760e-18	
309	-1.4534122308e-18	
310	-1.4592468741e-18	
311	-1.4658475597e-18	
312	-1.4732010777e-18	
313	-1.4812307764e-18	
314	-1.4899332569e-18	
315	-1.4993766592e-18	
316	-1.5095372754e-18	
317	-1.5203930754e-18	
318	-1.5319948311e-18	
319	-1.5444943661e-18	
320	-1.5579415266e-18	
321	-1.5724862121e-18	
322	-1.5881362354e-18	
323	-1.6049142656e-18	
324	-1.6243639878e-18	
325	-1.6454667339e-18	
326	-1.6672842951e-18	
327	-1.6901935908e-18	
328	-1.6974148755e-18	
329	-1.6997760813e-18	
330	-1.7031394258e-18	
331	-1.7073423821e-18	
332	-1.7117617810e-18	
333	-1.7162932532e-18	
334	-1.7208306322e-18	
335	-1.7253760284e-18	
336	-1.7299839136e-18	
337	-1.7341046530e-18	
338	-1.7386454272e-18	
339	-1.7444208452e-18	
340	-1.7523433598e-18	
341	-1.7611942826e-18	
342	-1.7701941739e-18	
343	-1.7794598379e-18	
344	-1.7888321244e-18	
345	-1.7983414421e-18	
346	-1.8081151646e-18	
347	-1.8176355277e-18	
348	-1.8272980050e-18	
349	-1.8365793252e-18	
350	-1.8457695234e-18	
351	-1.8549612079e-18	
352	-1.8641110974e-18	
353	-1.8733787880e-18	
354	-1.8821498177e-18	
355	-1.8908398470e-18	
356	-1.8999210122e-18	
357	-1.9090248012e-18	
358	-1.9180953549e-18	
359	-1.9262189649e-18	
360	-1.9344859408e-18	
361	-1.9427683735e-18	
362	-1.9514970089e-18	
363	-1.9594484355e-18	
364	-1.9670259603e-18	
365	-1.9745128312e-18	
366	-1.9818032014e-18	
367	-1.9888346765e-18	
368	-1.9956526080e-18	
369	-2.0023738940e-18	
370	-2.0087364488e-18	
371	-2.0148355374e-18	
372	-2.0207234848e-18	
373	-2.0262950414e-18	
374	-2.0316781022e-18	
375	-2.0368396612e-18	
376	-2.0417031241e-18	
377	-2.0462682165e-18	
378	-2.0505305037e-18	
379	-2.0545675089e-18	
380	-2.0583239485e-18	
381	-2.0621931149e-18	
382	-2.0672969393e-18	
383	-2.0723133812e-18	
384	-2.0770719082e-18	
385	-2.0813403035e-18	
386	-2.0853186907e-18	
387	-2.0888701456e-18	
388	-2.0920296929e-18	
389	-2.0948607594e-18	
390	-2.0943797855e-18	
391	-2.0935355258e-18	
392	-2.0934570905e-18	
393	-2.0933949871e-18	
394	-2.0933470581e-18	
395	-2.0933143655e-18	
396	-2.0932960833e-18	
397	-2.0932923336e-18	
398	-2.0933027264e-18	
399	-2.0933272274e-18	
400	-2.0933653705e-18	
401	-2.0934164894e-18	
402	-2.0934793283e-18	
403	-2.0935555953e-18	
404	-2.0936431758e-18	
405	-2.0930454399e-18	
406	-2.0903788989e-18	
407	-2.0880607365e-18	
408	-2.0855183270e-18	
409	-2.0827545592e-18	
410	-2.0798149307e-18	
411	-2.0766820865e-18	
412	-2.0734191358e-18	
413	-2.0700573601e-18	
414	-2.0665829673e-18	
415	-2.0629576428e-18	
416	-2.0591351875e-18	
417	-2.0552571754e-18	
418	-2.0512696992e-18	
419	-2.0473819964e-18	
420	-2.0451049071e-18	
421	-2.0428168546e-18	
422	-2.0403363288e-18	
423	-2.0377397429e-18	
424	-2.0350671850e-18	
425	-2.0323664396e-18	
426	-2.0296328198e-18	
427	-2.0268171653e-18	
428	-2.0239809134e-18	
429	-2.0211130124e-18	
430	-2.0182405240e-18	
431	-2.0153331009e-18	
432	-2.0123279632e-18	
433	-2.0092685003e-18	
434	-2.0062269001e-18	
435	-2.0031320538e-18	
436	-2.0000152525e-18	
437	-1.9969362339e-18	
438	-1.9938139827e-18	
439	-1.9907132814e-18	
440	-1.9876215554e-18	
441	-1.9845323700e-18	
442	-1.9814086192e-18	
443	-1.9783095468e-18	
444	-1.9751614757e-18	
445	-1.9720287011e-18	
446	-1.9688216196e-18	
447	-1.9655940164e-18	
448	-1.9623995014e-18	
449	-1.9592242612e-18	
450	-1.9560094104e-18	
451	-1.9527931738e-18	
452	-1.9495708583e-18	
453	-1.9463942714e-18	
454	-1.9431197953e-18	
455	-1.9397738564e-18	
456	-1.9365495601e-18	
457	-1.9332598176e-18	
458	-1.9300229785e-18	
459	-1.9268548828e-18	
460	-1.9238396274e-18	
461	-1.9210986928e-18	
462	-1.9182424487e-18	
463	-1.9154334754e-18	
464	-1.9126555453e-18	
465	-1.9099103167e-18	
466	-1.9072032839e-18	
467	-1.9045303075e-18	
468	-1.9018910501e-18	
469	-1.8992964655e-18	
470	-1.8967285586e-18	
471	-1.8940348751e-18	
472	-1.8914105579e-18	
473	-1.8888414985e-18	
474	-1.8863153659e-18	
475	-1.8838739515e-18	
476	-1.8814637630e-18	
477	-1.8790855900e-18	
478	-1.8767677554e-18	
479	-1.8744987222e-18	
480	-1.8722586438e-18	
481	-1.8700903565e-18	
482	-1.8679553065e-18	
483	-1.8658908770e-18	
484	-1.8638656209e-18	
485	-1.8619236473e-18	
486	-1.8600207011e-18	
487	-1.8581711254e-18	
488	-1.8563674934e-18	
489	-1.8545905122e-18	
490	-1.8528663531e-18	
491	-1.8512057402e-18	
492	-1.8496066089e-18	
493	-1.8480666642e-18	
494	-1.8465868809e-18	
495	-1.8451775421e-18	
496	-1.8438150832e-18	
497	-1.8425121716e-18	
498	-1.8412641889e-18	
499	-1.8400861224e-18	
500	-1.8389457115e-18	
501	-1.8378759126e-18	
502	-1.8368539467e-18	
503	-1.8358902198e-18	
504	-1.8349744626e-18	
505	-1.8341080728e-18	
506	-1.8332951494e-18	
507	-1.8325346861e-18	
508	-1.8318230744e-18	
509	-1.8311614159e-18	
510	-1.8305446230e-18	
511	-1.8299792503e-18	
512	-1.8294557916e-18	
513	-1.8289751722e-18	
514	-1.8285470898e-18	
515	-1.8281654543e-18	
516	-1.8278267791e-18	
517	-1.8275304402e-18	
518	-1.8272769730e-18	
519	-1.8270650713e-18	
520	-1.8269086997e-18	
521	-1.8267964994e-18	
522	-1.8267045179e-18	
523	-1.8266446365e-18	
524	-1.8266312519e-18	
525	-1.8266605646e-18	
526	-1.8267249592e-18	
527	-1.8268238362e-18	
528	-1.8269593116e-18	
529	-1.8271244665e-18	
530	-1.8273245146e-18	
531	-1.8275547634e-18	
532	-1.8278158214e-18	
533	-1.8281071111e-18	
534	-1.8284352159e-18	
535	-1.8287834881e-18	
536	-1.8291675053e-18	
537	-1.8295718359e-18	
538	-1.8300034693e-18	
539	-1.8304561829e-18	
540	-1.8309473001e-18	
541	-1.8314527665e-18	
542	-1.8319925458e-18	
543	-1.8325435019e-18	
544	-1.8331254404e-18	
545	-1.8337254922e-18	
546	-1.8343447445e-18	
547	-1.8349826330e-18	
548	-1.8356463379e-18	
549	-1.8363223142e-18	
550	-1.8370146878e-18	
551	-1.8377238779e-18	
552	-1.8384520784e-18	
553	-1.8391969864e-18	
554	-1.8399469577e-18	
555	-1.8407186257e-18	
556	-1.8415028401e-18	
557	-1.8422969820e-18	
558	-1.8431046551e-18	
559	-1.8439218461e-18	
560	-1.8447429299e-18	
561	-1.8455720752e-18	
562	-1.8464133092e-18	
563	-1.8472585488e-18	
564	-1.8481079722e-18	
565	-1.8489615317e-18	
566	-1.8498322714e-18	
567	-1.8506932896e-18	
568	-1.8515679647e-18	
569	-1.8524501095e-18	
570	-1.8533270263e-18	
571	-1.8542158095e-18	
572	-1.8550996277e-18	
573	-1.8559890031e-18	
574	-1.8568827854e-18	
575	-1.8577810335e-18	
576	-1.8586780324e-18	
577	-1.8595843840e-18	
578	-1.8604821160e-18	
579	-1.8613889501e-18	
580	-1.8622987398e-18	
581	-1.8632078885e-18	
582	-1.8641153980e-18	
583	-1.8650209016e-18	
584	-1.8659245450e-18	
585	-1.8668328251e-18	
586	-1.8677262835e-18	
587	-1.8686283178e-18	
588	-1.8695238038e-18	
589	-1.8704163655e-18	
590	-1.8713046610e-18	
591	-1.8721838648e-18	
592	-1.8730465238e-18	
593	-1.8739065912e-18	
594	-1.8747635486e-18	
595	-1.8756146529e-18	
596	-1.8764578315e-18	
597	-1.8772951189e-18	
598	-1.8781230116e-18	
599	-1.8789427138e-18	
600	-1.8797512915e-18	
601	-1.8805507434e-18	
602	-1.8813381485e-18	
603	-1.8821169603e-18	
604	-1.8828766448e-18	
605	-1.8836365297e-18	
606	-1.8843732784e-18	
607	-1.8851023166e-18	
608	-1.8858165005e-18	
609	-1.8865185775e-18	
610	-1.8872048211e-18	
611	-1.8878787617e-18	
612	-1.8885322902e-18	
613	-1.8891821343e-18	
614	-1.8898081064e-18	
615	-1.8904229069e-18	
616	-1.8910218163e-18	
617	-1.8916073177e-18	
618	-1.8921584084e-18	
619	-1.8927123943e-18	
620	-1.8932418468e-18	
621	-1.8937593988e-18	
622	-1.8942592284e-18	
623	-1.8947436543e-18	
624	-1.8952100516e-18	
625	-1.8956617525e-18	
626	-1.8960955750e-18	
627	-1.8965145969e-18	
628	-1.8969152429e-18	
629	-1.8973007714e-18	
630	-1.8976686193e-18	
631	-1.8980217133e-18	
632	-1.8983563038e-18	
633	-1.8986736220e-18	
634	-1.8989771881e-18	
635	-1.8992640901e-18	
636	-1.8995325931e-18	
637	-1.8997868155e-18	
638	-1.9000205801e-18	
639	-1.9002258930e-18	
640	-1.9004127358e-18	
641	-1.9005927450e-18	
642	-1.9007571190e-18	
643	-1.9009084488e-18	
644	-1.9010442346e-18	
645	-1.9011646772e-18	
646	-1.9012703469e-18	
647	-1.9013639231e-18	
648	-1.9014416576e-18	
649	-1.9015055888e-18	
650	-1.9015560843e-18	
651	-1.9015931943e-18	
652	-1.9016166429e-18	
653	-1.9016273160e-18	
654	-1.9016256447e-18	
655	-1.9016126193e-18	
656	-1.9015863892e-18	
657	-1.9015476432e-18	
658	-1.9014965833e-18	
659	-1.9014343570e-18	
660	-1.9013588101e-18	
661	-1.9012732314e-18	
662	-1.9011758405e-18	
663	-1.9010680378e-18	
664	-1.9009472179e-18	
665	-1.9008242225e-18	
666	-1.9006870414e-18	
667	-1.9005415287e-18	
668	-1.9003862898e-18	
669	-1.9002239803e-18	
670	-1.9000509628e-18	
671	-1.8998723276e-18	
672	-1.8996856503e-18	
673	-1.8994899074e-18	
674	-1.8992744081e-18	
675	-1.8990593511e-18	
676	-1.8988384339e-18	
677	-1.8986139702e-18	
678	-1.8983800208e-18	
679	-1.8981447465e-18	
680	-1.8979049758e-18	
681	-1.8976614117e-18	
682	-1.8974131933e-18	
683	-1.8971629410e-18	
684	-1.8969065907e-18	
685	-1.8966523999e-18	
686	-1.8963927854e-18	
687	-1.8961346225e-18	
688	-1.8958676718e-18	
689	-1.8956076119e-18	
690	-1.8953433239e-18	
691	-1.8950771892e-18	
692	-1.8948116611e-18	
693	-1.8945459410e-18	
694	-1.8942812623e-18	
695	-1.8940201311e-18	
696	-1.8937572005e-18	
697	-1.8934963591e-18	
698	-1.8932360341e-18	
699	-1.8929805906e-18	
700	-1.8927231109e-18	
701	-1.8924724687e-18	
702	-1.8922206875e-18	
703	-1.8919760606e-18	
704	-1.8917306963e-18	
705	-1.8914924705e-18	
706	-1.8912556251e-18	
707	-1.8910236957e-18	
708	-1.8907947905e-18	
709	-1.8905715238e-18	
710	-1.8903513141e-18	
711	-1.8901370575e-18	
712	-1.8899258507e-18	
713	-1.8897205785e-18	
714	-1.8895187270e-18	
715	-1.8893233582e-18	
716	-1.8891301323e-18	
717	-1.8889454786e-18	
718	-1.8887623389e-18	
719	-1.8885873401e-18	
720	-1.8884143473e-18	
721	-1.8882485449e-18	
722	-1.8880865734e-18	
723	-1.8879309664e-18	
724	-1.8877780174e-18	
725	-1.8876334300e-18	
726	-1.8874900221e-18	
727	-1.8873551277e-18	
728	-1.8872225316e-18	
729	-1.8870965893e-18	
730	-1.8869735053e-18	
731	-1.8868578528e-18	
732	-1.8867441705e-18	
733	-1.8866375618e-18	
734	-1.8865330862e-18	
735	-1.8864355417e-18	
736	-1.8863400324e-18	
737	-1.8862512147e-18	
738	-1.8861643541e-18	
739	-1.8860837548e-18	
740	-1.8860054325e-18	
741	-1.8859322597e-18	
742	-1.8858615111e-18	
743	-1.8857964028e-18	
744	-1.8857329081e-18	
745	-1.8856744514e-18	
746	-1.8856176354e-18	
747	-1.8855657692e-18	
748	-1.8855157479e-18	
749	-1.8854696821e-18	
750	-1.8854256426e-18	
751	-1.8853860659e-18	
752	-1.8853480591e-18	
753	-1.8853132528e-18	
754	-1.8852798795e-18	
755	-1.8852496856e-18	
756	-1.8852209128e-18	
757	-1.8851947729e-18	
758	-1.8851699697e-18	
759	-1.8851475186e-18	
760	-1.8851261778e-18	
761	-1.8851069286e-18	
762	-1.8850885737e-18	
763	-1.8850719990e-18	
764	-1.8850561031e-18	
765	-1.8850418501e-18	
766	-1.8850279776e-18	
767	-1.8850155845e-18	
768	-1.8850033446e-18	
769	-1.8849923769e-18	
770	-1.8849813523e-18	
771	-1.8849714147e-18	
772	-1.8849612331e-18	
773	-1.8849519542e-18	
774	-1.8849422694e-18	
775	-1.8849332762e-18	
776	-1.8849236884e-18	
777	-1.8849146689e-18	
778	-1.8849050024e-18	
779	-1.8848958163e-18	
780	-1.8848858451e-18	
781	-1.8848762382e-18	
782	-1.8848657704e-18	
783	-1.8848554813e-18	
784	-1.8848443796e-18	
785	-1.8848331615e-18	
786	-1.8848211344e-18	
787	-1.8848092339e-18	
788	-1.8847964317e-18	
789	-1.8847835524e-18	
790	-1.8847698553e-18	
791	-1.8847560298e-18	
792	-1.8847413524e-18	
793	-1.8847265437e-18	
794	-1.8847108490e-18	
795	-1.8846949975e-18	
796	-1.8846784188e-18	
797	-1.8846616121e-18	
798	-1.8846439535e-18	
799	-1.8846260765e-18	
800	-1.8846075802e-18	
801	-1.8845888073e-18	
802	-1.8845693154e-18	
803	-1.8845495127e-18	
804	-1.8845292108e-18	
805	-1.8845086026e-18	
806	-1.8844876542e-18	
807	-1.8844663265e-18	
808	-1.8844444011e-18	
809	-1.8844223457e-18	
810	-1.8843999160e-18	
811	-1.8843772152e-18	
812	-1.8843544834e-18	
813	-1.8843313704e-18	
814	-1.8843079397e-18	
815	-1.8842843888e-18	
816	-1.8842606829e-18	
817	-1.8842371881e-18	
818	-1.8842133540e-18	
819	-1.8841891508e-18	
820	-1.8841655118e-18	
821	-1.8841414279e-18	
822	-1.8841173674e-18	
823	-1.8840936087e-18	
824	-1.8840696648e-18	
825	-1.8840458646e-18	
826	-1.8840222719e-18	
827	-1.8839987035e-18	
828	-1.8839753173e-18	
829	-1.8839518057e-18	
830	-1.8839287905e-18	
831	-1.8839061946e-18	
832	-1.8838833109e-18	
833	-1.8838610798e-18	
834	-1.8838389781e-18	
835	-1.8838174134e-18	
836	-1.8837956076e-18	
837	-1.8837747113e-18	
838	-1.8837537158e-18	
839	-1.8837336187e-18	
840	-1.8837133753e-18	
841	-1.8836940188e-18	
842	-1.8836747684e-18	
843	-1.8836563348e-18	
844	-1.8836377428e-18	
845	-1.8836202834e-18	
846	-1.8836027799e-18	
847	-1.8835863816e-18	
848	-1.8835699167e-18	
849	-1.8835545213e-18	
850	-1.8835391899e-18	
851	-1.8835250712e-18	
852	-1.8835106826e-18	
853	-1.8834976212e-18	
854	-1.8834846346e-18	
855	-1.8834729129e-18	
856	-1.8834610437e-18	
857	-1.8834506262e-18	
858	-1.8834401271e-18	
859	-1.8834310600e-18	
860	-1.8834219260e-18	
861	-1.8834142105e-18	
862	-1.8834065243e-18	
863	-1.8834002631e-18	
864	-1.8833939213e-18	
865	-1.8833891590e-18	
866	-1.8833843664e-18	
867	-1.8833811377e-18	
868	-1.8833778842e-18	
869	-1.8833762032e-18	
870	-1.8833745187e-18	
871	-1.8833744208e-18	
872	-1.8833743348e-18	
873	-1.8833758484e-18	
874	-1.8833773814e-18	
875	-1.8833805252e-18	
876	-1.8833837033e-18	
877	-1.8833884864e-18	
878	-1.8833933201e-18	
879	-1.8833997178e-18	
880	-1.8834062277e-18	
881	-1.8834142809e-18	
882	-1.8834224181e-18	
883	-1.8834321186e-18	
884	-1.8834418824e-18	
885	-1.8834532451e-18	
886	-1.8834645348e-18	
887	-1.8834775789e-18	
888	-1.8834904439e-18	
889	-1.8835050755e-18	
890	-1.8835194642e-18	
891	-1.8835356559e-18	
892	-1.8835515317e-18	
893	-1.8835692567e-18	
894	-1.8835864986e-18	
895	-1.8836056919e-18	
896	-1.8836243947e-18	
897	-1.8836449543e-18	
898	-1.8836649601e-18	
899	-1.8836868539e-18	
900	-1.8837080157e-18	
901	-1.8837311618e-18	
902	-1.8837535878e-18	
903	-1.8837778637e-18	
904	-1.8838013504e-18	
905	-1.8838267067e-18	
906	-1.8838510862e-18	
907	-1.8838774235e-18	
908	-1.8839027955e-18	
909	-1.8839299960e-18	
910	-1.8839560542e-18	
911	-1.8839840237e-18	
912	-1.8840108578e-18	
913	-1.8840394857e-18	
914	-1.8840667922e-18	
915	-1.8840959698e-18	
916	-1.8841238557e-18	
917	-1.8841534432e-18	
918	-1.8841816391e-18	
919	-1.8842115587e-18	
920	-1.8842399335e-18	
921	-1.8842700774e-18	
922	-1.8842986895e-18	
923	-1.8843289193e-18	
924	-1.8843574281e-18	
925	-1.8843876327e-18	
926	-1.8844161442e-18	
927	-1.8844461896e-18	
928	-1.8844744698e-18	
929	-1.8845042768e-18	
930	-1.8845321878e-18	
931	-1.8845616547e-18	
932	-1.8845892316e-18	
933	-1.8846182104e-18	
934	-1.8846452425e-18	
935	-1.8846736761e-18	
936	-1.8847000402e-18	
937	-1.8847278259e-18	
938	-1.8847535505e-18	
939	-1.8847805669e-18	
940	-1.8848054761e-18	
941	-1.8848316483e-18	
942	-1.8848556854e-18	
943	-1.8848809440e-18	
944	-1.8849040340e-18	
945	-1.8849283181e-18	
946	-1.8849503358e-18	
947	-1.8849736219e-18	
948	-1.8849945716e-18	
949	-1.8850166811e-18	
950	-1.8850365253e-18	
951	-1.8850574995e-18	
952	-1.8850761172e-18	
953	-1.8850958423e-18	
954	-1.8851132777e-18	
955	-1.8851317830e-18	
956	-1.8851479267e-18	
957	-1.8851651451e-18	
958	-1.8851800140e-18	
959	-1.8851959281e-18	
960	-1.8852094465e-18	
961	-1.8852241629e-18	
962	-1.8852362676e-18	
963	-1.8852496354e-18	
964	-1.8852604700e-18	
965	-1.8852724577e-18	
966	-1.8852821144e-18	
967	-1.8852926473e-18	
968	-1.8853009822e-18	
969	-1.8853102303e-18	
970	-1.8853172908e-18	
971	-1.8853252417e-18	
972	-1.8853310130e-18	
973	-1.8853376846e-18	
974	-1.8853421964e-18	
975	-1.8853476142e-18	
976	-1.8853508954e-18	
977	-1.8853550866e-18	
978	-1.8853571775e-18	
979	-1.8853601663e-18	
980	-1.8853610932e-18	
981	-1.8853629406e-18	
982	-1.8853627263e-18	
983	-1.8853634716e-18	
984	-1.8853621261e-18	
985	-1.8853618266e-18	
986	-1.8853594267e-18	
987	-1.8853580829e-18	
988	-1.8853546680e-18	
989	-1.8853523406e-18	
990	-1.8853479389e-18	
991	-1.8853446687e-18	
992	-1.8853393389e-18	
993	-1.8853351673e-18	
994	-1.8853289487e-18	
995	-1.8853239169e-18	
996	-1.8853168467e-18	
997	-1.8853110160e-18	
998	-1.8853031195e-18	
999	-1.8852965171e-18	
1000	-1.8852878620e-18	
1001	-1.8852805244e-18	
1002	-1.8852711520e-18	
1003	-1.8852631349e-18	
1004	-1.8852530562e-18	
1005	-1.8852443862e-18	
1006	-1.8852336852e-18	
1007	-1.8852243943e-18	
1008	-1.8852130835e-18	
1009	-1.8852032466e-18	
1010	-1.8851913483e-18	
1011	-1.8851809698e-18	
1012	-1.8851685339e-18	
1013	-1.8851577403e-18	
1014	-1.8851447317e-18	
1015	-1.8851334949e-18	
1016	-1.8851200439e-18	
1017	-1.8851083794e-18	
1018	-1.8850945225e-18	
1019	-1.8850824597e-18	
1020	-1.8850682837e-18	
1021	-1.8850558332e-18	
1022	-1.8850413061e-18	
1023	-1.8850285413e-18	
1024	-1.8850137274e-18	
1025	-1.8850006978e-18	
1026	-1.8849856179e-18	
1027	-1.8849723625e-18	
1028	-1.8849570470e-18	
1029	-1.8849435835e-18	
1030	-1.8849280858e-18	
1031	-1.8849144793e-18	
1032	-1.8848988253e-18	
1033	-1.8848850796e-18	
1034	-1.8848693270e-18	
1035	-1.8848555010e-18	
1036	-1.8848396747e-18	
1037	-1.8848258026e-18	
1038	-1.8848099426e-18	
1039	-1.8847960541e-18	
1040	-1.8847802053e-18	
1041	-1.8847663542e-18	
1042	-1.8847505312e-18	
1043	-1.8847367498e-18	
1044	-1.8847210145e-18	
1045	-1.8847073336e-18	
1046	-1.8846917221e-18	
1047	-1.8846781885e-18	
1048	-1.8846627153e-18	
1049	-1.8846493586e-18	
1050	-1.8846340863e-18	
1051	-1.8846209436e-18	
1052	-1.8846058860e-18	
1053	-1.8845929944e-18	
1054	-1.8845782006e-18	
1055	-1.8845655881e-18	
1056	-1.8845510861e-18	
1057	-1.8845387840e-18	
1058	-1.8845246040e-18	
1059	-1.8845126459e-18	
1060	-1.8844988233e-18	
1061	-1.8844872370e-18	
1062	-1.8844737854e-18	
1063	-1.8844626022e-18	
1064	-1.8844495644e-18	
1065	-1.8844388053e-18	
1066	-1.8844262005e-18	
1067	-1.8844158863e-18	
1068	-1.8844037393e-18	
1069	-1.8843938953e-18	
1070	-1.8843822162e-18	
1071	-1.8843728864e-18	
1072	-1.8843616524e-18	
1073	-1.8843528647e-18	
1074	-1.8843421477e-18	
1075	-1.8843338661e-18	
1076	-1.8843236717e-18	
1077	-1.8843159166e-18	
1078	-1.8843062623e-18	
1079	-1.8842990451e-18	
1080	-1.8842899391e-18	
1081	-1.8842832667e-18	
1082	-1.8842747153e-18	
1083	-1.8842685926e-18	
1084	-1.8842606011e-18	
1085	-1.8842550292e-18	
1086	-1.8842475994e-18	
1087	-1.8842425708e-18	
1088	-1.8842357264e-18	
1089	-1.8842312375e-18	
1090	-1.8842249397e-18	
1091	-1.8842210091e-18	
1092	-1.8842152654e-18	
1093	-1.8842118831e-18	
1094	-1.8842066816e-18	
1095	-1.8842038391e-18	
1096	-1.8841991722e-18	
1097	-1.8841968611e-18	
1098	-1.8841927190e-18	
1099	-1.8841909291e-18	
1100	-1.8841872986e-18	
1101	-1.8841860206e-18	
1102	-1.8841828873e-18	
1103	-1.8841821047e-18	
1104	-1.8841794582e-18	
1105	-1.8841791560e-18	
1106	-1.8841769781e-18	
1107	-1.8841771409e-18	
1108	-1.8841754176e-18	
1109	-1.8841760262e-18	
1110	-1.8841747396e-18	
1111	-1.8841757778e-18	
1112	-1.8841749090e-18	
1113	-1.8841763589e-18	
1114	-1.8841758869e-18	
1115	-1.8841777323e-18	
1116	-1.8841776387e-18	
1117	-1.8841798556e-18	
1118	-1.8841801233e-18	
1119	-1.8841826983e-18	
1120	-1.8841832896e-18	
1121	-1.8841862135e-18	
1122	-1.8841871252e-18	
1123	-1.8841903581e-18	
1124	-1.8841915673e-18	
1125	-1.8841950925e-18	
1126	-1.8841965821e-18	
1127	-1.8842003814e-18	
1128	-1.8842021270e-18	
1129	-1.8842061794e-18	
1130	-1.8842081648e-18	
1131	-1.8842124526e-18	
1132	-1.8842146581e-18	
1133	-1.8842191640e-18	
1134	-1.8842215517e-18	
1135	-1.8842262675e-18	
1136	-1.8842288389e-18	
1137	-1.8842337267e-18	
1138	-1.8842364555e-18	
1139	-1.8842415027e-18	
1140	-1.8842443770e-18	
1141	-1.8842495623e-18	
1142	-1.8842525643e-18	
1143	-1.8842578707e-18	
1144	-1.8842609833e-18	
1145	-1.8842663941e-18	
1146	-1.8842696022e-18	
1147	-1.8842750962e-18	
1148	-1.8842783827e-18	
1149	-1.8842839521e-18	
1150	-1.8842873008e-18	
1151	-1.8842929248e-18	
1152	-1.8842963209e-18	
1153	-1.8843019864e-18	
1154	-1.8843054157e-18	
1155	-1.8843111100e-18	
1156	-1.8843145559e-18	
1157	-1.8843202664e-18	
1158	-1.8843237150e-18	
1159	-1.8843294320e-18	
1160	-1.8843328708e-18	
1161	-1.8843385751e-18	
1162	-1.8843419956e-18	
1163	-1.8843476782e-18	
1164	-1.8843510659e-18	
1165	-1.8843567163e-18	
1166	-1.8843600629e-18	
1167	-1.8843656675e-18	
1168	-1.8843689626e-18	
1169	-1.8843745119e-18	
1170	-1.8843777459e-18	
1171	-1.8843832307e-18	
1172	-1.8843863932e-18	
1173	-1.8843918043e-18	
1174	-1.8843948884e-18	
1175	-1.8844002173e-18	
1176	-1.8844032141e-18	
1177	-1.8844084525e-18	
1178	-1.8844113545e-18	
1179	-1.8844164958e-18	
1180	-1.8844192950e-18	
1181	-1.8844243320e-18	
1182	-1.8844270237e-18	
1183	-1.8844319503e-18	
1184	-1.8844345278e-18	
1185	-1.8844393378e-18	
1186	-1.8844417957e-18	
1187	-1.8844464842e-18	
1188	-1.8844488176e-18	
1189	-1.8844533800e-18	
1190	-1.8844555847e-18	
1191	-1.8844600171e-18	
1192	-1.8844620884e-18	
1193	-1.8844663866e-18	
1194	-1.8844683224e-18	
1195	-1.8844724836e-18	
1196	-1.8844742802e-18	
1197	-1.8844783013e-18	
1198	-1.8844799565e-18	
1199	-1.8844838352e-18	
1200	-1.8844853469e-18	
1201	-1.8844890816e-18	
1202	-1.8844904484e-18	
1203	-1.8844940379e-18	
1204	-1.8844952576e-18	
1205	-1.8844987008e-18	
1206	-1.8844997746e-18	
1207	-1.8845030717e-18	
1208	-1.8845039957e-18	
1209	-1.8845071462e-18	
1210	-1.8845079233e-18	
1211	-1.8845109278e-18	
1212	-1.8845115579e-18	
1213	-1.8845144164e-18	
1214	-1.8845149003e-18	
1215	-1.8845176176e-18	
1216	-1.8845179462e-18	
1217	-1.8845205297e-18	
1218	-1.8845207154e-18	
1219	-1.8845231538e-18	
1220	-1.8845231966e-18	
1221	-1.8845254989e-18	
1222	-1.8845253986e-18	
1223	-1.8845275630e-18	
1224	-1.8845273274e-18	
1225	-1.8845293577e-18	
1226	-1.8845289884e-18	
1227	-1.8845308891e-18	
1228	-1.8845303804e-18	
1229	-1.8845321634e-18	
1230	-1.8845315237e-18	
1231	-1.8845331787e-18	
1232	-1.8845324148e-18	
1233	-1.8845339483e-18	
1234	-1.8845330653e-18	
1235	-1.8845344812e-18	
1236	-1.8845334802e-18	
1237	-1.8845347881e-18	
1238	-1.8845336658e-18	
1239	-1.8845348680e-18	
1240	-1.8845336390e-18	
1241	-1.8845347361e-18	
1242	-1.8845334019e-18	
1243	-1.8845343975e-18	
1244	-1.8845329636e-18	
1245	-1.8845338659e-18	
1246	-1.8845323340e-18	
1247	-1.8845331457e-18	
1248	-1.8845315206e-18	
1249	-1.8845322496e-18	
1250	-1.8845305403e-18	
1251	-1.8845311839e-18	
1252	-1.8845293924e-18	
1253	-1.8845299625e-18	
1254	-1.8845280917e-18	
1255	-1.8845285888e-18	
1256	-1.8845266455e-18	
1257	-1.8845270773e-18	
1258	-1.8845250667e-18	
1259	-1.8845254377e-18	
1260	-1.8845233627e-18	
1261	-1.8845236730e-18	
1262	-1.8845215419e-18	
1263	-1.8845217986e-18	
1264	-1.8845196156e-18	
1265	-1.8845198232e-18	
1266	-1.8845175903e-18	
1267	-1.8845177542e-18	
1268	-1.8845154789e-18	
1269	-1.8845156013e-18	
1270	-1.8845132855e-18	
1271	-1.8845133745e-18	
1272	-1.8845110226e-18	
1273	-1.8845110776e-18	
1274	-1.8845086961e-18	
1275	-1.8845087237e-18	
1276	-1.8845063164e-18	
1277	-1.8845063199e-18	
1278	-1.8845038906e-18	
1279	-1.8845038740e-18	
1280	-1.8845014259e-18	
1281	-1.8845013926e-18	
1282	-1.8844989307e-18	
1283	-1.8844988847e-18	
1284	-1.8844964117e-18	
1285	-1.8844963563e-18	
1286	-1.8844938758e-18	
1287	-1.8844938144e-18	
1288	-1.8844913313e-18	
1289	-1.8844912658e-18	
1290	-1.8844887814e-18	
1291	-1.8844887170e-18	
1292	-1.8844862344e-18	
1293	-1.8844861733e-18	
1294	-1.8844836966e-18	
1295	-1.8844836419e-18	
1296	-1.8844811727e-18	
1297	-1.8844811265e-18	
1298	-1.8844786682e-18	
1299	-1.8844786354e-18	
1300	-1.8844761854e-18	
1301	-1.8844761673e-18	
1302	-1.8844737344e-18	
1303	-1.8844737327e-18	
1304	-1.8844713171e-18	
1305	-1.8844713334e-18	
1306	-1.8844689370e-18	
1307	-1.8844689735e-18	
1308	-1.8844665998e-18	
1309	-1.8844666562e-18	
1310	-1.8844643061e-18	
1311	-1.8844643867e-18	
1312	-1.8844620616e-18	
1313	-1.8844621675e-18	
1314	-1.8844598688e-18	
1315	-1.8844600018e-18	
1316	-1.8844577295e-18	
1317	-1.8844578919e-18	
1318	-1.8844556476e-18	
1319	-1.8844558424e-18	
1320	-1.8844536246e-18	
1321	-1.8844538488e-18	
1322	-1.8844516641e-18	
1323	-1.8844519203e-18	
1324	-1.8844497677e-18	
1325	-1.8844500558e-18	
1326	-1.8844479362e-18	
1327	-1.8844482561e-18	
1328	-1.8844461721e-18	
1329	-1.8844465249e-18	
1330	-1.8844444729e-18	
1331	-1.8844448631e-18	
1332	-1.8844428438e-18	
1333	-1.8844432680e-18	
1334	-1.8844412846e-18	
1335	-1.8844417445e-18	
1336	-1.8844397954e-18	
1337	-1.8844402917e-18	
1338	-1.8844383778e-18	
1339	-1.8844389081e-18	
1340	-1.8844370305e-18	
1341	-1.8844375973e-18	
1342	-1.8844357566e-18	
1343	-1.8844363565e-18	
1344	-1.8844345501e-18	
1345	-1.8844351867e-18	
1346	-1.8844334166e-18	
1347	-1.8844340886e-18	
1348	-1.8844323533e-18	
1349	-1.8844330588e-18	
1350	-1.8844313599e-18	
1351	-1.8844321010e-18	
