# Time           	totalLift        	frontLift        	rearLift         	drag             	side             	Xmoment          	Ymoment          	Zmoment          
1	-4.3658445422e+00	-1.0523819511e+00	-3.3134625911e+00	2.5257784264e+00	0.0000000000e+00	-5.2951764175e+00	2.8263508001e+00	-3.0634261550e+00
2	-1.2774867457e+00	-3.5978226405e-01	-9.1770448164e-01	6.4033576533e-01	0.0000000000e+00	-1.5494179016e+00	6.9740277200e-01	-7.7664030660e-01
3	-7.1185009372e-01	-2.2504474486e-01	-4.8680534887e-01	2.9694978639e-01	0.0000000000e+00	-8.6337747316e-01	3.2720075501e-01	-3.6015975623e-01
4	-6.4532811768e-01	-2.1073495728e-01	-4.3459316040e-01	2.4887897429e-01	0.0000000000e+00	-7.8269535190e-01	2.7982275390e-01	-3.0185639060e-01
5	-6.8027539200e-01	-2.2408483380e-01	-4.5619055820e-01	2.5342529455e-01	0.0000000000e+00	-8.2508164876e-01	2.9013215551e-01	-3.0737045956e-01
6	-7.2515647596e-01	-2.4147740322e-01	-4.8367907274e-01	2.6084944911e-01	0.0000000000e+00	-8.7951630741e-01	3.0275208690e-01	-3.1637495062e-01
7	-7.6604841734e-01	-2.5771981663e-01	-5.0832860071e-01	2.6631717945e-01	0.0000000000e+00	-9.2911267795e-01	3.1326098010e-01	-3.2300656484e-01
8	-8.0578426191e-01	-2.7295398769e-01	-5.3283027422e-01	2.7240457374e-01	0.0000000000e+00	-9.7730686011e-01	3.2484535815e-01	-3.3038974727e-01
9	-8.4070157158e-01	-2.8658381693e-01	-5.5411775465e-01	2.7653961282e-01	0.0000000000e+00	-1.0196568139e+00	3.3441742216e-01	-3.3540498800e-01
10	-8.6901364838e-01	-2.9781693093e-01	-5.7119671746e-01	2.7868163349e-01	0.0000000000e+00	-1.0539955175e+00	3.4172473316e-01	-3.3800296813e-01
11	-9.0131189803e-01	-3.1083688493e-01	-5.9047501310e-01	2.8118186625e-01	0.0000000000e+00	-1.0931689072e+00	3.4954766022e-01	-3.4103541085e-01
12	-9.1673351055e-01	-3.1755389141e-01	-5.9917961915e-01	2.8005785200e-01	0.0000000000e+00	-1.1118732285e+00	3.5203215968e-01	-3.3967213425e-01
13	-9.3743252678e-01	-3.2603637093e-01	-6.1139615585e-01	2.8059498658e-01	0.0000000000e+00	-1.1369783236e+00	3.5669973115e-01	-3.4032360554e-01
14	-9.5032409077e-01	-3.3184168041e-01	-6.1848241036e-01	2.7868365533e-01	0.0000000000e+00	-1.1526140397e+00	3.5830091244e-01	-3.3800542035e-01
15	-9.6045209987e-01	-3.3660095669e-01	-6.2385114318e-01	2.7634042664e-01	0.0000000000e+00	-1.1648979390e+00	3.5906273311e-01	-3.3516340223e-01
16	-9.6729892283e-01	-3.4009814466e-01	-6.2720077817e-01	2.7331170540e-01	0.0000000000e+00	-1.1732022053e+00	3.5887829189e-01	-3.3148997475e-01
17	-9.7112403384e-01	-3.4245690980e-01	-6.2866712404e-01	2.6958728123e-01	0.0000000000e+00	-1.1778415454e+00	3.5776276781e-01	-3.2697275412e-01
18	-9.7201846403e-01	-3.4372942047e-01	-6.2828904356e-01	2.6517285219e-01	0.0000000000e+00	-1.1789263677e+00	3.5569952886e-01	-3.2161865131e-01
19	-9.6902045701e-01	-3.4355187988e-01	-6.2546857713e-01	2.5986830175e-01	0.0000000000e+00	-1.1752901924e+00	3.5239587156e-01	-3.1518495214e-01
20	-9.6047737697e-01	-3.4128760271e-01	-6.1918977426e-01	2.5327615237e-01	0.0000000000e+00	-1.1649285967e+00	3.4737771444e-01	-3.0718957035e-01
21	-9.4103356458e-01	-3.3528677984e-01	-6.0574678473e-01	2.4291765648e-01	0.0000000000e+00	-1.1413458933e+00	3.3807500611e-01	-2.9462612183e-01
22	-9.3745066395e-01	-3.3230722123e-01	-6.0514344272e-01	2.4456591928e-01	0.0000000000e+00	-1.1370003215e+00	3.4104527687e-01	-2.9662524072e-01
23	-9.3362552885e-01	-3.2917041930e-01	-6.0445510955e-01	2.4682035055e-01	0.0000000000e+00	-1.1323609522e+00	3.4410586281e-01	-2.9935955964e-01
24	-9.2800416638e-01	-3.2540814099e-01	-6.0259602539e-01	2.4895998437e-01	0.0000000000e+00	-1.1255430031e+00	3.4648485550e-01	-3.0195464483e-01
25	-9.2173713780e-01	-3.2132014188e-01	-6.0041699593e-01	2.5158383155e-01	0.0000000000e+00	-1.1179419487e+00	3.4887106756e-01	-3.0513701506e-01
26	-9.1251744901e-01	-3.1638122410e-01	-5.9613622492e-01	2.5307705641e-01	0.0000000000e+00	-1.1067597185e+00	3.4969375103e-01	-3.0694809400e-01
27	-9.0198523385e-01	-3.1116396777e-01	-5.9082126608e-01	2.5397869469e-01	0.0000000000e+00	-1.0939855721e+00	3.4957162288e-01	-3.0804165876e-01
28	-8.9149453237e-01	-3.0608708089e-01	-5.8540745148e-01	2.5485010381e-01	0.0000000000e+00	-1.0812617762e+00	3.4915046324e-01	-3.0909855966e-01
29	-8.7802948637e-01	-3.0018249861e-01	-5.7784698775e-01	2.5445579212e-01	0.0000000000e+00	-1.0649305043e+00	3.4708061143e-01	-3.0862031314e-01
30	-8.6297222002e-01	-2.9385783461e-01	-5.6911438541e-01	2.5352475345e-01	0.0000000000e+00	-1.0466680855e+00	3.4407068849e-01	-3.0749108970e-01
31	-8.4696867582e-01	-2.8742081124e-01	-5.5954786458e-01	2.5202007369e-01	0.0000000000e+00	-1.0272579601e+00	3.4015881668e-01	-3.0566611753e-01
32	-8.2769294990e-01	-2.8038856265e-01	-5.4730438725e-01	2.4832193349e-01	0.0000000000e+00	-1.0038791228e+00	3.3364478075e-01	-3.0118077578e-01
33	-8.0515537118e-01	-2.7248241072e-01	-5.3267296047e-01	2.4308378056e-01	0.0000000000e+00	-9.7654410107e-01	3.2523818719e-01	-2.9482760778e-01
34	-7.8300207733e-01	-2.6472181355e-01	-5.1828026378e-01	2.3806482247e-01	0.0000000000e+00	-9.4967516471e-01	3.1694806279e-01	-2.8874029334e-01
35	-7.5821903978e-01	-2.5650612517e-01	-5.0171291461e-01	2.3120428242e-01	0.0000000000e+00	-9.1961670644e-01	3.0650848681e-01	-2.8041939012e-01
36	-7.3534236691e-01	-2.4847711470e-01	-4.8686525221e-01	2.2607668179e-01	0.0000000000e+00	-8.9187040959e-01	2.9798517188e-01	-2.7420030704e-01
37	-7.1328974784e-01	-2.4067245857e-01	-4.7261728927e-01	2.2142037257e-01	0.0000000000e+00	-8.6512357805e-01	2.8993103837e-01	-2.6855283642e-01
38	-6.9278186802e-01	-2.3340189672e-01	-4.5937997129e-01	2.1709513513e-01	0.0000000000e+00	-8.4025030542e-01	2.8247259321e-01	-2.6330691090e-01
39	-6.6893497458e-01	-2.2550647006e-01	-4.4342850452e-01	2.1026460726e-01	0.0000000000e+00	-8.1132726279e-01	2.7240254307e-01	-2.5502240839e-01
40	-6.4725009202e-01	-2.1819556511e-01	-4.2905452691e-01	2.0448288111e-01	0.0000000000e+00	-7.8502644570e-01	2.6357370225e-01	-2.4800995990e-01
41	-6.2829948593e-01	-2.1170374074e-01	-4.1659574519e-01	1.9996897436e-01	0.0000000000e+00	-7.6204193458e-01	2.5611500556e-01	-2.4253520414e-01
42	-6.0698233102e-01	-2.0502219269e-01	-4.0196013832e-01	1.9299777653e-01	0.0000000000e+00	-7.3618712117e-01	2.4617243204e-01	-2.3408008806e-01
43	-5.9131698169e-01	-1.9977725540e-01	-3.9153972629e-01	1.8898945251e-01	0.0000000000e+00	-7.1718718027e-01	2.3970308862e-01	-2.2921853547e-01
44	-5.7755780016e-01	-1.9530033050e-01	-3.8225746966e-01	1.8526979738e-01	0.0000000000e+00	-7.0049916198e-01	2.3369642395e-01	-2.2470709905e-01
45	-5.6475148913e-01	-1.9111841153e-01	-3.7363307761e-01	1.8181284160e-01	0.0000000000e+00	-6.8496684618e-01	2.2814333260e-01	-2.2051428124e-01
46	-5.5483909295e-01	-1.8787523479e-01	-3.6696385816e-01	1.7929987710e-01	0.0000000000e+00	-6.7294445601e-01	2.2386077922e-01	-2.1746639664e-01
47	-5.4630049764e-01	-1.8518335645e-01	-3.6111714119e-01	1.7682013090e-01	0.0000000000e+00	-6.6258829970e-01	2.1991723093e-01	-2.1445880132e-01
48	-5.3977899216e-01	-1.8316411954e-01	-3.5661487262e-01	1.7487248528e-01	0.0000000000e+00	-6.5467859936e-01	2.1681344135e-01	-2.1209657173e-01
49	-5.3493777446e-01	-1.8166923686e-01	-3.5326853760e-01	1.7344440693e-01	0.0000000000e+00	-6.4880685988e-01	2.1449912592e-01	-2.1036450666e-01
50	-5.3056818618e-01	-1.8048862612e-01	-3.5007956006e-01	1.7155985160e-01	0.0000000000e+00	-6.4350714281e-01	2.1198866742e-01	-2.0807879704e-01
51	-5.3018965303e-01	-1.8032230303e-01	-3.4986735000e-01	1.7192025101e-01	0.0000000000e+00	-6.4304803351e-01	2.1193130872e-01	-2.0851591256e-01
52	-5.3124597086e-01	-1.8064162551e-01	-3.5060434535e-01	1.7264846910e-01	0.0000000000e+00	-6.4432920356e-01	2.1245339980e-01	-2.0939914220e-01
53	-5.3293653873e-01	-1.8122495757e-01	-3.5171158116e-01	1.7322069176e-01	0.0000000000e+00	-6.4637963276e-01	2.1310827949e-01	-2.1009317055e-01
54	-5.3603723358e-01	-1.8216652023e-01	-3.5387071335e-01	1.7453690072e-01	0.0000000000e+00	-6.5014035445e-01	2.1463024140e-01	-2.1168955324e-01
55	-5.3954371796e-01	-1.8324035637e-01	-3.5630336158e-01	1.7595366380e-01	0.0000000000e+00	-6.5439324371e-01	2.1632875651e-01	-2.1340789442e-01
56	-5.4305327241e-01	-1.8436311245e-01	-3.5869015996e-01	1.7720482034e-01	0.0000000000e+00	-6.5864985656e-01	2.1790880938e-01	-2.1492537736e-01
57	-5.4658238683e-01	-1.8557426600e-01	-3.6100812083e-01	1.7817418319e-01	0.0000000000e+00	-6.6293019299e-01	2.1929231853e-01	-2.1610108283e-01
58	-5.4922818914e-01	-1.8662389663e-01	-3.6260429251e-01	1.7847529998e-01	0.0000000000e+00	-6.6613919181e-01	2.1997549485e-01	-2.1646629660e-01
59	-5.5200870769e-01	-1.8768466650e-01	-3.6432404119e-01	1.7893957565e-01	0.0000000000e+00	-6.6951158314e-01	2.2079921836e-01	-2.1702939992e-01
60	-5.5395409663e-01	-1.8855679338e-01	-3.6539730324e-01	1.7888897508e-01	0.0000000000e+00	-6.7187107568e-01	2.2105063732e-01	-2.1696802831e-01
61	-5.5545044007e-01	-1.8935867624e-01	-3.6609176383e-01	1.7848981578e-01	0.0000000000e+00	-6.7368593703e-01	2.2091635949e-01	-2.1648390229e-01
62	-5.5622084242e-01	-1.9001469537e-01	-3.6620614706e-01	1.7762244179e-01	0.0000000000e+00	-6.7462033044e-01	2.2023931461e-01	-2.1543189546e-01
63	-5.5702322591e-01	-1.9063919129e-01	-3.6638403462e-01	1.7691429792e-01	0.0000000000e+00	-6.7559351263e-01	2.1968105416e-01	-2.1457301312e-01
64	-5.5852512263e-01	-1.9142923453e-01	-3.6709588810e-01	1.7661021575e-01	0.0000000000e+00	-6.7741510935e-01	2.1958331696e-01	-2.1420420276e-01
65	-5.6070911972e-01	-1.9238875417e-01	-3.6832036555e-01	1.7667501485e-01	0.0000000000e+00	-6.8006400116e-01	2.1991451422e-01	-2.1428279526e-01
66	-5.6365949377e-01	-1.9353380664e-01	-3.7012568713e-01	1.7720803016e-01	0.0000000000e+00	-6.8364240413e-01	2.2073985061e-01	-2.1492927043e-01
67	-5.6688629019e-01	-1.9473669182e-01	-3.7214959837e-01	1.7794451958e-01	0.0000000000e+00	-6.8755606989e-01	2.2176613318e-01	-2.1582253207e-01
68	-5.6920149374e-01	-1.9570992544e-01	-3.7349156830e-01	1.7809805806e-01	0.0000000000e+00	-6.9036409732e-01	2.2222705358e-01	-2.1600875338e-01
69	-5.7085152590e-01	-1.9648268444e-01	-3.7436884146e-01	1.7793205881e-01	0.0000000000e+00	-6.9236536221e-01	2.2235769628e-01	-2.1580741885e-01
70	-5.7181919243e-01	-1.9705198821e-01	-3.7476720422e-01	1.7743527784e-01	0.0000000000e+00	-6.9353901028e-01	2.2214402001e-01	-2.1520489101e-01
71	-5.7306276747e-01	-1.9763998470e-01	-3.7542278277e-01	1.7722618258e-01	0.0000000000e+00	-6.9504729789e-01	2.2222849759e-01	-2.1495128685e-01
72	-5.7438636603e-01	-1.9822384959e-01	-3.7616251644e-01	1.7713318683e-01	0.0000000000e+00	-6.9665264315e-01	2.2242333356e-01	-2.1483849564e-01
73	-5.7589679922e-01	-1.9883361334e-01	-3.7706318588e-01	1.7720819992e-01	0.0000000000e+00	-6.9848459345e-01	2.2278696567e-01	-2.1492947633e-01
74	-5.7747089026e-01	-1.9944181166e-01	-3.7802907860e-01	1.7738278608e-01	0.0000000000e+00	-7.0039375207e-01	2.2323408367e-01	-2.1514122562e-01
75	-5.7940138271e-01	-2.0011364737e-01	-3.7928773534e-01	1.7787080473e-01	0.0000000000e+00	-7.0273517720e-01	2.2396760996e-01	-2.1573312597e-01
76	-5.8174191585e-01	-2.0086652153e-01	-3.8087539432e-01	1.7868252819e-01	0.0000000000e+00	-7.0557392599e-01	2.2501109099e-01	-2.1671763627e-01
77	-5.8393437745e-01	-2.0157898771e-01	-3.8235538975e-01	1.7943585758e-01	0.0000000000e+00	-7.0823308410e-01	2.2597050255e-01	-2.1763132249e-01
78	-5.8567635006e-01	-2.0216680845e-01	-3.8350954161e-01	1.7996878202e-01	0.0000000000e+00	-7.1034586027e-01	2.2667841645e-01	-2.1827768745e-01
79	-5.8664732923e-01	-2.0254799323e-01	-3.8409933600e-01	1.8008232845e-01	0.0000000000e+00	-7.1152352611e-01	2.2693917847e-01	-2.1841540384e-01
80	-5.8708062887e-01	-2.0276675296e-01	-3.8431387591e-01	1.7995902296e-01	0.0000000000e+00	-7.1204905972e-01	2.2693390370e-01	-2.1826585103e-01
81	-5.8703531328e-01	-2.0284314124e-01	-3.8419217204e-01	1.7963803079e-01	0.0000000000e+00	-7.1199409806e-01	2.2668628850e-01	-2.1787653114e-01
82	-5.8679222996e-01	-2.0285121916e-01	-3.8394101080e-01	1.7927931966e-01	0.0000000000e+00	-7.1169927101e-01	2.2636223956e-01	-2.1744146325e-01
83	-5.8632126832e-01	-2.0278794171e-01	-3.8353332661e-01	1.7884497687e-01	0.0000000000e+00	-7.1112805851e-01	2.2593173113e-01	-2.1691466445e-01
84	-5.8571045121e-01	-2.0267565337e-01	-3.8303479784e-01	1.7838153092e-01	0.0000000000e+00	-7.1038722033e-01	2.2544893059e-01	-2.1635256746e-01
85	-5.8502673731e-01	-2.0253160800e-01	-3.8249512931e-01	1.7791176664e-01	0.0000000000e+00	-7.0955796824e-01	2.2495440164e-01	-2.1578280720e-01
86	-5.8443604993e-01	-2.0240530620e-01	-3.8203074372e-01	1.7751920946e-01	0.0000000000e+00	-7.0884154467e-01	2.2453179690e-01	-2.1530668865e-01
87	-5.8405214335e-01	-2.0232773087e-01	-3.8172441247e-01	1.7726496159e-01	0.0000000000e+00	-7.0837591814e-01	2.2424585199e-01	-2.1499832053e-01
88	-5.8400370789e-01	-2.0233396703e-01	-3.8166974086e-01	1.7721387463e-01	0.0000000000e+00	-7.0831717250e-01	2.2416971729e-01	-2.1493635899e-01
89	-5.8424803577e-01	-2.0241719229e-01	-3.8183084348e-01	1.7732205437e-01	0.0000000000e+00	-7.0861350904e-01	2.2426706399e-01	-2.1506756631e-01
90	-5.8475764183e-01	-2.0257314543e-01	-3.8218449640e-01	1.7756202240e-01	0.0000000000e+00	-7.0923159198e-01	2.2451418871e-01	-2.1535861494e-01
91	-5.8551870675e-01	-2.0280100745e-01	-3.8271769930e-01	1.7791478738e-01	0.0000000000e+00	-7.1015466034e-01	2.2489586482e-01	-2.1578647095e-01
92	-5.8650417069e-01	-2.0309641191e-01	-3.8340775878e-01	1.7835638157e-01	0.0000000000e+00	-7.1134989425e-01	2.2538918359e-01	-2.1632206471e-01
93	-5.8766071495e-01	-2.0344746630e-01	-3.8421324864e-01	1.7885019357e-01	0.0000000000e+00	-7.1275262533e-01	2.2595722793e-01	-2.1692099160e-01
94	-5.8891593496e-01	-2.0383536867e-01	-3.8508056629e-01	1.7935488777e-01	0.0000000000e+00	-7.1427503672e-01	2.2655649703e-01	-2.1753311711e-01
95	-5.9017301929e-01	-2.0423394494e-01	-3.8593907434e-01	1.7981802792e-01	0.0000000000e+00	-7.1579970925e-01	2.2713141175e-01	-2.1809484320e-01
96	-5.9136819537e-01	-2.0462651427e-01	-3.8674168110e-01	1.8020328151e-01	0.0000000000e+00	-7.1724929551e-01	2.2764395853e-01	-2.1856210348e-01
97	-5.9251474947e-01	-2.0501256918e-01	-3.8750218029e-01	1.8053428181e-01	0.0000000000e+00	-7.1863990989e-01	2.2811201390e-01	-2.1896356188e-01
98	-5.9358654784e-01	-2.0538315427e-01	-3.8820339357e-01	1.8080545398e-01	0.0000000000e+00	-7.1993985573e-01	2.2852529912e-01	-2.1929245689e-01
99	-5.9456928261e-01	-2.0573084465e-01	-3.8883843796e-01	1.8101921462e-01	0.0000000000e+00	-7.2113177953e-01	2.2888449164e-01	-2.1955171951e-01
100	-5.9546291070e-01	-2.0605507830e-01	-3.8940783240e-01	1.8117782517e-01	0.0000000000e+00	-7.2221562901e-01	2.2919094263e-01	-2.1974409257e-01
101	-5.9625877299e-01	-2.0635263361e-01	-3.8990613937e-01	1.8128035087e-01	0.0000000000e+00	-7.2318090186e-01	2.2944188219e-01	-2.1986844231e-01
102	-5.9698830805e-01	-2.0662979801e-01	-3.9035851004e-01	1.8135183879e-01	0.0000000000e+00	-7.2406572881e-01	2.2966089003e-01	-2.1995514745e-01
103	-5.9766942838e-01	-2.0689001186e-01	-3.9077941652e-01	1.8140721302e-01	0.0000000000e+00	-7.2489183525e-01	2.2986175582e-01	-2.2002230887e-01
104	-5.9832994348e-01	-2.0713978490e-01	-3.9119015858e-01	1.8146478060e-01	0.0000000000e+00	-7.2569295034e-01	2.3006296711e-01	-2.2009213052e-01
105	-5.9898873548e-01	-2.0738383646e-01	-3.9160489901e-01	1.8153635654e-01	0.0000000000e+00	-7.2649197556e-01	2.3027632818e-01	-2.2017894241e-01
106	-5.9965592026e-01	-2.0762496984e-01	-3.9203095042e-01	1.8162735362e-01	0.0000000000e+00	-7.2730118008e-01	2.3050747573e-01	-2.2028930952e-01
107	-6.0032846563e-01	-2.0786226102e-01	-3.9246620461e-01	1.8173710209e-01	0.0000000000e+00	-7.2811688626e-01	2.3075492948e-01	-2.2042241950e-01
108	-6.0099673204e-01	-2.0809308790e-01	-3.9290364413e-01	1.8186030309e-01	0.0000000000e+00	-7.2892740264e-01	2.3101319529e-01	-2.2057184558e-01
109	-6.0160653728e-01	-2.0830410513e-01	-3.9330243215e-01	1.8196323218e-01	0.0000000000e+00	-7.2966701356e-01	2.3124790878e-01	-2.2069668459e-01
110	-6.0215993874e-01	-2.0849487547e-01	-3.9366506326e-01	1.8205134649e-01	0.0000000000e+00	-7.3033821436e-01	2.3146273474e-01	-2.2080355527e-01
111	-6.0265010260e-01	-2.0866262328e-01	-3.9398747932e-01	1.8212542491e-01	0.0000000000e+00	-7.3093271655e-01	2.3165607004e-01	-2.2089340234e-01
112	-6.0306519527e-01	-2.0880334338e-01	-3.9426185189e-01	1.8218225075e-01	0.0000000000e+00	-7.3143616757e-01	2.3182313564e-01	-2.2096232437e-01
113	-6.0339181738e-01	-2.0891261881e-01	-3.9447919857e-01	1.8221814144e-01	0.0000000000e+00	-7.3183231583e-01	2.3195822470e-01	-2.2100585490e-01
114	-6.0362819780e-01	-2.0898979540e-01	-3.9463840240e-01	1.8223340131e-01	0.0000000000e+00	-7.3211901318e-01	2.3206075875e-01	-2.2102436305e-01
115	-6.0376760886e-01	-2.0903285231e-01	-3.9473475655e-01	1.8222602610e-01	0.0000000000e+00	-7.3228809986e-01	2.3212738030e-01	-2.2101541792e-01
116	-6.0380540484e-01	-2.0904040596e-01	-3.9476499888e-01	1.8219470784e-01	0.0000000000e+00	-7.3233394124e-01	2.3215574115e-01	-2.2097743312e-01
117	-6.0373884269e-01	-2.0901145986e-01	-3.9472738284e-01	1.8213982171e-01	0.0000000000e+00	-7.3225321040e-01	2.3214490372e-01	-2.2091086370e-01
118	-6.0357349746e-01	-2.0894766162e-01	-3.9462583585e-01	1.8206452229e-01	0.0000000000e+00	-7.3205266910e-01	2.3209771779e-01	-2.2081953573e-01
119	-6.0331682648e-01	-2.0885111812e-01	-3.9446570835e-01	1.8197258915e-01	0.0000000000e+00	-7.3174136205e-01	2.3201823778e-01	-2.2070803332e-01
120	-6.0297222826e-01	-2.0872305285e-01	-3.9424917540e-01	1.8186546683e-01	0.0000000000e+00	-7.3132341122e-01	2.3190765319e-01	-2.2057810850e-01
121	-6.0255166690e-01	-2.0856774317e-01	-3.9398392373e-01	1.8174677666e-01	0.0000000000e+00	-7.3081332742e-01	2.3177022570e-01	-2.2043415344e-01
122	-6.0203709112e-01	-2.0838143013e-01	-3.9365566099e-01	1.8160290154e-01	0.0000000000e+00	-7.3018921689e-01	2.3159278858e-01	-2.2025965246e-01
123	-6.0144488060e-01	-2.0816815564e-01	-3.9327672495e-01	1.8144340941e-01	0.0000000000e+00	-7.2947094597e-01	2.3138571164e-01	-2.2006621017e-01
124	-6.0079087299e-01	-2.0793258375e-01	-3.9285828924e-01	1.8127521678e-01	0.0000000000e+00	-7.2867772357e-01	2.3115713187e-01	-2.1986221536e-01
125	-6.0007806968e-01	-2.0767668967e-01	-3.9240138001e-01	1.8109579600e-01	0.0000000000e+00	-7.2781318998e-01	2.3090586292e-01	-2.1964460232e-01
126	-5.9932343167e-01	-2.0740589198e-01	-3.9191753969e-01	1.8091199010e-01	0.0000000000e+00	-7.2689791657e-01	2.3063955963e-01	-2.1942167073e-01
127	-5.9852917411e-01	-2.0712177262e-01	-3.9140740149e-01	1.8072159396e-01	0.0000000000e+00	-7.2593459004e-01	2.3035703608e-01	-2.1919074608e-01
128	-5.9770519293e-01	-2.0682784684e-01	-3.9087734609e-01	1.8052661436e-01	0.0000000000e+00	-7.2493521279e-01	2.3006187406e-01	-2.1895426231e-01
129	-5.9686281950e-01	-2.0652767724e-01	-3.9033514226e-01	1.8033116504e-01	0.0000000000e+00	-7.2391352824e-01	2.2975933128e-01	-2.1871720882e-01
130	-5.9602326743e-01	-2.0622815130e-01	-3.8979511613e-01	1.8014222479e-01	0.0000000000e+00	-7.2289526561e-01	2.2945870604e-01	-2.1848804997e-01
131	-5.9519457698e-01	-2.0593196984e-01	-3.8926260713e-01	1.7996221380e-01	0.0000000000e+00	-7.2189017666e-01	2.2916329661e-01	-2.1826972109e-01
132	-5.9439122854e-01	-2.0564391602e-01	-3.8874731252e-01	1.7979552003e-01	0.0000000000e+00	-7.2091582412e-01	2.2887924563e-01	-2.1806754419e-01
133	-5.9361738537e-01	-2.0536638921e-01	-3.8825099616e-01	1.7963905250e-01	0.0000000000e+00	-7.1997725747e-01	2.2860575868e-01	-2.1787777033e-01
134	-5.9288319715e-01	-2.0510272410e-01	-3.8778047305e-01	1.7949534449e-01	0.0000000000e+00	-7.1908678688e-01	2.2834718618e-01	-2.1770347204e-01
135	-5.9219134435e-01	-2.0485453945e-01	-3.8733680490e-01	1.7936213148e-01	0.0000000000e+00	-7.1824766341e-01	2.2810283180e-01	-2.1754190274e-01
136	-5.9156024451e-01	-2.0462695439e-01	-3.8693329012e-01	1.7924814618e-01	0.0000000000e+00	-7.1748222502e-01	2.2788291967e-01	-2.1740365406e-01
137	-5.9100488523e-01	-2.0442428886e-01	-3.8658059637e-01	1.7916012325e-01	0.0000000000e+00	-7.1680864965e-01	2.2769538439e-01	-2.1729689420e-01
138	-5.9051624740e-01	-2.0424492259e-01	-3.8627132482e-01	1.7908963303e-01	0.0000000000e+00	-7.1621599834e-01	2.2753300279e-01	-2.1721139914e-01
139	-5.9009479742e-01	-2.0408894229e-01	-3.8600585513e-01	1.7903689079e-01	0.0000000000e+00	-7.1570483676e-01	2.2739614105e-01	-2.1714742997e-01
140	-5.8974444013e-01	-2.0395789523e-01	-3.8578654490e-01	1.7900180145e-01	0.0000000000e+00	-7.1527990095e-01	2.2728581208e-01	-2.1710487136e-01
141	-5.8945555937e-01	-2.0384974942e-01	-3.8560580996e-01	1.7897726547e-01	0.0000000000e+00	-7.1492952783e-01	2.2719507567e-01	-2.1707511255e-01
142	-5.8922218094e-01	-2.0376271221e-01	-3.8545946874e-01	1.7896063044e-01	0.0000000000e+00	-7.1464647150e-01	2.2712094567e-01	-2.1705493652e-01
143	-5.8903566906e-01	-2.0369406826e-01	-3.8534160080e-01	1.7894820870e-01	0.0000000000e+00	-7.1442025791e-01	2.2705941568e-01	-2.1703987064e-01
144	-5.8889723340e-01	-2.0364372292e-01	-3.8525351048e-01	1.7894195220e-01	0.0000000000e+00	-7.1425235426e-01	2.2701223444e-01	-2.1703228235e-01
145	-5.8880724011e-01	-2.0361131482e-01	-3.8519592528e-01	1.7894341606e-01	0.0000000000e+00	-7.1414320462e-01	2.2698076308e-01	-2.1703405782e-01
146	-5.8876566770e-01	-2.0359636081e-01	-3.8516930689e-01	1.7895409592e-01	0.0000000000e+00	-7.1409278294e-01	2.2696618260e-01	-2.1704701103e-01
147	-5.8876798030e-01	-2.0359728243e-01	-3.8517069787e-01	1.7897270165e-01	0.0000000000e+00	-7.1409558781e-01	2.2696676931e-01	-2.1706957726e-01
148	-5.8881359730e-01	-2.0361392007e-01	-3.8519967723e-01	1.7899918033e-01	0.0000000000e+00	-7.1415091503e-01	2.2698219644e-01	-2.1710169230e-01
149	-5.8890787297e-01	-2.0364675972e-01	-3.8526111325e-01	1.7903956287e-01	0.0000000000e+00	-7.1426525861e-01	2.2701794191e-01	-2.1715067084e-01
150	-5.8902296510e-01	-2.0368874126e-01	-3.8533422384e-01	1.7907661933e-01	0.0000000000e+00	-7.1440484974e-01	2.2705685321e-01	-2.1719561528e-01
151	-5.8916735916e-01	-2.0374148322e-01	-3.8542587594e-01	1.7911792137e-01	0.0000000000e+00	-7.1457998012e-01	2.2710549091e-01	-2.1724570905e-01
152	-5.8932967389e-01	-2.0380153466e-01	-3.8552813923e-01	1.7915857511e-01	0.0000000000e+00	-7.1477684584e-01	2.2715825572e-01	-2.1729501652e-01
153	-5.8950390301e-01	-2.0386660771e-01	-3.8563729530e-01	1.7919762775e-01	0.0000000000e+00	-7.1498816209e-01	2.2721335949e-01	-2.1734238207e-01
154	-5.8968652411e-01	-2.0393536503e-01	-3.8575115908e-01	1.7923494292e-01	0.0000000000e+00	-7.1520965668e-01	2.2726974257e-01	-2.1738764030e-01
155	-5.8987632993e-01	-2.0400708633e-01	-3.8586924360e-01	1.7927134746e-01	0.0000000000e+00	-7.1543986536e-01	2.2732769659e-01	-2.1743179406e-01
156	-5.9006816293e-01	-2.0407988032e-01	-3.8598828262e-01	1.7930557730e-01	0.0000000000e+00	-7.1567253274e-01	2.2738550288e-01	-2.1747331021e-01
157	-5.9025791212e-01	-2.0415242695e-01	-3.8610548518e-01	1.7933633148e-01	0.0000000000e+00	-7.1590267273e-01	2.2744132279e-01	-2.1751061085e-01
158	-5.9044176992e-01	-2.0422332710e-01	-3.8621844282e-01	1.7936295044e-01	0.0000000000e+00	-7.1612566726e-01	2.2749389464e-01	-2.1754289603e-01
159	-5.9061699443e-01	-2.0429152876e-01	-3.8632546567e-01	1.7938510999e-01	0.0000000000e+00	-7.1633819079e-01	2.2754242114e-01	-2.1756977256e-01
160	-5.9078148420e-01	-2.0435619204e-01	-3.8642529216e-01	1.7940276023e-01	0.0000000000e+00	-7.1653769455e-01	2.2758637514e-01	-2.1759117990e-01
161	-5.9093372073e-01	-2.0441666626e-01	-3.8651705447e-01	1.7941606536e-01	0.0000000000e+00	-7.1672233678e-01	2.2762548526e-01	-2.1760731722e-01
162	-5.9107219179e-01	-2.0447235870e-01	-3.8659983309e-01	1.7942502622e-01	0.0000000000e+00	-7.1689028337e-01	2.2765934298e-01	-2.1761818552e-01
163	-5.9119951221e-01	-2.0452375597e-01	-3.8667575625e-01	1.7943202309e-01	0.0000000000e+00	-7.1704470574e-01	2.2769000035e-01	-2.1762667177e-01
164	-5.9132538477e-01	-2.0457326506e-01	-3.8675211971e-01	1.7944336171e-01	0.0000000000e+00	-7.1719737206e-01	2.2772356830e-01	-2.1764042398e-01
165	-5.9144521994e-01	-2.0461985226e-01	-3.8682536768e-01	1.7945559191e-01	0.0000000000e+00	-7.1734271585e-01	2.2775689427e-01	-2.1765525755e-01
166	-5.9156068741e-01	-2.0466390322e-01	-3.8689678419e-01	1.7946992207e-01	0.0000000000e+00	-7.1748276221e-01	2.2779110122e-01	-2.1767263809e-01
167	-5.9167117870e-01	-2.0470532110e-01	-3.8696585760e-01	1.7948593435e-01	0.0000000000e+00	-7.1761677313e-01	2.2782567062e-01	-2.1769205882e-01
168	-5.9177450087e-01	-2.0474363898e-01	-3.8703086189e-01	1.7950206558e-01	0.0000000000e+00	-7.1774208888e-01	2.2785902863e-01	-2.1771162380e-01
169	-5.9187099036e-01	-2.0477891934e-01	-3.8709207102e-01	1.7951852070e-01	0.0000000000e+00	-7.1785911753e-01	2.2789143959e-01	-2.1773158163e-01
170	-5.9196092227e-01	-2.0481133578e-01	-3.8714958649e-01	1.7953529047e-01	0.0000000000e+00	-7.1796819273e-01	2.2792281338e-01	-2.1775192107e-01
171	-5.9204430496e-01	-2.0484095796e-01	-3.8720334700e-01	1.7955214458e-01	0.0000000000e+00	-7.1806932459e-01	2.2795298630e-01	-2.1777236283e-01
172	-5.9212178930e-01	-2.0486801408e-01	-3.8725377521e-01	1.7956927694e-01	0.0000000000e+00	-7.1816330258e-01	2.2798220141e-01	-2.1779314205e-01
173	-5.9219416056e-01	-2.0489280243e-01	-3.8730135812e-01	1.7958681542e-01	0.0000000000e+00	-7.1825107908e-01	2.2801069461e-01	-2.1781441385e-01
174	-5.9226204178e-01	-2.0491559471e-01	-3.8734644708e-01	1.7960473205e-01	0.0000000000e+00	-7.1833340979e-01	2.2803856546e-01	-2.1783614428e-01
175	-5.9232575972e-01	-2.0493657700e-01	-3.8738918272e-01	1.7962288060e-01	0.0000000000e+00	-7.1841069099e-01	2.2806575715e-01	-2.1785815601e-01
176	-5.9238490047e-01	-2.0495574125e-01	-3.8742915922e-01	1.7964065391e-01	0.0000000000e+00	-7.1848242069e-01	2.2809177246e-01	-2.1787971262e-01
177	-5.9243897605e-01	-2.0497303153e-01	-3.8746594452e-01	1.7965756598e-01	0.0000000000e+00	-7.1854800703e-01	2.2811614124e-01	-2.1790022467e-01
178	-5.9248732299e-01	-2.0498833904e-01	-3.8749898395e-01	1.7967304029e-01	0.0000000000e+00	-7.1860664530e-01	2.2813830615e-01	-2.1791899290e-01
179	-5.9253007133e-01	-2.0500174033e-01	-3.8752833100e-01	1.7968697328e-01	0.0000000000e+00	-7.1865849323e-01	2.2815823834e-01	-2.1793589172e-01
180	-5.9256699894e-01	-2.0501322310e-01	-3.8755377584e-01	1.7969908449e-01	0.0000000000e+00	-7.1870328140e-01	2.2817569093e-01	-2.1795058098e-01
181	-5.9259821822e-01	-2.0502284750e-01	-3.8757537072e-01	1.7970933745e-01	0.0000000000e+00	-7.1874114614e-01	2.2819065402e-01	-2.1796301643e-01
182	-5.9262397726e-01	-2.0503070484e-01	-3.8759327242e-01	1.7971777601e-01	0.0000000000e+00	-7.1877238836e-01	2.2820320947e-01	-2.1797325126e-01
183	-5.9264479860e-01	-2.0503695253e-01	-3.8760784607e-01	1.7972462823e-01	0.0000000000e+00	-7.1879764182e-01	2.2821361692e-01	-2.1798156207e-01
184	-5.9266146933e-01	-2.0504181871e-01	-3.8761965062e-01	1.7973026074e-01	0.0000000000e+00	-7.1881786115e-01	2.2822228989e-01	-2.1798839354e-01
185	-5.9267483809e-01	-2.0504555097e-01	-3.8762928712e-01	1.7973505881e-01	0.0000000000e+00	-7.1883407565e-01	2.2822967019e-01	-2.1799421294e-01
186	-5.9268576473e-01	-2.0504840134e-01	-3.8763736339e-01	1.7973941308e-01	0.0000000000e+00	-7.1884732817e-01	2.2823620257e-01	-2.1799949408e-01
187	-5.9269501485e-01	-2.0505059906e-01	-3.8764441579e-01	1.7974365372e-01	0.0000000000e+00	-7.1885854731e-01	2.2824227090e-01	-2.1800463740e-01
188	-5.9270306412e-01	-2.0505229735e-01	-3.8765076677e-01	1.7974793162e-01	0.0000000000e+00	-7.1886830998e-01	2.2824808677e-01	-2.1800982591e-01
189	-5.9271020244e-01	-2.0505360046e-01	-3.8765660198e-01	1.7975229977e-01	0.0000000000e+00	-7.1887696779e-01	2.2825375191e-01	-2.1801512388e-01
190	-5.9271660031e-01	-2.0505458663e-01	-3.8766201369e-01	1.7975673453e-01	0.0000000000e+00	-7.1888472755e-01	2.2825928383e-01	-2.1802050265e-01
191	-5.9272208628e-01	-2.0505523964e-01	-3.8766684664e-01	1.7976104659e-01	0.0000000000e+00	-7.1889138128e-01	2.2826450875e-01	-2.1802573259e-01
192	-5.9272624540e-01	-2.0505547612e-01	-3.8767076928e-01	1.7976491484e-01	0.0000000000e+00	-7.1889642573e-01	2.2826911644e-01	-2.1803042425e-01
193	-5.9272878807e-01	-2.0505523022e-01	-3.8767355785e-01	1.7976813575e-01	0.0000000000e+00	-7.1889950964e-01	2.2827290954e-01	-2.1803433077e-01
194	-5.9272948990e-01	-2.0505444977e-01	-3.8767504013e-01	1.7977057020e-01	0.0000000000e+00	-7.1890036086e-01	2.2827573795e-01	-2.1803728343e-01
195	-5.9272811990e-01	-2.0505307719e-01	-3.8767504272e-01	1.7977208041e-01	0.0000000000e+00	-7.1889869924e-01	2.2827745691e-01	-2.1803911511e-01
196	-5.9272453196e-01	-2.0505107178e-01	-3.8767346017e-01	1.7977260226e-01	0.0000000000e+00	-7.1889434755e-01	2.2827798549e-01	-2.1803974804e-01
197	-5.9271877599e-01	-2.0504844042e-01	-3.8767033557e-01	1.7977218967e-01	0.0000000000e+00	-7.1888736635e-01	2.2827736895e-01	-2.1803924763e-01
198	-5.9271095422e-01	-2.0504520726e-01	-3.8766574697e-01	1.7977090755e-01	0.0000000000e+00	-7.1887787960e-01	2.2827567464e-01	-2.1803769259e-01
199	-5.9270133190e-01	-2.0504143798e-01	-3.8765989393e-01	1.7976892319e-01	0.0000000000e+00	-7.1886620903e-01	2.2827306994e-01	-2.1803528584e-01
200	-5.9269022077e-01	-2.0503721356e-01	-3.8765300721e-01	1.7976641655e-01	0.0000000000e+00	-7.1885273274e-01	2.2826974207e-01	-2.1803224562e-01
201	-5.9267794744e-01	-2.0503262182e-01	-3.8764532562e-01	1.7976356628e-01	0.0000000000e+00	-7.1883784686e-01	2.2826587974e-01	-2.1802878863e-01
202	-5.9266482110e-01	-2.0502774850e-01	-3.8763707261e-01	1.7976053030e-01	0.0000000000e+00	-7.1882192640e-01	2.2826165514e-01	-2.1802510640e-01
203	-5.9265111513e-01	-2.0502267365e-01	-3.8762844148e-01	1.7975743313e-01	0.0000000000e+00	-7.1880530291e-01	2.2825720978e-01	-2.1802134995e-01
204	-5.9263703513e-01	-2.0501746148e-01	-3.8761957365e-01	1.7975435381e-01	0.0000000000e+00	-7.1878822578e-01	2.2825264021e-01	-2.1801761516e-01
205	-5.9262267994e-01	-2.0501214751e-01	-3.8761053243e-01	1.7975131167e-01	0.0000000000e+00	-7.1877081488e-01	2.2824798115e-01	-2.1801392545e-01
206	-5.9260808138e-01	-2.0500675214e-01	-3.8760132924e-01	1.7974827939e-01	0.0000000000e+00	-7.1875310882e-01	2.2824322138e-01	-2.1801024771e-01
207	-5.9259322224e-01	-2.0500128228e-01	-3.8759193997e-01	1.7974520553e-01	0.0000000000e+00	-7.1873508671e-01	2.2823832211e-01	-2.1800651953e-01
208	-5.9257801434e-01	-2.0499572164e-01	-3.8758229270e-01	1.7974201774e-01	0.0000000000e+00	-7.1871664159e-01	2.2823321383e-01	-2.1800265318e-01
209	-5.9256242490e-01	-2.0499006961e-01	-3.8757235528e-01	1.7973866501e-01	0.0000000000e+00	-7.1869773371e-01	2.2822785709e-01	-2.1799858677e-01
210	-5.9254644087e-01	-2.0498432781e-01	-3.8756211306e-01	1.7973512328e-01	0.0000000000e+00	-7.1867834726e-01	2.2822223156e-01	-2.1799429113e-01
211	-5.9253007502e-01	-2.0497850378e-01	-3.8755157123e-01	1.7973138524e-01	0.0000000000e+00	-7.1865849769e-01	2.2821633431e-01	-2.1798975740e-01
212	-5.9251341286e-01	-2.0497262414e-01	-3.8754078872e-01	1.7972748106e-01	0.0000000000e+00	-7.1863828876e-01	2.2821020572e-01	-2.1798502217e-01
213	-5.9249659766e-01	-2.0496673075e-01	-3.8752986691e-01	1.7972347572e-01	0.0000000000e+00	-7.1861789422e-01	2.2820392019e-01	-2.1798016423e-01
214	-5.9247980486e-01	-2.0496087557e-01	-3.8751892929e-01	1.7971944261e-01	0.0000000000e+00	-7.1859752682e-01	2.2819756715e-01	-2.1797527261e-01
215	-5.9246322889e-01	-2.0495511619e-01	-3.8750811270e-01	1.7971546404e-01	0.0000000000e+00	-7.1857742242e-01	2.2819124563e-01	-2.1797044715e-01
216	-5.9244707130e-01	-2.0494951301e-01	-3.8749755829e-01	1.7971162114e-01	0.0000000000e+00	-7.1855782546e-01	2.2818505661e-01	-2.1796578623e-01
217	-5.9243151375e-01	-2.0494412246e-01	-3.8748739129e-01	1.7970797960e-01	0.0000000000e+00	-7.1853895627e-01	2.2817908604e-01	-2.1796136953e-01
218	-5.9241676595e-01	-2.0493900940e-01	-3.8747775656e-01	1.7970461234e-01	0.0000000000e+00	-7.1852106919e-01	2.2817343395e-01	-2.1795728551e-01
219	-5.9240293743e-01	-2.0493421246e-01	-3.8746872497e-01	1.7970154169e-01	0.0000000000e+00	-7.1850429707e-01	2.2816814064e-01	-2.1795356123e-01
220	-5.9239013244e-01	-2.0492976851e-01	-3.8746036393e-01	1.7969878435e-01	0.0000000000e+00	-7.1848876636e-01	2.2816324428e-01	-2.1795021695e-01
221	-5.9237841216e-01	-2.0492570252e-01	-3.8745270964e-01	1.7969633547e-01	0.0000000000e+00	-7.1847455125e-01	2.2815875889e-01	-2.1794724679e-01
222	-5.9236780484e-01	-2.0492202944e-01	-3.8744577541e-01	1.7969417714e-01	0.0000000000e+00	-7.1846168602e-01	2.2815468246e-01	-2.1794462903e-01
223	-5.9235832002e-01	-2.0491875788e-01	-3.8743956214e-01	1.7969228548e-01	0.0000000000e+00	-7.1845018221e-01	2.2815100532e-01	-2.1794233471e-01
224	-5.9234997274e-01	-2.0491589624e-01	-3.8743407650e-01	1.7969064681e-01	0.0000000000e+00	-7.1844005810e-01	2.2814772532e-01	-2.1794034722e-01
225	-5.9234273862e-01	-2.0491344103e-01	-3.8742929759e-01	1.7968922975e-01	0.0000000000e+00	-7.1843128409e-01	2.2814482070e-01	-2.1793862851e-01
226	-5.9233659431e-01	-2.0491138693e-01	-3.8742520738e-01	1.7968801111e-01	0.0000000000e+00	-7.1842383189e-01	2.2814227556e-01	-2.1793715047e-01
227	-5.9233152606e-01	-2.0490972949e-01	-3.8742179657e-01	1.7968697984e-01	0.0000000000e+00	-7.1841768478e-01	2.2814008386e-01	-2.1793589968e-01
228	-5.9232752991e-01	-2.0490846533e-01	-3.8741906458e-01	1.7968613630e-01	0.0000000000e+00	-7.1841283800e-01	2.2813824906e-01	-2.1793487658e-01
229	-5.9232459891e-01	-2.0490758925e-01	-3.8741700966e-01	1.7968548311e-01	0.0000000000e+00	-7.1840928309e-01	2.2813677552e-01	-2.1793408435e-01
230	-5.9232272637e-01	-2.0490709506e-01	-3.8741563130e-01	1.7968502705e-01	0.0000000000e+00	-7.1840701195e-01	2.2813567030e-01	-2.1793353121e-01
231	-5.9232189822e-01	-2.0490697394e-01	-3.8741492428e-01	1.7968477386e-01	0.0000000000e+00	-7.1840600752e-01	2.2813493792e-01	-2.1793322413e-01
232	-5.9232209070e-01	-2.0490721384e-01	-3.8741487686e-01	1.7968472635e-01	0.0000000000e+00	-7.1840624097e-01	2.2813457878e-01	-2.1793316651e-01
233	-5.9232326516e-01	-2.0490779824e-01	-3.8741546692e-01	1.7968488176e-01	0.0000000000e+00	-7.1840766543e-01	2.2813458585e-01	-2.1793335500e-01
234	-5.9232536516e-01	-2.0490870527e-01	-3.8741665990e-01	1.7968523041e-01	0.0000000000e+00	-7.1841021245e-01	2.2813494328e-01	-2.1793377786e-01
235	-5.9232831846e-01	-2.0490990834e-01	-3.8741841012e-01	1.7968575636e-01	0.0000000000e+00	-7.1841379440e-01	2.2813562723e-01	-2.1793441576e-01
236	-5.9233203584e-01	-2.0491137580e-01	-3.8742066004e-01	1.7968643715e-01	0.0000000000e+00	-7.1841830308e-01	2.2813660531e-01	-2.1793524148e-01
237	-5.9233641591e-01	-2.0491307228e-01	-3.8742334363e-01	1.7968724607e-01	0.0000000000e+00	-7.1842361551e-01	2.2813783919e-01	-2.1793622258e-01
238	-5.9234135035e-01	-2.0491496010e-01	-3.8742639025e-01	1.7968815496e-01	0.0000000000e+00	-7.1842960031e-01	2.2813928768e-01	-2.1793732494e-01
239	-5.9234672557e-01	-2.0491699991e-01	-3.8742972566e-01	1.7968913462e-01	0.0000000000e+00	-7.1843611972e-01	2.2814090718e-01	-2.1793851314e-01
240	-5.9235242868e-01	-2.0491915213e-01	-3.8743327655e-01	1.7969015810e-01	0.0000000000e+00	-7.1844303682e-01	2.2814265552e-01	-2.1793975448e-01
241	-5.9235834046e-01	-2.0492137391e-01	-3.8743696655e-01	1.7969119967e-01	0.0000000000e+00	-7.1845020701e-01	2.2814449080e-01	-2.1794101776e-01
242	-5.9236433584e-01	-2.0492361919e-01	-3.8744071665e-01	1.7969223476e-01	0.0000000000e+00	-7.1845747859e-01	2.2814637183e-01	-2.1794227319e-01
243	-5.9237038909e-01	-2.0492587668e-01	-3.8744451240e-01	1.7969327481e-01	0.0000000000e+00	-7.1846482036e-01	2.2814829465e-01	-2.1794353463e-01
244	-5.9237640697e-01	-2.0492811492e-01	-3.8744829205e-01	1.7969429607e-01	0.0000000000e+00	-7.1847211922e-01	2.2815022142e-01	-2.1794477327e-01
245	-5.9238230653e-01	-2.0493030470e-01	-3.8745200183e-01	1.7969528136e-01	0.0000000000e+00	-7.1847927459e-01	2.2815212141e-01	-2.1794596830e-01
246	-5.9238802008e-01	-2.0493242128e-01	-3.8745559880e-01	1.7969622045e-01	0.0000000000e+00	-7.1848620435e-01	2.2815397189e-01	-2.1794710728e-01
247	-5.9239349408e-01	-2.0493444443e-01	-3.8745904965e-01	1.7969710891e-01	0.0000000000e+00	-7.1849284357e-01	2.2815575653e-01	-2.1794818487e-01
248	-5.9239868509e-01	-2.0493635751e-01	-3.8746232758e-01	1.7969794442e-01	0.0000000000e+00	-7.1849913956e-01	2.2815746258e-01	-2.1794919822e-01
249	-5.9240355606e-01	-2.0493814671e-01	-3.8746540935e-01	1.7969872425e-01	0.0000000000e+00	-7.1850504739e-01	2.2815907829e-01	-2.1795014406e-01
250	-5.9240808370e-01	-2.0493980283e-01	-3.8746828087e-01	1.7969944992e-01	0.0000000000e+00	-7.1851053880e-01	2.2816059754e-01	-2.1795102420e-01
251	-5.9241225119e-01	-2.0494131945e-01	-3.8747093174e-01	1.7970012265e-01	0.0000000000e+00	-7.1851559339e-01	2.2816201535e-01	-2.1795184013e-01
252	-5.9241604536e-01	-2.0494269198e-01	-3.8747335338e-01	1.7970074228e-01	0.0000000000e+00	-7.1852019522e-01	2.2816332676e-01	-2.1795259166e-01
253	-5.9241945662e-01	-2.0494391758e-01	-3.8747553904e-01	1.7970130752e-01	0.0000000000e+00	-7.1852433261e-01	2.2816452683e-01	-2.1795327721e-01
254	-5.9242247990e-01	-2.0494499519e-01	-3.8747748471e-01	1.7970181723e-01	0.0000000000e+00	-7.1852799943e-01	2.2816561189e-01	-2.1795389542e-01
255	-5.9242511580e-01	-2.0494592588e-01	-3.8747918992e-01	1.7970227104e-01	0.0000000000e+00	-7.1853119642e-01	2.2816658005e-01	-2.1795444583e-01
256	-5.9242736828e-01	-2.0494671196e-01	-3.8748065632e-01	1.7970266873e-01	0.0000000000e+00	-7.1853392838e-01	2.2816743046e-01	-2.1795492818e-01
257	-5.9242924139e-01	-2.0494735558e-01	-3.8748188581e-01	1.7970300987e-01	0.0000000000e+00	-7.1853620020e-01	2.2816816279e-01	-2.1795534193e-01
258	-5.9243074245e-01	-2.0494785975e-01	-3.8748288270e-01	1.7970329540e-01	0.0000000000e+00	-7.1853802079e-01	2.2816877869e-01	-2.1795568824e-01
259	-5.9243190179e-01	-2.0494823564e-01	-3.8748366615e-01	1.7970353364e-01	0.0000000000e+00	-7.1853942691e-01	2.2816928813e-01	-2.1795597719e-01
260	-5.9243273855e-01	-2.0494849133e-01	-3.8748424721e-01	1.7970372591e-01	0.0000000000e+00	-7.1854044178e-01	2.2816969485e-01	-2.1795621038e-01
261	-5.9243327370e-01	-2.0494863554e-01	-3.8748463816e-01	1.7970387367e-01	0.0000000000e+00	-7.1854109084e-01	2.2817000327e-01	-2.1795638961e-01
262	-5.9243353059e-01	-2.0494867766e-01	-3.8748485293e-01	1.7970397929e-01	0.0000000000e+00	-7.1854140242e-01	2.2817021909e-01	-2.1795651771e-01
263	-5.9243353418e-01	-2.0494862760e-01	-3.8748490658e-01	1.7970404538e-01	0.0000000000e+00	-7.1854140677e-01	2.2817034872e-01	-2.1795659787e-01
264	-5.9243331142e-01	-2.0494849576e-01	-3.8748481565e-01	1.7970407564e-01	0.0000000000e+00	-7.1854113659e-01	2.2817039986e-01	-2.1795663456e-01
265	-5.9243289020e-01	-2.0494829280e-01	-3.8748459741e-01	1.7970407402e-01	0.0000000000e+00	-7.1854062572e-01	2.2817038076e-01	-2.1795663260e-01
266	-5.9243229955e-01	-2.0494802952e-01	-3.8748427003e-01	1.7970404532e-01	0.0000000000e+00	-7.1853990933e-01	2.2817030064e-01	-2.1795659779e-01
267	-5.9243156825e-01	-2.0494771665e-01	-3.8748385160e-01	1.7970399422e-01	0.0000000000e+00	-7.1853902237e-01	2.2817016870e-01	-2.1795653582e-01
268	-5.9243072526e-01	-2.0494736475e-01	-3.8748336051e-01	1.7970392596e-01	0.0000000000e+00	-7.1853799994e-01	2.2816999470e-01	-2.1795645303e-01
269	-5.9242979801e-01	-2.0494698390e-01	-3.8748281410e-01	1.7970384518e-01	0.0000000000e+00	-7.1853687530e-01	2.2816978775e-01	-2.1795635504e-01
270	-5.9242881247e-01	-2.0494658357e-01	-3.8748222890e-01	1.7970375638e-01	0.0000000000e+00	-7.1853567998e-01	2.2816955666e-01	-2.1795624735e-01
271	-5.9242779210e-01	-2.0494617239e-01	-3.8748161971e-01	1.7970366315e-01	0.0000000000e+00	-7.1853444242e-01	2.2816930915e-01	-2.1795613427e-01
272	-5.9242675817e-01	-2.0494575817e-01	-3.8748100000e-01	1.7970356872e-01	0.0000000000e+00	-7.1853318839e-01	2.2816905229e-01	-2.1795601974e-01
273	-5.9242572855e-01	-2.0494534762e-01	-3.8748038093e-01	1.7970347509e-01	0.0000000000e+00	-7.1853193960e-01	2.2816879164e-01	-2.1795590618e-01
274	-5.9242471866e-01	-2.0494494651e-01	-3.8747977215e-01	1.7970338397e-01	0.0000000000e+00	-7.1853071474e-01	2.2816853205e-01	-2.1795579566e-01
275	-5.9242374032e-01	-2.0494455945e-01	-3.8747918087e-01	1.7970329581e-01	0.0000000000e+00	-7.1852952816e-01	2.2816827678e-01	-2.1795568874e-01
276	-5.9242280328e-01	-2.0494419018e-01	-3.8747861310e-01	1.7970321107e-01	0.0000000000e+00	-7.1852839165e-01	2.2816802865e-01	-2.1795558596e-01
277	-5.9242191397e-01	-2.0494384135e-01	-3.8747807262e-01	1.7970312917e-01	0.0000000000e+00	-7.1852731304e-01	2.2816778908e-01	-2.1795548663e-01
278	-5.9242107723e-01	-2.0494351491e-01	-3.8747756233e-01	1.7970304976e-01	0.0000000000e+00	-7.1852629819e-01	2.2816755928e-01	-2.1795539032e-01
279	-5.9242029593e-01	-2.0494321205e-01	-3.8747708388e-01	1.7970297213e-01	0.0000000000e+00	-7.1852535057e-01	2.2816733978e-01	-2.1795529616e-01
280	-5.9241957152e-01	-2.0494293337e-01	-3.8747663815e-01	1.7970289580e-01	0.0000000000e+00	-7.1852447196e-01	2.2816713097e-01	-2.1795520357e-01
281	-5.9241890413e-01	-2.0494267894e-01	-3.8747622518e-01	1.7970282010e-01	0.0000000000e+00	-7.1852366251e-01	2.2816693280e-01	-2.1795511177e-01
282	-5.9241829362e-01	-2.0494244856e-01	-3.8747584506e-01	1.7970274510e-01	0.0000000000e+00	-7.1852292204e-01	2.2816674562e-01	-2.1795502080e-01
283	-5.9241773886e-01	-2.0494224166e-01	-3.8747549721e-01	1.7970267067e-01	0.0000000000e+00	-7.1852224920e-01	2.2816656944e-01	-2.1795493053e-01
284	-5.9241723880e-01	-2.0494205753e-01	-3.8747518127e-01	1.7970259734e-01	0.0000000000e+00	-7.1852164269e-01	2.2816640468e-01	-2.1795484159e-01
285	-5.9241679161e-01	-2.0494189523e-01	-3.8747489639e-01	1.7970252546e-01	0.0000000000e+00	-7.1852110032e-01	2.2816625145e-01	-2.1795475441e-01
286	-5.9241639548e-01	-2.0494175369e-01	-3.8747464178e-01	1.7970245577e-01	0.0000000000e+00	-7.1852061986e-01	2.2816611011e-01	-2.1795466988e-01
287	-5.9241604785e-01	-2.0494163170e-01	-3.8747441615e-01	1.7970238863e-01	0.0000000000e+00	-7.1852019823e-01	2.2816598056e-01	-2.1795458845e-01
288	-5.9241574613e-01	-2.0494152792e-01	-3.8747421821e-01	1.7970232466e-01	0.0000000000e+00	-7.1851983228e-01	2.2816586286e-01	-2.1795451087e-01
289	-5.9241548688e-01	-2.0494144086e-01	-3.8747404602e-01	1.7970226394e-01	0.0000000000e+00	-7.1851951785e-01	2.2816575646e-01	-2.1795443722e-01
290	-5.9241526669e-01	-2.0494136897e-01	-3.8747389772e-01	1.7970220672e-01	0.0000000000e+00	-7.1851925079e-01	2.2816566093e-01	-2.1795436782e-01
291	-5.9241508138e-01	-2.0494131060e-01	-3.8747377078e-01	1.7970215267e-01	0.0000000000e+00	-7.1851902604e-01	2.2816557523e-01	-2.1795430226e-01
292	-5.9241492700e-01	-2.0494126408e-01	-3.8747366292e-01	1.7970210170e-01	0.0000000000e+00	-7.1851883880e-01	2.2816549856e-01	-2.1795424045e-01
293	-5.9241479910e-01	-2.0494122772e-01	-3.8747357139e-01	1.7970205323e-01	0.0000000000e+00	-7.1851868367e-01	2.2816542959e-01	-2.1795418166e-01
294	-5.9241469371e-01	-2.0494119991e-01	-3.8747349379e-01	1.7970200702e-01	0.0000000000e+00	-7.1851855584e-01	2.2816536735e-01	-2.1795412561e-01
295	-5.9241460669e-01	-2.0494117912e-01	-3.8747342758e-01	1.7970196248e-01	0.0000000000e+00	-7.1851845031e-01	2.2816531057e-01	-2.1795407158e-01
296	-5.9241453461e-01	-2.0494116395e-01	-3.8747337066e-01	1.7970191942e-01	0.0000000000e+00	-7.1851836288e-01	2.2816525839e-01	-2.1795401936e-01
297	-5.9241447421e-01	-2.0494115317e-01	-3.8747332104e-01	1.7970187748e-01	0.0000000000e+00	-7.1851828962e-01	2.2816520984e-01	-2.1795396849e-01
298	-5.9241442313e-01	-2.0494114576e-01	-3.8747327737e-01	1.7970183679e-01	0.0000000000e+00	-7.1851822767e-01	2.2816516451e-01	-2.1795391915e-01
299	-5.9241437922e-01	-2.0494114087e-01	-3.8747323835e-01	1.7970179728e-01	0.0000000000e+00	-7.1851817441e-01	2.2816512185e-01	-2.1795387122e-01
300	-5.9241434124e-01	-2.0494113789e-01	-3.8747320335e-01	1.7970175934e-01	0.0000000000e+00	-7.1851812834e-01	2.2816508184e-01	-2.1795382521e-01
301	-5.9241430806e-01	-2.0494113632e-01	-3.8747317174e-01	1.7970172310e-01	0.0000000000e+00	-7.1851808810e-01	2.2816504429e-01	-2.1795378126e-01
302	-5.9241427938e-01	-2.0494113589e-01	-3.8747314349e-01	1.7970168913e-01	0.0000000000e+00	-7.1851805331e-01	2.2816500950e-01	-2.1795374005e-01
303	-5.9241425476e-01	-2.0494113640e-01	-3.8747311836e-01	1.7970165758e-01	0.0000000000e+00	-7.1851802346e-01	2.2816497745e-01	-2.1795370179e-01
304	-5.9241423447e-01	-2.0494113781e-01	-3.8747309666e-01	1.7970162899e-01	0.0000000000e+00	-7.1851799885e-01	2.2816494855e-01	-2.1795366711e-01
305	-5.9241421846e-01	-2.0494114010e-01	-3.8747307835e-01	1.7970160343e-01	0.0000000000e+00	-7.1851797943e-01	2.2816492281e-01	-2.1795363611e-01
306	-5.9241420714e-01	-2.0494114334e-01	-3.8747306380e-01	1.7970158127e-01	0.0000000000e+00	-7.1851796570e-01	2.2816490057e-01	-2.1795360923e-01
307	-5.9241420058e-01	-2.0494114759e-01	-3.8747305299e-01	1.7970156242e-01	0.0000000000e+00	-7.1851795774e-01	2.2816488175e-01	-2.1795358637e-01
308	-5.9241419922e-01	-2.0494115297e-01	-3.8747304625e-01	1.7970154708e-01	0.0000000000e+00	-7.1851795609e-01	2.2816486660e-01	-2.1795356777e-01
309	-5.9241420308e-01	-2.0494115956e-01	-3.8747304352e-01	1.7970153503e-01	0.0000000000e+00	-7.1851796078e-01	2.2816485494e-01	-2.1795355315e-01
310	-5.9241421255e-01	-2.0494116750e-01	-3.8747304504e-01	1.7970152633e-01	0.0000000000e+00	-7.1851797226e-01	2.2816484693e-01	-2.1795354260e-01
311	-5.9241422756e-01	-2.0494117686e-01	-3.8747305071e-01	1.7970152067e-01	0.0000000000e+00	-7.1851799047e-01	2.2816484231e-01	-2.1795353573e-01
312	-5.9241424848e-01	-2.0494118775e-01	-3.8747306073e-01	1.7970151807e-01	0.0000000000e+00	-7.1851801583e-01	2.2816484122e-01	-2.1795353258e-01
313	-5.9241427518e-01	-2.0494120024e-01	-3.8747307495e-01	1.7970151819e-01	0.0000000000e+00	-7.1851804823e-01	2.2816484339e-01	-2.1795353273e-01
314	-5.9241430798e-01	-2.0494121442e-01	-3.8747309356e-01	1.7970152108e-01	0.0000000000e+00	-7.1851808800e-01	2.2816484893e-01	-2.1795353623e-01
315	-5.9241434675e-01	-2.0494123033e-01	-3.8747311642e-01	1.7970152640e-01	0.0000000000e+00	-7.1851813503e-01	2.2816485760e-01	-2.1795354268e-01
316	-5.9241439168e-01	-2.0494124804e-01	-3.8747314364e-01	1.7970153420e-01	0.0000000000e+00	-7.1851818952e-01	2.2816486950e-01	-2.1795355214e-01
317	-5.9241444246e-01	-2.0494126750e-01	-3.8747317496e-01	1.7970154412e-01	0.0000000000e+00	-7.1851825112e-01	2.2816488432e-01	-2.1795356417e-01
318	-5.9241449927e-01	-2.0494128876e-01	-3.8747321051e-01	1.7970155623e-01	0.0000000000e+00	-7.1851832002e-01	2.2816490218e-01	-2.1795357887e-01
319	-5.9241456152e-01	-2.0494131170e-01	-3.8747324983e-01	1.7970157012e-01	0.0000000000e+00	-7.1851839552e-01	2.2816492266e-01	-2.1795359571e-01
320	-5.9241462910e-01	-2.0494133623e-01	-3.8747329286e-01	1.7970158579e-01	0.0000000000e+00	-7.1851847747e-01	2.2816494578e-01	-2.1795361472e-01
321	-5.9241470131e-01	-2.0494136221e-01	-3.8747333910e-01	1.7970160283e-01	0.0000000000e+00	-7.1851856506e-01	2.2816497110e-01	-2.1795363538e-01
322	-5.9241477777e-01	-2.0494138948e-01	-3.8747338830e-01	1.7970162117e-01	0.0000000000e+00	-7.1851865780e-01	2.2816499852e-01	-2.1795365763e-01
323	-5.9241485758e-01	-2.0494141778e-01	-3.8747343980e-01	1.7970164036e-01	0.0000000000e+00	-7.1851875460e-01	2.2816502753e-01	-2.1795368090e-01
324	-5.9241494017e-01	-2.0494144690e-01	-3.8747349327e-01	1.7970166031e-01	0.0000000000e+00	-7.1851885476e-01	2.2816505796e-01	-2.1795370509e-01
325	-5.9241502446e-01	-2.0494147654e-01	-3.8747354793e-01	1.7970168053e-01	0.0000000000e+00	-7.1851895700e-01	2.2816508923e-01	-2.1795372962e-01
326	-5.9241510980e-01	-2.0494150643e-01	-3.8747360337e-01	1.7970170095e-01	0.0000000000e+00	-7.1851906050e-01	2.2816512117e-01	-2.1795375438e-01
327	-5.9241519506e-01	-2.0494153625e-01	-3.8747365881e-01	1.7970172110e-01	0.0000000000e+00	-7.1851916392e-01	2.2816515321e-01	-2.1795377883e-01
328	-5.9241527957e-01	-2.0494156573e-01	-3.8747371385e-01	1.7970174093e-01	0.0000000000e+00	-7.1851926642e-01	2.2816518515e-01	-2.1795380288e-01
329	-5.9241536226e-01	-2.0494159454e-01	-3.8747376772e-01	1.7970176004e-01	0.0000000000e+00	-7.1851936671e-01	2.2816521648e-01	-2.1795382606e-01
330	-5.9241544252e-01	-2.0494162244e-01	-3.8747382008e-01	1.7970177843e-01	0.0000000000e+00	-7.1851946405e-01	2.2816524705e-01	-2.1795384836e-01
331	-5.9241551937e-01	-2.0494164913e-01	-3.8747387024e-01	1.7970179574e-01	0.0000000000e+00	-7.1851955726e-01	2.2816527639e-01	-2.1795386936e-01
332	-5.9241559237e-01	-2.0494167440e-01	-3.8747391797e-01	1.7970181206e-01	0.0000000000e+00	-7.1851964580e-01	2.2816530445e-01	-2.1795388915e-01
333	-5.9241566068e-01	-2.0494169802e-01	-3.8747396266e-01	1.7970182706e-01	0.0000000000e+00	-7.1851972865e-01	2.2816533080e-01	-2.1795390734e-01
334	-5.9241572397e-01	-2.0494171981e-01	-3.8747400416e-01	1.7970184086e-01	0.0000000000e+00	-7.1851980541e-01	2.2816535544e-01	-2.1795392409e-01
335	-5.9241578158e-01	-2.0494173958e-01	-3.8747404199e-01	1.7970185322e-01	0.0000000000e+00	-7.1851987528e-01	2.2816537801e-01	-2.1795393907e-01
336	-5.9241583334e-01	-2.0494175724e-01	-3.8747407610e-01	1.7970186429e-01	0.0000000000e+00	-7.1851993806e-01	2.2816539857e-01	-2.1795395249e-01
337	-5.9241587882e-01	-2.0494177267e-01	-3.8747410616e-01	1.7970187386e-01	0.0000000000e+00	-7.1851999322e-01	2.2816541686e-01	-2.1795396411e-01
338	-5.9241591788e-01	-2.0494178578e-01	-3.8747413210e-01	1.7970188207e-01	0.0000000000e+00	-7.1852004059e-01	2.2816543291e-01	-2.1795397406e-01
339	-5.9241595030e-01	-2.0494179654e-01	-3.8747415376e-01	1.7970188877e-01	0.0000000000e+00	-7.1852007991e-01	2.2816544653e-01	-2.1795398219e-01
340	-5.9241597622e-01	-2.0494180495e-01	-3.8747417127e-01	1.7970189417e-01	0.0000000000e+00	-7.1852011136e-01	2.2816545791e-01	-2.1795398874e-01
341	-5.9241599550e-01	-2.0494181101e-01	-3.8747418448e-01	1.7970189812e-01	0.0000000000e+00	-7.1852013474e-01	2.2816546684e-01	-2.1795399353e-01
342	-5.9241600845e-01	-2.0494181480e-01	-3.8747419365e-01	1.7970190085e-01	0.0000000000e+00	-7.1852015045e-01	2.2816547356e-01	-2.1795399684e-01
343	-5.9241601509e-01	-2.0494181637e-01	-3.8747419872e-01	1.7970190225e-01	0.0000000000e+00	-7.1852015850e-01	2.2816547794e-01	-2.1795399853e-01
344	-5.9241601590e-01	-2.0494181583e-01	-3.8747420006e-01	1.7970190257e-01	0.0000000000e+00	-7.1852015947e-01	2.2816548028e-01	-2.1795399893e-01
345	-5.9241601101e-01	-2.0494181331e-01	-3.8747419770e-01	1.7970190171e-01	0.0000000000e+00	-7.1852015355e-01	2.2816548049e-01	-2.1795399789e-01
346	-5.9241600108e-01	-2.0494180897e-01	-3.8747419211e-01	1.7970190000e-01	0.0000000000e+00	-7.1852014150e-01	2.2816547892e-01	-2.1795399581e-01
347	-5.9241598634e-01	-2.0494180295e-01	-3.8747418339e-01	1.7970189734e-01	0.0000000000e+00	-7.1852012363e-01	2.2816547554e-01	-2.1795399258e-01
348	-5.9241596752e-01	-2.0494179547e-01	-3.8747417204e-01	1.7970189403e-01	0.0000000000e+00	-7.1852010080e-01	2.2816547072e-01	-2.1795398856e-01
349	-5.9241594492e-01	-2.0494178669e-01	-3.8747415823e-01	1.7970188999e-01	0.0000000000e+00	-7.1852007339e-01	2.2816546443e-01	-2.1795398367e-01
350	-5.9241591932e-01	-2.0494177683e-01	-3.8747414249e-01	1.7970188554e-01	0.0000000000e+00	-7.1852004234e-01	2.2816545707e-01	-2.1795397827e-01
351	-5.9241589107e-01	-2.0494176608e-01	-3.8747412500e-01	1.7970188061e-01	0.0000000000e+00	-7.1852000808e-01	2.2816544865e-01	-2.1795397229e-01
352	-5.9241586094e-01	-2.0494175465e-01	-3.8747410629e-01	1.7970187548e-01	0.0000000000e+00	-7.1851997154e-01	2.2816543955e-01	-2.1795396607e-01
353	-5.9241582928e-01	-2.0494174274e-01	-3.8747408654e-01	1.7970187007e-01	0.0000000000e+00	-7.1851993313e-01	2.2816542975e-01	-2.1795395951e-01
354	-5.9241579680e-01	-2.0494173054e-01	-3.8747406626e-01	1.7970186467e-01	0.0000000000e+00	-7.1851989374e-01	2.2816541964e-01	-2.1795395296e-01
355	-5.9241576382e-01	-2.0494171823e-01	-3.8747404559e-01	1.7970185917e-01	0.0000000000e+00	-7.1851985374e-01	2.2816540919e-01	-2.1795394629e-01
356	-5.9241573100e-01	-2.0494170600e-01	-3.8747402501e-01	1.7970185383e-01	0.0000000000e+00	-7.1851981394e-01	2.2816539876e-01	-2.1795393981e-01
357	-5.9241569859e-01	-2.0494169398e-01	-3.8747400461e-01	1.7970184854e-01	0.0000000000e+00	-7.1851977463e-01	2.2816538830e-01	-2.1795393340e-01
358	-5.9241566718e-01	-2.0494168234e-01	-3.8747398484e-01	1.7970184354e-01	0.0000000000e+00	-7.1851973653e-01	2.2816537813e-01	-2.1795392733e-01
359	-5.9241563693e-01	-2.0494167118e-01	-3.8747396574e-01	1.7970183870e-01	0.0000000000e+00	-7.1851969984e-01	2.2816536820e-01	-2.1795392146e-01
360	-5.9241560834e-01	-2.0494166066e-01	-3.8747394769e-01	1.7970183424e-01	0.0000000000e+00	-7.1851966517e-01	2.2816535879e-01	-2.1795391605e-01
361	-5.9241558150e-01	-2.0494165082e-01	-3.8747393068e-01	1.7970183002e-01	0.0000000000e+00	-7.1851963261e-01	2.2816534981e-01	-2.1795391094e-01
362	-5.9241555681e-01	-2.0494164179e-01	-3.8747391502e-01	1.7970182625e-01	0.0000000000e+00	-7.1851960266e-01	2.2816534153e-01	-2.1795390636e-01
363	-5.9241553425e-01	-2.0494163359e-01	-3.8747390065e-01	1.7970182276e-01	0.0000000000e+00	-7.1851957530e-01	2.2816533382e-01	-2.1795390213e-01
364	-5.9241551414e-01	-2.0494162630e-01	-3.8747388784e-01	1.7970181976e-01	0.0000000000e+00	-7.1851955092e-01	2.2816532692e-01	-2.1795389848e-01
365	-5.9241549638e-01	-2.0494161992e-01	-3.8747387646e-01	1.7970181705e-01	0.0000000000e+00	-7.1851952937e-01	2.2816532068e-01	-2.1795389520e-01
366	-5.9241548120e-01	-2.0494161448e-01	-3.8747386672e-01	1.7970181483e-01	0.0000000000e+00	-7.1851951096e-01	2.2816531530e-01	-2.1795389251e-01
367	-5.9241546839e-01	-2.0494160996e-01	-3.8747385843e-01	1.7970181290e-01	0.0000000000e+00	-7.1851949543e-01	2.2816531060e-01	-2.1795389017e-01
368	-5.9241545812e-01	-2.0494160636e-01	-3.8747385176e-01	1.7970181144e-01	0.0000000000e+00	-7.1851948297e-01	2.2816530675e-01	-2.1795388839e-01
369	-5.9241545012e-01	-2.0494160363e-01	-3.8747384648e-01	1.7970181023e-01	0.0000000000e+00	-7.1851947326e-01	2.2816530356e-01	-2.1795388693e-01
370	-5.9241544447e-01	-2.0494160176e-01	-3.8747384271e-01	1.7970180944e-01	0.0000000000e+00	-7.1851946641e-01	2.2816530119e-01	-2.1795388598e-01
371	-5.9241544085e-01	-2.0494160066e-01	-3.8747384018e-01	1.7970180887e-01	0.0000000000e+00	-7.1851946202e-01	2.2816529940e-01	-2.1795388528e-01
372	-5.9241543930e-01	-2.0494160032e-01	-3.8747383898e-01	1.7970180866e-01	0.0000000000e+00	-7.1851946014e-01	2.2816529833e-01	-2.1795388502e-01
373	-5.9241543945e-01	-2.0494160062e-01	-3.8747383883e-01	1.7970180860e-01	0.0000000000e+00	-7.1851946033e-01	2.2816529776e-01	-2.1795388495e-01
374	-5.9241544133e-01	-2.0494160154e-01	-3.8747383979e-01	1.7970180884e-01	0.0000000000e+00	-7.1851946260e-01	2.2816529781e-01	-2.1795388525e-01
375	-5.9241544454e-01	-2.0494160297e-01	-3.8747384156e-01	1.7970180918e-01	0.0000000000e+00	-7.1851946649e-01	2.2816529824e-01	-2.1795388565e-01
376	-5.9241544910e-01	-2.0494160487e-01	-3.8747384422e-01	1.7970180977e-01	0.0000000000e+00	-7.1851947203e-01	2.2816529919e-01	-2.1795388637e-01
377	-5.9241545458e-01	-2.0494160714e-01	-3.8747384744e-01	1.7970181037e-01	0.0000000000e+00	-7.1851947867e-01	2.2816530037e-01	-2.1795388710e-01
378	-5.9241546100e-01	-2.0494160972e-01	-3.8747385128e-01	1.7970181117e-01	0.0000000000e+00	-7.1851948646e-01	2.2816530195e-01	-2.1795388807e-01
379	-5.9241546799e-01	-2.0494161253e-01	-3.8747385546e-01	1.7970181194e-01	0.0000000000e+00	-7.1851949494e-01	2.2816530366e-01	-2.1795388900e-01
380	-5.9241547556e-01	-2.0494161552e-01	-3.8747386004e-01	1.7970181285e-01	0.0000000000e+00	-7.1851950412e-01	2.2816530566e-01	-2.1795389011e-01
381	-5.9241548334e-01	-2.0494161860e-01	-3.8747386475e-01	1.7970181369e-01	0.0000000000e+00	-7.1851951356e-01	2.2816530769e-01	-2.1795389113e-01
382	-5.9241549138e-01	-2.0494162173e-01	-3.8747386965e-01	1.7970181464e-01	0.0000000000e+00	-7.1851952331e-01	2.2816530989e-01	-2.1795389228e-01
383	-5.9241549934e-01	-2.0494162485e-01	-3.8747387449e-01	1.7970181548e-01	0.0000000000e+00	-7.1851953296e-01	2.2816531204e-01	-2.1795389330e-01
