# Time           	e423_0           
1	( -5.2951764175e+00 2.8263508001e+00 -3.0634261550e+00 )	
2	( -1.5494179016e+00 6.9740277200e-01 -7.7664030660e-01 )	
3	( -8.6337747316e-01 3.2720075501e-01 -3.6015975623e-01 )	
4	( -7.8269535190e-01 2.7982275390e-01 -3.0185639060e-01 )	
5	( -8.2508164876e-01 2.9013215551e-01 -3.0737045956e-01 )	
6	( -8.7951630741e-01 3.0275208690e-01 -3.1637495062e-01 )	
7	( -9.2911267795e-01 3.1326098010e-01 -3.2300656484e-01 )	
8	( -9.7730686011e-01 3.2484535815e-01 -3.3038974727e-01 )	
9	( -1.0196568139e+00 3.3441742216e-01 -3.3540498800e-01 )	
10	( -1.0539955175e+00 3.4172473316e-01 -3.3800296813e-01 )	
11	( -1.0931689072e+00 3.4954766022e-01 -3.4103541085e-01 )	
12	( -1.1118732285e+00 3.5203215968e-01 -3.3967213425e-01 )	
13	( -1.1369783236e+00 3.5669973115e-01 -3.4032360554e-01 )	
14	( -1.1526140397e+00 3.5830091244e-01 -3.3800542035e-01 )	
15	( -1.1648979390e+00 3.5906273311e-01 -3.3516340223e-01 )	
16	( -1.1732022053e+00 3.5887829189e-01 -3.3148997475e-01 )	
17	( -1.1778415454e+00 3.5776276781e-01 -3.2697275412e-01 )	
18	( -1.1789263677e+00 3.5569952886e-01 -3.2161865131e-01 )	
19	( -1.1752901924e+00 3.5239587156e-01 -3.1518495214e-01 )	
20	( -1.1649285967e+00 3.4737771444e-01 -3.0718957035e-01 )	
21	( -1.1413458933e+00 3.3807500611e-01 -2.9462612183e-01 )	
22	( -1.1370003215e+00 3.4104527687e-01 -2.9662524072e-01 )	
23	( -1.1323609522e+00 3.4410586281e-01 -2.9935955964e-01 )	
24	( -1.1255430031e+00 3.4648485550e-01 -3.0195464483e-01 )	
25	( -1.1179419487e+00 3.4887106756e-01 -3.0513701506e-01 )	
26	( -1.1067597185e+00 3.4969375103e-01 -3.0694809400e-01 )	
27	( -1.0939855721e+00 3.4957162288e-01 -3.0804165876e-01 )	
28	( -1.0812617762e+00 3.4915046324e-01 -3.0909855966e-01 )	
29	( -1.0649305043e+00 3.4708061143e-01 -3.0862031314e-01 )	
30	( -1.0466680855e+00 3.4407068849e-01 -3.0749108970e-01 )	
31	( -1.0272579601e+00 3.4015881668e-01 -3.0566611753e-01 )	
32	( -1.0038791228e+00 3.3364478075e-01 -3.0118077578e-01 )	
33	( -9.7654410107e-01 3.2523818719e-01 -2.9482760778e-01 )	
34	( -9.4967516471e-01 3.1694806279e-01 -2.8874029334e-01 )	
35	( -9.1961670644e-01 3.0650848681e-01 -2.8041939012e-01 )	
36	( -8.9187040959e-01 2.9798517188e-01 -2.7420030704e-01 )	
37	( -8.6512357805e-01 2.8993103837e-01 -2.6855283642e-01 )	
38	( -8.4025030542e-01 2.8247259321e-01 -2.6330691090e-01 )	
39	( -8.1132726279e-01 2.7240254307e-01 -2.5502240839e-01 )	
40	( -7.8502644570e-01 2.6357370225e-01 -2.4800995990e-01 )	
41	( -7.6204193458e-01 2.5611500556e-01 -2.4253520414e-01 )	
42	( -7.3618712117e-01 2.4617243204e-01 -2.3408008806e-01 )	
43	( -7.1718718027e-01 2.3970308862e-01 -2.2921853547e-01 )	
44	( -7.0049916198e-01 2.3369642395e-01 -2.2470709905e-01 )	
45	( -6.8496684618e-01 2.2814333260e-01 -2.2051428124e-01 )	
46	( -6.7294445601e-01 2.2386077922e-01 -2.1746639664e-01 )	
47	( -6.6258829970e-01 2.1991723093e-01 -2.1445880132e-01 )	
48	( -6.5467859936e-01 2.1681344135e-01 -2.1209657173e-01 )	
49	( -6.4880685988e-01 2.1449912592e-01 -2.1036450666e-01 )	
50	( -6.4350714281e-01 2.1198866742e-01 -2.0807879704e-01 )	
51	( -6.4304803351e-01 2.1193130872e-01 -2.0851591256e-01 )	
52	( -6.4432920356e-01 2.1245339980e-01 -2.0939914220e-01 )	
53	( -6.4637963276e-01 2.1310827949e-01 -2.1009317055e-01 )	
54	( -6.5014035445e-01 2.1463024140e-01 -2.1168955324e-01 )	
55	( -6.5439324371e-01 2.1632875651e-01 -2.1340789442e-01 )	
56	( -6.5864985656e-01 2.1790880938e-01 -2.1492537736e-01 )	
57	( -6.6293019299e-01 2.1929231853e-01 -2.1610108283e-01 )	
58	( -6.6613919181e-01 2.1997549485e-01 -2.1646629660e-01 )	
59	( -6.6951158314e-01 2.2079921836e-01 -2.1702939992e-01 )	
60	( -6.7187107568e-01 2.2105063732e-01 -2.1696802831e-01 )	
61	( -6.7368593703e-01 2.2091635949e-01 -2.1648390229e-01 )	
62	( -6.7462033044e-01 2.2023931461e-01 -2.1543189546e-01 )	
63	( -6.7559351263e-01 2.1968105416e-01 -2.1457301312e-01 )	
64	( -6.7741510935e-01 2.1958331696e-01 -2.1420420276e-01 )	
65	( -6.8006400116e-01 2.1991451422e-01 -2.1428279526e-01 )	
66	( -6.8364240413e-01 2.2073985061e-01 -2.1492927043e-01 )	
67	( -6.8755606989e-01 2.2176613318e-01 -2.1582253207e-01 )	
68	( -6.9036409732e-01 2.2222705358e-01 -2.1600875338e-01 )	
69	( -6.9236536221e-01 2.2235769628e-01 -2.1580741885e-01 )	
70	( -6.9353901028e-01 2.2214402001e-01 -2.1520489101e-01 )	
71	( -6.9504729789e-01 2.2222849759e-01 -2.1495128685e-01 )	
72	( -6.9665264315e-01 2.2242333356e-01 -2.1483849564e-01 )	
73	( -6.9848459345e-01 2.2278696567e-01 -2.1492947633e-01 )	
74	( -7.0039375207e-01 2.2323408367e-01 -2.1514122562e-01 )	
75	( -7.0273517720e-01 2.2396760996e-01 -2.1573312597e-01 )	
76	( -7.0557392599e-01 2.2501109099e-01 -2.1671763627e-01 )	
77	( -7.0823308410e-01 2.2597050255e-01 -2.1763132249e-01 )	
78	( -7.1034586027e-01 2.2667841645e-01 -2.1827768745e-01 )	
79	( -7.1152352611e-01 2.2693917847e-01 -2.1841540384e-01 )	
80	( -7.1204905972e-01 2.2693390370e-01 -2.1826585103e-01 )	
81	( -7.1199409806e-01 2.2668628850e-01 -2.1787653114e-01 )	
82	( -7.1169927101e-01 2.2636223956e-01 -2.1744146325e-01 )	
83	( -7.1112805851e-01 2.2593173113e-01 -2.1691466445e-01 )	
84	( -7.1038722033e-01 2.2544893059e-01 -2.1635256746e-01 )	
85	( -7.0955796824e-01 2.2495440164e-01 -2.1578280720e-01 )	
86	( -7.0884154467e-01 2.2453179690e-01 -2.1530668865e-01 )	
87	( -7.0837591814e-01 2.2424585199e-01 -2.1499832053e-01 )	
88	( -7.0831717250e-01 2.2416971729e-01 -2.1493635899e-01 )	
89	( -7.0861350904e-01 2.2426706399e-01 -2.1506756631e-01 )	
90	( -7.0923159198e-01 2.2451418871e-01 -2.1535861494e-01 )	
91	( -7.1015466034e-01 2.2489586482e-01 -2.1578647095e-01 )	
92	( -7.1134989425e-01 2.2538918359e-01 -2.1632206471e-01 )	
93	( -7.1275262533e-01 2.2595722793e-01 -2.1692099160e-01 )	
94	( -7.1427503672e-01 2.2655649703e-01 -2.1753311711e-01 )	
95	( -7.1579970925e-01 2.2713141175e-01 -2.1809484320e-01 )	
96	( -7.1724929551e-01 2.2764395853e-01 -2.1856210348e-01 )	
97	( -7.1863990989e-01 2.2811201390e-01 -2.1896356188e-01 )	
98	( -7.1993985573e-01 2.2852529912e-01 -2.1929245689e-01 )	
99	( -7.2113177953e-01 2.2888449164e-01 -2.1955171951e-01 )	
100	( -7.2221562901e-01 2.2919094263e-01 -2.1974409257e-01 )	
101	( -7.2318090186e-01 2.2944188219e-01 -2.1986844231e-01 )	
102	( -7.2406572881e-01 2.2966089003e-01 -2.1995514745e-01 )	
103	( -7.2489183525e-01 2.2986175582e-01 -2.2002230887e-01 )	
104	( -7.2569295034e-01 2.3006296711e-01 -2.2009213052e-01 )	
105	( -7.2649197556e-01 2.3027632818e-01 -2.2017894241e-01 )	
106	( -7.2730118008e-01 2.3050747573e-01 -2.2028930952e-01 )	
107	( -7.2811688626e-01 2.3075492948e-01 -2.2042241950e-01 )	
108	( -7.2892740264e-01 2.3101319529e-01 -2.2057184558e-01 )	
109	( -7.2966701356e-01 2.3124790878e-01 -2.2069668459e-01 )	
110	( -7.3033821436e-01 2.3146273474e-01 -2.2080355527e-01 )	
111	( -7.3093271655e-01 2.3165607004e-01 -2.2089340234e-01 )	
112	( -7.3143616757e-01 2.3182313564e-01 -2.2096232437e-01 )	
113	( -7.3183231583e-01 2.3195822470e-01 -2.2100585490e-01 )	
114	( -7.3211901318e-01 2.3206075875e-01 -2.2102436305e-01 )	
115	( -7.3228809986e-01 2.3212738030e-01 -2.2101541792e-01 )	
116	( -7.3233394124e-01 2.3215574115e-01 -2.2097743312e-01 )	
117	( -7.3225321040e-01 2.3214490372e-01 -2.2091086370e-01 )	
118	( -7.3205266910e-01 2.3209771779e-01 -2.2081953573e-01 )	
119	( -7.3174136205e-01 2.3201823778e-01 -2.2070803332e-01 )	
120	( -7.3132341122e-01 2.3190765319e-01 -2.2057810850e-01 )	
121	( -7.3081332742e-01 2.3177022570e-01 -2.2043415344e-01 )	
122	( -7.3018921689e-01 2.3159278858e-01 -2.2025965246e-01 )	
123	( -7.2947094597e-01 2.3138571164e-01 -2.2006621017e-01 )	
124	( -7.2867772357e-01 2.3115713187e-01 -2.1986221536e-01 )	
125	( -7.2781318998e-01 2.3090586292e-01 -2.1964460232e-01 )	
126	( -7.2689791657e-01 2.3063955963e-01 -2.1942167073e-01 )	
127	( -7.2593459004e-01 2.3035703608e-01 -2.1919074608e-01 )	
128	( -7.2493521279e-01 2.3006187406e-01 -2.1895426231e-01 )	
129	( -7.2391352824e-01 2.2975933128e-01 -2.1871720882e-01 )	
130	( -7.2289526561e-01 2.2945870604e-01 -2.1848804997e-01 )	
131	( -7.2189017666e-01 2.2916329661e-01 -2.1826972109e-01 )	
132	( -7.2091582412e-01 2.2887924563e-01 -2.1806754419e-01 )	
133	( -7.1997725747e-01 2.2860575868e-01 -2.1787777033e-01 )	
134	( -7.1908678688e-01 2.2834718618e-01 -2.1770347204e-01 )	
135	( -7.1824766341e-01 2.2810283180e-01 -2.1754190274e-01 )	
136	( -7.1748222502e-01 2.2788291967e-01 -2.1740365406e-01 )	
137	( -7.1680864965e-01 2.2769538439e-01 -2.1729689420e-01 )	
138	( -7.1621599834e-01 2.2753300279e-01 -2.1721139914e-01 )	
139	( -7.1570483676e-01 2.2739614105e-01 -2.1714742997e-01 )	
140	( -7.1527990095e-01 2.2728581208e-01 -2.1710487136e-01 )	
141	( -7.1492952783e-01 2.2719507567e-01 -2.1707511255e-01 )	
142	( -7.1464647150e-01 2.2712094567e-01 -2.1705493652e-01 )	
143	( -7.1442025791e-01 2.2705941568e-01 -2.1703987064e-01 )	
144	( -7.1425235426e-01 2.2701223444e-01 -2.1703228235e-01 )	
145	( -7.1414320462e-01 2.2698076308e-01 -2.1703405782e-01 )	
146	( -7.1409278294e-01 2.2696618260e-01 -2.1704701103e-01 )	
147	( -7.1409558781e-01 2.2696676931e-01 -2.1706957726e-01 )	
148	( -7.1415091503e-01 2.2698219644e-01 -2.1710169230e-01 )	
149	( -7.1426525861e-01 2.2701794191e-01 -2.1715067084e-01 )	
150	( -7.1440484974e-01 2.2705685321e-01 -2.1719561528e-01 )	
151	( -7.1457998012e-01 2.2710549091e-01 -2.1724570905e-01 )	
152	( -7.1477684584e-01 2.2715825572e-01 -2.1729501652e-01 )	
153	( -7.1498816209e-01 2.2721335949e-01 -2.1734238207e-01 )	
154	( -7.1520965668e-01 2.2726974257e-01 -2.1738764030e-01 )	
155	( -7.1543986536e-01 2.2732769659e-01 -2.1743179406e-01 )	
156	( -7.1567253274e-01 2.2738550288e-01 -2.1747331021e-01 )	
157	( -7.1590267273e-01 2.2744132279e-01 -2.1751061085e-01 )	
158	( -7.1612566726e-01 2.2749389464e-01 -2.1754289603e-01 )	
159	( -7.1633819079e-01 2.2754242114e-01 -2.1756977256e-01 )	
160	( -7.1653769455e-01 2.2758637514e-01 -2.1759117990e-01 )	
161	( -7.1672233678e-01 2.2762548526e-01 -2.1760731722e-01 )	
162	( -7.1689028337e-01 2.2765934298e-01 -2.1761818552e-01 )	
163	( -7.1704470574e-01 2.2769000035e-01 -2.1762667177e-01 )	
164	( -7.1719737206e-01 2.2772356830e-01 -2.1764042398e-01 )	
165	( -7.1734271585e-01 2.2775689427e-01 -2.1765525755e-01 )	
166	( -7.1748276221e-01 2.2779110122e-01 -2.1767263809e-01 )	
167	( -7.1761677313e-01 2.2782567062e-01 -2.1769205882e-01 )	
168	( -7.1774208888e-01 2.2785902863e-01 -2.1771162380e-01 )	
169	( -7.1785911753e-01 2.2789143959e-01 -2.1773158163e-01 )	
170	( -7.1796819273e-01 2.2792281338e-01 -2.1775192107e-01 )	
171	( -7.1806932459e-01 2.2795298630e-01 -2.1777236283e-01 )	
172	( -7.1816330258e-01 2.2798220141e-01 -2.1779314205e-01 )	
173	( -7.1825107908e-01 2.2801069461e-01 -2.1781441385e-01 )	
174	( -7.1833340979e-01 2.2803856546e-01 -2.1783614428e-01 )	
175	( -7.1841069099e-01 2.2806575715e-01 -2.1785815601e-01 )	
176	( -7.1848242069e-01 2.2809177246e-01 -2.1787971262e-01 )	
177	( -7.1854800703e-01 2.2811614124e-01 -2.1790022467e-01 )	
178	( -7.1860664530e-01 2.2813830615e-01 -2.1791899290e-01 )	
179	( -7.1865849323e-01 2.2815823834e-01 -2.1793589172e-01 )	
180	( -7.1870328140e-01 2.2817569093e-01 -2.1795058098e-01 )	
181	( -7.1874114614e-01 2.2819065402e-01 -2.1796301643e-01 )	
182	( -7.1877238836e-01 2.2820320947e-01 -2.1797325126e-01 )	
183	( -7.1879764182e-01 2.2821361692e-01 -2.1798156207e-01 )	
184	( -7.1881786115e-01 2.2822228989e-01 -2.1798839354e-01 )	
185	( -7.1883407565e-01 2.2822967019e-01 -2.1799421294e-01 )	
186	( -7.1884732817e-01 2.2823620257e-01 -2.1799949408e-01 )	
187	( -7.1885854731e-01 2.2824227090e-01 -2.1800463740e-01 )	
188	( -7.1886830998e-01 2.2824808677e-01 -2.1800982591e-01 )	
189	( -7.1887696779e-01 2.2825375191e-01 -2.1801512388e-01 )	
190	( -7.1888472755e-01 2.2825928383e-01 -2.1802050265e-01 )	
191	( -7.1889138128e-01 2.2826450875e-01 -2.1802573259e-01 )	
192	( -7.1889642573e-01 2.2826911644e-01 -2.1803042425e-01 )	
193	( -7.1889950964e-01 2.2827290954e-01 -2.1803433077e-01 )	
194	( -7.1890036086e-01 2.2827573795e-01 -2.1803728343e-01 )	
195	( -7.1889869924e-01 2.2827745691e-01 -2.1803911511e-01 )	
196	( -7.1889434755e-01 2.2827798549e-01 -2.1803974804e-01 )	
197	( -7.1888736635e-01 2.2827736895e-01 -2.1803924763e-01 )	
198	( -7.1887787960e-01 2.2827567464e-01 -2.1803769259e-01 )	
199	( -7.1886620903e-01 2.2827306994e-01 -2.1803528584e-01 )	
200	( -7.1885273274e-01 2.2826974207e-01 -2.1803224562e-01 )	
201	( -7.1883784686e-01 2.2826587974e-01 -2.1802878863e-01 )	
202	( -7.1882192640e-01 2.2826165514e-01 -2.1802510640e-01 )	
203	( -7.1880530291e-01 2.2825720978e-01 -2.1802134995e-01 )	
204	( -7.1878822578e-01 2.2825264021e-01 -2.1801761516e-01 )	
205	( -7.1877081488e-01 2.2824798115e-01 -2.1801392545e-01 )	
206	( -7.1875310882e-01 2.2824322138e-01 -2.1801024771e-01 )	
207	( -7.1873508671e-01 2.2823832211e-01 -2.1800651953e-01 )	
208	( -7.1871664159e-01 2.2823321383e-01 -2.1800265318e-01 )	
209	( -7.1869773371e-01 2.2822785709e-01 -2.1799858677e-01 )	
210	( -7.1867834726e-01 2.2822223156e-01 -2.1799429113e-01 )	
211	( -7.1865849769e-01 2.2821633431e-01 -2.1798975740e-01 )	
212	( -7.1863828876e-01 2.2821020572e-01 -2.1798502217e-01 )	
213	( -7.1861789422e-01 2.2820392019e-01 -2.1798016423e-01 )	
214	( -7.1859752682e-01 2.2819756715e-01 -2.1797527261e-01 )	
215	( -7.1857742242e-01 2.2819124563e-01 -2.1797044715e-01 )	
216	( -7.1855782546e-01 2.2818505661e-01 -2.1796578623e-01 )	
217	( -7.1853895627e-01 2.2817908604e-01 -2.1796136953e-01 )	
218	( -7.1852106919e-01 2.2817343395e-01 -2.1795728551e-01 )	
219	( -7.1850429707e-01 2.2816814064e-01 -2.1795356123e-01 )	
220	( -7.1848876636e-01 2.2816324428e-01 -2.1795021695e-01 )	
221	( -7.1847455125e-01 2.2815875889e-01 -2.1794724679e-01 )	
222	( -7.1846168602e-01 2.2815468246e-01 -2.1794462903e-01 )	
223	( -7.1845018221e-01 2.2815100532e-01 -2.1794233471e-01 )	
224	( -7.1844005810e-01 2.2814772532e-01 -2.1794034722e-01 )	
225	( -7.1843128409e-01 2.2814482070e-01 -2.1793862851e-01 )	
226	( -7.1842383189e-01 2.2814227556e-01 -2.1793715047e-01 )	
227	( -7.1841768478e-01 2.2814008386e-01 -2.1793589968e-01 )	
228	( -7.1841283800e-01 2.2813824906e-01 -2.1793487658e-01 )	
229	( -7.1840928309e-01 2.2813677552e-01 -2.1793408435e-01 )	
230	( -7.1840701195e-01 2.2813567030e-01 -2.1793353121e-01 )	
231	( -7.1840600752e-01 2.2813493792e-01 -2.1793322413e-01 )	
232	( -7.1840624097e-01 2.2813457878e-01 -2.1793316651e-01 )	
233	( -7.1840766543e-01 2.2813458585e-01 -2.1793335500e-01 )	
234	( -7.1841021245e-01 2.2813494328e-01 -2.1793377786e-01 )	
235	( -7.1841379440e-01 2.2813562723e-01 -2.1793441576e-01 )	
236	( -7.1841830308e-01 2.2813660531e-01 -2.1793524148e-01 )	
237	( -7.1842361551e-01 2.2813783919e-01 -2.1793622258e-01 )	
238	( -7.1842960031e-01 2.2813928768e-01 -2.1793732494e-01 )	
239	( -7.1843611972e-01 2.2814090718e-01 -2.1793851314e-01 )	
240	( -7.1844303682e-01 2.2814265552e-01 -2.1793975448e-01 )	
241	( -7.1845020701e-01 2.2814449080e-01 -2.1794101776e-01 )	
242	( -7.1845747859e-01 2.2814637183e-01 -2.1794227319e-01 )	
243	( -7.1846482036e-01 2.2814829465e-01 -2.1794353463e-01 )	
244	( -7.1847211922e-01 2.2815022142e-01 -2.1794477327e-01 )	
245	( -7.1847927459e-01 2.2815212141e-01 -2.1794596830e-01 )	
246	( -7.1848620435e-01 2.2815397189e-01 -2.1794710728e-01 )	
247	( -7.1849284357e-01 2.2815575653e-01 -2.1794818487e-01 )	
248	( -7.1849913956e-01 2.2815746258e-01 -2.1794919822e-01 )	
249	( -7.1850504739e-01 2.2815907829e-01 -2.1795014406e-01 )	
250	( -7.1851053880e-01 2.2816059754e-01 -2.1795102420e-01 )	
251	( -7.1851559339e-01 2.2816201535e-01 -2.1795184013e-01 )	
252	( -7.1852019522e-01 2.2816332676e-01 -2.1795259166e-01 )	
253	( -7.1852433261e-01 2.2816452683e-01 -2.1795327721e-01 )	
254	( -7.1852799943e-01 2.2816561189e-01 -2.1795389542e-01 )	
255	( -7.1853119642e-01 2.2816658005e-01 -2.1795444583e-01 )	
256	( -7.1853392838e-01 2.2816743046e-01 -2.1795492818e-01 )	
257	( -7.1853620020e-01 2.2816816279e-01 -2.1795534193e-01 )	
258	( -7.1853802079e-01 2.2816877869e-01 -2.1795568824e-01 )	
259	( -7.1853942691e-01 2.2816928813e-01 -2.1795597719e-01 )	
260	( -7.1854044178e-01 2.2816969485e-01 -2.1795621038e-01 )	
261	( -7.1854109084e-01 2.2817000327e-01 -2.1795638961e-01 )	
262	( -7.1854140242e-01 2.2817021909e-01 -2.1795651771e-01 )	
263	( -7.1854140677e-01 2.2817034872e-01 -2.1795659787e-01 )	
264	( -7.1854113659e-01 2.2817039986e-01 -2.1795663456e-01 )	
265	( -7.1854062572e-01 2.2817038076e-01 -2.1795663260e-01 )	
266	( -7.1853990933e-01 2.2817030064e-01 -2.1795659779e-01 )	
267	( -7.1853902237e-01 2.2817016870e-01 -2.1795653582e-01 )	
268	( -7.1853799994e-01 2.2816999470e-01 -2.1795645303e-01 )	
269	( -7.1853687530e-01 2.2816978775e-01 -2.1795635504e-01 )	
270	( -7.1853567998e-01 2.2816955666e-01 -2.1795624735e-01 )	
271	( -7.1853444242e-01 2.2816930915e-01 -2.1795613427e-01 )	
272	( -7.1853318839e-01 2.2816905229e-01 -2.1795601974e-01 )	
273	( -7.1853193960e-01 2.2816879164e-01 -2.1795590618e-01 )	
274	( -7.1853071474e-01 2.2816853205e-01 -2.1795579566e-01 )	
275	( -7.1852952816e-01 2.2816827678e-01 -2.1795568874e-01 )	
276	( -7.1852839165e-01 2.2816802865e-01 -2.1795558596e-01 )	
277	( -7.1852731304e-01 2.2816778908e-01 -2.1795548663e-01 )	
278	( -7.1852629819e-01 2.2816755928e-01 -2.1795539032e-01 )	
279	( -7.1852535057e-01 2.2816733978e-01 -2.1795529616e-01 )	
280	( -7.1852447196e-01 2.2816713097e-01 -2.1795520357e-01 )	
281	( -7.1852366251e-01 2.2816693280e-01 -2.1795511177e-01 )	
282	( -7.1852292204e-01 2.2816674562e-01 -2.1795502080e-01 )	
283	( -7.1852224920e-01 2.2816656944e-01 -2.1795493053e-01 )	
284	( -7.1852164269e-01 2.2816640468e-01 -2.1795484159e-01 )	
285	( -7.1852110032e-01 2.2816625145e-01 -2.1795475441e-01 )	
286	( -7.1852061986e-01 2.2816611011e-01 -2.1795466988e-01 )	
287	( -7.1852019823e-01 2.2816598056e-01 -2.1795458845e-01 )	
288	( -7.1851983228e-01 2.2816586286e-01 -2.1795451087e-01 )	
289	( -7.1851951785e-01 2.2816575646e-01 -2.1795443722e-01 )	
290	( -7.1851925079e-01 2.2816566093e-01 -2.1795436782e-01 )	
291	( -7.1851902604e-01 2.2816557523e-01 -2.1795430226e-01 )	
292	( -7.1851883880e-01 2.2816549856e-01 -2.1795424045e-01 )	
293	( -7.1851868367e-01 2.2816542959e-01 -2.1795418166e-01 )	
294	( -7.1851855584e-01 2.2816536735e-01 -2.1795412561e-01 )	
295	( -7.1851845031e-01 2.2816531057e-01 -2.1795407158e-01 )	
296	( -7.1851836288e-01 2.2816525839e-01 -2.1795401936e-01 )	
297	( -7.1851828962e-01 2.2816520984e-01 -2.1795396849e-01 )	
298	( -7.1851822767e-01 2.2816516451e-01 -2.1795391915e-01 )	
299	( -7.1851817441e-01 2.2816512185e-01 -2.1795387122e-01 )	
300	( -7.1851812834e-01 2.2816508184e-01 -2.1795382521e-01 )	
301	( -7.1851808810e-01 2.2816504429e-01 -2.1795378126e-01 )	
302	( -7.1851805331e-01 2.2816500950e-01 -2.1795374005e-01 )	
303	( -7.1851802346e-01 2.2816497745e-01 -2.1795370179e-01 )	
304	( -7.1851799885e-01 2.2816494855e-01 -2.1795366711e-01 )	
305	( -7.1851797943e-01 2.2816492281e-01 -2.1795363611e-01 )	
306	( -7.1851796570e-01 2.2816490057e-01 -2.1795360923e-01 )	
307	( -7.1851795774e-01 2.2816488175e-01 -2.1795358637e-01 )	
308	( -7.1851795609e-01 2.2816486660e-01 -2.1795356777e-01 )	
309	( -7.1851796078e-01 2.2816485494e-01 -2.1795355315e-01 )	
310	( -7.1851797226e-01 2.2816484693e-01 -2.1795354260e-01 )	
311	( -7.1851799047e-01 2.2816484231e-01 -2.1795353573e-01 )	
312	( -7.1851801583e-01 2.2816484122e-01 -2.1795353258e-01 )	
313	( -7.1851804823e-01 2.2816484339e-01 -2.1795353273e-01 )	
314	( -7.1851808800e-01 2.2816484893e-01 -2.1795353623e-01 )	
315	( -7.1851813503e-01 2.2816485760e-01 -2.1795354268e-01 )	
316	( -7.1851818952e-01 2.2816486950e-01 -2.1795355214e-01 )	
317	( -7.1851825112e-01 2.2816488432e-01 -2.1795356417e-01 )	
318	( -7.1851832002e-01 2.2816490218e-01 -2.1795357887e-01 )	
319	( -7.1851839552e-01 2.2816492266e-01 -2.1795359571e-01 )	
320	( -7.1851847747e-01 2.2816494578e-01 -2.1795361472e-01 )	
321	( -7.1851856506e-01 2.2816497110e-01 -2.1795363538e-01 )	
322	( -7.1851865780e-01 2.2816499852e-01 -2.1795365763e-01 )	
323	( -7.1851875460e-01 2.2816502753e-01 -2.1795368090e-01 )	
324	( -7.1851885476e-01 2.2816505796e-01 -2.1795370509e-01 )	
325	( -7.1851895700e-01 2.2816508923e-01 -2.1795372962e-01 )	
326	( -7.1851906050e-01 2.2816512117e-01 -2.1795375438e-01 )	
327	( -7.1851916392e-01 2.2816515321e-01 -2.1795377883e-01 )	
328	( -7.1851926642e-01 2.2816518515e-01 -2.1795380288e-01 )	
329	( -7.1851936671e-01 2.2816521648e-01 -2.1795382606e-01 )	
330	( -7.1851946405e-01 2.2816524705e-01 -2.1795384836e-01 )	
331	( -7.1851955726e-01 2.2816527639e-01 -2.1795386936e-01 )	
332	( -7.1851964580e-01 2.2816530445e-01 -2.1795388915e-01 )	
333	( -7.1851972865e-01 2.2816533080e-01 -2.1795390734e-01 )	
334	( -7.1851980541e-01 2.2816535544e-01 -2.1795392409e-01 )	
335	( -7.1851987528e-01 2.2816537801e-01 -2.1795393907e-01 )	
336	( -7.1851993806e-01 2.2816539857e-01 -2.1795395249e-01 )	
337	( -7.1851999322e-01 2.2816541686e-01 -2.1795396411e-01 )	
338	( -7.1852004059e-01 2.2816543291e-01 -2.1795397406e-01 )	
339	( -7.1852007991e-01 2.2816544653e-01 -2.1795398219e-01 )	
340	( -7.1852011136e-01 2.2816545791e-01 -2.1795398874e-01 )	
341	( -7.1852013474e-01 2.2816546684e-01 -2.1795399353e-01 )	
342	( -7.1852015045e-01 2.2816547356e-01 -2.1795399684e-01 )	
343	( -7.1852015850e-01 2.2816547794e-01 -2.1795399853e-01 )	
344	( -7.1852015947e-01 2.2816548028e-01 -2.1795399893e-01 )	
345	( -7.1852015355e-01 2.2816548049e-01 -2.1795399789e-01 )	
346	( -7.1852014150e-01 2.2816547892e-01 -2.1795399581e-01 )	
347	( -7.1852012363e-01 2.2816547554e-01 -2.1795399258e-01 )	
348	( -7.1852010080e-01 2.2816547072e-01 -2.1795398856e-01 )	
349	( -7.1852007339e-01 2.2816546443e-01 -2.1795398367e-01 )	
350	( -7.1852004234e-01 2.2816545707e-01 -2.1795397827e-01 )	
351	( -7.1852000808e-01 2.2816544865e-01 -2.1795397229e-01 )	
352	( -7.1851997154e-01 2.2816543955e-01 -2.1795396607e-01 )	
353	( -7.1851993313e-01 2.2816542975e-01 -2.1795395951e-01 )	
354	( -7.1851989374e-01 2.2816541964e-01 -2.1795395296e-01 )	
355	( -7.1851985374e-01 2.2816540919e-01 -2.1795394629e-01 )	
356	( -7.1851981394e-01 2.2816539876e-01 -2.1795393981e-01 )	
357	( -7.1851977463e-01 2.2816538830e-01 -2.1795393340e-01 )	
358	( -7.1851973653e-01 2.2816537813e-01 -2.1795392733e-01 )	
359	( -7.1851969984e-01 2.2816536820e-01 -2.1795392146e-01 )	
360	( -7.1851966517e-01 2.2816535879e-01 -2.1795391605e-01 )	
361	( -7.1851963261e-01 2.2816534981e-01 -2.1795391094e-01 )	
362	( -7.1851960266e-01 2.2816534153e-01 -2.1795390636e-01 )	
363	( -7.1851957530e-01 2.2816533382e-01 -2.1795390213e-01 )	
364	( -7.1851955092e-01 2.2816532692e-01 -2.1795389848e-01 )	
365	( -7.1851952937e-01 2.2816532068e-01 -2.1795389520e-01 )	
366	( -7.1851951096e-01 2.2816531530e-01 -2.1795389251e-01 )	
367	( -7.1851949543e-01 2.2816531060e-01 -2.1795389017e-01 )	
368	( -7.1851948297e-01 2.2816530675e-01 -2.1795388839e-01 )	
369	( -7.1851947326e-01 2.2816530356e-01 -2.1795388693e-01 )	
370	( -7.1851946641e-01 2.2816530119e-01 -2.1795388598e-01 )	
371	( -7.1851946202e-01 2.2816529940e-01 -2.1795388528e-01 )	
372	( -7.1851946014e-01 2.2816529833e-01 -2.1795388502e-01 )	
373	( -7.1851946033e-01 2.2816529776e-01 -2.1795388495e-01 )	
374	( -7.1851946260e-01 2.2816529781e-01 -2.1795388525e-01 )	
375	( -7.1851946649e-01 2.2816529824e-01 -2.1795388565e-01 )	
376	( -7.1851947203e-01 2.2816529919e-01 -2.1795388637e-01 )	
377	( -7.1851947867e-01 2.2816530037e-01 -2.1795388710e-01 )	
378	( -7.1851948646e-01 2.2816530195e-01 -2.1795388807e-01 )	
379	( -7.1851949494e-01 2.2816530366e-01 -2.1795388900e-01 )	
380	( -7.1851950412e-01 2.2816530566e-01 -2.1795389011e-01 )	
381	( -7.1851951356e-01 2.2816530769e-01 -2.1795389113e-01 )	
382	( -7.1851952331e-01 2.2816530989e-01 -2.1795389228e-01 )	
383	( -7.1851953296e-01 2.2816531204e-01 -2.1795389330e-01 )	
