# Force          
# CofR           : ( 0.0000000000e+00 0.0000000000e+00 0.0000000000e+00 )
#                
# Time           	(total_x total_y total_z)	(pressure_x pressure_y pressure_z)	(viscous_x viscous_y viscous_z)
1                	( 4.0421845385e+01 0.0000000000e+00 -5.9041912205e+01 )	( 4.0386418999e+01 0.0000000000e+00 -5.9057274414e+01 )	( 3.5426385943e-02 0.0000000000e+00 1.5362209069e-02 )
2                	( 1.0770308824e+01 0.0000000000e+00 -1.7438119945e+01 )	( 1.0605062260e+01 0.0000000000e+00 -1.7658336835e+01 )	( 1.6524656433e-01 0.0000000000e+00 2.2021688917e-01 )
3                	( 6.5423540723e+00 0.0000000000e+00 -1.0472429420e+01 )	( 6.4912110032e+00 0.0000000000e+00 -1.0514139691e+01 )	( 5.1143069127e-02 0.0000000000e+00 4.1710270687e-02 )
4                	( 5.6499493691e+00 0.0000000000e+00 -9.5638810546e+00 )	( 5.6087669926e+00 0.0000000000e+00 -9.5898087753e+00 )	( 4.1182376492e-02 0.0000000000e+00 2.5927720729e-02 )
5                	( 5.2364964136e+00 0.0000000000e+00 -9.8409048304e+00 )	( 5.1996391826e+00 0.0000000000e+00 -9.8614944337e+00 )	( 3.6857231048e-02 0.0000000000e+00 2.0589603270e-02 )
6                	( 5.1175571008e+00 0.0000000000e+00 -1.0384668360e+01 )	( 5.0833549313e+00 0.0000000000e+00 -1.0402178675e+01 )	( 3.4202169500e-02 0.0000000000e+00 1.7510314762e-02 )
7                	( 5.0387443422e+00 0.0000000000e+00 -1.0827971095e+01 )	( 5.0062871700e+00 0.0000000000e+00 -1.0843422610e+01 )	( 3.2457172142e-02 0.0000000000e+00 1.5451515336e-02 )
8                	( 4.9240670375e+00 0.0000000000e+00 -1.1142047243e+01 )	( 4.8931798697e+00 0.0000000000e+00 -1.1155747377e+01 )	( 3.0887167827e-02 0.0000000000e+00 1.3700134028e-02 )
9                	( 4.7670391062e+00 0.0000000000e+00 -1.1295710704e+01 )	( 4.7373978312e+00 0.0000000000e+00 -1.1308010660e+01 )	( 2.9641274949e-02 0.0000000000e+00 1.2299955819e-02 )
10               	( 4.6566469149e+00 0.0000000000e+00 -1.1481612499e+01 )	( 4.6281799366e+00 0.0000000000e+00 -1.1492613215e+01 )	( 2.8466978218e-02 0.0000000000e+00 1.1000715335e-02 )
11               	( 4.5542536628e+00 0.0000000000e+00 -1.1603857510e+01 )	( 4.5269062307e+00 0.0000000000e+00 -1.1613715122e+01 )	( 2.7347432029e-02 0.0000000000e+00 9.8576115416e-03 )
12               	( 4.4698635890e+00 0.0000000000e+00 -1.1715823514e+01 )	( 4.4436341065e+00 0.0000000000e+00 -1.1724542902e+01 )	( 2.6229482513e-02 0.0000000000e+00 8.7193874878e-03 )
13               	( 4.3907236598e+00 0.0000000000e+00 -1.1807766989e+01 )	( 4.3655487185e+00 0.0000000000e+00 -1.1815392357e+01 )	( 2.5174941318e-02 0.0000000000e+00 7.6253680051e-03 )
14               	( 4.2958046962e+00 0.0000000000e+00 -1.1854988675e+01 )	( 4.2716055125e+00 0.0000000000e+00 -1.1861646482e+01 )	( 2.4199183722e-02 0.0000000000e+00 6.6578070539e-03 )
15               	( 4.1919691620e+00 0.0000000000e+00 -1.1853967598e+01 )	( 4.1687028520e+00 0.0000000000e+00 -1.1859698873e+01 )	( 2.3266310076e-02 0.0000000000e+00 5.7312748942e-03 )
16               	( 4.0814531834e+00 0.0000000000e+00 -1.1804557700e+01 )	( 4.0590619757e+00 0.0000000000e+00 -1.1809420255e+01 )	( 2.2391207705e-02 0.0000000000e+00 4.8625547633e-03 )
17               	( 3.9694547802e+00 0.0000000000e+00 -1.1716821440e+01 )	( 3.9478754495e+00 0.0000000000e+00 -1.1720889073e+01 )	( 2.1579330734e-02 0.0000000000e+00 4.0676331954e-03 )
18               	( 3.8422775848e+00 0.0000000000e+00 -1.1563879190e+01 )	( 3.8213864852e+00 0.0000000000e+00 -1.1567301913e+01 )	( 2.0891099602e-02 0.0000000000e+00 3.4227227758e-03 )
19               	( 3.6878662129e+00 0.0000000000e+00 -1.1305024479e+01 )	( 3.6675723299e+00 0.0000000000e+00 -1.1307929130e+01 )	( 2.0293883023e-02 0.0000000000e+00 2.9046512144e-03 )
20               	( 3.6246076962e+00 0.0000000000e+00 -1.1098327370e+01 )	( 3.6053279805e+00 0.0000000000e+00 -1.1100332484e+01 )	( 1.9279715706e-02 0.0000000000e+00 2.0051141146e-03 )
21               	( 3.7015134304e+00 0.0000000000e+00 -1.1092808336e+01 )	( 3.6828495110e+00 0.0000000000e+00 -1.1094317905e+01 )	( 1.8663919395e-02 0.0000000000e+00 1.5095688728e-03 )
22               	( 3.7359076833e+00 0.0000000000e+00 -1.1016578740e+01 )	( 3.7179571956e+00 0.0000000000e+00 -1.1017506587e+01 )	( 1.7950487654e-02 0.0000000000e+00 9.2784766274e-04 )
23               	( 3.7732674939e+00 0.0000000000e+00 -1.0933544917e+01 )	( 3.7559701994e+00 0.0000000000e+00 -1.0933999376e+01 )	( 1.7297294502e-02 0.0000000000e+00 4.5445828526e-04 )
24               	( 3.8158513323e+00 0.0000000000e+00 -1.0853025644e+01 )	( 3.7991843201e+00 0.0000000000e+00 -1.0853049672e+01 )	( 1.6667012197e-02 0.0000000000e+00 2.4027934637e-05 )
25               	( 3.8536640299e+00 0.0000000000e+00 -1.0752475394e+01 )	( 3.8375653643e+00 0.0000000000e+00 -1.0752140281e+01 )	( 1.6098665586e-02 0.0000000000e+00 -3.3511278842e-04 )
26               	( 3.8810129445e+00 0.0000000000e+00 -1.0638943172e+01 )	( 3.8654159260e+00 0.0000000000e+00 -1.0638329850e+01 )	( 1.5597018540e-02 0.0000000000e+00 -6.1332255961e-04 )
27               	( 3.8828420561e+00 0.0000000000e+00 -1.0486722322e+01 )	( 3.8676825474e+00 0.0000000000e+00 -1.0485905233e+01 )	( 1.5159508688e-02 0.0000000000e+00 -8.1708835268e-04 )
28               	( 3.8721590011e+00 0.0000000000e+00 -1.0313403051e+01 )	( 3.8573589811e+00 0.0000000000e+00 -1.0312458782e+01 )	( 1.4800019972e-02 0.0000000000e+00 -9.4426976569e-04 )
29               	( 3.8385139554e+00 0.0000000000e+00 -1.0110588686e+01 )	( 3.8239649703e+00 0.0000000000e+00 -1.0109634445e+01 )	( 1.4548985142e-02 0.0000000000e+00 -9.5424042391e-04 )
30               	( 3.7745972694e+00 0.0000000000e+00 -9.8659528871e+00 )	( 3.7602034530e+00 0.0000000000e+00 -9.8650636345e+00 )	( 1.4393816357e-02 0.0000000000e+00 -8.8925256349e-04 )
31               	( 3.6906875528e+00 0.0000000000e+00 -9.5882378755e+00 )	( 3.6763709830e+00 0.0000000000e+00 -9.5874779169e+00 )	( 1.4316569873e-02 0.0000000000e+00 -7.5995857349e-04 )
32               	( 3.6064074213e+00 0.0000000000e+00 -9.3064943196e+00 )	( 3.5921494856e+00 0.0000000000e+00 -9.3058719219e+00 )	( 1.4257935735e-02 0.0000000000e+00 -6.2239771673e-04 )
33               	( 3.4983246052e+00 0.0000000000e+00 -8.9913683888e+00 )	( 3.4840734007e+00 0.0000000000e+00 -8.9909282917e+00 )	( 1.4251204561e-02 0.0000000000e+00 -4.4009704222e-04 )
34               	( 3.3753330535e+00 0.0000000000e+00 -8.6536987215e+00 )	( 3.3609969502e+00 0.0000000000e+00 -8.6535374883e+00 )	( 1.4336103260e-02 0.0000000000e+00 -1.6123326857e-04 )
35               	( 3.2497732659e+00 0.0000000000e+00 -8.3162984738e+00 )	( 3.2353204432e+00 0.0000000000e+00 -8.3164455764e+00 )	( 1.4452822679e-02 0.0000000000e+00 1.4710254653e-04 )
36               	( 3.1215178206e+00 0.0000000000e+00 -7.9712976094e+00 )	( 3.1068538080e+00 0.0000000000e+00 -7.9718541284e+00 )	( 1.4664012581e-02 0.0000000000e+00 5.5651894606e-04 )
37               	( 2.9916507536e+00 0.0000000000e+00 -7.6320255957e+00 )	( 2.9767019975e+00 0.0000000000e+00 -7.6330671289e+00 )	( 1.4948756172e-02 0.0000000000e+00 1.0415331427e-03 )
38               	( 2.8429922804e+00 0.0000000000e+00 -7.2798878436e+00 )	( 2.8277639631e+00 0.0000000000e+00 -7.2813892380e+00 )	( 1.5228317311e-02 0.0000000000e+00 1.5013943294e-03 )
39               	( 2.7217452515e+00 0.0000000000e+00 -6.9697845199e+00 )	( 2.7061659162e+00 0.0000000000e+00 -6.9718221525e+00 )	( 1.5579335301e-02 0.0000000000e+00 2.0376325510e-03 )
40               	( 2.6499224333e+00 0.0000000000e+00 -6.7422554453e+00 )	( 2.6337284939e+00 0.0000000000e+00 -6.7451385176e+00 )	( 1.6193939347e-02 0.0000000000e+00 2.8830723505e-03 )
41               	( 2.5729997242e+00 0.0000000000e+00 -6.5226794915e+00 )	( 2.5564785141e+00 0.0000000000e+00 -6.5260624023e+00 )	( 1.6521210111e-02 0.0000000000e+00 3.3829108080e-03 )
42               	( 2.5339719593e+00 0.0000000000e+00 -6.3727672296e+00 )	( 2.5170789253e+00 0.0000000000e+00 -6.3766684964e+00 )	( 1.6893033986e-02 0.0000000000e+00 3.9012668693e-03 )
43               	( 2.5347981670e+00 0.0000000000e+00 -6.3072347865e+00 )	( 2.5174555594e+00 0.0000000000e+00 -6.3117415180e+00 )	( 1.7342607569e-02 0.0000000000e+00 4.5067314975e-03 )
44               	( 2.5414268502e+00 0.0000000000e+00 -6.2667026099e+00 )	( 2.5237631958e+00 0.0000000000e+00 -6.2716516221e+00 )	( 1.7663654365e-02 0.0000000000e+00 4.9490122474e-03 )
45               	( 2.5459798920e+00 0.0000000000e+00 -6.2473663983e+00 )	( 2.5282063714e+00 0.0000000000e+00 -6.2525287715e+00 )	( 1.7773520573e-02 0.0000000000e+00 5.1623732098e-03 )
46               	( 2.5626635971e+00 0.0000000000e+00 -6.2608669003e+00 )	( 2.5448269930e+00 0.0000000000e+00 -6.2661833042e+00 )	( 1.7836604093e-02 0.0000000000e+00 5.3164039115e-03 )
47               	( 2.5960340992e+00 0.0000000000e+00 -6.3055380439e+00 )	( 2.5782061247e+00 0.0000000000e+00 -6.3109185499e+00 )	( 1.7827974480e-02 0.0000000000e+00 5.3805059638e-03 )
48               	( 2.6364993365e+00 0.0000000000e+00 -6.3622110835e+00 )	( 2.6187248807e+00 0.0000000000e+00 -6.3675808723e+00 )	( 1.7774455808e-02 0.0000000000e+00 5.3697887727e-03 )
49               	( 2.6748585511e+00 0.0000000000e+00 -6.4265015268e+00 )	( 2.6571836752e+00 0.0000000000e+00 -6.4317867122e+00 )	( 1.7674875931e-02 0.0000000000e+00 5.2851854078e-03 )
50               	( 2.7219426623e+00 0.0000000000e+00 -6.5110260945e+00 )	( 2.7043831137e+00 0.0000000000e+00 -6.5161816372e+00 )	( 1.7559548602e-02 0.0000000000e+00 5.1555427039e-03 )
51               	( 2.7673801699e+00 0.0000000000e+00 -6.6028868165e+00 )	( 2.7499514572e+00 0.0000000000e+00 -6.6078803493e+00 )	( 1.7428712649e-02 0.0000000000e+00 4.9935327392e-03 )
52               	( 2.8060702987e+00 0.0000000000e+00 -6.6917332335e+00 )	( 2.7887656146e+00 0.0000000000e+00 -6.6965606837e+00 )	( 1.7304684196e-02 0.0000000000e+00 4.8274502810e-03 )
53               	( 2.8441273668e+00 0.0000000000e+00 -6.7848132736e+00 )	( 2.8269393813e+00 0.0000000000e+00 -6.7894753227e+00 )	( 1.7187985458e-02 0.0000000000e+00 4.6620490403e-03 )
54               	( 2.8810488361e+00 0.0000000000e+00 -6.8750846924e+00 )	( 2.8639831852e+00 0.0000000000e+00 -6.8795688335e+00 )	( 1.7065650928e-02 0.0000000000e+00 4.4841411455e-03 )
55               	( 2.9194252036e+00 0.0000000000e+00 -6.9599263096e+00 )	( 2.9024771754e+00 0.0000000000e+00 -6.9642310302e+00 )	( 1.6948028266e-02 0.0000000000e+00 4.3047205773e-03 )
56               	( 2.9502157523e+00 0.0000000000e+00 -7.0317271502e+00 )	( 2.9333274550e+00 0.0000000000e+00 -7.0359026059e+00 )	( 1.6888297278e-02 0.0000000000e+00 4.1754556695e-03 )
57               	( 2.9698868438e+00 0.0000000000e+00 -7.0868224086e+00 )	( 2.9530433901e+00 0.0000000000e+00 -7.0908865369e+00 )	( 1.6843453740e-02 0.0000000000e+00 4.0641283280e-03 )
58               	( 2.9897418421e+00 0.0000000000e+00 -7.1386517174e+00 )	( 2.9728982112e+00 0.0000000000e+00 -7.1426528959e+00 )	( 1.6843630907e-02 0.0000000000e+00 4.0011785172e-03 )
59               	( 3.0134422661e+00 0.0000000000e+00 -7.1930202777e+00 )	( 2.9965722285e+00 0.0000000000e+00 -7.1969887224e+00 )	( 1.6870037582e-02 0.0000000000e+00 3.9684447144e-03 )
60               	( 3.0193546759e+00 0.0000000000e+00 -7.2225042638e+00 )	( 3.0024341654e+00 0.0000000000e+00 -7.2264660766e+00 )	( 1.6920510561e-02 0.0000000000e+00 3.9618127911e-03 )
61               	( 2.9734284885e+00 0.0000000000e+00 -7.1814253165e+00 )	( 2.9564751187e+00 0.0000000000e+00 -7.1853837908e+00 )	( 1.6953369830e-02 0.0000000000e+00 3.9584742406e-03 )
62               	( 2.9089872515e+00 0.0000000000e+00 -7.1084833997e+00 )	( 2.8920011407e+00 0.0000000000e+00 -7.1124544112e+00 )	( 1.6986110770e-02 0.0000000000e+00 3.9710114331e-03 )
63               	( 2.8445363664e+00 0.0000000000e+00 -7.0298196766e+00 )	( 2.8275380742e+00 0.0000000000e+00 -7.0337892930e+00 )	( 1.6998292203e-02 0.0000000000e+00 3.9696163664e-03 )
64               	( 2.7999276141e+00 0.0000000000e+00 -6.9720099804e+00 )	( 2.7829186929e+00 0.0000000000e+00 -6.9759837528e+00 )	( 1.7008921159e-02 0.0000000000e+00 3.9737723830e-03 )
65               	( 2.7602484261e+00 0.0000000000e+00 -6.9175310089e+00 )	( 2.7432382342e+00 0.0000000000e+00 -6.9215072194e+00 )	( 1.7010191882e-02 0.0000000000e+00 3.9762104802e-03 )
66               	( 2.7305430247e+00 0.0000000000e+00 -6.8730284421e+00 )	( 2.7135348106e+00 0.0000000000e+00 -6.8770083954e+00 )	( 1.7008214106e-02 0.0000000000e+00 3.9799533086e-03 )
67               	( 2.7184368008e+00 0.0000000000e+00 -6.8505900257e+00 )	( 2.7014360621e+00 0.0000000000e+00 -6.8545715391e+00 )	( 1.7000738632e-02 0.0000000000e+00 3.9815134410e-03 )
68               	( 2.7169181728e+00 0.0000000000e+00 -6.8420304312e+00 )	( 2.6999297850e+00 0.0000000000e+00 -6.8460088155e+00 )	( 1.6988387814e-02 0.0000000000e+00 3.9783842751e-03 )
69               	( 2.7220243134e+00 0.0000000000e+00 -6.8423667673e+00 )	( 2.7050480666e+00 0.0000000000e+00 -6.8463408361e+00 )	( 1.6976246792e-02 0.0000000000e+00 3.9740687271e-03 )
70               	( 2.7349763852e+00 0.0000000000e+00 -6.8544758323e+00 )	( 2.7180101564e+00 0.0000000000e+00 -6.8584451107e+00 )	( 1.6966228778e-02 0.0000000000e+00 3.9692783578e-03 )
71               	( 2.7514257964e+00 0.0000000000e+00 -6.8723837679e+00 )	( 2.7344658730e+00 0.0000000000e+00 -6.8763485985e+00 )	( 1.6959923429e-02 0.0000000000e+00 3.9648306102e-03 )
72               	( 2.7698893699e+00 0.0000000000e+00 -6.8943820345e+00 )	( 2.7529322468e+00 0.0000000000e+00 -6.8983428580e+00 )	( 1.6957123008e-02 0.0000000000e+00 3.9608234639e-03 )
73               	( 2.7807295107e+00 0.0000000000e+00 -6.9072902114e+00 )	( 2.7637756414e+00 0.0000000000e+00 -6.9112457539e+00 )	( 1.6953869353e-02 0.0000000000e+00 3.9555424723e-03 )
74               	( 2.7900456518e+00 0.0000000000e+00 -6.9183488047e+00 )	( 2.7730932693e+00 0.0000000000e+00 -6.9222992273e+00 )	( 1.6952382470e-02 0.0000000000e+00 3.9504225880e-03 )
75               	( 2.7968549099e+00 0.0000000000e+00 -6.9255985303e+00 )	( 2.7799024376e+00 0.0000000000e+00 -6.9295444717e+00 )	( 1.6952472303e-02 0.0000000000e+00 3.9459413776e-03 )
76               	( 2.7980421222e+00 0.0000000000e+00 -6.9246874217e+00 )	( 2.7810876738e+00 0.0000000000e+00 -6.9286304046e+00 )	( 1.6954448418e-02 0.0000000000e+00 3.9429828801e-03 )
77               	( 2.7934682241e+00 0.0000000000e+00 -6.9152909782e+00 )	( 2.7765109112e+00 0.0000000000e+00 -6.9192321854e+00 )	( 1.6957312932e-02 0.0000000000e+00 3.9412072787e-03 )
78               	( 2.7842779335e+00 0.0000000000e+00 -6.8987621434e+00 )	( 2.7673155742e+00 0.0000000000e+00 -6.9027043745e+00 )	( 1.6962359244e-02 0.0000000000e+00 3.9422311220e-03 )
79               	( 2.7701310562e+00 0.0000000000e+00 -6.8742896275e+00 )	( 2.7531614929e+00 0.0000000000e+00 -6.8782365267e+00 )	( 1.6969563319e-02 0.0000000000e+00 3.9468992167e-03 )
80               	( 2.7569065941e+00 0.0000000000e+00 -6.8499378537e+00 )	( 2.7399278667e+00 0.0000000000e+00 -6.8538924866e+00 )	( 1.6978727378e-02 0.0000000000e+00 3.9546328589e-03 )
81               	( 2.7441106179e+00 0.0000000000e+00 -6.8256852165e+00 )	( 2.7271224160e+00 0.0000000000e+00 -6.8296492093e+00 )	( 1.6988201914e-02 0.0000000000e+00 3.9639927768e-03 )
82               	( 2.7326237959e+00 0.0000000000e+00 -6.8030725145e+00 )	( 2.7156256340e+00 0.0000000000e+00 -6.8070472792e+00 )	( 1.6998161898e-02 0.0000000000e+00 3.9747646562e-03 )
83               	( 2.7216971792e+00 0.0000000000e+00 -6.7815412139e+00 )	( 2.7046901310e+00 0.0000000000e+00 -6.7855266928e+00 )	( 1.7007048199e-02 0.0000000000e+00 3.9854788942e-03 )
84               	( 2.7132260117e+00 0.0000000000e+00 -6.7634922265e+00 )	( 2.6962100110e+00 0.0000000000e+00 -6.7674887207e+00 )	( 1.7016000608e-02 0.0000000000e+00 3.9964942538e-03 )
85               	( 2.7084463418e+00 0.0000000000e+00 -6.7512197144e+00 )	( 2.6914208234e+00 0.0000000000e+00 -6.7552272769e+00 )	( 1.7025518436e-02 0.0000000000e+00 4.0075624689e-03 )
86               	( 2.7069853659e+00 0.0000000000e+00 -6.7447574052e+00 )	( 2.6899501212e+00 0.0000000000e+00 -6.7487753858e+00 )	( 1.7035244659e-02 0.0000000000e+00 4.0179806130e-03 )
87               	( 2.7086729838e+00 0.0000000000e+00 -6.7442633510e+00 )	( 2.6916282069e+00 0.0000000000e+00 -6.7482903370e+00 )	( 1.7044776869e-02 0.0000000000e+00 4.0269859752e-03 )
88               	( 2.7132214575e+00 0.0000000000e+00 -6.7491475521e+00 )	( 2.6961670826e+00 0.0000000000e+00 -6.7531821272e+00 )	( 1.7054374898e-02 0.0000000000e+00 4.0345750161e-03 )
89               	( 2.7207703947e+00 0.0000000000e+00 -6.7597376134e+00 )	( 2.7037061864e+00 0.0000000000e+00 -6.7637782303e+00 )	( 1.7064208278e-02 0.0000000000e+00 4.0406168820e-03 )
90               	( 2.7304678944e+00 0.0000000000e+00 -6.7749928670e+00 )	( 2.7133932838e+00 0.0000000000e+00 -6.7790381418e+00 )	( 1.7074610648e-02 0.0000000000e+00 4.0452747688e-03 )
91               	( 2.7404825452e+00 0.0000000000e+00 -6.7924976030e+00 )	( 2.7233974374e+00 0.0000000000e+00 -6.7965460475e+00 )	( 1.7085107798e-02 0.0000000000e+00 4.0484445513e-03 )
92               	( 2.7490744593e+00 0.0000000000e+00 -6.8096956422e+00 )	( 2.7319794902e+00 0.0000000000e+00 -6.8137455526e+00 )	( 1.7094969056e-02 0.0000000000e+00 4.0499104389e-03 )
93               	( 2.7563373594e+00 0.0000000000e+00 -6.8261194540e+00 )	( 2.7392331942e+00 0.0000000000e+00 -6.8301694454e+00 )	( 1.7104165146e-02 0.0000000000e+00 4.0499914693e-03 )
94               	( 2.7628046101e+00 0.0000000000e+00 -6.8421149386e+00 )	( 2.7456920355e+00 0.0000000000e+00 -6.8461638488e+00 )	( 1.7112574519e-02 0.0000000000e+00 4.0489102791e-03 )
95               	( 2.7687187751e+00 0.0000000000e+00 -6.8578516544e+00 )	( 2.7515985562e+00 0.0000000000e+00 -6.8618985348e+00 )	( 1.7120218839e-02 0.0000000000e+00 4.0468804228e-03 )
96               	( 2.7732745002e+00 0.0000000000e+00 -6.8721218261e+00 )	( 2.7561472478e+00 0.0000000000e+00 -6.8761661561e+00 )	( 1.7127252422e-02 0.0000000000e+00 4.0443299982e-03 )
97               	( 2.7759352467e+00 0.0000000000e+00 -6.8840647200e+00 )	( 2.7588018698e+00 0.0000000000e+00 -6.8881060865e+00 )	( 1.7133376949e-02 0.0000000000e+00 4.0413664241e-03 )
98               	( 2.7769776573e+00 0.0000000000e+00 -6.8937361069e+00 )	( 2.7598391100e+00 0.0000000000e+00 -6.8977742702e+00 )	( 1.7138547323e-02 0.0000000000e+00 4.0381633433e-03 )
99               	( 2.7769185872e+00 0.0000000000e+00 -6.9016511111e+00 )	( 2.7597759974e+00 0.0000000000e+00 -6.9056859261e+00 )	( 1.7142589726e-02 0.0000000000e+00 4.0348150035e-03 )
100              	( 2.7765499846e+00 0.0000000000e+00 -6.9087264123e+00 )	( 2.7594051566e+00 0.0000000000e+00 -6.9127574158e+00 )	( 1.7144827944e-02 0.0000000000e+00 4.0310035054e-03 )
101              	( 2.7759754143e+00 0.0000000000e+00 -6.9150215813e+00 )	( 2.7588301363e+00 0.0000000000e+00 -6.9190481537e+00 )	( 1.7145277995e-02 0.0000000000e+00 4.0265724024e-03 )
102              	( 2.7756767593e+00 0.0000000000e+00 -6.9211968449e+00 )	( 2.7585325729e+00 0.0000000000e+00 -6.9252186166e+00 )	( 1.7144186412e-02 0.0000000000e+00 4.0217717043e-03 )
103              	( 2.7757643743e+00 0.0000000000e+00 -6.9275320546e+00 )	( 2.7586228747e+00 0.0000000000e+00 -6.9315485474e+00 )	( 1.7141499637e-02 0.0000000000e+00 4.0164928387e-03 )
104              	( 2.7762614679e+00 0.0000000000e+00 -6.9341222129e+00 )	( 2.7591242590e+00 0.0000000000e+00 -6.9381328752e+00 )	( 1.7137208909e-02 0.0000000000e+00 4.0106622789e-03 )
105              	( 2.7772994136e+00 0.0000000000e+00 -6.9411667702e+00 )	( 2.7601681358e+00 0.0000000000e+00 -6.9451708969e+00 )	( 1.7131277779e-02 0.0000000000e+00 4.0041267363e-03 )
106              	( 2.7788929749e+00 0.0000000000e+00 -6.9487090892e+00 )	( 2.7617692215e+00 0.0000000000e+00 -6.9527059706e+00 )	( 1.7123753447e-02 0.0000000000e+00 3.9968813637e-03 )
107              	( 2.7809637177e+00 0.0000000000e+00 -6.9566950734e+00 )	( 2.7638491036e+00 0.0000000000e+00 -6.9606838890e+00 )	( 1.7114614131e-02 0.0000000000e+00 3.9888155818e-03 )
108              	( 2.7834219254e+00 0.0000000000e+00 -6.9649409530e+00 )	( 2.7663179025e+00 0.0000000000e+00 -6.9689207516e+00 )	( 1.7104022949e-02 0.0000000000e+00 3.9797986334e-03 )
109              	( 2.7858378536e+00 0.0000000000e+00 -6.9727735481e+00 )	( 2.7687456559e+00 0.0000000000e+00 -6.9767436279e+00 )	( 1.7092197627e-02 0.0000000000e+00 3.9700798204e-03 )
110              	( 2.7889055727e+00 0.0000000000e+00 -6.9811727490e+00 )	( 2.7718260718e+00 0.0000000000e+00 -6.9851326368e+00 )	( 1.7079500834e-02 0.0000000000e+00 3.9598878145e-03 )
111              	( 2.7922271975e+00 0.0000000000e+00 -6.9895451476e+00 )	( 2.7751609962e+00 0.0000000000e+00 -6.9934945140e+00 )	( 1.7066201285e-02 0.0000000000e+00 3.9493664338e-03 )
112              	( 2.7953367640e+00 0.0000000000e+00 -6.9971978448e+00 )	( 2.7782838145e+00 0.0000000000e+00 -7.0011370012e+00 )	( 1.7052949502e-02 0.0000000000e+00 3.9391564115e-03 )
113              	( 2.7979007652e+00 0.0000000000e+00 -7.0037440180e+00 )	( 2.7808615311e+00 0.0000000000e+00 -7.0076728459e+00 )	( 1.7039234163e-02 0.0000000000e+00 3.9288278560e-03 )
114              	( 2.7998732672e+00 0.0000000000e+00 -7.0089201372e+00 )	( 2.7828475593e+00 0.0000000000e+00 -7.0128390499e+00 )	( 1.7025707903e-02 0.0000000000e+00 3.9189127426e-03 )
115              	( 2.8003691324e+00 0.0000000000e+00 -7.0114771632e+00 )	( 2.7833571536e+00 0.0000000000e+00 -7.0153864843e+00 )	( 1.7011978837e-02 0.0000000000e+00 3.9093211137e-03 )
116              	( 2.8000510677e+00 0.0000000000e+00 -7.0121161853e+00 )	( 2.7830525411e+00 0.0000000000e+00 -7.0160166373e+00 )	( 1.6998526597e-02 0.0000000000e+00 3.9004520013e-03 )
117              	( 2.7990362827e+00 0.0000000000e+00 -7.0109391578e+00 )	( 2.7820509907e+00 0.0000000000e+00 -7.0148315317e+00 )	( 1.6985291954e-02 0.0000000000e+00 3.8923738448e-03 )
118              	( 2.7973210353e+00 0.0000000000e+00 -7.0079539663e+00 )	( 2.7803486846e+00 0.0000000000e+00 -7.0118391548e+00 )	( 1.6972350740e-02 0.0000000000e+00 3.8851885834e-03 )
119              	( 2.7950580097e+00 0.0000000000e+00 -7.0033970461e+00 )	( 2.7780981445e+00 0.0000000000e+00 -7.0072760099e+00 )	( 1.6959865278e-02 0.0000000000e+00 3.8789638163e-03 )
120              	( 2.7923356141e+00 0.0000000000e+00 -6.9973978368e+00 )	( 2.7753875947e+00 0.0000000000e+00 -7.0012716465e+00 )	( 1.6948019383e-02 0.0000000000e+00 3.8738096660e-03 )
121              	( 2.7892730340e+00 0.0000000000e+00 -6.9901850011e+00 )	( 2.7723362394e+00 0.0000000000e+00 -6.9940546619e+00 )	( 1.6936794600e-02 0.0000000000e+00 3.8696608126e-03 )
122              	( 2.7860510067e+00 0.0000000000e+00 -6.9820867900e+00 )	( 2.7691247321e+00 0.0000000000e+00 -6.9859533293e+00 )	( 1.6926274582e-02 0.0000000000e+00 3.8665393377e-03 )
123              	( 2.7829277052e+00 0.0000000000e+00 -6.9735059129e+00 )	( 2.7660110442e+00 0.0000000000e+00 -6.9773703647e+00 )	( 1.6916660961e-02 0.0000000000e+00 3.8644517727e-03 )
124              	( 2.7799703767e+00 0.0000000000e+00 -6.9646635104e+00 )	( 2.7630624445e+00 0.0000000000e+00 -6.9685267991e+00 )	( 1.6907932167e-02 0.0000000000e+00 3.8632887530e-03 )
125              	( 2.7771328172e+00 0.0000000000e+00 -6.9556466376e+00 )	( 2.7602325496e+00 0.0000000000e+00 -6.9595097302e+00 )	( 1.6900267598e-02 0.0000000000e+00 3.8630925434e-03 )
126              	( 2.7746009533e+00 0.0000000000e+00 -6.9468266799e+00 )	( 2.7577073090e+00 0.0000000000e+00 -6.9506904274e+00 )	( 1.6893644323e-02 0.0000000000e+00 3.8637474764e-03 )
127              	( 2.7723277279e+00 0.0000000000e+00 -6.9382836035e+00 )	( 2.7554396732e+00 0.0000000000e+00 -6.9421487328e+00 )	( 1.6888054689e-02 0.0000000000e+00 3.8651293242e-03 )
128              	( 2.7703863358e+00 0.0000000000e+00 -6.9302333613e+00 )	( 2.7535029079e+00 0.0000000000e+00 -6.9341004498e+00 )	( 1.6883427890e-02 0.0000000000e+00 3.8670885279e-03 )
129              	( 2.7687647455e+00 0.0000000000e+00 -6.9227640071e+00 )	( 2.7518849384e+00 0.0000000000e+00 -6.9266335534e+00 )	( 1.6879807139e-02 0.0000000000e+00 3.8695463225e-03 )
130              	( 2.7674793550e+00 0.0000000000e+00 -6.9160028198e+00 )	( 2.7506022493e+00 0.0000000000e+00 -6.9198751793e+00 )	( 1.6877105744e-02 0.0000000000e+00 3.8723595294e-03 )
131              	( 2.7664868797e+00 0.0000000000e+00 -6.9099649664e+00 )	( 2.7496115799e+00 0.0000000000e+00 -6.9138404015e+00 )	( 1.6875299791e-02 0.0000000000e+00 3.8754350435e-03 )
132              	( 2.7657327326e+00 0.0000000000e+00 -6.9046245388e+00 )	( 2.7488584021e+00 0.0000000000e+00 -6.9085032251e+00 )	( 1.6874330508e-02 0.0000000000e+00 3.8786863619e-03 )
133              	( 2.7651671340e+00 0.0000000000e+00 -6.8999608151e+00 )	( 2.7482929786e+00 0.0000000000e+00 -6.9038428778e+00 )	( 1.6874155382e-02 0.0000000000e+00 3.8820627047e-03 )
134              	( 2.7647135668e+00 0.0000000000e+00 -6.8958835492e+00 )	( 2.7478388705e+00 0.0000000000e+00 -6.8997690582e+00 )	( 1.6874696251e-02 0.0000000000e+00 3.8855089849e-03 )
135              	( 2.7643169567e+00 0.0000000000e+00 -6.8923070956e+00 )	( 2.7474410448e+00 0.0000000000e+00 -6.8961961005e+00 )	( 1.6875911984e-02 0.0000000000e+00 3.8890048907e-03 )
136              	( 2.7638808962e+00 0.0000000000e+00 -6.8890856100e+00 )	( 2.7470031825e+00 0.0000000000e+00 -6.8929781264e+00 )	( 1.6877713663e-02 0.0000000000e+00 3.8925163873e-03 )
137              	( 2.7634196826e+00 0.0000000000e+00 -6.8862090631e+00 )	( 2.7465396097e+00 0.0000000000e+00 -6.8901051219e+00 )	( 1.6880072973e-02 0.0000000000e+00 3.8960587933e-03 )
138              	( 2.7628888751e+00 0.0000000000e+00 -6.8835839908e+00 )	( 2.7460060078e+00 0.0000000000e+00 -6.8874835827e+00 )	( 1.6882867369e-02 0.0000000000e+00 3.8995919070e-03 )
139              	( 2.7622657290e+00 0.0000000000e+00 -6.8811554296e+00 )	( 2.7453796888e+00 0.0000000000e+00 -6.8850585237e+00 )	( 1.6886040265e-02 0.0000000000e+00 3.9030941294e-03 )
140              	( 2.7616060333e+00 0.0000000000e+00 -6.8789468505e+00 )	( 2.7447163970e+00 0.0000000000e+00 -6.8828534927e+00 )	( 1.6889636285e-02 0.0000000000e+00 3.9066421475e-03 )
141              	( 2.7609561326e+00 0.0000000000e+00 -6.8769978412e+00 )	( 2.7440625872e+00 0.0000000000e+00 -6.8809080311e+00 )	( 1.6893545429e-02 0.0000000000e+00 3.9101898514e-03 )
142              	( 2.7603325338e+00 0.0000000000e+00 -6.8753152638e+00 )	( 2.7434348326e+00 0.0000000000e+00 -6.8792289754e+00 )	( 1.6897701258e-02 0.0000000000e+00 3.9137116120e-03 )
143              	( 2.7598113406e+00 0.0000000000e+00 -6.8739928765e+00 )	( 2.7429093422e+00 0.0000000000e+00 -6.8779100330e+00 )	( 1.6901998418e-02 0.0000000000e+00 3.9171565019e-03 )
144              	( 2.7594577016e+00 0.0000000000e+00 -6.8730990420e+00 )	( 2.7425513534e+00 0.0000000000e+00 -6.8770195055e+00 )	( 1.6906348203e-02 0.0000000000e+00 3.9204634960e-03 )
145              	( 2.7593294842e+00 0.0000000000e+00 -6.8727292913e+00 )	( 2.7424188074e+00 0.0000000000e+00 -6.8766528790e+00 )	( 1.6910676846e-02 0.0000000000e+00 3.9235876871e-03 )
146              	( 2.7593681084e+00 0.0000000000e+00 -6.8727806888e+00 )	( 2.7424531637e+00 0.0000000000e+00 -6.8767071762e+00 )	( 1.6914944709e-02 0.0000000000e+00 3.9264873382e-03 )
147              	( 2.7596459476e+00 0.0000000000e+00 -6.8733462319e+00 )	( 2.7427268005e+00 0.0000000000e+00 -6.8772753854e+00 )	( 1.6919147150e-02 0.0000000000e+00 3.9291534769e-03 )
148              	( 2.7601825541e+00 0.0000000000e+00 -6.8744491784e+00 )	( 2.7432593066e+00 0.0000000000e+00 -6.8783807263e+00 )	( 1.6923247533e-02 0.0000000000e+00 3.9315479852e-03 )
149              	( 2.7609519884e+00 0.0000000000e+00 -6.8760566020e+00 )	( 2.7440247695e+00 0.0000000000e+00 -6.8799902431e+00 )	( 1.6927218876e-02 0.0000000000e+00 3.9336410636e-03 )
150              	( 2.7619123246e+00 0.0000000000e+00 -6.8781025129e+00 )	( 2.7449812755e+00 0.0000000000e+00 -6.8820379397e+00 )	( 1.6931049037e-02 0.0000000000e+00 3.9354267896e-03 )
151              	( 2.7630391213e+00 0.0000000000e+00 -6.8805474512e+00 )	( 2.7461044042e+00 0.0000000000e+00 -6.8844843443e+00 )	( 1.6934717092e-02 0.0000000000e+00 3.9368930483e-03 )
152              	( 2.7642986990e+00 0.0000000000e+00 -6.8833351632e+00 )	( 2.7473604991e+00 0.0000000000e+00 -6.8872732001e+00 )	( 1.6938199817e-02 0.0000000000e+00 3.9380369176e-03 )
153              	( 2.7655274377e+00 0.0000000000e+00 -6.8862171308e+00 )	( 2.7485859941e+00 0.0000000000e+00 -6.8901559804e+00 )	( 1.6941443557e-02 0.0000000000e+00 3.9388495309e-03 )
154              	( 2.7667322607e+00 0.0000000000e+00 -6.8891678899e+00 )	( 2.7497878034e+00 0.0000000000e+00 -6.8931072575e+00 )	( 1.6944457259e-02 0.0000000000e+00 3.9393676370e-03 )
155              	( 2.7678813978e+00 0.0000000000e+00 -6.8921118892e+00 )	( 2.7509341547e+00 0.0000000000e+00 -6.8960515118e+00 )	( 1.6947243089e-02 0.0000000000e+00 3.9396226441e-03 )
156              	( 2.7688538664e+00 0.0000000000e+00 -6.8948454684e+00 )	( 2.7519040962e+00 0.0000000000e+00 -6.8987851113e+00 )	( 1.6949770116e-02 0.0000000000e+00 3.9396428218e-03 )
157              	( 2.7698137605e+00 0.0000000000e+00 -6.8975651678e+00 )	( 2.7528616448e+00 0.0000000000e+00 -6.9015046712e+00 )	( 1.6952115718e-02 0.0000000000e+00 3.9395033505e-03 )
158              	( 2.7706761183e+00 0.0000000000e+00 -6.9001459380e+00 )	( 2.7537218734e+00 0.0000000000e+00 -6.9040851481e+00 )	( 1.6954244881e-02 0.0000000000e+00 3.9392101518e-03 )
159              	( 2.7714696055e+00 0.0000000000e+00 -6.9025946869e+00 )	( 2.7545133898e+00 0.0000000000e+00 -6.9065335152e+00 )	( 1.6956215691e-02 0.0000000000e+00 3.9388282717e-03 )
160              	( 2.7721471742e+00 0.0000000000e+00 -6.9048442099e+00 )	( 2.7551891860e+00 0.0000000000e+00 -6.9087825678e+00 )	( 1.6957988132e-02 0.0000000000e+00 3.9383578592e-03 )
161              	( 2.7726924702e+00 0.0000000000e+00 -6.9068555303e+00 )	( 2.7557328929e+00 0.0000000000e+00 -6.9107933621e+00 )	( 1.6959577318e-02 0.0000000000e+00 3.9378318634e-03 )
162              	( 2.7731342120e+00 0.0000000000e+00 -6.9086566198e+00 )	( 2.7561732221e+00 0.0000000000e+00 -6.9125938923e+00 )	( 1.6960989963e-02 0.0000000000e+00 3.9372725558e-03 )
163              	( 2.7734972525e+00 0.0000000000e+00 -6.9102746213e+00 )	( 2.7565350358e+00 0.0000000000e+00 -6.9142113022e+00 )	( 1.6962216672e-02 0.0000000000e+00 3.9366809307e-03 )
164              	( 2.7738039468e+00 0.0000000000e+00 -6.9117380046e+00 )	( 2.7568406888e+00 0.0000000000e+00 -6.9156740677e+00 )	( 1.6963258014e-02 0.0000000000e+00 3.9360630791e-03 )
165              	( 2.7740751887e+00 0.0000000000e+00 -6.9130780377e+00 )	( 2.7571110567e+00 0.0000000000e+00 -6.9170134672e+00 )	( 1.6964132000e-02 0.0000000000e+00 3.9354294998e-03 )
166              	( 2.7743438130e+00 0.0000000000e+00 -6.9143414100e+00 )	( 2.7573789697e+00 0.0000000000e+00 -6.9182761923e+00 )	( 1.6964843323e-02 0.0000000000e+00 3.9347822868e-03 )
167              	( 2.7746041079e+00 0.0000000000e+00 -6.9155287446e+00 )	( 2.7576387089e+00 0.0000000000e+00 -6.9194628619e+00 )	( 1.6965399021e-02 0.0000000000e+00 3.9341173514e-03 )
168              	( 2.7748799978e+00 0.0000000000e+00 -6.9166818921e+00 )	( 2.7579141915e+00 0.0000000000e+00 -6.9206153239e+00 )	( 1.6965806340e-02 0.0000000000e+00 3.9334317991e-03 )
169              	( 2.7751773032e+00 0.0000000000e+00 -6.9178162223e+00 )	( 2.7582112301e+00 0.0000000000e+00 -6.9217489406e+00 )	( 1.6966073073e-02 0.0000000000e+00 3.9327182999e-03 )
170              	( 2.7754952239e+00 0.0000000000e+00 -6.9189380221e+00 )	( 2.7585290205e+00 0.0000000000e+00 -6.9228699947e+00 )	( 1.6966203479e-02 0.0000000000e+00 3.9319725967e-03 )
171              	( 2.7758275459e+00 0.0000000000e+00 -6.9200441034e+00 )	( 2.7588613342e+00 0.0000000000e+00 -6.9239752987e+00 )	( 1.6966211695e-02 0.0000000000e+00 3.9311953185e-03 )
172              	( 2.7761448881e+00 0.0000000000e+00 -6.9210988214e+00 )	( 2.7591787945e+00 0.0000000000e+00 -6.9250292040e+00 )	( 1.6966093658e-02 0.0000000000e+00 3.9303826357e-03 )
173              	( 2.7764189582e+00 0.0000000000e+00 -6.9220629410e+00 )	( 2.7594531026e+00 0.0000000000e+00 -6.9259924797e+00 )	( 1.6965855553e-02 0.0000000000e+00 3.9295387822e-03 )
174              	( 2.7766790966e+00 0.0000000000e+00 -6.9229706448e+00 )	( 2.7597135735e+00 0.0000000000e+00 -6.9268993270e+00 )	( 1.6965523135e-02 0.0000000000e+00 3.9286822169e-03 )
175              	( 2.7769117305e+00 0.0000000000e+00 -6.9238038930e+00 )	( 2.7599466251e+00 0.0000000000e+00 -6.9277317101e+00 )	( 1.6965105385e-02 0.0000000000e+00 3.9278170584e-03 )
176              	( 2.7771027687e+00 0.0000000000e+00 -6.9245423297e+00 )	( 2.7601381605e+00 0.0000000000e+00 -6.9284692814e+00 )	( 1.6964608212e-02 0.0000000000e+00 3.9269517823e-03 )
177              	( 2.7772463230e+00 0.0000000000e+00 -6.9251743332e+00 )	( 2.7602822765e+00 0.0000000000e+00 -6.9291004321e+00 )	( 1.6964046533e-02 0.0000000000e+00 3.9260989327e-03 )
178              	( 2.7773397344e+00 0.0000000000e+00 -6.9256919091e+00 )	( 2.7603763076e+00 0.0000000000e+00 -6.9296171772e+00 )	( 1.6963426778e-02 0.0000000000e+00 3.9252680396e-03 )
179              	( 2.7773813426e+00 0.0000000000e+00 -6.9260906902e+00 )	( 2.7604185814e+00 0.0000000000e+00 -6.9300151598e+00 )	( 1.6962761197e-02 0.0000000000e+00 3.9244695928e-03 )
180              	( 2.7773739201e+00 0.0000000000e+00 -6.9263713354e+00 )	( 2.7604118660e+00 0.0000000000e+00 -6.9302950456e+00 )	( 1.6962054113e-02 0.0000000000e+00 3.9237102138e-03 )
181              	( 2.7773238041e+00 0.0000000000e+00 -6.9265395410e+00 )	( 2.7603624872e+00 0.0000000000e+00 -6.9304625418e+00 )	( 1.6961316897e-02 0.0000000000e+00 3.9230007516e-03 )
182              	( 2.7772363630e+00 0.0000000000e+00 -6.9266028848e+00 )	( 2.7602758144e+00 0.0000000000e+00 -6.9305252240e+00 )	( 1.6960548529e-02 0.0000000000e+00 3.9223391748e-03 )
183              	( 2.7771157207e+00 0.0000000000e+00 -6.9265680491e+00 )	( 2.7601559609e+00 0.0000000000e+00 -6.9304897792e+00 )	( 1.6959759830e-02 0.0000000000e+00 3.9217301049e-03 )
184              	( 2.7769712222e+00 0.0000000000e+00 -6.9264496267e+00 )	( 2.7600122646e+00 0.0000000000e+00 -6.9303708048e+00 )	( 1.6958957666e-02 0.0000000000e+00 3.9211780783e-03 )
185              	( 2.7768123407e+00 0.0000000000e+00 -6.9262638200e+00 )	( 2.7598541885e+00 0.0000000000e+00 -6.9301845057e+00 )	( 1.6958152182e-02 0.0000000000e+00 3.9206856549e-03 )
186              	( 2.7766407678e+00 0.0000000000e+00 -6.9260173665e+00 )	( 2.7596834281e+00 0.0000000000e+00 -6.9299376131e+00 )	( 1.6957339669e-02 0.0000000000e+00 3.9202465460e-03 )
187              	( 2.7764595271e+00 0.0000000000e+00 -6.9257188969e+00 )	( 2.7595030053e+00 0.0000000000e+00 -6.9296387528e+00 )	( 1.6956521886e-02 0.0000000000e+00 3.9198558564e-03 )
188              	( 2.7762984397e+00 0.0000000000e+00 -6.9254125951e+00 )	( 2.7593427305e+00 0.0000000000e+00 -6.9293321081e+00 )	( 1.6955709173e-02 0.0000000000e+00 3.9195129707e-03 )
189              	( 2.7761650389e+00 0.0000000000e+00 -6.9251160744e+00 )	( 2.7592101316e+00 0.0000000000e+00 -6.9290352855e+00 )	( 1.6954907380e-02 0.0000000000e+00 3.9192110863e-03 )
190              	( 2.7760625355e+00 0.0000000000e+00 -6.9248407338e+00 )	( 2.7591084143e+00 0.0000000000e+00 -6.9287596785e+00 )	( 1.6954121227e-02 0.0000000000e+00 3.9189447514e-03 )
191              	( 2.7759892169e+00 0.0000000000e+00 -6.9245906442e+00 )	( 2.7590358595e+00 0.0000000000e+00 -6.9285093534e+00 )	( 1.6953357411e-02 0.0000000000e+00 3.9187092929e-03 )
192              	( 2.7759407199e+00 0.0000000000e+00 -6.9243651420e+00 )	( 2.7589881024e+00 0.0000000000e+00 -6.9282836409e+00 )	( 1.6952617502e-02 0.0000000000e+00 3.9184989541e-03 )
193              	( 2.7759005160e+00 0.0000000000e+00 -6.9241458234e+00 )	( 2.7589486147e+00 0.0000000000e+00 -6.9280641315e+00 )	( 1.6951901306e-02 0.0000000000e+00 3.9183081271e-03 )
194              	( 2.7758584555e+00 0.0000000000e+00 -6.9239201356e+00 )	( 2.7589072484e+00 0.0000000000e+00 -6.9278382691e+00 )	( 1.6951207059e-02 0.0000000000e+00 3.9181334348e-03 )
195              	( 2.7758229347e+00 0.0000000000e+00 -6.9236987278e+00 )	( 2.7588723913e+00 0.0000000000e+00 -6.9276167044e+00 )	( 1.6950543327e-02 0.0000000000e+00 3.9179765947e-03 )
196              	( 2.7757895529e+00 0.0000000000e+00 -6.9234767757e+00 )	( 2.7588396423e+00 0.0000000000e+00 -6.9273946118e+00 )	( 1.6949910689e-02 0.0000000000e+00 3.9178361595e-03 )
197              	( 2.7757525691e+00 0.0000000000e+00 -6.9232467855e+00 )	( 2.7588032545e+00 0.0000000000e+00 -6.9271644999e+00 )	( 1.6949314596e-02 0.0000000000e+00 3.9177144188e-03 )
198              	( 2.7757068409e+00 0.0000000000e+00 -6.9230011584e+00 )	( 2.7587580850e+00 0.0000000000e+00 -6.9269187711e+00 )	( 1.6948755886e-02 0.0000000000e+00 3.9176126440e-03 )
199              	( 2.7756489514e+00 0.0000000000e+00 -6.9227342454e+00 )	( 2.7587007127e+00 0.0000000000e+00 -6.9266517793e+00 )	( 1.6948238719e-02 0.0000000000e+00 3.9175339244e-03 )
200              	( 2.7755780786e+00 0.0000000000e+00 -6.9224433692e+00 )	( 2.7586303135e+00 0.0000000000e+00 -6.9263608508e+00 )	( 1.6947765129e-02 0.0000000000e+00 3.9174815848e-03 )
201              	( 2.7754903561e+00 0.0000000000e+00 -6.9221225395e+00 )	( 2.7585430180e+00 0.0000000000e+00 -6.9260399979e+00 )	( 1.6947338072e-02 0.0000000000e+00 3.9174584159e-03 )
202              	( 2.7753885399e+00 0.0000000000e+00 -6.9217754986e+00 )	( 2.7584415835e+00 0.0000000000e+00 -6.9256929635e+00 )	( 1.6946956410e-02 0.0000000000e+00 3.9174649406e-03 )
203              	( 2.7752764170e+00 0.0000000000e+00 -6.9214074984e+00 )	( 2.7583297953e+00 0.0000000000e+00 -6.9253250004e+00 )	( 1.6946621709e-02 0.0000000000e+00 3.9175020203e-03 )
204              	( 2.7751582005e+00 0.0000000000e+00 -6.9210250319e+00 )	( 2.7582118681e+00 0.0000000000e+00 -6.9249426005e+00 )	( 1.6946332415e-02 0.0000000000e+00 3.9175686292e-03 )
205              	( 2.7750379966e+00 0.0000000000e+00 -6.9206351025e+00 )	( 2.7580919071e+00 0.0000000000e+00 -6.9245527667e+00 )	( 1.6946089516e-02 0.0000000000e+00 3.9176641690e-03 )
206              	( 2.7749201127e+00 0.0000000000e+00 -6.9202455167e+00 )	( 2.7579742216e+00 0.0000000000e+00 -6.9241633029e+00 )	( 1.6945891111e-02 0.0000000000e+00 3.9177862153e-03 )
207              	( 2.7748088564e+00 0.0000000000e+00 -6.9198645904e+00 )	( 2.7578631190e+00 0.0000000000e+00 -6.9237825230e+00 )	( 1.6945737405e-02 0.0000000000e+00 3.9179325441e-03 )
208              	( 2.7747080531e+00 0.0000000000e+00 -6.9195003196e+00 )	( 2.7577624271e+00 0.0000000000e+00 -6.9234184190e+00 )	( 1.6945625950e-02 0.0000000000e+00 3.9180993550e-03 )
209              	( 2.7746206747e+00 0.0000000000e+00 -6.9191595982e+00 )	( 2.7576751182e+00 0.0000000000e+00 -6.9230778817e+00 )	( 1.6945556438e-02 0.0000000000e+00 3.9182834255e-03 )
210              	( 2.7745489521e+00 0.0000000000e+00 -6.9188482905e+00 )	( 2.7576034256e+00 0.0000000000e+00 -6.9227667711e+00 )	( 1.6945526413e-02 0.0000000000e+00 3.9184805750e-03 )
211              	( 2.7744934765e+00 0.0000000000e+00 -6.9185698432e+00 )	( 2.7575479414e+00 0.0000000000e+00 -6.9224885306e+00 )	( 1.6945535129e-02 0.0000000000e+00 3.9186874314e-03 )
212              	( 2.7744538783e+00 0.0000000000e+00 -6.9183260182e+00 )	( 2.7575082984e+00 0.0000000000e+00 -6.9222449184e+00 )	( 1.6945579844e-02 0.0000000000e+00 3.9189001497e-03 )
213              	( 2.7744287661e+00 0.0000000000e+00 -6.9181166499e+00 )	( 2.7574831064e+00 0.0000000000e+00 -6.9220357660e+00 )	( 1.6945659668e-02 0.0000000000e+00 3.9191161514e-03 )
214              	( 2.7744161011e+00 0.0000000000e+00 -6.9179401951e+00 )	( 2.7574703292e+00 0.0000000000e+00 -6.9218595278e+00 )	( 1.6945771911e-02 0.0000000000e+00 3.9193326938e-03 )
215              	( 2.7744131995e+00 0.0000000000e+00 -6.9177938107e+00 )	( 2.7574672844e+00 0.0000000000e+00 -6.9217133589e+00 )	( 1.6945915139e-02 0.0000000000e+00 3.9195481816e-03 )
216              	( 2.7744169567e+00 0.0000000000e+00 -6.9176730160e+00 )	( 2.7574708700e+00 0.0000000000e+00 -6.9215927771e+00 )	( 1.6946086661e-02 0.0000000000e+00 3.9197610967e-03 )
217              	( 2.7744249977e+00 0.0000000000e+00 -6.9175748324e+00 )	( 2.7574787127e+00 0.0000000000e+00 -6.9214948035e+00 )	( 1.6946284974e-02 0.0000000000e+00 3.9199711082e-03 )
218              	( 2.7744345635e+00 0.0000000000e+00 -6.9174944557e+00 )	( 2.7574880565e+00 0.0000000000e+00 -6.9214146332e+00 )	( 1.6946507034e-02 0.0000000000e+00 3.9201775111e-03 )
219              	( 2.7744437420e+00 0.0000000000e+00 -6.9174284235e+00 )	( 2.7574969908e+00 0.0000000000e+00 -6.9213488041e+00 )	( 1.6946751190e-02 0.0000000000e+00 3.9203806190e-03 )
220              	( 2.7744511633e+00 0.0000000000e+00 -6.9173737975e+00 )	( 2.7575041491e+00 0.0000000000e+00 -6.9212943778e+00 )	( 1.6947014199e-02 0.0000000000e+00 3.9205802285e-03 )
221              	( 2.7744562721e+00 0.0000000000e+00 -6.9173287121e+00 )	( 2.7575089781e+00 0.0000000000e+00 -6.9212494887e+00 )	( 1.6947294016e-02 0.0000000000e+00 3.9207766663e-03 )
222              	( 2.7744591782e+00 0.0000000000e+00 -6.9172922693e+00 )	( 2.7575115910e+00 0.0000000000e+00 -6.9212132388e+00 )	( 1.6947587278e-02 0.0000000000e+00 3.9209695849e-03 )
223              	( 2.7744607365e+00 0.0000000000e+00 -6.9172647399e+00 )	( 2.7575128447e+00 0.0000000000e+00 -6.9211858988e+00 )	( 1.6947891782e-02 0.0000000000e+00 3.9211589286e-03 )
224              	( 2.7744622670e+00 0.0000000000e+00 -6.9172472409e+00 )	( 2.7575140629e+00 0.0000000000e+00 -6.9211685847e+00 )	( 1.6948204128e-02 0.0000000000e+00 3.9213438365e-03 )
225              	( 2.7744654049e+00 0.0000000000e+00 -6.9172415378e+00 )	( 2.7575168828e+00 0.0000000000e+00 -6.9211630614e+00 )	( 1.6948522068e-02 0.0000000000e+00 3.9215236350e-03 )
226              	( 2.7744718726e+00 0.0000000000e+00 -6.9172497351e+00 )	( 2.7575230303e+00 0.0000000000e+00 -6.9211714320e+00 )	( 1.6948842265e-02 0.0000000000e+00 3.9216968499e-03 )
227              	( 2.7744779294e+00 0.0000000000e+00 -6.9172668397e+00 )	( 2.7575287698e+00 0.0000000000e+00 -6.9211887006e+00 )	( 1.6949159604e-02 0.0000000000e+00 3.9218608313e-03 )
228              	( 2.7744894750e+00 0.0000000000e+00 -6.9173001081e+00 )	( 2.7575400021e+00 0.0000000000e+00 -6.9212221234e+00 )	( 1.6949472984e-02 0.0000000000e+00 3.9220153449e-03 )
229              	( 2.7745110452e+00 0.0000000000e+00 -6.9173557421e+00 )	( 2.7575612639e+00 0.0000000000e+00 -6.9212779012e+00 )	( 1.6949781229e-02 0.0000000000e+00 3.9221590563e-03 )
230              	( 2.7745434542e+00 0.0000000000e+00 -6.9174353479e+00 )	( 2.7575933717e+00 0.0000000000e+00 -6.9213576382e+00 )	( 1.6950082504e-02 0.0000000000e+00 3.9222903131e-03 )
231              	( 2.7745861945e+00 0.0000000000e+00 -6.9175385557e+00 )	( 2.7576358188e+00 0.0000000000e+00 -6.9214609637e+00 )	( 1.6950375736e-02 0.0000000000e+00 3.9224079869e-03 )
232              	( 2.7746378295e+00 0.0000000000e+00 -6.9176634287e+00 )	( 2.7576871706e+00 0.0000000000e+00 -6.9215859393e+00 )	( 1.6950658884e-02 0.0000000000e+00 3.9225105496e-03 )
233              	( 2.7746964916e+00 0.0000000000e+00 -6.9178072197e+00 )	( 2.7577455607e+00 0.0000000000e+00 -6.9217298171e+00 )	( 1.6950930960e-02 0.0000000000e+00 3.9225974804e-03 )
234              	( 2.7747599154e+00 0.0000000000e+00 -6.9179662932e+00 )	( 2.7578087250e+00 0.0000000000e+00 -6.9218889615e+00 )	( 1.6951190391e-02 0.0000000000e+00 3.9226683229e-03 )
235              	( 2.7748250028e+00 0.0000000000e+00 -6.9181356413e+00 )	( 2.7578735670e+00 0.0000000000e+00 -6.9220583642e+00 )	( 1.6951435735e-02 0.0000000000e+00 3.9227229495e-03 )
236              	( 2.7748863976e+00 0.0000000000e+00 -6.9183068843e+00 )	( 2.7579347338e+00 0.0000000000e+00 -6.9222296452e+00 )	( 1.6951663847e-02 0.0000000000e+00 3.9227608782e-03 )
237              	( 2.7749472214e+00 0.0000000000e+00 -6.9184823620e+00 )	( 2.7579953452e+00 0.0000000000e+00 -6.9224051464e+00 )	( 1.6951876235e-02 0.0000000000e+00 3.9227843867e-03 )
238              	( 2.7750063803e+00 0.0000000000e+00 -6.9186594754e+00 )	( 2.7580543089e+00 0.0000000000e+00 -6.9225822691e+00 )	( 1.6952071416e-02 0.0000000000e+00 3.9227937416e-03 )
239              	( 2.7750623404e+00 0.0000000000e+00 -6.9188348813e+00 )	( 2.7581100908e+00 0.0000000000e+00 -6.9227576717e+00 )	( 1.6952249554e-02 0.0000000000e+00 3.9227904025e-03 )
240              	( 2.7751142572e+00 0.0000000000e+00 -6.9190061693e+00 )	( 2.7581618471e+00 0.0000000000e+00 -6.9229289448e+00 )	( 1.6952410082e-02 0.0000000000e+00 3.9227755747e-03 )
241              	( 2.7751618571e+00 0.0000000000e+00 -6.9191715786e+00 )	( 2.7582093034e+00 0.0000000000e+00 -6.9230943297e+00 )	( 1.6952553672e-02 0.0000000000e+00 3.9227511116e-03 )
242              	( 2.7752042673e+00 0.0000000000e+00 -6.9193286809e+00 )	( 2.7582515869e+00 0.0000000000e+00 -6.9232513994e+00 )	( 1.6952680341e-02 0.0000000000e+00 3.9227185213e-03 )
243              	( 2.7752415693e+00 0.0000000000e+00 -6.9194767887e+00 )	( 2.7582887790e+00 0.0000000000e+00 -6.9233994677e+00 )	( 1.6952790286e-02 0.0000000000e+00 3.9226789487e-03 )
244              	( 2.7752745608e+00 0.0000000000e+00 -6.9196162178e+00 )	( 2.7583216777e+00 0.0000000000e+00 -6.9235388508e+00 )	( 1.6952883113e-02 0.0000000000e+00 3.9226330420e-03 )
245              	( 2.7753041974e+00 0.0000000000e+00 -6.9197476596e+00 )	( 2.7583512383e+00 0.0000000000e+00 -6.9236702410e+00 )	( 1.6952959057e-02 0.0000000000e+00 3.9225814413e-03 )
246              	( 2.7753313946e+00 0.0000000000e+00 -6.9198719198e+00 )	( 2.7583783766e+00 0.0000000000e+00 -6.9237944443e+00 )	( 1.6953018041e-02 0.0000000000e+00 3.9225245399e-03 )
247              	( 2.7753569621e+00 0.0000000000e+00 -6.9199898439e+00 )	( 2.7584039014e+00 0.0000000000e+00 -6.9239123067e+00 )	( 1.6953060670e-02 0.0000000000e+00 3.9224628341e-03 )
248              	( 2.7753815811e+00 0.0000000000e+00 -6.9201022267e+00 )	( 2.7584284939e+00 0.0000000000e+00 -6.9240246233e+00 )	( 1.6953087222e-02 0.0000000000e+00 3.9223965913e-03 )
249              	( 2.7754057703e+00 0.0000000000e+00 -6.9202097357e+00 )	( 2.7584526718e+00 0.0000000000e+00 -6.9241320619e+00 )	( 1.6953098570e-02 0.0000000000e+00 3.9223261904e-03 )
250              	( 2.7754298311e+00 0.0000000000e+00 -6.9203128192e+00 )	( 2.7584767359e+00 0.0000000000e+00 -6.9242350711e+00 )	( 1.6953095212e-02 0.0000000000e+00 3.9222518253e-03 )
251              	( 2.7754538236e+00 0.0000000000e+00 -6.9204116139e+00 )	( 2.7585007454e+00 0.0000000000e+00 -6.9243337878e+00 )	( 1.6953078196e-02 0.0000000000e+00 3.9221738745e-03 )
252              	( 2.7754775633e+00 0.0000000000e+00 -6.9205059036e+00 )	( 2.7585245151e+00 0.0000000000e+00 -6.9244279963e+00 )	( 1.6953048226e-02 0.0000000000e+00 3.9220926350e-03 )
253              	( 2.7755006395e+00 0.0000000000e+00 -6.9205951263e+00 )	( 2.7585476330e+00 0.0000000000e+00 -6.9245171350e+00 )	( 1.6953006503e-02 0.0000000000e+00 3.9220086487e-03 )
254              	( 2.7755225122e+00 0.0000000000e+00 -6.9206784934e+00 )	( 2.7585695583e+00 0.0000000000e+00 -6.9246004158e+00 )	( 1.6952953890e-02 0.0000000000e+00 3.9219224383e-03 )
255              	( 2.7755425046e+00 0.0000000000e+00 -6.9207549689e+00 )	( 2.7585896129e+00 0.0000000000e+00 -6.9246768037e+00 )	( 1.6952891684e-02 0.0000000000e+00 3.9218347782e-03 )
256              	( 2.7755599229e+00 0.0000000000e+00 -6.9208234404e+00 )	( 2.7586071021e+00 0.0000000000e+00 -6.9247451868e+00 )	( 1.6952820827e-02 0.0000000000e+00 3.9217464172e-03 )
257              	( 2.7755741249e+00 0.0000000000e+00 -6.9208828289e+00 )	( 2.7586213823e+00 0.0000000000e+00 -6.9248044872e+00 )	( 1.6952742637e-02 0.0000000000e+00 3.9216583148e-03 )
258              	( 2.7755845690e+00 0.0000000000e+00 -6.9209321683e+00 )	( 2.7586319110e+00 0.0000000000e+00 -6.9248537396e+00 )	( 1.6952658063e-02 0.0000000000e+00 3.9215713506e-03 )
259              	( 2.7755908823e+00 0.0000000000e+00 -6.9209707293e+00 )	( 2.7586383140e+00 0.0000000000e+00 -6.9248922158e+00 )	( 1.6952568384e-02 0.0000000000e+00 3.9214865360e-03 )
260              	( 2.7755928941e+00 0.0000000000e+00 -6.9209980889e+00 )	( 2.7586404196e+00 0.0000000000e+00 -6.9249194936e+00 )	( 1.6952474469e-02 0.0000000000e+00 3.9214046998e-03 )
261              	( 2.7755906499e+00 0.0000000000e+00 -6.9210141779e+00 )	( 2.7586382724e+00 0.0000000000e+00 -6.9249355047e+00 )	( 1.6952377488e-02 0.0000000000e+00 3.9213267244e-03 )
262              	( 2.7755843950e+00 0.0000000000e+00 -6.9210192750e+00 )	( 2.7586321167e+00 0.0000000000e+00 -6.9249405283e+00 )	( 1.6952278301e-02 0.0000000000e+00 3.9212533143e-03 )
263              	( 2.7755745602e+00 0.0000000000e+00 -6.9210140040e+00 )	( 2.7586223823e+00 0.0000000000e+00 -6.9249351891e+00 )	( 1.6952177884e-02 0.0000000000e+00 3.9211850405e-03 )
264              	( 2.7755617164e+00 0.0000000000e+00 -6.9209992803e+00 )	( 2.7586096394e+00 0.0000000000e+00 -6.9249204026e+00 )	( 1.6952076986e-02 0.0000000000e+00 3.9211223147e-03 )
265              	( 2.7755465308e+00 0.0000000000e+00 -6.9209762515e+00 )	( 2.7585945543e+00 0.0000000000e+00 -6.9248973168e+00 )	( 1.6951976442e-02 0.0000000000e+00 3.9210653819e-03 )
266              	( 2.7755297073e+00 0.0000000000e+00 -6.9209462067e+00 )	( 2.7585778305e+00 0.0000000000e+00 -6.9248672210e+00 )	( 1.6951876884e-02 0.0000000000e+00 3.9210143358e-03 )
267              	( 2.7755119331e+00 0.0000000000e+00 -6.9209104918e+00 )	( 2.7585601541e+00 0.0000000000e+00 -6.9248314609e+00 )	( 1.6951779021e-02 0.0000000000e+00 3.9209691242e-03 )
268              	( 2.7754938305e+00 0.0000000000e+00 -6.9208704226e+00 )	( 2.7585421471e+00 0.0000000000e+00 -6.9247913522e+00 )	( 1.6951683384e-02 0.0000000000e+00 3.9209295910e-03 )
269              	( 2.7754759264e+00 0.0000000000e+00 -6.9208272250e+00 )	( 2.7585243358e+00 0.0000000000e+00 -6.9247481205e+00 )	( 1.6951590576e-02 0.0000000000e+00 3.9208954820e-03 )
270              	( 2.7754586262e+00 0.0000000000e+00 -6.9207819760e+00 )	( 2.7585071252e+00 0.0000000000e+00 -6.9247028425e+00 )	( 1.6951501045e-02 0.0000000000e+00 3.9208665044e-03 )
271              	( 2.7754421523e+00 0.0000000000e+00 -6.9207354919e+00 )	( 2.7584907370e+00 0.0000000000e+00 -6.9246563342e+00 )	( 1.6951415291e-02 0.0000000000e+00 3.9208423205e-03 )
272              	( 2.7754265809e+00 0.0000000000e+00 -6.9206883527e+00 )	( 2.7584752472e+00 0.0000000000e+00 -6.9246091754e+00 )	( 1.6951333706e-02 0.0000000000e+00 3.9208226433e-03 )
273              	( 2.7754119444e+00 0.0000000000e+00 -6.9206410594e+00 )	( 2.7584606878e+00 0.0000000000e+00 -6.9245618665e+00 )	( 1.6951256650e-02 0.0000000000e+00 3.9208071210e-03 )
274              	( 2.7753980627e+00 0.0000000000e+00 -6.9205937395e+00 )	( 2.7584468783e+00 0.0000000000e+00 -6.9245145350e+00 )	( 1.6951184432e-02 0.0000000000e+00 3.9207955300e-03 )
275              	( 2.7753847459e+00 0.0000000000e+00 -6.9205464678e+00 )	( 2.7584336285e+00 0.0000000000e+00 -6.9244672554e+00 )	( 1.6951117354e-02 0.0000000000e+00 3.9207876434e-03 )
276              	( 2.7753717615e+00 0.0000000000e+00 -6.9204991958e+00 )	( 2.7584207059e+00 0.0000000000e+00 -6.9244199791e+00 )	( 1.6951055615e-02 0.0000000000e+00 3.9207833165e-03 )
277              	( 2.7753588787e+00 0.0000000000e+00 -6.9204518235e+00 )	( 2.7584078793e+00 0.0000000000e+00 -6.9243726059e+00 )	( 1.6950999419e-02 0.0000000000e+00 3.9207824115e-03 )
278              	( 2.7753458988e+00 0.0000000000e+00 -6.9204042494e+00 )	( 2.7583949499e+00 0.0000000000e+00 -6.9243250342e+00 )	( 1.6950948863e-02 0.0000000000e+00 3.9207848541e-03 )
279              	( 2.7753326798e+00 0.0000000000e+00 -6.9203564157e+00 )	( 2.7583817758e+00 0.0000000000e+00 -6.9242772063e+00 )	( 1.6950904037e-02 0.0000000000e+00 3.9207905475e-03 )
280              	( 2.7753191592e+00 0.0000000000e+00 -6.9203083502e+00 )	( 2.7583682943e+00 0.0000000000e+00 -6.9242291496e+00 )	( 1.6950864937e-02 0.0000000000e+00 3.9207994307e-03 )
281              	( 2.7753053535e+00 0.0000000000e+00 -6.9202601811e+00 )	( 2.7583545220e+00 0.0000000000e+00 -6.9241809925e+00 )	( 1.6950831535e-02 0.0000000000e+00 3.9208113820e-03 )
282              	( 2.7752913636e+00 0.0000000000e+00 -6.9202121483e+00 )	( 2.7583405599e+00 0.0000000000e+00 -6.9241329746e+00 )	( 1.6950803723e-02 0.0000000000e+00 3.9208262901e-03 )
283              	( 2.7752773656e+00 0.0000000000e+00 -6.9201645974e+00 )	( 2.7583265842e+00 0.0000000000e+00 -6.9240854414e+00 )	( 1.6950781380e-02 0.0000000000e+00 3.9208439617e-03 )
284              	( 2.7752635914e+00 0.0000000000e+00 -6.9201179719e+00 )	( 2.7583128271e+00 0.0000000000e+00 -6.9240388361e+00 )	( 1.6950764312e-02 0.0000000000e+00 3.9208641970e-03 )
285              	( 2.7752503061e+00 0.0000000000e+00 -6.9200727757e+00 )	( 2.7582995538e+00 0.0000000000e+00 -6.9239936624e+00 )	( 1.6950752304e-02 0.0000000000e+00 3.9208867010e-03 )
286              	( 2.7752377854e+00 0.0000000000e+00 -6.9200295382e+00 )	( 2.7582870403e+00 0.0000000000e+00 -6.9239504494e+00 )	( 1.6950745105e-02 0.0000000000e+00 3.9209111842e-03 )
287              	( 2.7752262904e+00 0.0000000000e+00 -6.9199887801e+00 )	( 2.7582755480e+00 0.0000000000e+00 -6.9239097174e+00 )	( 1.6950742445e-02 0.0000000000e+00 3.9209372717e-03 )
288              	( 2.7752160451e+00 0.0000000000e+00 -6.9199509739e+00 )	( 2.7582653010e+00 0.0000000000e+00 -6.9238719385e+00 )	( 1.6950744037e-02 0.0000000000e+00 3.9209646176e-03 )
289              	( 2.7752072280e+00 0.0000000000e+00 -6.9199165392e+00 )	( 2.7582564784e+00 0.0000000000e+00 -6.9238375320e+00 )	( 1.6950749576e-02 0.0000000000e+00 3.9209928118e-03 )
290              	( 2.7751999174e+00 0.0000000000e+00 -6.9198856882e+00 )	( 2.7582491586e+00 0.0000000000e+00 -6.9238067097e+00 )	( 1.6950758791e-02 0.0000000000e+00 3.9210215219e-03 )
291              	( 2.7751941810e+00 0.0000000000e+00 -6.9198587054e+00 )	( 2.7582434096e+00 0.0000000000e+00 -6.9237797558e+00 )	( 1.6950771332e-02 0.0000000000e+00 3.9210503398e-03 )
292              	( 2.7751899628e+00 0.0000000000e+00 -6.9198355802e+00 )	( 2.7582391758e+00 0.0000000000e+00 -6.9237566591e+00 )	( 1.6950786917e-02 0.0000000000e+00 3.9210789777e-03 )
293              	( 2.7751871712e+00 0.0000000000e+00 -6.9198162655e+00 )	( 2.7582363660e+00 0.0000000000e+00 -6.9237373727e+00 )	( 1.6950805250e-02 0.0000000000e+00 3.9211071274e-03 )
294              	( 2.7751856545e+00 0.0000000000e+00 -6.9198005898e+00 )	( 2.7582348285e+00 0.0000000000e+00 -6.9237217244e+00 )	( 1.6950826050e-02 0.0000000000e+00 3.9211345845e-03 )
295              	( 2.7751852270e+00 0.0000000000e+00 -6.9197882994e+00 )	( 2.7582343780e+00 0.0000000000e+00 -6.9237094605e+00 )	( 1.6950849023e-02 0.0000000000e+00 3.9211611339e-03 )
296              	( 2.7751856852e+00 0.0000000000e+00 -6.9197790824e+00 )	( 2.7582348113e+00 0.0000000000e+00 -6.9237002691e+00 )	( 1.6950873907e-02 0.0000000000e+00 3.9211866715e-03 )
297              	( 2.7751868251e+00 0.0000000000e+00 -6.9197725959e+00 )	( 2.7582359246e+00 0.0000000000e+00 -6.9236938069e+00 )	( 1.6950900419e-02 0.0000000000e+00 3.9212110744e-03 )
298              	( 2.7751884579e+00 0.0000000000e+00 -6.9197684933e+00 )	( 2.7582375296e+00 0.0000000000e+00 -6.9236897276e+00 )	( 1.6950928314e-02 0.0000000000e+00 3.9212343222e-03 )
299              	( 2.7751904232e+00 0.0000000000e+00 -6.9197664489e+00 )	( 2.7582394659e+00 0.0000000000e+00 -6.9236877053e+00 )	( 1.6950957315e-02 0.0000000000e+00 3.9212563577e-03 )
300              	( 2.7751925978e+00 0.0000000000e+00 -6.9197661773e+00 )	( 2.7582416106e+00 0.0000000000e+00 -6.9236874545e+00 )	( 1.6950987190e-02 0.0000000000e+00 3.9212772091e-03 )
301              	( 2.7751949006e+00 0.0000000000e+00 -6.9197674463e+00 )	( 2.7582438829e+00 0.0000000000e+00 -6.9236887431e+00 )	( 1.6951017673e-02 0.0000000000e+00 3.9212968485e-03 )
302              	( 2.7751972931e+00 0.0000000000e+00 -6.9197700847e+00 )	( 2.7582462446e+00 0.0000000000e+00 -6.9236914000e+00 )	( 1.6951048544e-02 0.0000000000e+00 3.9213153177e-03 )
303              	( 2.7751997763e+00 0.0000000000e+00 -6.9197739826e+00 )	( 2.7582486968e+00 0.0000000000e+00 -6.9236953152e+00 )	( 1.6951079547e-02 0.0000000000e+00 3.9213325850e-03 )
304              	( 2.7752023820e+00 0.0000000000e+00 -6.9197790830e+00 )	( 2.7582512715e+00 0.0000000000e+00 -6.9237004317e+00 )	( 1.6951110482e-02 0.0000000000e+00 3.9213486796e-03 )
305              	( 2.7752051613e+00 0.0000000000e+00 -6.9197853682e+00 )	( 2.7582540201e+00 0.0000000000e+00 -6.9237067317e+00 )	( 1.6951141108e-02 0.0000000000e+00 3.9213635484e-03 )
306              	( 2.7752081791e+00 0.0000000000e+00 -6.9197928523e+00 )	( 2.7582570079e+00 0.0000000000e+00 -6.9237142295e+00 )	( 1.6951171250e-02 0.0000000000e+00 3.9213771989e-03 )
307              	( 2.7752114996e+00 0.0000000000e+00 -6.9198015606e+00 )	( 2.7582602989e+00 0.0000000000e+00 -6.9237229502e+00 )	( 1.6951200690e-02 0.0000000000e+00 3.9213895572e-03 )
308              	( 2.7752151760e+00 0.0000000000e+00 -6.9198115129e+00 )	( 2.7582639467e+00 0.0000000000e+00 -6.9237329135e+00 )	( 1.6951229283e-02 0.0000000000e+00 3.9214006169e-03 )
309              	( 2.7752192419e+00 0.0000000000e+00 -6.9198227083e+00 )	( 2.7582679851e+00 0.0000000000e+00 -6.9237441186e+00 )	( 1.6951256842e-02 0.0000000000e+00 3.9214102983e-03 )
310              	( 2.7752237061e+00 0.0000000000e+00 -6.9198351141e+00 )	( 2.7582724228e+00 0.0000000000e+00 -6.9237565327e+00 )	( 1.6951283260e-02 0.0000000000e+00 3.9214186008e-03 )
311              	( 2.7752285565e+00 0.0000000000e+00 -6.9198486705e+00 )	( 2.7582772481e+00 0.0000000000e+00 -6.9237700960e+00 )	( 1.6951308376e-02 0.0000000000e+00 3.9214254540e-03 )
312              	( 2.7752337276e+00 0.0000000000e+00 -6.9198632336e+00 )	( 2.7582823955e+00 0.0000000000e+00 -6.9237846645e+00 )	( 1.6951332133e-02 0.0000000000e+00 3.9214308948e-03 )
313              	( 2.7752391641e+00 0.0000000000e+00 -6.9198786741e+00 )	( 2.7582878097e+00 0.0000000000e+00 -6.9238001090e+00 )	( 1.6951354409e-02 0.0000000000e+00 3.9214348879e-03 )
314              	( 2.7752447734e+00 0.0000000000e+00 -6.9198947998e+00 )	( 2.7582933982e+00 0.0000000000e+00 -6.9238162373e+00 )	( 1.6951375174e-02 0.0000000000e+00 3.9214375007e-03 )
315              	( 2.7752504525e+00 0.0000000000e+00 -6.9199113967e+00 )	( 2.7582990582e+00 0.0000000000e+00 -6.9238328355e+00 )	( 1.6951394344e-02 0.0000000000e+00 3.9214387435e-03 )
316              	( 2.7752560942e+00 0.0000000000e+00 -6.9199282368e+00 )	( 2.7583046823e+00 0.0000000000e+00 -6.9238496755e+00 )	( 1.6951411923e-02 0.0000000000e+00 3.9214387257e-03 )
317              	( 2.7752615950e+00 0.0000000000e+00 -6.9199450909e+00 )	( 2.7583101671e+00 0.0000000000e+00 -6.9238665284e+00 )	( 1.6951427855e-02 0.0000000000e+00 3.9214374952e-03 )
318              	( 2.7752668654e+00 0.0000000000e+00 -6.9199617459e+00 )	( 2.7583154232e+00 0.0000000000e+00 -6.9238831811e+00 )	( 1.6951442173e-02 0.0000000000e+00 3.9214351941e-03 )
319              	( 2.7752718246e+00 0.0000000000e+00 -6.9199779988e+00 )	( 2.7583203698e+00 0.0000000000e+00 -6.9238994307e+00 )	( 1.6951454841e-02 0.0000000000e+00 3.9214318924e-03 )
320              	( 2.7752764145e+00 0.0000000000e+00 -6.9199936792e+00 )	( 2.7583249486e+00 0.0000000000e+00 -6.9239151069e+00 )	( 1.6951465915e-02 0.0000000000e+00 3.9214277463e-03 )
321              	( 2.7752806006e+00 0.0000000000e+00 -6.9200086545e+00 )	( 2.7583291253e+00 0.0000000000e+00 -6.9239300773e+00 )	( 1.6951475376e-02 0.0000000000e+00 3.9214228301e-03 )
322              	( 2.7752843714e+00 0.0000000000e+00 -6.9200228310e+00 )	( 2.7583328881e+00 0.0000000000e+00 -6.9239442483e+00 )	( 1.6951483294e-02 0.0000000000e+00 3.9214172958e-03 )
323              	( 2.7752877357e+00 0.0000000000e+00 -6.9200361536e+00 )	( 2.7583362460e+00 0.0000000000e+00 -6.9239575648e+00 )	( 1.6951489664e-02 0.0000000000e+00 3.9214112048e-03 )
324              	( 2.7752907151e+00 0.0000000000e+00 -6.9200485906e+00 )	( 2.7583392205e+00 0.0000000000e+00 -6.9239699953e+00 )	( 1.6951494572e-02 0.0000000000e+00 3.9214046924e-03 )
325              	( 2.7752933621e+00 0.0000000000e+00 -6.9200601832e+00 )	( 2.7583418641e+00 0.0000000000e+00 -6.9239815810e+00 )	( 1.6951498019e-02 0.0000000000e+00 3.9213977948e-03 )
326              	( 2.7752957075e+00 0.0000000000e+00 -6.9200709321e+00 )	( 2.7583442074e+00 0.0000000000e+00 -6.9239923227e+00 )	( 1.6951500100e-02 0.0000000000e+00 3.9213906207e-03 )
327              	( 2.7752978009e+00 0.0000000000e+00 -6.9200808777e+00 )	( 2.7583463000e+00 0.0000000000e+00 -6.9240022609e+00 )	( 1.6951500841e-02 0.0000000000e+00 3.9213831940e-03 )
328              	( 2.7752996914e+00 0.0000000000e+00 -6.9200900847e+00 )	( 2.7583481911e+00 0.0000000000e+00 -6.9240114603e+00 )	( 1.6951500344e-02 0.0000000000e+00 3.9213756011e-03 )
329              	( 2.7753014123e+00 0.0000000000e+00 -6.9200985918e+00 )	( 2.7583499137e+00 0.0000000000e+00 -6.9240199597e+00 )	( 1.6951498633e-02 0.0000000000e+00 3.9213678412e-03 )
330              	( 2.7753029905e+00 0.0000000000e+00 -6.9201064370e+00 )	( 2.7583514946e+00 0.0000000000e+00 -6.9240277970e+00 )	( 1.6951495829e-02 0.0000000000e+00 3.9213599940e-03 )
331              	( 2.7753044406e+00 0.0000000000e+00 -6.9201136450e+00 )	( 2.7583529486e+00 0.0000000000e+00 -6.9240349971e+00 )	( 1.6951491965e-02 0.0000000000e+00 3.9213520523e-03 )
332              	( 2.7753057652e+00 0.0000000000e+00 -6.9201202260e+00 )	( 2.7583542781e+00 0.0000000000e+00 -6.9240415701e+00 )	( 1.6951487172e-02 0.0000000000e+00 3.9213440940e-03 )
333              	( 2.7753069556e+00 0.0000000000e+00 -6.9201261743e+00 )	( 2.7583554741e+00 0.0000000000e+00 -6.9240475104e+00 )	( 1.6951481487e-02 0.0000000000e+00 3.9213361138e-03 )
334              	( 2.7753079947e+00 0.0000000000e+00 -6.9201314720e+00 )	( 2.7583565197e+00 0.0000000000e+00 -6.9240528002e+00 )	( 1.6951475049e-02 0.0000000000e+00 3.9213281956e-03 )
335              	( 2.7753088594e+00 0.0000000000e+00 -6.9201360913e+00 )	( 2.7583573915e+00 0.0000000000e+00 -6.9240574116e+00 )	( 1.6951467899e-02 0.0000000000e+00 3.9213203405e-03 )
336              	( 2.7753095244e+00 0.0000000000e+00 -6.9201399992e+00 )	( 2.7583580642e+00 0.0000000000e+00 -6.9240613118e+00 )	( 1.6951460177e-02 0.0000000000e+00 3.9213126398e-03 )
337              	( 2.7753099662e+00 0.0000000000e+00 -6.9201431642e+00 )	( 2.7583585142e+00 0.0000000000e+00 -6.9240644693e+00 )	( 1.6951451927e-02 0.0000000000e+00 3.9213051005e-03 )
338              	( 2.7753101667e+00 0.0000000000e+00 -6.9201455620e+00 )	( 2.7583587234e+00 0.0000000000e+00 -6.9240668598e+00 )	( 1.6951443286e-02 0.0000000000e+00 3.9212978181e-03 )
339              	( 2.7753101110e+00 0.0000000000e+00 -6.9201471722e+00 )	( 2.7583586767e+00 0.0000000000e+00 -6.9240684630e+00 )	( 1.6951434294e-02 0.0000000000e+00 3.9212907996e-03 )
340              	( 2.7753097943e+00 0.0000000000e+00 -6.9201479897e+00 )	( 2.7583583692e+00 0.0000000000e+00 -6.9240692739e+00 )	( 1.6951425085e-02 0.0000000000e+00 3.9212841374e-03 )
341              	( 2.7753092216e+00 0.0000000000e+00 -6.9201480254e+00 )	( 2.7583578059e+00 0.0000000000e+00 -6.9240693033e+00 )	( 1.6951415688e-02 0.0000000000e+00 3.9212778313e-03 )
342              	( 2.7753084077e+00 0.0000000000e+00 -6.9201473073e+00 )	( 2.7583570014e+00 0.0000000000e+00 -6.9240685792e+00 )	( 1.6951406232e-02 0.0000000000e+00 3.9212719634e-03 )
343              	( 2.7753073762e+00 0.0000000000e+00 -6.9201458795e+00 )	( 2.7583559794e+00 0.0000000000e+00 -6.9240671460e+00 )	( 1.6951396736e-02 0.0000000000e+00 3.9212665197e-03 )
344              	( 2.7753061578e+00 0.0000000000e+00 -6.9201438005e+00 )	( 2.7583547704e+00 0.0000000000e+00 -6.9240650621e+00 )	( 1.6951387319e-02 0.0000000000e+00 3.9212615665e-03 )
345              	( 2.7753047882e+00 0.0000000000e+00 -6.9201411411e+00 )	( 2.7583534102e+00 0.0000000000e+00 -6.9240623982e+00 )	( 1.6951377991e-02 0.0000000000e+00 3.9212570725e-03 )
346              	( 2.7753033051e+00 0.0000000000e+00 -6.9201379784e+00 )	( 2.7583519363e+00 0.0000000000e+00 -6.9240592315e+00 )	( 1.6951368861e-02 0.0000000000e+00 3.9212530873e-03 )
347              	( 2.7753017462e+00 0.0000000000e+00 -6.9201343939e+00 )	( 2.7583503862e+00 0.0000000000e+00 -6.9240556434e+00 )	( 1.6951359928e-02 0.0000000000e+00 3.9212495631e-03 )
348              	( 2.7753001467e+00 0.0000000000e+00 -6.9201304688e+00 )	( 2.7583487954e+00 0.0000000000e+00 -6.9240517154e+00 )	( 1.6951351293e-02 0.0000000000e+00 3.9212465351e-03 )
349              	( 2.7752985375e+00 0.0000000000e+00 -6.9201262804e+00 )	( 2.7583471945e+00 0.0000000000e+00 -6.9240475244e+00 )	( 1.6951342945e-02 0.0000000000e+00 3.9212439436e-03 )
350              	( 2.7752969435e+00 0.0000000000e+00 -6.9201218985e+00 )	( 2.7583456085e+00 0.0000000000e+00 -6.9240431403e+00 )	( 1.6951334976e-02 0.0000000000e+00 3.9212418147e-03 )
351              	( 2.7752953810e+00 0.0000000000e+00 -6.9201173806e+00 )	( 2.7583440536e+00 0.0000000000e+00 -6.9240386207e+00 )	( 1.6951327370e-02 0.0000000000e+00 3.9212400840e-03 )
352              	( 2.7752938675e+00 0.0000000000e+00 -6.9201127861e+00 )	( 2.7583425472e+00 0.0000000000e+00 -6.9240340249e+00 )	( 1.6951320206e-02 0.0000000000e+00 3.9212387710e-03 )
353              	( 2.7752924031e+00 0.0000000000e+00 -6.9201081469e+00 )	( 2.7583410896e+00 0.0000000000e+00 -6.9240293847e+00 )	( 1.6951313459e-02 0.0000000000e+00 3.9212378098e-03 )
354              	( 2.7752909888e+00 0.0000000000e+00 -6.9201034937e+00 )	( 2.7583396816e+00 0.0000000000e+00 -6.9240247309e+00 )	( 1.6951307204e-02 0.0000000000e+00 3.9212372244e-03 )
355              	( 2.7752896206e+00 0.0000000000e+00 -6.9200988477e+00 )	( 2.7583383192e+00 0.0000000000e+00 -6.9240200846e+00 )	( 1.6951301407e-02 0.0000000000e+00 3.9212369501e-03 )
356              	( 2.7752882922e+00 0.0000000000e+00 -6.9200942235e+00 )	( 2.7583369961e+00 0.0000000000e+00 -6.9240154605e+00 )	( 1.6951296135e-02 0.0000000000e+00 3.9212370145e-03 )
357              	( 2.7752869965e+00 0.0000000000e+00 -6.9200896315e+00 )	( 2.7583357052e+00 0.0000000000e+00 -6.9240108689e+00 )	( 1.6951291344e-02 0.0000000000e+00 3.9212373558e-03 )
358              	( 2.7752857271e+00 0.0000000000e+00 -6.9200850804e+00 )	( 2.7583344400e+00 0.0000000000e+00 -6.9240063184e+00 )	( 1.6951287096e-02 0.0000000000e+00 3.9212380045e-03 )
359              	( 2.7752844795e+00 0.0000000000e+00 -6.9200805791e+00 )	( 2.7583331962e+00 0.0000000000e+00 -6.9240018180e+00 )	( 1.6951283337e-02 0.0000000000e+00 3.9212389005e-03 )
360              	( 2.7752832523e+00 0.0000000000e+00 -6.9200761390e+00 )	( 2.7583319722e+00 0.0000000000e+00 -6.9239973790e+00 )	( 1.6951280121e-02 0.0000000000e+00 3.9212400751e-03 )
361              	( 2.7752820471e+00 0.0000000000e+00 -6.9200717745e+00 )	( 2.7583307697e+00 0.0000000000e+00 -6.9239930159e+00 )	( 1.6951277386e-02 0.0000000000e+00 3.9212414674e-03 )
362              	( 2.7752808694e+00 0.0000000000e+00 -6.9200675042e+00 )	( 2.7583295942e+00 0.0000000000e+00 -6.9239887473e+00 )	( 1.6951275180e-02 0.0000000000e+00 3.9212431068e-03 )
363              	( 2.7752797274e+00 0.0000000000e+00 -6.9200633508e+00 )	( 2.7583284540e+00 0.0000000000e+00 -6.9239845957e+00 )	( 1.6951273434e-02 0.0000000000e+00 3.9212449293e-03 )
364              	( 2.7752786333e+00 0.0000000000e+00 -6.9200593430e+00 )	( 2.7583273611e+00 0.0000000000e+00 -6.9239805899e+00 )	( 1.6951272187e-02 0.0000000000e+00 3.9212469604e-03 )
365              	( 2.7752775954e+00 0.0000000000e+00 -6.9200554997e+00 )	( 2.7583263241e+00 0.0000000000e+00 -6.9239767489e+00 )	( 1.6951271365e-02 0.0000000000e+00 3.9212491326e-03 )
366              	( 2.7752766310e+00 0.0000000000e+00 -6.9200518583e+00 )	( 2.7583253600e+00 0.0000000000e+00 -6.9239731098e+00 )	( 1.6951271005e-02 0.0000000000e+00 3.9212514689e-03 )
367              	( 2.7752757509e+00 0.0000000000e+00 -6.9200484468e+00 )	( 2.7583244799e+00 0.0000000000e+00 -6.9239697007e+00 )	( 1.6951271024e-02 0.0000000000e+00 3.9212538951e-03 )
368              	( 2.7752749649e+00 0.0000000000e+00 -6.9200452868e+00 )	( 2.7583236935e+00 0.0000000000e+00 -6.9239665432e+00 )	( 1.6951271456e-02 0.0000000000e+00 3.9212564322e-03 )
369              	( 2.7752742819e+00 0.0000000000e+00 -6.9200424013e+00 )	( 2.7583230096e+00 0.0000000000e+00 -6.9239636603e+00 )	( 1.6951272219e-02 0.0000000000e+00 3.9212590074e-03 )
370              	( 2.7752737068e+00 0.0000000000e+00 -6.9200398069e+00 )	( 2.7583224335e+00 0.0000000000e+00 -6.9239610685e+00 )	( 1.6951273342e-02 0.0000000000e+00 3.9212616405e-03 )
371              	( 2.7752732414e+00 0.0000000000e+00 -6.9200375136e+00 )	( 2.7583219666e+00 0.0000000000e+00 -6.9239587779e+00 )	( 1.6951274741e-02 0.0000000000e+00 3.9212642600e-03 )
372              	( 2.7752728840e+00 0.0000000000e+00 -6.9200355258e+00 )	( 2.7583216076e+00 0.0000000000e+00 -6.9239567927e+00 )	( 1.6951276446e-02 0.0000000000e+00 3.9212668886e-03 )
373              	( 2.7752726299e+00 0.0000000000e+00 -6.9200338413e+00 )	( 2.7583213516e+00 0.0000000000e+00 -6.9239551108e+00 )	( 1.6951278371e-02 0.0000000000e+00 3.9212694584e-03 )
374              	( 2.7752724718e+00 0.0000000000e+00 -6.9200324523e+00 )	( 2.7583211913e+00 0.0000000000e+00 -6.9239537243e+00 )	( 1.6951280548e-02 0.0000000000e+00 3.9212719970e-03 )
375              	( 2.7752724005e+00 0.0000000000e+00 -6.9200313464e+00 )	( 2.7583211176e+00 0.0000000000e+00 -6.9239526208e+00 )	( 1.6951282891e-02 0.0000000000e+00 3.9212744417e-03 )
376              	( 2.7752724054e+00 0.0000000000e+00 -6.9200305073e+00 )	( 2.7583211200e+00 0.0000000000e+00 -6.9239517841e+00 )	( 1.6951285431e-02 0.0000000000e+00 3.9212768254e-03 )
377              	( 2.7752724757e+00 0.0000000000e+00 -6.9200299164e+00 )	( 2.7583211877e+00 0.0000000000e+00 -6.9239511955e+00 )	( 1.6951288083e-02 0.0000000000e+00 3.9212790909e-03 )
378              	( 2.7752726012e+00 0.0000000000e+00 -6.9200295539e+00 )	( 2.7583213103e+00 0.0000000000e+00 -6.9239508352e+00 )	( 1.6951290881e-02 0.0000000000e+00 3.9212812761e-03 )
379              	( 2.7752727721e+00 0.0000000000e+00 -6.9200294002e+00 )	( 2.7583214784e+00 0.0000000000e+00 -6.9239506835e+00 )	( 1.6951293740e-02 0.0000000000e+00 3.9212833279e-03 )
380              	( 2.7752729808e+00 0.0000000000e+00 -6.9200294365e+00 )	( 2.7583216841e+00 0.0000000000e+00 -6.9239507218e+00 )	( 1.6951296694e-02 0.0000000000e+00 3.9212852881e-03 )
381              	( 2.7752732209e+00 0.0000000000e+00 -6.9200296459e+00 )	( 2.7583219212e+00 0.0000000000e+00 -6.9239509330e+00 )	( 1.6951299660e-02 0.0000000000e+00 3.9212871064e-03 )
382              	( 2.7752734880e+00 0.0000000000e+00 -6.9200300136e+00 )	( 2.7583221853e+00 0.0000000000e+00 -6.9239513025e+00 )	( 1.6951302675e-02 0.0000000000e+00 3.9212888264e-03 )
383              	( 2.7752737794e+00 0.0000000000e+00 -6.9200305272e+00 )	( 2.7583224738e+00 0.0000000000e+00 -6.9239518176e+00 )	( 1.6951305658e-02 0.0000000000e+00 3.9212903991e-03 )
384              	( 2.7752740941e+00 0.0000000000e+00 -6.9200311763e+00 )	( 2.7583227854e+00 0.0000000000e+00 -6.9239524682e+00 )	( 1.6951308647e-02 0.0000000000e+00 3.9212918693e-03 )
385              	( 2.7752744316e+00 0.0000000000e+00 -6.9200319524e+00 )	( 2.7583231200e+00 0.0000000000e+00 -6.9239532456e+00 )	( 1.6951311562e-02 0.0000000000e+00 3.9212931883e-03 )
386              	( 2.7752747925e+00 0.0000000000e+00 -6.9200328483e+00 )	( 2.7583234780e+00 0.0000000000e+00 -6.9239541427e+00 )	( 1.6951314445e-02 0.0000000000e+00 3.9212944009e-03 )
387              	( 2.7752751773e+00 0.0000000000e+00 -6.9200338574e+00 )	( 2.7583238601e+00 0.0000000000e+00 -6.9239551529e+00 )	( 1.6951317219e-02 0.0000000000e+00 3.9212954588e-03 )
388              	( 2.7752755863e+00 0.0000000000e+00 -6.9200349729e+00 )	( 2.7583242663e+00 0.0000000000e+00 -6.9239562693e+00 )	( 1.6951319928e-02 0.0000000000e+00 3.9212964073e-03 )
389              	( 2.7752760188e+00 0.0000000000e+00 -6.9200361874e+00 )	( 2.7583246963e+00 0.0000000000e+00 -6.9239574846e+00 )	( 1.6951322499e-02 0.0000000000e+00 3.9212971987e-03 )
390              	( 2.7752764736e+00 0.0000000000e+00 -6.9200374923e+00 )	( 2.7583251486e+00 0.0000000000e+00 -6.9239587901e+00 )	( 1.6951324979e-02 0.0000000000e+00 3.9212978794e-03 )
391              	( 2.7752769485e+00 0.0000000000e+00 -6.9200388784e+00 )	( 2.7583256212e+00 0.0000000000e+00 -6.9239601768e+00 )	( 1.6951327296e-02 0.0000000000e+00 3.9212984026e-03 )
392              	( 2.7752774380e+00 0.0000000000e+00 -6.9200403312e+00 )	( 2.7583261085e+00 0.0000000000e+00 -6.9239616300e+00 )	( 1.6951329502e-02 0.0000000000e+00 3.9212988178e-03 )
393              	( 2.7752779389e+00 0.0000000000e+00 -6.9200418396e+00 )	( 2.7583266073e+00 0.0000000000e+00 -6.9239631387e+00 )	( 1.6951331530e-02 0.0000000000e+00 3.9212990804e-03 )
394              	( 2.7752784453e+00 0.0000000000e+00 -6.9200433885e+00 )	( 2.7583271118e+00 0.0000000000e+00 -6.9239646877e+00 )	( 1.6951333434e-02 0.0000000000e+00 3.9212992414e-03 )
395              	( 2.7752789509e+00 0.0000000000e+00 -6.9200449623e+00 )	( 2.7583276158e+00 0.0000000000e+00 -6.9239662615e+00 )	( 1.6951335149e-02 0.0000000000e+00 3.9212992590e-03 )
396              	( 2.7752794497e+00 0.0000000000e+00 -6.9200465448e+00 )	( 2.7583281130e+00 0.0000000000e+00 -6.9239678440e+00 )	( 1.6951336734e-02 0.0000000000e+00 3.9212991865e-03 )
397              	( 2.7752799354e+00 0.0000000000e+00 -6.9200481202e+00 )	( 2.7583285973e+00 0.0000000000e+00 -6.9239694192e+00 )	( 1.6951338125e-02 0.0000000000e+00 3.9212989844e-03 )
398              	( 2.7752804025e+00 0.0000000000e+00 -6.9200496733e+00 )	( 2.7583290631e+00 0.0000000000e+00 -6.9239709720e+00 )	( 1.6951339382e-02 0.0000000000e+00 3.9212987080e-03 )
399              	( 2.7752808463e+00 0.0000000000e+00 -6.9200511900e+00 )	( 2.7583295058e+00 0.0000000000e+00 -6.9239724884e+00 )	( 1.6951340448e-02 0.0000000000e+00 3.9212983190e-03 )
400              	( 2.7752812629e+00 0.0000000000e+00 -6.9200526581e+00 )	( 2.7583299215e+00 0.0000000000e+00 -6.9239739560e+00 )	( 1.6951341383e-02 0.0000000000e+00 3.9212978737e-03 )
401              	( 2.7752816498e+00 0.0000000000e+00 -6.9200540671e+00 )	( 2.7583303077e+00 0.0000000000e+00 -6.9239753644e+00 )	( 1.6951342131e-02 0.0000000000e+00 3.9212973344e-03 )
402              	( 2.7752820055e+00 0.0000000000e+00 -6.9200554088e+00 )	( 2.7583306627e+00 0.0000000000e+00 -6.9239767056e+00 )	( 1.6951342756e-02 0.0000000000e+00 3.9212967574e-03 )
403              	( 2.7752823291e+00 0.0000000000e+00 -6.9200566761e+00 )	( 2.7583309859e+00 0.0000000000e+00 -6.9239779722e+00 )	( 1.6951343201e-02 0.0000000000e+00 3.9212961046e-03 )
404              	( 2.7752826225e+00 0.0000000000e+00 -6.9200578680e+00 )	( 2.7583312789e+00 0.0000000000e+00 -6.9239791634e+00 )	( 1.6951343532e-02 0.0000000000e+00 3.9212954313e-03 )
405              	( 2.7752828854e+00 0.0000000000e+00 -6.9200589792e+00 )	( 2.7583315417e+00 0.0000000000e+00 -6.9239802739e+00 )	( 1.6951343695e-02 0.0000000000e+00 3.9212946980e-03 )
406              	( 2.7752831198e+00 0.0000000000e+00 -6.9200600088e+00 )	( 2.7583317761e+00 0.0000000000e+00 -6.9239813028e+00 )	( 1.6951343757e-02 0.0000000000e+00 3.9212939600e-03 )
407              	( 2.7752833282e+00 0.0000000000e+00 -6.9200609584e+00 )	( 2.7583319845e+00 0.0000000000e+00 -6.9239822516e+00 )	( 1.6951343664e-02 0.0000000000e+00 3.9212931763e-03 )
408              	( 2.7752835122e+00 0.0000000000e+00 -6.9200618284e+00 )	( 2.7583321687e+00 0.0000000000e+00 -6.9239831208e+00 )	( 1.6951343484e-02 0.0000000000e+00 3.9212924002e-03 )
409              	( 2.7752836736e+00 0.0000000000e+00 -6.9200626200e+00 )	( 2.7583323304e+00 0.0000000000e+00 -6.9239839116e+00 )	( 1.6951343164e-02 0.0000000000e+00 3.9212915901e-03 )
410              	( 2.7752838140e+00 0.0000000000e+00 -6.9200633347e+00 )	( 2.7583324712e+00 0.0000000000e+00 -6.9239846255e+00 )	( 1.6951342773e-02 0.0000000000e+00 3.9212907985e-03 )
411              	( 2.7752839343e+00 0.0000000000e+00 -6.9200639738e+00 )	( 2.7583325921e+00 0.0000000000e+00 -6.9239852638e+00 )	( 1.6951342260e-02 0.0000000000e+00 3.9212899830e-03 )
412              	( 2.7752840354e+00 0.0000000000e+00 -6.9200645382e+00 )	( 2.7583326937e+00 0.0000000000e+00 -6.9239858274e+00 )	( 1.6951341693e-02 0.0000000000e+00 3.9212891956e-03 )
413              	( 2.7752841173e+00 0.0000000000e+00 -6.9200650286e+00 )	( 2.7583327763e+00 0.0000000000e+00 -6.9239863170e+00 )	( 1.6951341021e-02 0.0000000000e+00 3.9212883936e-03 )
414              	( 2.7752841800e+00 0.0000000000e+00 -6.9200654453e+00 )	( 2.7583328397e+00 0.0000000000e+00 -6.9239867330e+00 )	( 1.6951340313e-02 0.0000000000e+00 3.9212876285e-03 )
415              	( 2.7752842230e+00 0.0000000000e+00 -6.9200657886e+00 )	( 2.7583328835e+00 0.0000000000e+00 -6.9239870755e+00 )	( 1.6951339518e-02 0.0000000000e+00 3.9212868576e-03 )
416              	( 2.7752842461e+00 0.0000000000e+00 -6.9200660587e+00 )	( 2.7583329074e+00 0.0000000000e+00 -6.9239873448e+00 )	( 1.6951338705e-02 0.0000000000e+00 3.9212861324e-03 )
417              	( 2.7752842487e+00 0.0000000000e+00 -6.9200662558e+00 )	( 2.7583329109e+00 0.0000000000e+00 -6.9239875412e+00 )	( 1.6951337822e-02 0.0000000000e+00 3.9212854096e-03 )
418              	( 2.7752842308e+00 0.0000000000e+00 -6.9200663808e+00 )	( 2.7583328938e+00 0.0000000000e+00 -6.9239876655e+00 )	( 1.6951336939e-02 0.0000000000e+00 3.9212847405e-03 )
419              	( 2.7752841926e+00 0.0000000000e+00 -6.9200664350e+00 )	( 2.7583328566e+00 0.0000000000e+00 -6.9239877191e+00 )	( 1.6951336003e-02 0.0000000000e+00 3.9212840814e-03 )
420              	( 2.7752841342e+00 0.0000000000e+00 -6.9200664202e+00 )	( 2.7583327991e+00 0.0000000000e+00 -6.9239877037e+00 )	( 1.6951335084e-02 0.0000000000e+00 3.9212834832e-03 )
421              	( 2.7752840570e+00 0.0000000000e+00 -6.9200663393e+00 )	( 2.7583327228e+00 0.0000000000e+00 -6.9239876222e+00 )	( 1.6951334126e-02 0.0000000000e+00 3.9212829010e-03 )
422              	( 2.7752839622e+00 0.0000000000e+00 -6.9200661958e+00 )	( 2.7583326290e+00 0.0000000000e+00 -6.9239874782e+00 )	( 1.6951333199e-02 0.0000000000e+00 3.9212823848e-03 )
423              	( 2.7752838517e+00 0.0000000000e+00 -6.9200659942e+00 )	( 2.7583325194e+00 0.0000000000e+00 -6.9239872761e+00 )	( 1.6951332249e-02 0.0000000000e+00 3.9212818892e-03 )
424              	( 2.7752837275e+00 0.0000000000e+00 -6.9200657395e+00 )	( 2.7583323962e+00 0.0000000000e+00 -6.9239870210e+00 )	( 1.6951331341e-02 0.0000000000e+00 3.9212814627e-03 )
425              	( 2.7752835921e+00 0.0000000000e+00 -6.9200654373e+00 )	( 2.7583322616e+00 0.0000000000e+00 -6.9239867183e+00 )	( 1.6951330422e-02 0.0000000000e+00 3.9212810587e-03 )
426              	( 2.7752834478e+00 0.0000000000e+00 -6.9200650935e+00 )	( 2.7583321182e+00 0.0000000000e+00 -6.9239863743e+00 )	( 1.6951329557e-02 0.0000000000e+00 3.9212807247e-03 )
427              	( 2.7752832970e+00 0.0000000000e+00 -6.9200647143e+00 )	( 2.7583319683e+00 0.0000000000e+00 -6.9239859947e+00 )	( 1.6951328689e-02 0.0000000000e+00 3.9212804131e-03 )
428              	( 2.7752831423e+00 0.0000000000e+00 -6.9200643059e+00 )	( 2.7583318144e+00 0.0000000000e+00 -6.9239855860e+00 )	( 1.6951327885e-02 0.0000000000e+00 3.9212801703e-03 )
429              	( 2.7752829852e+00 0.0000000000e+00 -6.9200638734e+00 )	( 2.7583316581e+00 0.0000000000e+00 -6.9239851534e+00 )	( 1.6951327087e-02 0.0000000000e+00 3.9212799481e-03 )
430              	( 2.7752828286e+00 0.0000000000e+00 -6.9200634241e+00 )	( 2.7583315023e+00 0.0000000000e+00 -6.9239847039e+00 )	( 1.6951326359e-02 0.0000000000e+00 3.9212797917e-03 )
431              	( 2.7752826732e+00 0.0000000000e+00 -6.9200629617e+00 )	( 2.7583313476e+00 0.0000000000e+00 -6.9239842413e+00 )	( 1.6951325643e-02 0.0000000000e+00 3.9212796525e-03 )
432              	( 2.7752825205e+00 0.0000000000e+00 -6.9200624910e+00 )	( 2.7583311954e+00 0.0000000000e+00 -6.9239837706e+00 )	( 1.6951325003e-02 0.0000000000e+00 3.9212795757e-03 )
433              	( 2.7752823711e+00 0.0000000000e+00 -6.9200620161e+00 )	( 2.7583310467e+00 0.0000000000e+00 -6.9239832956e+00 )	( 1.6951324379e-02 0.0000000000e+00 3.9212795120e-03 )
434              	( 2.7752822257e+00 0.0000000000e+00 -6.9200615403e+00 )	( 2.7583309019e+00 0.0000000000e+00 -6.9239828198e+00 )	( 1.6951323834e-02 0.0000000000e+00 3.9212795067e-03 )
435              	( 2.7752820846e+00 0.0000000000e+00 -6.9200610665e+00 )	( 2.7583307613e+00 0.0000000000e+00 -6.9239823460e+00 )	( 1.6951323308e-02 0.0000000000e+00 3.9212795104e-03 )
436              	( 2.7752819481e+00 0.0000000000e+00 -6.9200605972e+00 )	( 2.7583306253e+00 0.0000000000e+00 -6.9239818767e+00 )	( 1.6951322864e-02 0.0000000000e+00 3.9212795684e-03 )
437              	( 2.7752818162e+00 0.0000000000e+00 -6.9200601345e+00 )	( 2.7583304937e+00 0.0000000000e+00 -6.9239814141e+00 )	( 1.6951322440e-02 0.0000000000e+00 3.9212796314e-03 )
438              	( 2.7752816889e+00 0.0000000000e+00 -6.9200596803e+00 )	( 2.7583303668e+00 0.0000000000e+00 -6.9239809600e+00 )	( 1.6951322097e-02 0.0000000000e+00 3.9212797446e-03 )
439              	( 2.7752815663e+00 0.0000000000e+00 -6.9200592364e+00 )	( 2.7583302445e+00 0.0000000000e+00 -6.9239805163e+00 )	( 1.6951321774e-02 0.0000000000e+00 3.9212798588e-03 )
440              	( 2.7752814486e+00 0.0000000000e+00 -6.9200588046e+00 )	( 2.7583301271e+00 0.0000000000e+00 -6.9239800846e+00 )	( 1.6951321532e-02 0.0000000000e+00 3.9212800194e-03 )
441              	( 2.7752813360e+00 0.0000000000e+00 -6.9200583865e+00 )	( 2.7583300147e+00 0.0000000000e+00 -6.9239796666e+00 )	( 1.6951321308e-02 0.0000000000e+00 3.9212801770e-03 )
442              	( 2.7752812290e+00 0.0000000000e+00 -6.9200579839e+00 )	( 2.7583299078e+00 0.0000000000e+00 -6.9239792642e+00 )	( 1.6951321162e-02 0.0000000000e+00 3.9212803768e-03 )
443              	( 2.7752811279e+00 0.0000000000e+00 -6.9200575985e+00 )	( 2.7583298069e+00 0.0000000000e+00 -6.9239788791e+00 )	( 1.6951321032e-02 0.0000000000e+00 3.9212805696e-03 )
444              	( 2.7752810334e+00 0.0000000000e+00 -6.9200572323e+00 )	( 2.7583297125e+00 0.0000000000e+00 -6.9239785131e+00 )	( 1.6951320977e-02 0.0000000000e+00 3.9212808002e-03 )
445              	( 2.7752809462e+00 0.0000000000e+00 -6.9200568873e+00 )	( 2.7583296253e+00 0.0000000000e+00 -6.9239781683e+00 )	( 1.6951320933e-02 0.0000000000e+00 3.9212810195e-03 )
446              	( 2.7752808664e+00 0.0000000000e+00 -6.9200565644e+00 )	( 2.7583295455e+00 0.0000000000e+00 -6.9239778457e+00 )	( 1.6951320959e-02 0.0000000000e+00 3.9212812721e-03 )
447              	( 2.7752807950e+00 0.0000000000e+00 -6.9200562659e+00 )	( 2.7583294740e+00 0.0000000000e+00 -6.9239775474e+00 )	( 1.6951320993e-02 0.0000000000e+00 3.9212815086e-03 )
448              	( 2.7752807324e+00 0.0000000000e+00 -6.9200559930e+00 )	( 2.7583294113e+00 0.0000000000e+00 -6.9239772747e+00 )	( 1.6951321092e-02 0.0000000000e+00 3.9212817739e-03 )
449              	( 2.7752806787e+00 0.0000000000e+00 -6.9200557467e+00 )	( 2.7583293575e+00 0.0000000000e+00 -6.9239770287e+00 )	( 1.6951321192e-02 0.0000000000e+00 3.9212820187e-03 )
450              	( 2.7752806343e+00 0.0000000000e+00 -6.9200555278e+00 )	( 2.7583293129e+00 0.0000000000e+00 -6.9239768101e+00 )	( 1.6951321353e-02 0.0000000000e+00 3.9212822878e-03 )
451              	( 2.7752805990e+00 0.0000000000e+00 -6.9200553366e+00 )	( 2.7583292775e+00 0.0000000000e+00 -6.9239766192e+00 )	( 1.6951321510e-02 0.0000000000e+00 3.9212825321e-03 )
452              	( 2.7752805727e+00 0.0000000000e+00 -6.9200551733e+00 )	( 2.7583292509e+00 0.0000000000e+00 -6.9239764561e+00 )	( 1.6951321722e-02 0.0000000000e+00 3.9212827967e-03 )
453              	( 2.7752805549e+00 0.0000000000e+00 -6.9200550373e+00 )	( 2.7583292330e+00 0.0000000000e+00 -6.9239763204e+00 )	( 1.6951321924e-02 0.0000000000e+00 3.9212830328e-03 )
454              	( 2.7752805453e+00 0.0000000000e+00 -6.9200549281e+00 )	( 2.7583292231e+00 0.0000000000e+00 -6.9239762114e+00 )	( 1.6951322176e-02 0.0000000000e+00 3.9212832859e-03 )
455              	( 2.7752805432e+00 0.0000000000e+00 -6.9200548446e+00 )	( 2.7583292208e+00 0.0000000000e+00 -6.9239761282e+00 )	( 1.6951322412e-02 0.0000000000e+00 3.9212835074e-03 )
456              	( 2.7752805479e+00 0.0000000000e+00 -6.9200547857e+00 )	( 2.7583292252e+00 0.0000000000e+00 -6.9239760694e+00 )	( 1.6951322693e-02 0.0000000000e+00 3.9212837433e-03 )
457              	( 2.7752805587e+00 0.0000000000e+00 -6.9200547498e+00 )	( 2.7583292357e+00 0.0000000000e+00 -6.9239760338e+00 )	( 1.6951322954e-02 0.0000000000e+00 3.9212839455e-03 )
458              	( 2.7752805749e+00 0.0000000000e+00 -6.9200547356e+00 )	( 2.7583292517e+00 0.0000000000e+00 -6.9239760197e+00 )	( 1.6951323253e-02 0.0000000000e+00 3.9212841602e-03 )
459              	( 2.7752805958e+00 0.0000000000e+00 -6.9200547414e+00 )	( 2.7583292723e+00 0.0000000000e+00 -6.9239760257e+00 )	( 1.6951323528e-02 0.0000000000e+00 3.9212843396e-03 )
460              	( 2.7752806209e+00 0.0000000000e+00 -6.9200547656e+00 )	( 2.7583292971e+00 0.0000000000e+00 -6.9239760501e+00 )	( 1.6951323837e-02 0.0000000000e+00 3.9212845304e-03 )
461              	( 2.7752806495e+00 0.0000000000e+00 -6.9200548068e+00 )	( 2.7583293254e+00 0.0000000000e+00 -6.9239760915e+00 )	( 1.6951324116e-02 0.0000000000e+00 3.9212846850e-03 )
462              	( 2.7752806813e+00 0.0000000000e+00 -6.9200548635e+00 )	( 2.7583293568e+00 0.0000000000e+00 -6.9239761484e+00 )	( 1.6951324425e-02 0.0000000000e+00 3.9212848503e-03 )
463              	( 2.7752807157e+00 0.0000000000e+00 -6.9200549344e+00 )	( 2.7583293910e+00 0.0000000000e+00 -6.9239762194e+00 )	( 1.6951324700e-02 0.0000000000e+00 3.9212849789e-03 )
464              	( 2.7752807525e+00 0.0000000000e+00 -6.9200550182e+00 )	( 2.7583294275e+00 0.0000000000e+00 -6.9239763033e+00 )	( 1.6951325001e-02 0.0000000000e+00 3.9212851178e-03 )
465              	( 2.7752807913e+00 0.0000000000e+00 -6.9200551134e+00 )	( 2.7583294660e+00 0.0000000000e+00 -6.9239763986e+00 )	( 1.6951325265e-02 0.0000000000e+00 3.9212852199e-03 )
466              	( 2.7752808324e+00 0.0000000000e+00 -6.9200552197e+00 )	( 2.7583295068e+00 0.0000000000e+00 -6.9239765050e+00 )	( 1.6951325552e-02 0.0000000000e+00 3.9212853320e-03 )
467              	( 2.7752808750e+00 0.0000000000e+00 -6.9200553354e+00 )	( 2.7583295492e+00 0.0000000000e+00 -6.9239766208e+00 )	( 1.6951325798e-02 0.0000000000e+00 3.9212854075e-03 )
468              	( 2.7752809193e+00 0.0000000000e+00 -6.9200554596e+00 )	( 2.7583295932e+00 0.0000000000e+00 -6.9239767451e+00 )	( 1.6951326064e-02 0.0000000000e+00 3.9212854932e-03 )
469              	( 2.7752809647e+00 0.0000000000e+00 -6.9200555911e+00 )	( 2.7583296384e+00 0.0000000000e+00 -6.9239768767e+00 )	( 1.6951326287e-02 0.0000000000e+00 3.9212855424e-03 )
470              	( 2.7752810113e+00 0.0000000000e+00 -6.9200557291e+00 )	( 2.7583296848e+00 0.0000000000e+00 -6.9239770147e+00 )	( 1.6951326528e-02 0.0000000000e+00 3.9212856023e-03 )
