# Moment         
# CofR           : ( 0.0000000000e+00 0.0000000000e+00 0.0000000000e+00 )
#                
# Time           	(total_x total_y total_z)	(pressure_x pressure_y pressure_z)	(viscous_x viscous_y viscous_z)
1                	( -2.8643929692e+01 1.5845685689e+01 -1.9610484382e+01 )	( -2.8651382601e+01 1.5847311069e+01 -1.9593297424e+01 )	( 7.4529096371e-03 -1.6253797535e-03 -1.7186958726e-02 )
2                	( -8.4600288678e+00 4.0053416674e+00 -5.2251689892e+00 )	( -8.5668661442e+00 4.0518961841e+00 -5.1450003295e+00 )	( 1.0683727635e-01 -4.6554516682e-02 -8.0168659748e-02 )
3                	( -5.0806540780e+00 2.4685053224e+00 -3.1739949311e+00 )	( -5.1008896364e+00 2.4761224094e+00 -3.1491830912e+00 )	( 2.0235558375e-02 -7.6170870182e-03 -2.4811839955e-02 )
4                	( -4.6398757471e+00 2.1507737530e+00 -2.7410486287e+00 )	( -4.6524544693e+00 2.1549876150e+00 -2.7210691760e+00 )	( 1.2578722163e-02 -4.2138619893e-03 -1.9979452777e-02 )
5                	( -4.7742726401e+00 2.0274013951e+00 -2.5404637062e+00 )	( -4.7842615976e+00 2.0305131944e+00 -2.5225825791e+00 )	( 9.9889574440e-03 -3.1117993202e-03 -1.7881127073e-02 )
6                	( -5.0380771771e+00 2.0072600218e+00 -2.4827608103e+00 )	( -5.0465722310e+00 2.0098100020e+00 -2.4661677749e+00 )	( 8.4950538725e-03 -2.5499802446e-03 -1.6593035386e-02 )
7                	( -5.2531435918e+00 2.0048260448e+00 -2.4445251395e+00 )	( -5.2606398280e+00 2.0070379666e+00 -2.4287786821e+00 )	( 7.4962361885e-03 -2.2119218443e-03 -1.5746457425e-02 )
8                	( -5.4055162837e+00 1.9807533779e+00 -2.3888899385e+00 )	( -5.4121628447e+00 1.9827332680e+00 -2.3739051619e+00 )	( 6.6465610821e-03 -1.9798900403e-03 -1.4984776586e-02 )
9                	( -5.4800654508e+00 1.9378673560e+00 -2.3127085132e+00 )	( -5.4860327214e+00 1.9396486575e+00 -2.2983281762e+00 )	( 5.9672706478e-03 -1.7813015072e-03 -1.4380337017e-02 )
10               	( -5.5702549069e+00 1.9118181475e+00 -2.2591522165e+00 )	( -5.5755918566e+00 1.9134185020e+00 -2.2453415845e+00 )	( 5.3369497164e-03 -1.6003544696e-03 -1.3810632010e-02 )
11               	( -5.6295615479e+00 1.8901445142e+00 -2.2094765708e+00 )	( -5.6343439258e+00 1.8915949616e+00 -2.1962090818e+00 )	( 4.7823778292e-03 -1.4504473593e-03 -1.3267488992e-02 )
12               	( -5.6838813731e+00 1.8751287060e+00 -2.1685350896e+00 )	( -5.6881115465e+00 1.8764274570e+00 -2.1558099690e+00 )	( 4.2301733265e-03 -1.2987509825e-03 -1.2725120594e-02 )
13               	( -5.7284873545e+00 1.8618690255e+00 -2.1301406934e+00 )	( -5.7321867690e+00 1.8630196366e+00 -2.1179271789e+00 )	( 3.6994144812e-03 -1.1506110821e-03 -1.2213514471e-02 )
14               	( -5.7513967522e+00 1.8418826198e+00 -2.0840911666e+00 )	( -5.7546267587e+00 1.8429091729e+00 -2.0723510367e+00 )	( 3.2300064484e-03 -1.0265531022e-03 -1.1740129871e-02 )
15               	( -5.7509013811e+00 1.8165386250e+00 -2.0337158039e+00 )	( -5.7536818845e+00 1.8174433075e+00 -2.0224282537e+00 )	( 2.7805033574e-03 -9.0468250676e-04 -1.1287550235e-02 )
16               	( -5.7269303816e+00 1.7880070373e+00 -1.9800994524e+00 )	( -5.7292894291e+00 1.7887969490e+00 -1.9692364543e+00 )	( 2.3590475233e-03 -7.8991177654e-04 -1.0862998085e-02 )
17               	( -5.6843655124e+00 1.7585205453e+00 -1.9257639089e+00 )	( -5.6863389072e+00 1.7592033815e+00 -1.9152947895e+00 )	( 1.9733947447e-03 -6.8283614775e-04 -1.0469119465e-02 )
18               	( -5.6101662382e+00 1.7219295023e+00 -1.8640644397e+00 )	( -5.6118267574e+00 1.7225261001e+00 -1.8539292126e+00 )	( 1.6605192292e-03 -5.9659780723e-04 -1.0135227092e-02 )
19               	( -5.4845839887e+00 1.6746539719e+00 -1.7891524270e+00 )	( -5.4859931677e+00 1.6751804111e+00 -1.7793069369e+00 )	( 1.4091790400e-03 -5.2643914158e-04 -9.8454900384e-03 )
20               	( -5.3843057754e+00 1.6601921073e+00 -1.7584628297e+00 )	( -5.3852785479e+00 1.6605829703e+00 -1.7491093586e+00 )	( 9.7277248612e-04 -3.9086299921e-04 -9.3534711279e-03 )
21               	( -5.3816282398e+00 1.6931764530e+00 -1.7957733158e+00 )	( -5.3823606006e+00 1.6934950134e+00 -1.7867185956e+00 )	( 7.3236084407e-04 -3.1856035928e-04 -9.0547201969e-03 )
22               	( -5.3446457791e+00 1.7086314210e+00 -1.8124595396e+00 )	( -5.3450959204e+00 1.7088611172e+00 -1.8037509378e+00 )	( 4.5014130172e-04 -2.2969621800e-04 -8.7086018572e-03 )
23               	( -5.3043622774e+00 1.7232223054e+00 -1.8305844910e+00 )	( -5.3045827559e+00 1.7233808568e+00 -1.8221927830e+00 )	( 2.2047848189e-04 -1.5855140512e-04 -8.3917080099e-03 )
24               	( -5.2652986983e+00 1.7376742137e+00 -1.8512438570e+00 )	( -5.2653103554e+00 1.7377677904e+00 -1.8431579278e+00 )	( 1.1657049114e-05 -9.3576730483e-05 -8.0859292611e-03 )
25               	( -5.2165171770e+00 1.7484337468e+00 -1.8695885246e+00 )	( -5.2163545985e+00 1.7484721832e+00 -1.8617783262e+00 )	( -1.6257852755e-04 -3.8436376940e-05 -7.8101983482e-03 )
26               	( -5.1614375082e+00 1.7539236224e+00 -1.8828567328e+00 )	( -5.1611399574e+00 1.7539173835e+00 -1.8752899064e+00 )	( -2.9755080111e-04 6.2388814798e-06 -7.5668264420e-03 )
27               	( -5.0875882175e+00 1.7493666955e+00 -1.8837441184e+00 )	( -5.0871918106e+00 1.7493265082e+00 -1.8763895480e+00 )	( -3.9640689896e-04 4.0187291417e-05 -7.3545704196e-03 )
28               	( -5.0035031192e+00 1.7390841988e+00 -1.8785612803e+00 )	( -5.0030450108e+00 1.7390207687e+00 -1.8713811142e+00 )	( -4.5810841431e-04 6.3430102031e-05 -7.1801660156e-03 )
29               	( -4.9051086023e+00 1.7189114792e+00 -1.8622385311e+00 )	( -4.9046456566e+00 1.7188425554e+00 -1.8551801536e+00 )	( -4.6294563625e-04 6.8923841460e-05 -7.0583775476e-03 )
30               	( -4.7864245971e+00 1.6857410723e+00 -1.8312296259e+00 )	( -4.7859931800e+00 1.6856770926e+00 -1.8242465278e+00 )	( -4.3141705536e-04 6.3979711604e-05 -6.9830980796e-03 )
31               	( -4.6516923540e+00 1.6448475130e+00 -1.7905211879e+00 )	( -4.6513236634e+00 1.6447953923e+00 -1.7835755656e+00 )	( -3.6869063237e-04 5.2120626369e-05 -6.9456222798e-03 )
32               	( -4.5150056800e+00 1.6033892067e+00 -1.7496330447e+00 )	( -4.5147037264e+00 1.6033480599e+00 -1.7427158685e+00 )	( -3.0195357454e-04 4.1146721006e-05 -6.9171761803e-03 )
33               	( -4.3621236904e+00 1.5524930173e+00 -1.6971971315e+00 )	( -4.3619101792e+00 1.5524682454e+00 -1.6902832209e+00 )	( -2.1351118661e-04 2.4771955474e-05 -6.9139105801e-03 )
34               	( -4.1983047041e+00 1.4954596816e+00 -1.6375283093e+00 )	( -4.1982264825e+00 1.4954666539e+00 -1.6305732104e+00 )	( -7.8221626577e-05 -6.9722737999e-06 -6.9550988187e-03 )
35               	( -4.0346164255e+00 1.4372353451e+00 -1.5766135185e+00 )	( -4.0346877917e+00 1.4372778531e+00 -1.5696017938e+00 )	( 7.1366167574e-05 -4.2508005248e-05 -7.0117247426e-03 )
36               	( -3.8672407405e+00 1.3775700188e+00 -1.5143909410e+00 )	( -3.8675107332e+00 1.3776649690e+00 -1.5072767584e+00 )	( 2.6999277238e-04 -9.4950242361e-05 -7.1141826151e-03 )
37               	( -3.7026443827e+00 1.3160815815e+00 -1.4513864922e+00 )	( -3.7031496780e+00 1.3162409484e+00 -1.4441341675e+00 )	( 5.0529532320e-04 -1.5936683450e-04 -7.2523247429e-03 )
38               	( -3.5318062672e+00 1.2470085600e+00 -1.3792654735e+00 )	( -3.5325346622e+00 1.2472246749e+00 -1.3718775209e+00 )	( 7.2839499949e-04 -2.1611489133e-04 -7.3879526268e-03 )
39               	( -3.3813609739e+00 1.1886233324e+00 -1.3204429991e+00 )	( -3.3823495225e+00 1.1889091420e+00 -1.3128847516e+00 )	( 9.8854866563e-04 -2.8580957861e-04 -7.5582474946e-03 )
40               	( -3.2709762222e+00 1.1492728586e+00 -1.2855984678e+00 )	( -3.2723749323e+00 1.1496862007e+00 -1.2777420478e+00 )	( 1.3987101471e-03 -4.1334216868e-04 -7.8564200035e-03 )
41               	( -3.1644498929e+00 1.1087215848e+00 -1.2482797464e+00 )	( -3.1660910975e+00 1.1092005853e+00 -1.2402645524e+00 )	( 1.6412046243e-03 -4.7900055552e-04 -8.0151940066e-03 )
42               	( -3.0917206040e+00 1.0829864539e+00 -1.2293455942e+00 )	( -3.0936132868e+00 1.0835334935e+00 -1.2211500114e+00 )	( 1.8926828373e-03 -5.4703958858e-04 -8.1955827597e-03 )
43               	( -3.0599278212e+00 1.0735062291e+00 -1.2297464253e+00 )	( -3.0621142426e+00 1.0741406545e+00 -1.2213327339e+00 )	( 2.1864213968e-03 -6.3442540477e-04 -8.4136914492e-03 )
44               	( -3.0402638101e+00 1.0682077968e+00 -1.2329623024e+00 )	( -3.0426648021e+00 1.0689032615e+00 -1.2243928565e+00 )	( 2.4009919998e-03 -6.9546469931e-04 -8.5694459211e-03 )
45               	( -3.0308829302e+00 1.0638932399e+00 -1.2351711911e+00 )	( -3.0333874334e+00 1.0646144284e+00 -1.2265484440e+00 )	( 2.5045031528e-03 -7.2118857635e-04 -8.6227470395e-03 )
46               	( -3.0374326406e+00 1.0656018873e+00 -1.2432652188e+00 )	( -3.0400118711e+00 1.0663412335e+00 -1.2346118671e+00 )	( 2.5792304850e-03 -7.3934616565e-04 -8.6533517376e-03 )
47               	( -3.0591046538e+00 1.0747781390e+00 -1.2594547743e+00 )	( -3.0617149831e+00 1.0755220636e+00 -1.2508056092e+00 )	( 2.6103293199e-03 -7.4392453160e-04 -8.6491651181e-03 )
48               	( -3.0865993351e+00 1.0873604772e+00 -1.2790863102e+00 )	( -3.0892044651e+00 1.0880966108e+00 -1.2704631094e+00 )	( 2.6051299207e-03 -7.3613358199e-04 -8.6232007645e-03 )
49               	( -3.1177895671e+00 1.1003282108e+00 -1.2976961181e+00 )	( -3.1203536521e+00 1.1010440310e+00 -1.2891212281e+00 )	( 2.5640849622e-03 -7.1582014253e-04 -8.5748900157e-03 )
50               	( -3.1587962975e+00 1.1171461881e+00 -1.3205387721e+00 )	( -3.1612974868e+00 1.1178350124e+00 -1.3120198326e+00 )	( 2.5011893622e-03 -6.8882423122e-04 -8.5189394583e-03 )
51               	( -3.2033621316e+00 1.1344262265e+00 -1.3425825834e+00 )	( -3.2057847225e+00 1.1350843247e+00 -1.3341271184e+00 )	( 2.4225909248e-03 -6.5809821436e-04 -8.4554649583e-03 )
52               	( -3.2464655885e+00 1.1499767438e+00 -1.3613529329e+00 )	( -3.2488076052e+00 1.1506044297e+00 -1.3529576398e+00 )	( 2.3420167348e-03 -6.2768594754e-04 -8.3952930878e-03 )
53               	( -3.2916229695e+00 1.1660152724e+00 -1.3798161558e+00 )	( -3.2938847426e+00 1.1666136302e+00 -1.3714774786e+00 )	( 2.2617730345e-03 -5.9835786042e-04 -8.3386771974e-03 )
54               	( -3.3354177600e+00 1.1817562695e+00 -1.3977284478e+00 )	( -3.3375932217e+00 1.1823237516e+00 -1.3894491206e+00 )	( 2.1754617847e-03 -5.6748215776e-04 -8.2793271267e-03 )
55               	( -3.3765783055e+00 1.1975927157e+00 -1.4163465773e+00 )	( -3.3786667222e+00 1.1981295124e+00 -1.4081243143e+00 )	( 2.0884166679e-03 -5.3679669652e-04 -8.2222629978e-03 )
56               	( -3.4114121745e+00 1.2101269291e+00 -1.4312844796e+00 )	( -3.4134378788e+00 1.2106406715e+00 -1.4230911948e+00 )	( 2.0257043541e-03 -5.1374248834e-04 -8.1932847661e-03 )
57               	( -3.4381414020e+00 1.2186896512e+00 -1.4408278250e+00 )	( -3.4401130964e+00 1.2191840761e+00 -1.4326562959e+00 )	( 1.9716943733e-03 -4.9442492533e-04 -8.1715291168e-03 )
58               	( -3.4632861682e+00 1.2271850625e+00 -1.4504603920e+00 )	( -3.4652273228e+00 1.2276688387e+00 -1.4422887769e+00 )	( 1.9411545434e-03 -4.8377617235e-04 -8.1716150683e-03 )
59               	( -3.4896628413e+00 1.2368108882e+00 -1.4619585507e+00 )	( -3.4915881152e+00 1.2372897942e+00 -1.4537741246e+00 )	( 1.9252738798e-03 -4.7890607271e-04 -8.1844261534e-03 )
60               	( -3.5039668704e+00 1.2396492170e+00 -1.4648269309e+00 )	( -3.5058889268e+00 1.2401276371e+00 -1.4566180180e+00 )	( 1.9220564308e-03 -4.7842014131e-04 -8.2089129018e-03 )
61               	( -3.4840375958e+00 1.2234235906e+00 -1.4425460387e+00 )	( -3.4859580325e+00 1.2239035394e+00 -1.4343211843e+00 )	( 1.9204367474e-03 -4.7994881018e-04 -8.2248544351e-03 )
62               	( -3.4486501387e+00 1.2004071581e+00 -1.4112826498e+00 )	( -3.4505766578e+00 1.2008916020e+00 -1.4030419112e+00 )	( 1.9265191124e-03 -4.8444380875e-04 -8.2407385609e-03 )
63               	( -3.4104867719e+00 1.1770600821e+00 -1.3800145802e+00 )	( -3.4124126142e+00 1.1775456995e+00 -1.3717679319e+00 )	( 1.9258423018e-03 -4.8561742013e-04 -8.2466483309e-03 )
64               	( -3.3824406464e+00 1.1607651120e+00 -1.3583728359e+00 )	( -3.3843685050e+00 1.1612525235e+00 -1.3501210310e+00 )	( 1.9278585753e-03 -4.8741149771e-04 -8.2518049230e-03 )
65               	( -3.3560104078e+00 1.1460924860e+00 -1.3391226486e+00 )	( -3.3579394492e+00 1.1465812769e+00 -1.3308702271e+00 )	( 1.9290414077e-03 -4.8879087887e-04 -8.2524214090e-03 )
66               	( -3.3344201790e+00 1.1353548542e+00 -1.3247112009e+00 )	( -3.3363510362e+00 1.1358449899e+00 -1.3164597390e+00 )	( 1.9308572248e-03 -4.9013573986e-04 -8.2514618995e-03 )
67               	( -3.3235342778e+00 1.1308011002e+00 -1.3188379184e+00 )	( -3.3254658919e+00 1.1312918913e+00 -1.3105900832e+00 )	( 1.9316141163e-03 -4.9079112428e-04 -8.2478352051e-03 )
68               	( -3.3193816274e+00 1.1300054291e+00 -1.3181011626e+00 )	( -3.3213117234e+00 1.1304958101e+00 -1.3098593193e+00 )	( 1.9300960149e-03 -4.9038102673e-04 -8.2418432593e-03 )
69               	( -3.3195447994e+00 1.1315557588e+00 -1.3205783847e+00 )	( -3.3214728017e+00 1.1320452807e+00 -1.3123424317e+00 )	( 1.9280023454e-03 -4.8952183715e-04 -8.2359530947e-03 )
70               	( -3.3254194602e+00 1.1359909999e+00 -1.3268620266e+00 )	( -3.3273451385e+00 1.1364794124e+00 -1.3186309337e+00 )	( 1.9256783183e-03 -4.8841248096e-04 -8.2310928979e-03 )
71               	( -3.3341074181e+00 1.1417576832e+00 -1.3348423877e+00 )	( -3.3360309386e+00 1.1422449262e+00 -1.3266143538e+00 )	( 1.9235205127e-03 -4.8724297667e-04 -8.2280338853e-03 )
72               	( -3.3447797825e+00 1.1484416690e+00 -1.3437999109e+00 )	( -3.3467013589e+00 1.1489278087e+00 -1.3355732357e+00 )	( 1.9215764630e-03 -4.8613966802e-04 -8.2266752729e-03 )
73               	( -3.3510421290e+00 1.1523205704e+00 -1.3490589586e+00 )	( -3.3529611434e+00 1.1528054967e+00 -1.3408338619e+00 )	( 1.9190144126e-03 -4.8492633145e-04 -8.2250967765e-03 )
74               	( -3.3564071579e+00 1.1556194876e+00 -1.3535786444e+00 )	( -3.3583236885e+00 1.1561032515e+00 -1.3453542690e+00 )	( 1.9165305228e-03 -4.8376392487e-04 -8.2243754214e-03 )
75               	( -3.3599243311e+00 1.1579744576e+00 -1.3568821267e+00 )	( -3.3618386876e+00 1.1584572071e+00 -1.3486577077e+00 )	( 1.9143564828e-03 -4.8274953032e-04 -8.2244190036e-03 )
76               	( -3.3594823107e+00 1.1581334656e+00 -1.3574580976e+00 )	( -3.3613952319e+00 1.1586154397e+00 -1.3492327199e+00 )	( 1.9129211805e-03 -4.8197405544e-04 -8.2253777070e-03 )
77               	( -3.3549236665e+00 1.1560096862e+00 -1.3552390906e+00 )	( -3.3568357263e+00 1.1564910142e+00 -1.3470123232e+00 )	( 1.9120597551e-03 -4.8132804817e-04 -8.2267674138e-03 )
78               	( -3.3469047735e+00 1.1520274168e+00 -1.3507804607e+00 )	( -3.3488173299e+00 1.1525084482e+00 -1.3425512451e+00 )	( 1.9125564683e-03 -4.8103145148e-04 -8.2292156105e-03 )
79               	( -3.3350320376e+00 1.1460915534e+00 -1.3439171640e+00 )	( -3.3369468588e+00 1.1465727644e+00 -1.3356844534e+00 )	( 1.9148211743e-03 -4.8121100657e-04 -8.2327106362e-03 )
80               	( -3.3232178794e+00 1.1404749995e+00 -1.3375013731e+00 )	( -3.3251364525e+00 1.1409567483e+00 -1.3292642166e+00 )	( 1.9185731176e-03 -4.8174880429e-04 -8.2371565401e-03 )
81               	( -3.3114518168e+00 1.1349789358e+00 -1.3312934603e+00 )	( -3.3133749308e+00 1.1354613965e+00 -1.3230517073e+00 )	( 1.9231140415e-03 -4.8246077620e-04 -8.2417530707e-03 )
82               	( -3.3004813617e+00 1.1299568292e+00 -1.3257206781e+00 )	( -3.3024097017e+00 1.1304401633e+00 -1.3174740929e+00 )	( 1.9283399724e-03 -4.8333409703e-04 -8.2465851140e-03 )
83               	( -3.2900355438e+00 1.1252080353e+00 -1.3204196770e+00 )	( -3.2919690818e+00 1.1256922148e+00 -1.3121687807e+00 )	( 1.9335379389e-03 -4.8417951016e-04 -8.2508962647e-03 )
84               	( -3.2812791552e+00 1.1213760956e+00 -1.3163099265e+00 )	( -3.2832180372e+00 1.1218611111e+00 -1.3080546870e+00 )	( 1.9388819932e-03 -4.8501550368e-04 -8.2552394876e-03 )
85               	( -3.2753251988e+00 1.1189222144e+00 -1.3139910902e+00 )	( -3.2772694505e+00 1.1194080283e+00 -1.3057312332e+00 )	( 1.9442516901e-03 -4.8581386444e-04 -8.2598570208e-03 )
86               	( -3.2721900373e+00 1.1177900874e+00 -1.3132823040e+00 )	( -3.2741393433e+00 1.1182766026e+00 -1.3050177284e+00 )	( 1.9493060079e-03 -4.8651512331e-04 -8.2645756557e-03 )
87               	( -3.2719503490e+00 1.1179583353e+00 -1.3141010446e+00 )	( -3.2739040239e+00 1.1184453783e+00 -1.3058318444e+00 )	( 1.9536749206e-03 -4.8704300208e-04 -8.2692001664e-03 )
88               	( -3.2743198982e+00 1.1193420206e+00 -1.3163077170e+00 )	( -3.2762772549e+00 1.1198294573e+00 -1.3080338604e+00 )	( 1.9573567112e-03 -4.8743676184e-04 -8.2738566092e-03 )
89               	( -3.2794576209e+00 1.1219897216e+00 -1.3199700515e+00 )	( -3.2814179088e+00 1.1224774141e+00 -1.3116914242e+00 )	( 1.9602878964e-03 -4.8769251435e-04 -8.2786272312e-03 )
90               	( -3.2868586415e+00 1.1255628235e+00 -1.3246747517e+00 )	( -3.2888211892e+00 1.1260506758e+00 -1.3163910778e+00 )	( 1.9625476502e-03 -4.8785230710e-04 -8.2836738963e-03 )
91               	( -3.2953509889e+00 1.1293900930e+00 -1.3295333165e+00 )	( -3.2973150743e+00 1.1298780222e+00 -1.3212445499e+00 )	( 1.9640854565e-03 -4.8792922742e-04 -8.2887665431e-03 )
92               	( -3.3036945436e+00 1.1328240827e+00 -1.3337016466e+00 )	( -3.3056593402e+00 1.1333120067e+00 -1.3254080959e+00 )	( 1.9647966256e-03 -4.8792405218e-04 -8.2935506902e-03 )
93               	( -3.3116624852e+00 1.1358676337e+00 -1.3372252114e+00 )	( -3.3136273211e+00 1.1363555125e+00 -1.3289271992e+00 )	( 1.9648359371e-03 -4.8787877045e-04 -8.2980121338e-03 )
94               	( -3.3194226257e+00 1.1387219096e+00 -1.3403627702e+00 )	( -3.3213869371e+00 1.1392097415e+00 -1.3320606783e+00 )	( 1.9643114024e-03 -4.8783181684e-04 -8.3020919048e-03 )
95               	( -3.3270572257e+00 1.1414545142e+00 -1.3432320019e+00 )	( -3.3290205524e+00 1.1419423153e+00 -1.3349262014e+00 )	( 1.9633266263e-03 -4.8780104944e-04 -8.3058005139e-03 )
96               	( -3.3339803381e+00 1.1437246301e+00 -1.3454421924e+00 )	( -3.3359424274e+00 1.1442124636e+00 -1.3371329795e+00 )	( 1.9620892988e-03 -4.8783350287e-04 -8.3092128265e-03 )
97               	( -3.3397743817e+00 1.1453059255e+00 -1.3467330421e+00 )	( -3.3417350333e+00 1.1457938522e+00 -1.3384208580e+00 )	( 1.9606515336e-03 -4.8792666251e-04 -8.3121841142e-03 )
98               	( -3.3444664135e+00 1.1462909524e+00 -1.3472387631e+00 )	( -3.3464255110e+00 1.1467790319e+00 -1.3389240706e+00 )	( 1.9590975727e-03 -4.8807953842e-04 -8.3146924988e-03 )
99               	( -3.3483063437e+00 1.1468627290e+00 -1.3472101055e+00 )	( -3.3502638168e+00 1.1473510180e+00 -1.3388934518e+00 )	( 1.9574731401e-03 -4.8828895635e-04 -8.3166536533e-03 )
100              	( -3.3517388957e+00 1.1473487278e+00 -1.3470312795e+00 )	( -3.3536945197e+00 1.1478372335e+00 -1.3387135400e+00 )	( 1.9556240081e-03 -4.8850574479e-04 -8.3177395152e-03 )
101              	( -3.3547929698e+00 1.1477835435e+00 -1.3467525292e+00 )	( -3.3567464441e+00 1.1482722299e+00 -1.3384345714e+00 )	( 1.9534742776e-03 -4.8868641247e-04 -8.3179578553e-03 )
102              	( -3.3577888724e+00 1.1483266683e+00 -1.3466076380e+00 )	( -3.3597400176e+00 1.1488155219e+00 -1.3382902098e+00 )	( 1.9511452395e-03 -4.8885358364e-04 -8.3174282787e-03 )
103              	( -3.3608623721e+00 1.1490151421e+00 -1.3466501441e+00 )	( -3.3628109563e+00 1.1495041246e+00 -1.3383340193e+00 )	( 1.9485842206e-03 -4.8898251511e-04 -8.3161248012e-03 )
104              	( -3.3640595591e+00 1.1498611098e+00 -1.3468913069e+00 )	( -3.3660053146e+00 1.1503501647e+00 -1.3385772637e+00 )	( 1.9457555496e-03 -4.8905486535e-04 -8.3140431731e-03 )
105              	( -3.3674771957e+00 1.1509126179e+00 -1.3473948618e+00 )	( -3.3694197806e+00 1.1514016599e+00 -1.3390836961e+00 )	( 1.9425848592e-03 -4.8904198624e-04 -8.3111657107e-03 )
106              	( -3.3711363193e+00 1.1521681948e+00 -1.3481679712e+00 )	( -3.3730753891e+00 1.1526571272e+00 -1.3398604559e+00 )	( 1.9390697979e-03 -4.8893241025e-04 -8.3075153137e-03 )
107              	( -3.3750106852e+00 1.1535985428e+00 -1.3491725831e+00 )	( -3.3769458419e+00 1.1540872507e+00 -1.3408695017e+00 )	( 1.9351567185e-03 -4.8870791048e-04 -8.3030814137e-03 )
108              	( -3.3790111382e+00 1.1551660238e+00 -1.3503651721e+00 )	( -3.3809419204e+00 1.1556543637e+00 -1.3420672289e+00 )	( 1.9307821848e-03 -4.8833996079e-04 -8.2979431475e-03 )
109              	( -3.3828110880e+00 1.1566999064e+00 -1.3515372492e+00 )	( -3.3847371552e+00 1.1571877656e+00 -1.3432450431e+00 )	( 1.9260671445e-03 -4.8785914051e-04 -8.2922061432e-03 )
110              	( -3.3868859242e+00 1.1584522702e+00 -1.3530255399e+00 )	( -3.3888070467e+00 1.1589395601e+00 -1.3447394936e+00 )	( 1.9211225367e-03 -4.8728988648e-04 -8.2860463489e-03 )
111              	( -3.3909477574e+00 1.1602631873e+00 -1.3546370119e+00 )	( -3.3928637755e+00 1.1607498312e+00 -1.3463574178e+00 )	( 1.9160181340e-03 -4.8664387102e-04 -8.2795941296e-03 )
112              	( -3.3946604305e+00 1.1619440850e+00 -1.3561456047e+00 )	( -3.3965714953e+00 1.1624300977e+00 -1.3478724396e+00 )	( 1.9110647857e-03 -4.8601266208e-04 -8.2731650841e-03 )
113              	( -3.3978362783e+00 1.1633733493e+00 -1.3573895189e+00 )	( -3.3997423322e+00 1.1638586832e+00 -1.3491230077e+00 )	( 1.9060539314e-03 -4.8533388110e-04 -8.2665111466e-03 )
114              	( -3.4003474502e+00 1.1645273369e+00 -1.3583464697e+00 )	( -3.4022486939e+00 1.1650120063e+00 -1.3500865208e+00 )	( 1.9012436568e-03 -4.8466935496e-04 -8.2599489398e-03 )
115              	( -3.4015879804e+00 1.1650818602e+00 -1.3585870366e+00 )	( -3.4034845707e+00 1.1655658682e+00 -1.3503337483e+00 )	( 1.8965903193e-03 -4.8400796105e-04 -8.2532883427e-03 )
116              	( -3.4018979992e+00 1.1652627109e+00 -1.3584327289e+00 )	( -3.4037902867e+00 1.1657461000e+00 -1.3501859668e+00 )	( 1.8922875076e-03 -4.8338910152e-04 -8.2467620462e-03 )
117              	( -3.4013269694e+00 1.1651056445e+00 -1.3579404103e+00 )	( -3.4032153378e+00 1.1655884589e+00 -1.3497000690e+00 )	( 1.8883684247e-03 -4.8281443869e-04 -8.2403413160e-03 )
118              	( -3.3998787165e+00 1.1646068827e+00 -1.3571082654e+00 )	( -3.4017635991e+00 1.1650891756e+00 -1.3488742025e+00 )	( 1.8848825261e-03 -4.8229289409e-04 -8.2340629417e-03 )
119              	( -3.3976679463e+00 1.1638211555e+00 -1.3560103683e+00 )	( -3.3995498089e+00 1.1643029810e+00 -1.3477823626e+00 )	( 1.8818626071e-03 -4.8182556092e-04 -8.2280056734e-03 )
120              	( -3.3947574558e+00 1.1627827721e+00 -1.3546896098e+00 )	( -3.3966368179e+00 1.1632641932e+00 -1.3464673511e+00 )	( 1.8793620932e-03 -4.8142108726e-04 -8.2222586883e-03 )
121              	( -3.3912581795e+00 1.1615376604e+00 -1.3532038122e+00 )	( -3.3931355288e+00 1.1620187253e+00 -1.3449869992e+00 )	( 1.8773492949e-03 -4.8106489263e-04 -8.2168130334e-03 )
122              	( -3.3873293673e+00 1.1601607719e+00 -1.3516406595e+00 )	( -3.3892052022e+00 1.1606415319e+00 -1.3434289502e+00 )	( 1.8758349248e-03 -4.8076006651e-04 -8.2117092920e-03 )
123              	( -3.3831663917e+00 1.1587527841e+00 -1.3501254032e+00 )	( -3.3850412138e+00 1.1592332899e+00 -1.3419183580e+00 )	( 1.8748221516e-03 -4.8050583760e-04 -8.2070452852e-03 )
124              	( -3.3788765381e+00 1.1573475060e+00 -1.3486906680e+00 )	( -3.3807507960e+00 1.1578277963e+00 -1.3404878575e+00 )	( 1.8742579176e-03 -4.8029033706e-04 -8.2028105483e-03 )
125              	( -3.3745020411e+00 1.1559410775e+00 -1.3473140383e+00 )	( -3.3763762038e+00 1.1564212042e+00 -1.3391149462e+00 )	( 1.8741627273e-03 -4.8012673420e-04 -8.1990921154e-03 )
126              	( -3.3702230766e+00 1.1546103261e+00 -1.3460857154e+00 )	( -3.3720975570e+00 1.1550903324e+00 -1.3378898365e+00 )	( 1.8744804653e-03 -4.8000628204e-04 -8.1958788620e-03 )
127              	( -3.3660784398e+00 1.1533478757e+00 -1.3449828698e+00 )	( -3.3679535906e+00 1.1538277961e+00 -1.3367897028e+00 )	( 1.8751508627e-03 -4.7992039179e-04 -8.1931670750e-03 )
128              	( -3.3621728994e+00 1.1521893627e+00 -1.3440410118e+00 )	( -3.3640490008e+00 1.1526692202e+00 -1.3358500894e+00 )	( 1.8761013620e-03 -4.7985755588e-04 -8.1909224036e-03 )
129              	( -3.3585491743e+00 1.1511404993e+00 -1.3432543043e+00 )	( -3.3604264681e+00 1.1516203150e+00 -1.3350651385e+00 )	( 1.8772937505e-03 -4.7981571956e-04 -8.1891658118e-03 )
130              	( -3.3552690134e+00 1.1502179545e+00 -1.3426307026e+00 )	( -3.3571476720e+00 1.1506977406e+00 -1.3344428474e+00 )	( 1.8786585657e-03 -4.7978608121e-04 -8.1878552417e-03 )
131              	( -3.3523397748e+00 1.1494145962e+00 -1.3421492075e+00 )	( -3.3542199255e+00 1.1498943629e+00 -1.3339622284e+00 )	( 1.8801506382e-03 -4.7976669186e-04 -8.1869790915e-03 )
132              	( -3.3497488894e+00 1.1487149888e+00 -1.3417833363e+00 )	( -3.3516306174e+00 1.1491947440e+00 -1.3335968274e+00 )	( 1.8817280013e-03 -4.7975519381e-04 -8.1865088477e-03 )
133              	( -3.3474863039e+00 1.1481074855e+00 -1.3415089385e+00 )	( -3.3493696699e+00 1.1485872400e+00 -1.3333225147e+00 )	( 1.8833660195e-03 -4.7975445255e-04 -8.1864238863e-03 )
134              	( -3.3455082359e+00 1.1475681199e+00 -1.3412888923e+00 )	( -3.3473932739e+00 1.1480478859e+00 -1.3331022061e+00 )	( 1.8850379675e-03 -4.7976594461e-04 -8.1866862863e-03 )
135              	( -3.3437731348e+00 1.1470779538e+00 -1.3410964787e+00 )	( -3.3456598688e+00 1.1475577482e+00 -1.3329092026e+00 )	( 1.8867339911e-03 -4.7979439652e-04 -8.1872760943e-03 )
136              	( -3.3422102449e+00 1.1466022880e+00 -1.3408849258e+00 )	( -3.3440986825e+00 1.1470821293e+00 -1.3326967756e+00 )	( 1.8884375786e-03 -4.7984124407e-04 -8.1881501711e-03 )
137              	( -3.3408147005e+00 1.1461467157e+00 -1.3406611700e+00 )	( -3.3427048567e+00 1.1466266289e+00 -1.3324718752e+00 )	( 1.8901561616e-03 -4.7991322247e-04 -8.1892947798e-03 )
138              	( -3.3395411580e+00 1.1456941937e+00 -1.3404036511e+00 )	( -3.3414330283e+00 1.1461742028e+00 -1.3322130006e+00 )	( 1.8918702365e-03 -4.8000908033e-04 -8.1906504692e-03 )
139              	( -3.3383629520e+00 1.1452322332e+00 -1.3401013344e+00 )	( -3.3402565213e+00 1.1457123592e+00 -1.3319091446e+00 )	( 1.8935693246e-03 -4.8012603615e-04 -8.1921897861e-03 )
140              	( -3.3372914694e+00 1.1447813956e+00 -1.3397812858e+00 )	( -3.3391867600e+00 1.1452616706e+00 -1.3315873515e+00 )	( 1.8952906304e-03 -4.8027504674e-04 -8.1939343797e-03 )
141              	( -3.3363459159e+00 1.1443580751e+00 -1.3394659893e+00 )	( -3.3382429277e+00 1.1448385255e+00 -1.3312701584e+00 )	( 1.8970117837e-03 -4.8045037274e-04 -8.1958308841e-03 )
142              	( -3.3355296207e+00 1.1439691505e+00 -1.3391634531e+00 )	( -3.3374283411e+00 1.1444497995e+00 -1.3309656060e+00 )	( 1.8987203507e-03 -4.8064899884e-04 -8.1978470668e-03 )
143              	( -3.3348880702e+00 1.1436425284e+00 -1.3389105984e+00 )	( -3.3367884618e+00 1.1441233925e+00 -1.3307106666e+00 )	( 1.9003916242e-03 -4.8086416646e-04 -8.1999318155e-03 )
144              	( -3.3344544302e+00 1.1434005864e+00 -1.3387390320e+00 )	( -3.3363564262e+00 1.1438816734e+00 -1.3305369899e+00 )	( 1.9019959982e-03 -4.8108704411e-04 -8.2020420947e-03 )
145              	( -3.3342750473e+00 1.1432644936e+00 -1.3386768279e+00 )	( -3.3361785590e+00 1.1437458051e+00 -1.3304726857e+00 )	( 1.9035116860e-03 -4.8131148394e-04 -8.2041421173e-03 )
146              	( -3.3342999826e+00 1.1432134330e+00 -1.3386955662e+00 )	( -3.3362049010e+00 1.1436949645e+00 -1.3304893536e+00 )	( 1.9049184393e-03 -4.8153149362e-04 -8.2062126527e-03 )
147              	( -3.3345743534e+00 1.1432724834e+00 -1.3388303587e+00 )	( -3.3364805653e+00 1.1437542281e+00 -1.3306221073e+00 )	( 1.9062119050e-03 -4.8174467830e-04 -8.2082514488e-03 )
148              	( -3.3351094431e+00 1.1434476760e+00 -1.3390906910e+00 )	( -3.3370168167e+00 1.1439296211e+00 -1.3308804503e+00 )	( 1.9073735904e-03 -4.8194512462e-04 -8.2102407320e-03 )
149              	( -3.3358892777e+00 1.1437287207e+00 -1.3394639788e+00 )	( -3.3377976668e+00 1.1442108487e+00 -1.3312518114e+00 )	( 1.9083890384e-03 -4.8212806833e-04 -8.2121674119e-03 )
150              	( -3.3368818426e+00 1.1440992026e+00 -1.3399298817e+00 )	( -3.3387910980e+00 1.1445814949e+00 -1.3317158562e+00 )	( 1.9092553756e-03 -4.8229235269e-04 -8.2140255984e-03 )
151              	( -3.3380679939e+00 1.1445485949e+00 -1.3404765423e+00 )	( -3.3399779606e+00 1.1450310306e+00 -1.3322607372e+00 )	( 1.9099667247e-03 -4.8243568423e-04 -8.2158051391e-03 )
152              	( -3.3394204404e+00 1.1450630775e+00 -1.3410876210e+00 )	( -3.3413309620e+00 1.1455456348e+00 -1.3328701262e+00 )	( 1.9105216680e-03 -4.8255734952e-04 -8.2174947682e-03 )
153              	( -3.3408186146e+00 1.1455811190e+00 -1.3416837383e+00 )	( -3.3427295305e+00 1.1460637750e+00 -1.3334646699e+00 )	( 1.9109159039e-03 -4.8265595280e-04 -8.2190684546e-03 )
154              	( -3.3422501626e+00 1.1461029419e+00 -1.3422682530e+00 )	( -3.3441613299e+00 1.1465856769e+00 -1.3340477225e+00 )	( 1.9111672608e-03 -4.8273500778e-04 -8.2205305392e-03 )
155              	( -3.3436784312e+00 1.1466140884e+00 -1.3428257519e+00 )	( -3.3455897222e+00 1.1470968856e+00 -1.3346038699e+00 )	( 1.9112909764e-03 -4.8279719686e-04 -8.2218820728e-03 )
156              	( -3.3450046154e+00 1.1470678429e+00 -1.3432975409e+00 )	( -3.3469159162e+00 1.1475506880e+00 -1.3350744328e+00 )	( 1.9113007656e-03 -4.8284509408e-04 -8.2231080493e-03 )
157              	( -3.3463240659e+00 1.1475208602e+00 -1.3437632294e+00 )	( -3.3482352990e+00 1.1480037458e+00 -1.3355389834e+00 )	( 1.9112331016e-03 -4.8288557716e-04 -8.2242460081e-03 )
158              	( -3.3475761154e+00 1.1479404133e+00 -1.3441815986e+00 )	( -3.3494872063e+00 1.1484233315e+00 -1.3359563196e+00 )	( 1.9110908575e-03 -4.8291818965e-04 -8.2252789621e-03 )
159              	( -3.3487641155e+00 1.1483352751e+00 -1.3445665554e+00 )	( -3.3506750210e+00 1.1488182240e+00 -1.3363403204e+00 )	( 1.9109055901e-03 -4.8294887106e-04 -8.2262350923e-03 )
160              	( -3.3498554619e+00 1.1486868960e+00 -1.3448952750e+00 )	( -3.3517661392e+00 1.1491698723e+00 -1.3366681800e+00 )	( 1.9106773715e-03 -4.8297634966e-04 -8.2270949841e-03 )
161              	( -3.3508312453e+00 1.1489880643e+00 -1.3451598230e+00 )	( -3.3527416675e+00 1.1494710674e+00 -1.3369319570e+00 )	( 1.9104221869e-03 -4.8300312338e-04 -8.2278659708e-03 )
162              	( -3.3517050361e+00 1.1492483634e+00 -1.3453741322e+00 )	( -3.3536151869e+00 1.1497313937e+00 -1.3371455808e+00 )	( 1.9101508412e-03 -4.8303027374e-04 -8.2285513094e-03 )
163              	( -3.3524900026e+00 1.1494762333e+00 -1.3455502597e+00 )	( -3.3543998664e+00 1.1499592894e+00 -1.3373211132e+00 )	( 1.9098638168e-03 -4.8305605825e-04 -8.2291464422e-03 )
164              	( -3.3531999567e+00 1.1496796256e+00 -1.3456990511e+00 )	( -3.3551095208e+00 1.1501627053e+00 -1.3374693995e+00 )	( 1.9095640688e-03 -4.8307972150e-04 -8.2296516448e-03 )
165              	( -3.3538500680e+00 1.1498662577e+00 -1.3458306429e+00 )	( -3.3557593247e+00 1.1503493588e+00 -1.3376005673e+00 )	( 1.9092566905e-03 -4.8310109039e-04 -8.2300756553e-03 )
166              	( -3.3544629876e+00 1.1500477786e+00 -1.3459609649e+00 )	( -3.3563719303e+00 1.1505308980e+00 -1.3377305441e+00 )	( 1.9089426979e-03 -4.8311942559e-04 -8.2304207505e-03 )
167              	( -3.3550390179e+00 1.1502221590e+00 -1.3460872458e+00 )	( -3.3569476380e+00 1.1507052920e+00 -1.3378565555e+00 )	( 1.9086201073e-03 -4.8313303074e-04 -8.2306903451e-03 )
168              	( -3.3555984624e+00 1.1503987128e+00 -1.3462210926e+00 )	( -3.3575067499e+00 1.1508818536e+00 -1.3379902047e+00 )	( 1.9082875146e-03 -4.8314082260e-04 -8.2308879542e-03 )
169              	( -3.3561487778e+00 1.1505801476e+00 -1.3463653291e+00 )	( -3.3580567192e+00 1.1510632889e+00 -1.3381343117e+00 )	( 1.9079413635e-03 -4.8314126665e-04 -8.2310173585e-03 )
170              	( -3.3566930142e+00 1.1507665483e+00 -1.3465195669e+00 )	( -3.3586005938e+00 1.1512496820e+00 -1.3382884863e+00 )	( 1.9075795888e-03 -4.8313370614e-04 -8.2310806246e-03 )
171              	( -3.3572296248e+00 1.1509558037e+00 -1.3466807915e+00 )	( -3.3591368273e+00 1.1514389218e+00 -1.3384497069e+00 )	( 1.9072024957e-03 -4.8311810903e-04 -8.2310846103e-03 )
172              	( -3.3577413167e+00 1.1511373838e+00 -1.3468347487e+00 )	( -3.3596481249e+00 1.1516204781e+00 -1.3386037214e+00 )	( 1.9068082261e-03 -4.8309431717e-04 -8.2310273452e-03 )
173              	( -3.3582090551e+00 1.1513009072e+00 -1.3469677126e+00 )	( -3.3601154540e+00 1.1517839702e+00 -1.3387368008e+00 )	( 1.9063988342e-03 -4.8306307068e-04 -8.2309118297e-03 )
174              	( -3.3586494237e+00 1.1514563585e+00 -1.3470939177e+00 )	( -3.3605554070e+00 1.1519393852e+00 -1.3388631671e+00 )	( 1.9059832752e-03 -4.8302675857e-04 -8.2307505584e-03 )
175              	( -3.3590536705e+00 1.1515985657e+00 -1.3472067790e+00 )	( -3.3609592341e+00 1.1520815516e+00 -1.3389762311e+00 )	( 1.9055635473e-03 -4.8298586966e-04 -8.2305478889e-03 )
176              	( -3.3594119199e+00 1.1517221529e+00 -1.3472994604e+00 )	( -3.3613170637e+00 1.1522050945e+00 -1.3390691537e+00 )	( 1.9051437623e-03 -4.8294169542e-04 -8.2303066874e-03 )
177              	( -3.3597185337e+00 1.1518246483e+00 -1.3473691051e+00 )	( -3.3616232637e+00 1.1523075441e+00 -1.3391390709e+00 )	( 1.9047300060e-03 -4.8289584805e-04 -8.2300341914e-03 )
178              	( -3.3599696334e+00 1.1519047695e+00 -1.3474144232e+00 )	( -3.3618739603e+00 1.1523876191e+00 -1.3391846897e+00 )	( 1.9043269018e-03 -4.8284960239e-04 -8.2297335199e-03 )
179              	( -3.3601631004e+00 1.1519617520e+00 -1.3474346093e+00 )	( -3.3620670399e+00 1.1524445562e+00 -1.3392051987e+00 )	( 1.9039395388e-03 -4.8280422166e-04 -8.2294106164e-03 )
180              	( -3.3602992542e+00 1.1519963908e+00 -1.3474310083e+00 )	( -3.3622028253e+00 1.1524791513e+00 -1.3392019407e+00 )	( 1.9035711293e-03 -4.8276052008e-04 -8.2290675775e-03 )
181              	( -3.3603808584e+00 1.1520108304e+00 -1.3474066947e+00 )	( -3.3622840853e+00 1.1524935502e+00 -1.3391779848e+00 )	( 1.9032269368e-03 -4.8271981370e-04 -8.2287099202e-03 )
182              	( -3.3604115894e+00 1.1520070458e+00 -1.3473642730e+00 )	( -3.3623144954e+00 1.1524897274e+00 -1.3391359359e+00 )	( 1.9029059757e-03 -4.8268159152e-04 -8.2283371500e-03 )
183              	( -3.3603946890e+00 1.1519866902e+00 -1.3473057440e+00 )	( -3.3622972995e+00 1.1524693365e+00 -1.3390777895e+00 )	( 1.9026104880e-03 -4.8264625580e-04 -8.2279545160e-03 )
184              	( -3.3603372369e+00 1.1519533496e+00 -1.3472356411e+00 )	( -3.3622395796e+00 1.1524359641e+00 -1.3390080758e+00 )	( 1.9023426747e-03 -4.8261442755e-04 -8.2275653492e-03 )
185              	( -3.3602470935e+00 1.1519107454e+00 -1.3471585604e+00 )	( -3.3621491973e+00 1.1523933318e+00 -1.3389313859e+00 )	( 1.9021037776e-03 -4.8258638168e-04 -8.2271745722e-03 )
186              	( -3.3601275277e+00 1.1518599201e+00 -1.3470753226e+00 )	( -3.3620294184e+00 1.1523424815e+00 -1.3388485422e+00 )	( 1.9018907458e-03 -4.8256134689e-04 -8.2267803852e-03 )
187              	( -3.3599827264e+00 1.1518023927e+00 -1.3469873945e+00 )	( -3.3618844276e+00 1.1522849314e+00 -1.3387610108e+00 )	( 1.9017012044e-03 -4.8253867898e-04 -8.2263836410e-03 )
188              	( -3.3598341255e+00 1.1517491875e+00 -1.3469092436e+00 )	( -3.3617356603e+00 1.1522317058e+00 -1.3386832543e+00 )	( 1.9015348549e-03 -4.8251825441e-04 -8.2259893572e-03 )
189              	( -3.3596902697e+00 1.1517034369e+00 -1.3468445248e+00 )	( -3.3615916581e+00 1.1521859361e+00 -1.3386189244e+00 )	( 1.9013883970e-03 -4.8249919487e-04 -8.2256003708e-03 )
190              	( -3.3595566894e+00 1.1516666672e+00 -1.3467947957e+00 )	( -3.3614579486e+00 1.1521491482e+00 -1.3385695767e+00 )	( 1.9012591857e-03 -4.8248097239e-04 -8.2252189717e-03 )
191              	( -3.3594353595e+00 1.1516386350e+00 -1.3467592255e+00 )	( -3.3613365044e+00 1.1521210981e+00 -1.3385343771e+00 )	( 1.9011449541e-03 -4.8246318204e-04 -8.2248484101e-03 )
192              	( -3.3593259581e+00 1.1516180936e+00 -1.3467356974e+00 )	( -3.3612270010e+00 1.1521005390e+00 -1.3385112079e+00 )	( 1.9010429091e-03 -4.8244539591e-04 -8.2244894463e-03 )
193              	( -3.3592195566e+00 1.1515993302e+00 -1.3467161926e+00 )	( -3.3611205069e+00 1.1520817574e+00 -1.3384920507e+00 )	( 1.9009503302e-03 -4.8242722993e-04 -8.2241419866e-03 )
194              	( -3.3591100651e+00 1.1515787933e+00 -1.3466957871e+00 )	( -3.3610109307e+00 1.1520612019e+00 -1.3384719820e+00 )	( 1.9008655790e-03 -4.8240861506e-04 -8.2238051761e-03 )
195              	( -3.3590026501e+00 1.1515594319e+00 -1.3466785544e+00 )	( -3.3609034396e+00 1.1520418218e+00 -1.3384550712e+00 )	( 1.9007894887e-03 -4.8238987297e-04 -8.2234831691e-03 )
196              	( -3.3588949710e+00 1.1515396285e+00 -1.3466623594e+00 )	( -3.3607956923e+00 1.1520219996e+00 -1.3384391831e+00 )	( 1.9007213572e-03 -4.8237105954e-04 -8.2231762473e-03 )
197              	( -3.3587833922e+00 1.1515172645e+00 -1.3466444168e+00 )	( -3.3606840545e+00 1.1519996171e+00 -1.3384215298e+00 )	( 1.9006622952e-03 -4.8235264699e-04 -8.2228870557e-03 )
198              	( -3.3586642273e+00 1.1514904276e+00 -1.3466222320e+00 )	( -3.3605648402e+00 1.1519727626e+00 -1.3383996160e+00 )	( 1.9006129196e-03 -4.8233500903e-04 -8.2226159998e-03 )
199              	( -3.3585347356e+00 1.1514578223e+00 -1.3465941472e+00 )	( -3.3604353103e+00 1.1519401409e+00 -1.3383717821e+00 )	( 1.9005747291e-03 -4.8231865928e-04 -8.2223650983e-03 )
200              	( -3.3583936183e+00 1.1514190641e+00 -1.3465597635e+00 )	( -3.3602941676e+00 1.1519013682e+00 -1.3383376282e+00 )	( 1.9005493368e-03 -4.8230418715e-04 -8.2221353383e-03 )
201              	( -3.3582379691e+00 1.1513726788e+00 -1.3465172053e+00 )	( -3.3601385072e+00 1.1518549708e+00 -1.3382952772e+00 )	( 1.9005380965e-03 -4.8229199021e-04 -8.2219281534e-03 )
202              	( -3.3580696037e+00 1.1513198065e+00 -1.3464678096e+00 )	( -3.3599701450e+00 1.1518020887e+00 -1.3382460666e+00 )	( 1.9005412619e-03 -4.8228220303e-04 -8.2217429919e-03 )
203              	( -3.3578910700e+00 1.1512619411e+00 -1.3464134137e+00 )	( -3.3597916293e+00 1.1517442161e+00 -1.3381918331e+00 )	( 1.9005592509e-03 -4.8227495073e-04 -8.2215806129e-03 )
204              	( -3.3577055180e+00 1.1512007462e+00 -1.3463560615e+00 )	( -3.3596061096e+00 1.1516830164e+00 -1.3381346212e+00 )	( 1.9005915660e-03 -4.8227015857e-04 -8.2214402630e-03 )
205              	( -3.3575163455e+00 1.1511378863e+00 -1.3462977451e+00 )	( -3.3594169834e+00 1.1516201540e+00 -1.3380764226e+00 )	( 1.9006379167e-03 -4.8226778272e-04 -8.2213224217e-03 )
206              	( -3.3573273396e+00 1.1510751352e+00 -1.3462405542e+00 )	( -3.3592280367e+00 1.1515574028e+00 -1.3380193280e+00 )	( 1.9006971269e-03 -4.8226759568e-04 -8.2212261665e-03 )
207              	( -3.3571425348e+00 1.1510143000e+00 -1.3461865787e+00 )	( -3.3590433030e+00 1.1514965693e+00 -1.3379654271e+00 )	( 1.9007681177e-03 -4.8226938088e-04 -8.2211515965e-03 )
208              	( -3.3569658104e+00 1.1509570317e+00 -1.3461376744e+00 )	( -3.3588666595e+00 1.1514393045e+00 -1.3379165768e+00 )	( 1.9008490453e-03 -4.8227277744e-04 -8.2210975248e-03 )
209              	( -3.3568005109e+00 1.1509046613e+00 -1.3460952831e+00 )	( -3.3587014493e+00 1.1513869387e+00 -1.3378742193e+00 )	( 1.9009383463e-03 -4.8227749148e-04 -8.2210638014e-03 )
210              	( -3.3566494813e+00 1.1508582392e+00 -1.3460604872e+00 )	( -3.3585505153e+00 1.1513405223e+00 -1.3378394380e+00 )	( 1.9010339925e-03 -4.8228315843e-04 -8.2210492348e-03 )
211              	( -3.3565143938e+00 1.1508182103e+00 -1.3460335735e+00 )	( -3.3584155281e+00 1.1513004998e+00 -1.3378125200e+00 )	( 1.9011343480e-03 -4.8228951587e-04 -8.2210534634e-03 )
212              	( -3.3563961032e+00 1.1507846362e+00 -1.3460143626e+00 )	( -3.3582973407e+00 1.1512669325e+00 -1.3377932874e+00 )	( 1.9012375474e-03 -4.8229628325e-04 -8.2210751567e-03 )
213              	( -3.3562945290e+00 1.1507571607e+00 -1.3460021795e+00 )	( -3.3581958714e+00 1.1512394641e+00 -1.3377810656e+00 )	( 1.9013423397e-03 -4.8230332559e-04 -8.2211138832e-03 )
214              	( -3.3562089227e+00 1.1507351582e+00 -1.3459960351e+00 )	( -3.3581103701e+00 1.1512174687e+00 -1.3377748668e+00 )	( 1.9014473943e-03 -4.8231051159e-04 -8.2211683373e-03 )
215              	( -3.3561379050e+00 1.1507177445e+00 -1.3459946274e+00 )	( -3.3580394569e+00 1.1512000623e+00 -1.3377733896e+00 )	( 1.9015519373e-03 -4.8231784058e-04 -8.2212378237e-03 )
216              	( -3.3560793019e+00 1.1507038043e+00 -1.3459964502e+00 )	( -3.3579809572e+00 1.1511861296e+00 -1.3377751292e+00 )	( 1.9016552321e-03 -4.8232530217e-04 -8.2213210367e-03 )
217              	( -3.3560316686e+00 1.1506925341e+00 -1.3460003513e+00 )	( -3.3579334257e+00 1.1511748671e+00 -1.3377789340e+00 )	( 1.9017571183e-03 -4.8233303697e-04 -8.2214172474e-03 )
218              	( -3.3559926742e+00 1.1506828899e+00 -1.3460049921e+00 )	( -3.3578945314e+00 1.1511652310e+00 -1.3377834671e+00 )	( 1.9018572538e-03 -4.8234111192e-04 -8.2215249790e-03 )
219              	( -3.3559606389e+00 1.1506741694e+00 -1.3460094450e+00 )	( -3.3578625947e+00 1.1511565190e+00 -1.3377878016e+00 )	( 1.9019557907e-03 -4.8234968027e-04 -8.2216434300e-03 )
220              	( -3.3559341374e+00 1.1506658517e+00 -1.3460130454e+00 )	( -3.3578361900e+00 1.1511482106e+00 -1.3377912744e+00 )	( 1.9020526304e-03 -4.8235882324e-04 -8.2217710276e-03 )
221              	( -3.3559122644e+00 1.1506577096e+00 -1.3460155239e+00 )	( -3.3578144123e+00 1.1511400783e+00 -1.3377936172e+00 )	( 1.9021479314e-03 -4.8236864585e-04 -8.2219067797e-03 )
222              	( -3.3558945843e+00 1.1506497648e+00 -1.3460169338e+00 )	( -3.3577968258e+00 1.1511321439e+00 -1.3377948848e+00 )	( 1.9022415250e-03 -4.8237915696e-04 -8.2220490547e-03 )
223              	( -3.3558812285e+00 1.1506423174e+00 -1.3460176898e+00 )	( -3.3577835619e+00 1.1511247077e+00 -1.3377954930e+00 )	( 1.9023333843e-03 -4.8239036642e-04 -8.2221967833e-03 )
224              	( -3.3558727390e+00 1.1506358505e+00 -1.3460184323e+00 )	( -3.3577751621e+00 1.1511182527e+00 -1.3377960840e+00 )	( 1.9024230915e-03 -4.8240217862e-04 -8.2223483169e-03 )
225              	( -3.3558699721e+00 1.1506309714e+00 -1.3460199547e+00 )	( -3.3577724825e+00 1.1511133859e+00 -1.3377974521e+00 )	( 1.9025103200e-03 -4.8241449664e-04 -8.2225025639e-03 )
226              	( -3.3558739490e+00 1.1506283291e+00 -1.3460230924e+00 )	( -3.3577765434e+00 1.1511107562e+00 -1.3378004345e+00 )	( 1.9025943545e-03 -4.8242712668e-04 -8.2226579061e-03 )
227              	( -3.3558822473e+00 1.1506266379e+00 -1.3460260309e+00 )	( -3.3577849212e+00 1.1511090776e+00 -1.3378032190e+00 )	( 1.9026739093e-03 -4.8243974072e-04 -8.2228118620e-03 )
228              	( -3.3558983873e+00 1.1506280134e+00 -1.3460316322e+00 )	( -3.3578011361e+00 1.1511104657e+00 -1.3378086683e+00 )	( 1.9027488710e-03 -4.8245227968e-04 -8.2229638966e-03 )
229              	( -3.3559253779e+00 1.1506340966e+00 -1.3460420968e+00 )	( -3.3578281965e+00 1.1511165611e+00 -1.3378189834e+00 )	( 1.9028185919e-03 -4.8246452234e-04 -8.2231134404e-03 )
230              	( -3.3559639983e+00 1.1506451931e+00 -1.3460578199e+00 )	( -3.3578668805e+00 1.1511276693e+00 -1.3378345603e+00 )	( 1.9028822706e-03 -4.8247623654e-04 -8.2232596026e-03 )
231              	( -3.3560140691e+00 1.1506611216e+00 -1.3460785552e+00 )	( -3.3579170085e+00 1.1511436089e+00 -1.3378551534e+00 )	( 1.9029393595e-03 -4.8248726478e-04 -8.2234018633e-03 )
232              	( -3.3560746507e+00 1.1506813507e+00 -1.3461036057e+00 )	( -3.3579776398e+00 1.1511638481e+00 -1.3378800665e+00 )	( 1.9029891174e-03 -4.8249739930e-04 -8.2235392313e-03 )
233              	( -3.3561444103e+00 1.1507051732e+00 -1.3461320654e+00 )	( -3.3580474416e+00 1.1511876797e+00 -1.3379083942e+00 )	( 1.9030312915e-03 -4.8250657753e-04 -8.2236712276e-03 )
234              	( -3.3562215841e+00 1.1507317179e+00 -1.3461628352e+00 )	( -3.3581246498e+00 1.1512142327e+00 -1.3379390381e+00 )	( 1.9030656604e-03 -4.8251474913e-04 -8.2237970895e-03 )
235              	( -3.3563037426e+00 1.1507597967e+00 -1.3461944120e+00 )	( -3.3582068348e+00 1.1512423186e+00 -1.3379704959e+00 )	( 1.9030921623e-03 -4.8252189485e-04 -8.2239161172e-03 )
236              	( -3.3563868204e+00 1.1507873996e+00 -1.3462241975e+00 )	( -3.3582899310e+00 1.1512699276e+00 -1.3380001707e+00 )	( 1.9031105633e-03 -4.8252796188e-04 -8.2240267847e-03 )
237              	( -3.3564719527e+00 1.1508155023e+00 -1.3462537059e+00 )	( -3.3583750747e+00 1.1512980355e+00 -1.3380295760e+00 )	( 1.9031219683e-03 -4.8253318136e-04 -8.2241298239e-03 )
238              	( -3.3565578785e+00 1.1508436015e+00 -1.3462824066e+00 )	( -3.3584610050e+00 1.1513261390e+00 -1.3380581820e+00 )	( 1.9031265068e-03 -4.8253753510e-04 -8.2242245150e-03 )
239              	( -3.3566429759e+00 1.1508710218e+00 -1.3463095553e+00 )	( -3.3585461008e+00 1.1513535630e+00 -1.3380852444e+00 )	( 1.9031248868e-03 -4.8254114237e-04 -8.2243109378e-03 )
240              	( -3.3567260755e+00 1.1508973498e+00 -1.3463347425e+00 )	( -3.3586291932e+00 1.1513798939e+00 -1.3381103537e+00 )	( 1.9031176932e-03 -4.8254409042e-04 -8.2243888174e-03 )
241              	( -3.3568063231e+00 1.1509223685e+00 -1.3463578354e+00 )	( -3.3587094290e+00 1.1514049150e+00 -1.3381333769e+00 )	( 1.9031058250e-03 -4.8254653851e-04 -8.2244584794e-03 )
242              	( -3.3568825406e+00 1.1509456355e+00 -1.3463784106e+00 )	( -3.3587856306e+00 1.1514281841e+00 -1.3381538906e+00 )	( 1.9030900140e-03 -4.8254859772e-04 -8.2245199321e-03 )
243              	( -3.3569543945e+00 1.1509671170e+00 -1.3463965075e+00 )	( -3.3588574653e+00 1.1514496674e+00 -1.3381719342e+00 )	( 1.9030708155e-03 -4.8255030952e-04 -8.2245732714e-03 )
244              	( -3.3570220379e+00 1.1509870582e+00 -1.3464125131e+00 )	( -3.3589250865e+00 1.1514696098e+00 -1.3381878948e+00 )	( 1.9030485441e-03 -4.8255166281e-04 -8.2246183064e-03 )
245              	( -3.3570858064e+00 1.1510057598e+00 -1.3464268912e+00 )	( -3.3589888299e+00 1.1514883124e+00 -1.3382022361e+00 )	( 1.9030235102e-03 -4.8255263431e-04 -8.2246551500e-03 )
246              	( -3.3571460906e+00 1.1510235081e+00 -1.3464400858e+00 )	( -3.3590490865e+00 1.1515060613e+00 -1.3382154021e+00 )	( 1.9029959047e-03 -4.8255318332e-04 -8.2246837659e-03 )
247              	( -3.3572033010e+00 1.1510405586e+00 -1.3464524898e+00 )	( -3.3591062670e+00 1.1515231119e+00 -1.3382277853e+00 )	( 1.9029659684e-03 -4.8255328056e-04 -8.2247044473e-03 )
248              	( -3.3572578231e+00 1.1510571259e+00 -1.3464644336e+00 )	( -3.3591607569e+00 1.1515396787e+00 -1.3382397163e+00 )	( 1.9029338310e-03 -4.8255288325e-04 -8.2247173290e-03 )
249              	( -3.3573099806e+00 1.1510733704e+00 -1.3464761689e+00 )	( -3.3592128802e+00 1.1515559223e+00 -1.3382514461e+00 )	( 1.9028996763e-03 -4.8255196214e-04 -8.2247228343e-03 )
250              	( -3.3573599911e+00 1.1510893784e+00 -1.3464878419e+00 )	( -3.3592628547e+00 1.1515719289e+00 -1.3382631207e+00 )	( 1.9028635984e-03 -4.8255048157e-04 -8.2247212052e-03 )
251              	( -3.3574079209e+00 1.1511051484e+00 -1.3464994818e+00 )	( -3.3593107467e+00 1.1515876968e+00 -1.3382747688e+00 )	( 1.9028257809e-03 -4.8254843082e-04 -8.2247129497e-03 )
252              	( -3.3574536652e+00 1.1511205882e+00 -1.3465109990e+00 )	( -3.3593564516e+00 1.1516031340e+00 -1.3382863006e+00 )	( 1.9027863679e-03 -4.8254580476e-04 -8.2246984103e-03 )
253              	( -3.3574969512e+00 1.1511355210e+00 -1.3465221943e+00 )	( -3.3593996968e+00 1.1516180636e+00 -1.3382975161e+00 )	( 1.9027456223e-03 -4.8254262977e-04 -8.2246781683e-03 )
254              	( -3.3575373964e+00 1.1511497197e+00 -1.3465328057e+00 )	( -3.3594401002e+00 1.1516322586e+00 -1.3383081531e+00 )	( 1.9027037977e-03 -4.8253894303e-04 -8.2246526434e-03 )
255              	( -3.3575744981e+00 1.1511629052e+00 -1.3465425050e+00 )	( -3.3594771594e+00 1.1516454400e+00 -1.3383178825e+00 )	( 1.9026612698e-03 -4.8253481198e-04 -8.2246224645e-03 )
256              	( -3.3576077168e+00 1.1511747911e+00 -1.3465509554e+00 )	( -3.3595103352e+00 1.1516573214e+00 -1.3383263673e+00 )	( 1.9026184019e-03 -4.8253031067e-04 -8.2245880884e-03 )
257              	( -3.3576365289e+00 1.1511851097e+00 -1.3465578454e+00 )	( -3.3595391045e+00 1.1516676353e+00 -1.3383332953e+00 )	( 1.9025756594e-03 -4.8252553595e-04 -8.2245501547e-03 )
258              	( -3.3576604656e+00 1.1511936316e+00 -1.3465629123e+00 )	( -3.3595629991e+00 1.1516761522e+00 -1.3383384032e+00 )	( 1.9025334690e-03 -4.8252058154e-04 -8.2245091243e-03 )
259              	( -3.3576791733e+00 1.1512001922e+00 -1.3465659752e+00 )	( -3.3595816657e+00 1.1516827077e+00 -1.3383415096e+00 )	( 1.9024923216e-03 -4.8251555248e-04 -8.2244656170e-03 )
260              	( -3.3576924467e+00 1.1512047058e+00 -1.3465669512e+00 )	( -3.3595948994e+00 1.1516872163e+00 -1.3383425311e+00 )	( 1.9024526191e-03 -4.8251053592e-04 -8.2244200545e-03 )
261              	( -3.3577002523e+00 1.1512071723e+00 -1.3465658624e+00 )	( -3.3596026671e+00 1.1516896780e+00 -1.3383414894e+00 )	( 1.9024147897e-03 -4.8250562077e-04 -8.2243730045e-03 )
262              	( -3.3577027251e+00 1.1512076722e+00 -1.3465628279e+00 )	( -3.3596051043e+00 1.1516901731e+00 -1.3383385030e+00 )	( 1.9023791751e-03 -4.8250087978e-04 -8.2243248844e-03 )
263              	( -3.3577001679e+00 1.1512063617e+00 -1.3465580566e+00 )	( -3.3596025140e+00 1.1516888581e+00 -1.3383337804e+00 )	( 1.9023460524e-03 -4.8249636375e-04 -8.2242761675e-03 )
264              	( -3.3576930247e+00 1.1512034568e+00 -1.3465518255e+00 )	( -3.3595953404e+00 1.1516859489e+00 -1.3383275982e+00 )	( 1.9023156212e-03 -4.8249211174e-04 -8.2242272170e-03 )
265              	( -3.3576818524e+00 1.1511992164e+00 -1.3465444582e+00 )	( -3.3595841404e+00 1.1516817046e+00 -1.3383202798e+00 )	( 1.9022880005e-03 -4.8248813893e-04 -8.2241784385e-03 )
266              	( -3.3576672763e+00 1.1511939199e+00 -1.3465362964e+00 )	( -3.3595695396e+00 1.1516764044e+00 -1.3383121663e+00 )	( 1.9022632357e-03 -4.8248445138e-04 -8.2241301383e-03 )
267              	( -3.3576499494e+00 1.1511878463e+00 -1.3465276733e+00 )	( -3.3595521907e+00 1.1516703273e+00 -1.3383035906e+00 )	( 1.9022413015e-03 -4.8248103605e-04 -8.2240826606e-03 )
268              	( -3.3576305100e+00 1.1511812550e+00 -1.3465188909e+00 )	( -3.3595327321e+00 1.1516637329e+00 -1.3382948547e+00 )	( 1.9022221222e-03 -4.8247787782e-04 -8.2240362629e-03 )
269              	( -3.3576095529e+00 1.1511743733e+00 -1.3465102048e+00 )	( -3.3595117584e+00 1.1516568483e+00 -1.3382862136e+00 )	( 1.9022055743e-03 -4.8247494964e-04 -8.2239912374e-03 )
270              	( -3.3575876005e+00 1.1511673853e+00 -1.3465018117e+00 )	( -3.3594897920e+00 1.1516498575e+00 -1.3382778639e+00 )	( 1.9021915160e-03 -4.8247223071e-04 -8.2239478017e-03 )
271              	( -3.3575650489e+00 1.1511604080e+00 -1.3464938195e+00 )	( -3.3594672287e+00 1.1516428777e+00 -1.3382699133e+00 )	( 1.9021797832e-03 -4.8246969504e-04 -8.2239061986e-03 )
272              	( -3.3575421796e+00 1.1511535029e+00 -1.3464862651e+00 )	( -3.3594443498e+00 1.1516359702e+00 -1.3382623985e+00 )	( 1.9021702369e-03 -4.8246733280e-04 -8.2238666183e-03 )
273              	( -3.3575192354e+00 1.1511467141e+00 -1.3464791642e+00 )	( -3.3594213981e+00 1.1516291792e+00 -1.3382553350e+00 )	( 1.9021627063e-03 -4.8246512436e-04 -8.2238292345e-03 )
274              	( -3.3574962784e+00 1.1511400034e+00 -1.3464724296e+00 )	( -3.3593984354e+00 1.1516224664e+00 -1.3382486354e+00 )	( 1.9021570830e-03 -4.8246307516e-04 -8.2237941982e-03 )
275              	( -3.3574733447e+00 1.1511333274e+00 -1.3464659690e+00 )	( -3.3593754980e+00 1.1516157885e+00 -1.3382422073e+00 )	( 1.9021532568e-03 -4.8246118664e-04 -8.2237616558e-03 )
276              	( -3.3574504109e+00 1.1511266237e+00 -1.3464596697e+00 )	( -3.3593525620e+00 1.1516090832e+00 -1.3382359380e+00 )	( 1.9021511577e-03 -4.8245947582e-04 -8.2237317035e-03 )
277              	( -3.3574274284e+00 1.1511198279e+00 -1.3464534196e+00 )	( -3.3593295792e+00 1.1516022858e+00 -1.3382297152e+00 )	( 1.9021507186e-03 -4.8245795592e-04 -8.2237044400e-03 )
278              	( -3.3574043481e+00 1.1511128852e+00 -1.3464471225e+00 )	( -3.3593065000e+00 1.1515953419e+00 -1.3382234426e+00 )	( 1.9021519037e-03 -4.8245665115e-04 -8.2236799130e-03 )
279              	( -3.3573811418e+00 1.1511057607e+00 -1.3464407093e+00 )	( -3.3592832964e+00 1.1515882163e+00 -1.3382170512e+00 )	( 1.9021546658e-03 -4.8245557711e-04 -8.2236581662e-03 )
280              	( -3.3573578230e+00 1.1510984476e+00 -1.3464341499e+00 )	( -3.3592599819e+00 1.1515809024e+00 -1.3382105107e+00 )	( 1.9021589754e-03 -4.8245475561e-04 -8.2236391969e-03 )
281              	( -3.3573344539e+00 1.1510909686e+00 -1.3464274521e+00 )	( -3.3592366187e+00 1.1515734228e+00 -1.3382038291e+00 )	( 1.9021647735e-03 -4.8245419458e-04 -8.2236229918e-03 )
282              	( -3.3573111510e+00 1.1510833774e+00 -1.3464206650e+00 )	( -3.3592133230e+00 1.1515658313e+00 -1.3381970555e+00 )	( 1.9021720061e-03 -4.8245390469e-04 -8.2236094992e-03 )
283              	( -3.3572880819e+00 1.1510757553e+00 -1.3464138739e+00 )	( -3.3591902625e+00 1.1515582091e+00 -1.3381902753e+00 )	( 1.9021805794e-03 -4.8245387999e-04 -8.2235986595e-03 )
284              	( -3.3572654618e+00 1.1510682058e+00 -1.3464071914e+00 )	( -3.3591676522e+00 1.1515506599e+00 -1.3381836010e+00 )	( 1.9021903965e-03 -4.8245411558e-04 -8.2235903789e-03 )
285              	( -3.3572435350e+00 1.1510608451e+00 -1.3464007461e+00 )	( -3.3591457363e+00 1.1515432997e+00 -1.3381771615e+00 )	( 1.9022013142e-03 -4.8245458961e-04 -8.2235845535e-03 )
286              	( -3.3572225586e+00 1.1510537937e+00 -1.3463946717e+00 )	( -3.3591247718e+00 1.1515362489e+00 -1.3381710907e+00 )	( 1.9022131921e-03 -4.8245528336e-04 -8.2235810608e-03 )
287              	( -3.3572027849e+00 1.1510471666e+00 -1.3463890950e+00 )	( -3.3591050108e+00 1.1515296227e+00 -1.3381655152e+00 )	( 1.9022258484e-03 -4.8245616322e-04 -8.2235797705e-03 )
288              	( -3.3571844434e+00 1.1510410647e+00 -1.3463841245e+00 )	( -3.3590866825e+00 1.1515235219e+00 -1.3381605440e+00 )	( 1.9022391151e-03 -4.8245720226e-04 -8.2235805426e-03 )
289              	( -3.3571677376e+00 1.1510355720e+00 -1.3463798469e+00 )	( -3.3590699903e+00 1.1515180304e+00 -1.3381562637e+00 )	( 1.9022527934e-03 -4.8245836279e-04 -8.2235832298e-03 )
290              	( -3.3571527703e+00 1.1510307305e+00 -1.3463763002e+00 )	( -3.3590550370e+00 1.1515131901e+00 -1.3381527125e+00 )	( 1.9022667220e-03 -4.8245961780e-04 -8.2235877006e-03 )
291              	( -3.3571396798e+00 1.1510265830e+00 -1.3463735172e+00 )	( -3.3590419605e+00 1.1515090439e+00 -1.3381499234e+00 )	( 1.9022807029e-03 -4.8246093063e-04 -8.2235937845e-03 )
292              	( -3.3571284606e+00 1.1510231175e+00 -1.3463714708e+00 )	( -3.3590307552e+00 1.1515055798e+00 -1.3381478694e+00 )	( 1.9022945964e-03 -4.8246228105e-04 -8.2236013456e-03 )
293              	( -3.3571190902e+00 1.1510203100e+00 -1.3463701165e+00 )	( -3.3590213985e+00 1.1515027736e+00 -1.3381465062e+00 )	( 1.9023082531e-03 -4.8246364268e-04 -8.2236102397e-03 )
294              	( -3.3571114852e+00 1.1510181108e+00 -1.3463693807e+00 )	( -3.3590138068e+00 1.1515005758e+00 -1.3381457603e+00 )	( 1.9023215738e-03 -4.8246500513e-04 -8.2236203309e-03 )
295              	( -3.3571055226e+00 1.1510164549e+00 -1.3463691732e+00 )	( -3.3590078570e+00 1.1514989213e+00 -1.3381455418e+00 )	( 1.9023344542e-03 -4.8246635248e-04 -8.2236314761e-03 )
296              	( -3.3571010510e+00 1.1510152686e+00 -1.3463693956e+00 )	( -3.3590033978e+00 1.1514977363e+00 -1.3381457520e+00 )	( 1.9023468436e-03 -4.8246768429e-04 -8.2236435488e-03 )
297              	( -3.3570979041e+00 1.1510144754e+00 -1.3463699485e+00 )	( -3.3590002628e+00 1.1514969444e+00 -1.3381462921e+00 )	( 1.9023586826e-03 -4.8246899322e-04 -8.2236564110e-03 )
298              	( -3.3570959137e+00 1.1510140030e+00 -1.3463707407e+00 )	( -3.3589982837e+00 1.1514964733e+00 -1.3381470708e+00 )	( 1.9023699612e-03 -4.8247028567e-04 -8.2236699438e-03 )
299              	( -3.3570949219e+00 1.1510137880e+00 -1.3463716942e+00 )	( -3.3589973026e+00 1.1514962596e+00 -1.3381480102e+00 )	( 1.9023806516e-03 -4.8247155864e-04 -8.2236840136e-03 )
300              	( -3.3570947901e+00 1.1510137800e+00 -1.3463727492e+00 )	( -3.3589971809e+00 1.1514962528e+00 -1.3381490507e+00 )	( 1.9023907676e-03 -4.8247282044e-04 -8.2236985075e-03 )
301              	( -3.3570954058e+00 1.1510139435e+00 -1.3463738664e+00 )	( -3.3589978061e+00 1.1514964176e+00 -1.3381501531e+00 )	( 1.9024002955e-03 -4.8247406766e-04 -8.2237132958e-03 )
302              	( -3.3570966858e+00 1.1510142587e+00 -1.3463750271e+00 )	( -3.3589990951e+00 1.1514967340e+00 -1.3381512988e+00 )	( 1.9024092558e-03 -4.8247530632e-04 -8.2237282728e-03 )
303              	( -3.3570985768e+00 1.1510147204e+00 -1.3463762318e+00 )	( -3.3590009945e+00 1.1514971970e+00 -1.3381524885e+00 )	( 1.9024176329e-03 -4.8247652904e-04 -8.2237433137e-03 )
304              	( -3.3571010513e+00 1.1510153354e+00 -1.3463774959e+00 )	( -3.3590034767e+00 1.1514978131e+00 -1.3381537376e+00 )	( 1.9024254412e-03 -4.8247773725e-04 -8.2237583218e-03 )
305              	( -3.3571041005e+00 1.1510161178e+00 -1.3463788443e+00 )	( -3.3590065332e+00 1.1514985968e+00 -1.3381550711e+00 )	( 1.9024326547e-03 -4.8247891849e-04 -8.2237731801e-03 )
306              	( -3.3571077314e+00 1.1510170875e+00 -1.3463803084e+00 )	( -3.3590101707e+00 1.1514995675e+00 -1.3381565206e+00 )	( 1.9024392772e-03 -4.8248006966e-04 -8.2237878032e-03 )
307              	( -3.3571119562e+00 1.1510182641e+00 -1.3463819193e+00 )	( -3.3590144015e+00 1.1515007453e+00 -1.3381581172e+00 )	( 1.9024452727e-03 -4.8248117466e-04 -8.2238020859e-03 )
308              	( -3.3571167845e+00 1.1510196637e+00 -1.3463837029e+00 )	( -3.3590192352e+00 1.1515021459e+00 -1.3381598869e+00 )	( 1.9024506383e-03 -4.8248222809e-04 -8.2238159578e-03 )
309              	( -3.3571222159e+00 1.1510212951e+00 -1.3463856754e+00 )	( -3.3590246712e+00 1.1515037783e+00 -1.3381618461e+00 )	( 1.9024553352e-03 -4.8248321305e-04 -8.2238293280e-03 )
310              	( -3.3571282346e+00 1.1510231577e+00 -1.3463878412e+00 )	( -3.3590306939e+00 1.1515056418e+00 -1.3381639991e+00 )	( 1.9024593632e-03 -4.8248412513e-04 -8.2238421443e-03 )
311              	( -3.3571348114e+00 1.1510252428e+00 -1.3463901944e+00 )	( -3.3590372740e+00 1.1515077277e+00 -1.3381663400e+00 )	( 1.9024626880e-03 -4.8248494908e-04 -8.2238543291e-03 )
312              	( -3.3571418766e+00 1.1510275215e+00 -1.3463927031e+00 )	( -3.3590443419e+00 1.1515100071e+00 -1.3381688372e+00 )	( 1.9024653275e-03 -4.8248568584e-04 -8.2238658549e-03 )
313              	( -3.3571493675e+00 1.1510299679e+00 -1.3463953406e+00 )	( -3.3590518348e+00 1.1515124543e+00 -1.3381714639e+00 )	( 1.9024672647e-03 -4.8248632489e-04 -8.2238766618e-03 )
314              	( -3.3571571908e+00 1.1510325419e+00 -1.3463980619e+00 )	( -3.3590596593e+00 1.1515150288e+00 -1.3381741752e+00 )	( 1.9024685324e-03 -4.8248687108e-04 -8.2238867361e-03 )
315              	( -3.3571652427e+00 1.1510351987e+00 -1.3464008171e+00 )	( -3.3590677119e+00 1.1515176860e+00 -1.3381769211e+00 )	( 1.9024691353e-03 -4.8248731996e-04 -8.2238960363e-03 )
316              	( -3.3571734126e+00 1.1510378913e+00 -1.3464035542e+00 )	( -3.3590758817e+00 1.1515203790e+00 -1.3381796496e+00 )	( 1.9024691266e-03 -4.8248768146e-04 -8.2239045648e-03 )
317              	( -3.3571815893e+00 1.1510405739e+00 -1.3464062228e+00 )	( -3.3590840578e+00 1.1515230618e+00 -1.3381823105e+00 )	( 1.9024685297e-03 -4.8248795545e-04 -8.2239122938e-03 )
318              	( -3.3571896694e+00 1.1510432053e+00 -1.3464087798e+00 )	( -3.3590921368e+00 1.1515256935e+00 -1.3381848605e+00 )	( 1.9024674133e-03 -4.8248815533e-04 -8.2239192402e-03 )
319              	( -3.3571975544e+00 1.1510457479e+00 -1.3464111857e+00 )	( -3.3591000202e+00 1.1515282362e+00 -1.3381872603e+00 )	( 1.9024658115e-03 -4.8248828307e-04 -8.2239253863e-03 )
320              	( -3.3572051617e+00 1.1510481723e+00 -1.3464134125e+00 )	( -3.3591076255e+00 1.1515306606e+00 -1.3381894817e+00 )	( 1.9024638000e-03 -4.8248835302e-04 -8.2239307588e-03 )
321              	( -3.3572124269e+00 1.1510504582e+00 -1.3464154434e+00 )	( -3.3591148883e+00 1.1515329465e+00 -1.3381915080e+00 )	( 1.9024614150e-03 -4.8248836692e-04 -8.2239353485e-03 )
322              	( -3.3572193046e+00 1.1510525944e+00 -1.3464172727e+00 )	( -3.3591217633e+00 1.1515350827e+00 -1.3381933335e+00 )	( 1.9024587300e-03 -4.8248833790e-04 -8.2239391900e-03 )
323              	( -3.3572257680e+00 1.1510545779e+00 -1.3464189049e+00 )	( -3.3591282238e+00 1.1515370661e+00 -1.3381949626e+00 )	( 1.9024557750e-03 -4.8248826565e-04 -8.2239422802e-03 )
324              	( -3.3572318018e+00 1.1510564108e+00 -1.3464203504e+00 )	( -3.3591342544e+00 1.1515388989e+00 -1.3381964057e+00 )	( 1.9024526155e-03 -4.8248816077e-04 -8.2239446617e-03 )
325              	( -3.3572374259e+00 1.1510581084e+00 -1.3464216345e+00 )	( -3.3591398751e+00 1.1515405964e+00 -1.3381976882e+00 )	( 1.9024492692e-03 -4.8248802029e-04 -8.2239463338e-03 )
326              	( -3.3572426406e+00 1.1510596775e+00 -1.3464227724e+00 )	( -3.3591450864e+00 1.1515421653e+00 -1.3381988251e+00 )	( 1.9024457887e-03 -4.8248785205e-04 -8.2239473434e-03 )
327              	( -3.3572474657e+00 1.1510611328e+00 -1.3464237880e+00 )	( -3.3591499079e+00 1.1515436204e+00 -1.3381998403e+00 )	( 1.9024421857e-03 -4.8248765134e-04 -8.2239477028e-03 )
328              	( -3.3572519324e+00 1.1510624903e+00 -1.3464247052e+00 )	( -3.3591543709e+00 1.1515449778e+00 -1.3382007577e+00 )	( 1.9024385020e-03 -4.8248742437e-04 -8.2239474617e-03 )
329              	( -3.3572560596e+00 1.1510637599e+00 -1.3464255401e+00 )	( -3.3591584943e+00 1.1515462471e+00 -1.3382015934e+00 )	( 1.9024347373e-03 -4.8248716496e-04 -8.2239466315e-03 )
330              	( -3.3572598657e+00 1.1510649496e+00 -1.3464263057e+00 )	( -3.3591622966e+00 1.1515474365e+00 -1.3382023604e+00 )	( 1.9024309303e-03 -4.8248687936e-04 -8.2239452713e-03 )
331              	( -3.3572633626e+00 1.1510660632e+00 -1.3464270092e+00 )	( -3.3591657897e+00 1.1515485498e+00 -1.3382030658e+00 )	( 1.9024270774e-03 -4.8248656176e-04 -8.2239433968e-03 )
332              	( -3.3572665553e+00 1.1510671004e+00 -1.3464276519e+00 )	( -3.3591689786e+00 1.1515495867e+00 -1.3382037108e+00 )	( 1.9024232165e-03 -4.8248621950e-04 -8.2239410713e-03 )
333              	( -3.3572694411e+00 1.1510680566e+00 -1.3464282294e+00 )	( -3.3591718605e+00 1.1515505425e+00 -1.3382042910e+00 )	( 1.9024193449e-03 -4.8248584827e-04 -8.2239383134e-03 )
334              	( -3.3572720113e+00 1.1510689242e+00 -1.3464287335e+00 )	( -3.3591744268e+00 1.1515514097e+00 -1.3382047983e+00 )	( 1.9024155035e-03 -4.8248545717e-04 -8.2239351900e-03 )
335              	( -3.3572742523e+00 1.1510696935e+00 -1.3464291530e+00 )	( -3.3591766640e+00 1.1515521785e+00 -1.3382052213e+00 )	( 1.9024116926e-03 -4.8248504362e-04 -8.2239317211e-03 )
336              	( -3.3572761482e+00 1.1510703537e+00 -1.3464294756e+00 )	( -3.3591785562e+00 1.1515528383e+00 -1.3382055476e+00 )	( 1.9024079566e-03 -4.8248461844e-04 -8.2239279751e-03 )
337              	( -3.3572776837e+00 1.1510708951e+00 -1.3464296899e+00 )	( -3.3591800880e+00 1.1515533793e+00 -1.3382057659e+00 )	( 1.9024042989e-03 -4.8248418038e-04 -8.2239239722e-03 )
338              	( -3.3572788470e+00 1.1510713099e+00 -1.3464297872e+00 )	( -3.3591812478e+00 1.1515537936e+00 -1.3382058674e+00 )	( 1.9024007659e-03 -4.8248374122e-04 -8.2239197805e-03 )
339              	( -3.3572796282e+00 1.1510715917e+00 -1.3464297602e+00 )	( -3.3591820255e+00 1.1515540750e+00 -1.3382058448e+00 )	( 1.9023973609e-03 -4.8248330005e-04 -8.2239154179e-03 )
340              	( -3.3572800248e+00 1.1510717381e+00 -1.3464296066e+00 )	( -3.3591824189e+00 1.1515542210e+00 -1.3382056956e+00 )	( 1.9023941288e-03 -4.8248286851e-04 -8.2239109501e-03 )
341              	( -3.3572800421e+00 1.1510717506e+00 -1.3464293287e+00 )	( -3.3591824332e+00 1.1515542331e+00 -1.3382054223e+00 )	( 1.9023910694e-03 -4.8248244500e-04 -8.2239063913e-03 )
342              	( -3.3572796937e+00 1.1510716347e+00 -1.3464289338e+00 )	( -3.3591820819e+00 1.1515541167e+00 -1.3382050320e+00 )	( 1.9023882226e-03 -4.8248204001e-04 -8.2239018036e-03 )
343              	( -3.3572790010e+00 1.1510713994e+00 -1.3464284334e+00 )	( -3.3591813866e+00 1.1515538810e+00 -1.3382045362e+00 )	( 1.9023855816e-03 -4.8248165048e-04 -8.2238971967e-03 )
344              	( -3.3572779924e+00 1.1510710569e+00 -1.3464278423e+00 )	( -3.3591803756e+00 1.1515535382e+00 -1.3382039497e+00 )	( 1.9023831786e-03 -4.8248128519e-04 -8.2238926281e-03 )
345              	( -3.3572767022e+00 1.1510706218e+00 -1.3464271779e+00 )	( -3.3591790832e+00 1.1515531027e+00 -1.3382032898e+00 )	( 1.9023809984e-03 -4.8248093929e-04 -8.2238881026e-03 )
346              	( -3.3572751678e+00 1.1510701093e+00 -1.3464264584e+00 )	( -3.3591775469e+00 1.1515525900e+00 -1.3382025747e+00 )	( 1.9023790650e-03 -4.8248061990e-04 -8.2238836732e-03 )
347              	( -3.3572734288e+00 1.1510695356e+00 -1.3464257020e+00 )	( -3.3591758062e+00 1.1515520159e+00 -1.3382018227e+00 )	( 1.9023773552e-03 -4.8248032064e-04 -8.2238793394e-03 )
348              	( -3.3572715246e+00 1.1510689157e+00 -1.3464249260e+00 )	( -3.3591739005e+00 1.1515513957e+00 -1.3382010509e+00 )	( 1.9023758862e-03 -4.8248004740e-04 -8.2238751501e-03 )
349              	( -3.3572694926e+00 1.1510682634e+00 -1.3464241453e+00 )	( -3.3591718672e+00 1.1515507432e+00 -1.3382002742e+00 )	( 1.9023746289e-03 -4.8247979295e-04 -8.2238711001e-03 )
350              	( -3.3572673668e+00 1.1510675906e+00 -1.3464233720e+00 )	( -3.3591697404e+00 1.1515500701e+00 -1.3381995048e+00 )	( 1.9023735961e-03 -4.8247956265e-04 -8.2238672343e-03 )
351              	( -3.3572651749e+00 1.1510669057e+00 -1.3464226140e+00 )	( -3.3591675477e+00 1.1515493850e+00 -1.3381987504e+00 )	( 1.9023727565e-03 -4.8247934932e-04 -8.2238635440e-03 )
352              	( -3.3572629459e+00 1.1510662178e+00 -1.3464218797e+00 )	( -3.3591653180e+00 1.1515486969e+00 -1.3381980196e+00 )	( 1.9023721195e-03 -4.8247915799e-04 -8.2238600686e-03 )
353              	( -3.3572606952e+00 1.1510655294e+00 -1.3464211693e+00 )	( -3.3591630668e+00 1.1515480084e+00 -1.3381973125e+00 )	( 1.9023716532e-03 -4.8247898182e-04 -8.2238567952e-03 )
354              	( -3.3572584377e+00 1.1510648431e+00 -1.3464204831e+00 )	( -3.3591608091e+00 1.1515473219e+00 -1.3381966294e+00 )	( 1.9023713692e-03 -4.8247882686e-04 -8.2238537609e-03 )
355              	( -3.3572561837e+00 1.1510641598e+00 -1.3464198193e+00 )	( -3.3591585550e+00 1.1515466385e+00 -1.3381959684e+00 )	( 1.9023712361e-03 -4.8247868663e-04 -8.2238509481e-03 )
356              	( -3.3572539403e+00 1.1510634792e+00 -1.3464191749e+00 )	( -3.3591563116e+00 1.1515459577e+00 -1.3381953265e+00 )	( 1.9023712673e-03 -4.8247856776e-04 -8.2238483906e-03 )
357              	( -3.3572517126e+00 1.1510628004e+00 -1.3464185463e+00 )	( -3.3591540840e+00 1.1515452789e+00 -1.3381947002e+00 )	( 1.9023714329e-03 -4.8247846419e-04 -8.2238460663e-03 )
358              	( -3.3572495046e+00 1.1510621230e+00 -1.3464179305e+00 )	( -3.3591518763e+00 1.1515446014e+00 -1.3381940864e+00 )	( 1.9023717476e-03 -4.8247838288e-04 -8.2238440053e-03 )
359              	( -3.3572473208e+00 1.1510614469e+00 -1.3464173252e+00 )	( -3.3591496930e+00 1.1515439252e+00 -1.3381934830e+00 )	( 1.9023721823e-03 -4.8247831787e-04 -8.2238421816e-03 )
360              	( -3.3572451667e+00 1.1510607732e+00 -1.3464167298e+00 )	( -3.3591475395e+00 1.1515432514e+00 -1.3381928892e+00 )	( 1.9023727522e-03 -4.8247827598e-04 -8.2238406214e-03 )
361              	( -3.3572430493e+00 1.1510601040e+00 -1.3464161451e+00 )	( -3.3591454227e+00 1.1515425822e+00 -1.3381923058e+00 )	( 1.9023734276e-03 -4.8247825093e-04 -8.2238392949e-03 )
362              	( -3.3572409776e+00 1.1510594427e+00 -1.3464155737e+00 )	( -3.3591433518e+00 1.1515419210e+00 -1.3381917355e+00 )	( 1.9023742230e-03 -4.8247824905e-04 -8.2238382246e-03 )
363              	( -3.3572389626e+00 1.1510587940e+00 -1.3464150197e+00 )	( -3.3591413377e+00 1.1515412723e+00 -1.3381911823e+00 )	( 1.9023751072e-03 -4.8247826339e-04 -8.2238373772e-03 )
364              	( -3.3572370182e+00 1.1510581638e+00 -1.3464144889e+00 )	( -3.3591393943e+00 1.1515406421e+00 -1.3381906521e+00 )	( 1.9023760925e-03 -4.8247829963e-04 -8.2238367722e-03 )
365              	( -3.3572351537e+00 1.1510575565e+00 -1.3464139854e+00 )	( -3.3591375308e+00 1.1515400348e+00 -1.3381901490e+00 )	( 1.9023771464e-03 -4.8247835003e-04 -8.2238363735e-03 )
366              	( -3.3572333870e+00 1.1510569800e+00 -1.3464135175e+00 )	( -3.3591357653e+00 1.1515394584e+00 -1.3381896813e+00 )	( 1.9023782798e-03 -4.8247841970e-04 -8.2238361991e-03 )
367              	( -3.3572317320e+00 1.1510564398e+00 -1.3464130905e+00 )	( -3.3591341114e+00 1.1515389183e+00 -1.3381892543e+00 )	( 1.9023794569e-03 -4.8247850019e-04 -8.2238362082e-03 )
368              	( -3.3572301989e+00 1.1510559407e+00 -1.3464127092e+00 )	( -3.3591325796e+00 1.1515384192e+00 -1.3381888728e+00 )	( 1.9023806877e-03 -4.8247859614e-04 -8.2238364179e-03 )
369              	( -3.3572287990e+00 1.1510554873e+00 -1.3464123778e+00 )	( -3.3591311810e+00 1.1515379660e+00 -1.3381885410e+00 )	( 1.9023819371e-03 -4.8247869903e-04 -8.2238367877e-03 )
370              	( -3.3572275403e+00 1.1510550826e+00 -1.3464120989e+00 )	( -3.3591299236e+00 1.1515375614e+00 -1.3381882615e+00 )	( 1.9023832145e-03 -4.8247881335e-04 -8.2238373325e-03 )
371              	( -3.3572264278e+00 1.1510547284e+00 -1.3464118731e+00 )	( -3.3591288123e+00 1.1515372073e+00 -1.3381880350e+00 )	( 1.9023844854e-03 -4.8247893070e-04 -8.2238380112e-03 )
372              	( -3.3572254634e+00 1.1510544249e+00 -1.3464116997e+00 )	( -3.3591278492e+00 1.1515369039e+00 -1.3381878608e+00 )	( 1.9023857606e-03 -4.8247905583e-04 -8.2238388385e-03 )
373              	( -3.3572246462e+00 1.1510541711e+00 -1.3464115764e+00 )	( -3.3591270332e+00 1.1515366502e+00 -1.3381877366e+00 )	( 1.9023870074e-03 -4.8247918068e-04 -8.2238397727e-03 )
374              	( -3.3572239723e+00 1.1510539648e+00 -1.3464114997e+00 )	( -3.3591263606e+00 1.1515364441e+00 -1.3381876589e+00 )	( 1.9023882389e-03 -4.8247931045e-04 -8.2238408288e-03 )
375              	( -3.3572234358e+00 1.1510538031e+00 -1.3464114651e+00 )	( -3.3591258252e+00 1.1515362826e+00 -1.3381876231e+00 )	( 1.9023894249e-03 -4.8247943759e-04 -8.2238419654e-03 )
376              	( -3.3572230287e+00 1.1510536824e+00 -1.3464114675e+00 )	( -3.3591254193e+00 1.1515361619e+00 -1.3381876243e+00 )	( 1.9023905814e-03 -4.8247956779e-04 -8.2238431976e-03 )
377              	( -3.3572227420e+00 1.1510535986e+00 -1.3464115016e+00 )	( -3.3591251337e+00 1.1515360783e+00 -1.3381876571e+00 )	( 1.9023916805e-03 -4.8247969390e-04 -8.2238444844e-03 )
378              	( -3.3572225662e+00 1.1510535480e+00 -1.3464115624e+00 )	( -3.3591249589e+00 1.1515360278e+00 -1.3381877166e+00 )	( 1.9023927406e-03 -4.8247982199e-04 -8.2238458416e-03 )
379              	( -3.3572224916e+00 1.1510535268e+00 -1.3464116454e+00 )	( -3.3591248853e+00 1.1515360068e+00 -1.3381877982e+00 )	( 1.9023937361e-03 -4.8247994518e-04 -8.2238472285e-03 )
380              	( -3.3572225092e+00 1.1510535319e+00 -1.3464117466e+00 )	( -3.3591249039e+00 1.1515360120e+00 -1.3381878980e+00 )	( 1.9023946871e-03 -4.8248006968e-04 -8.2238486616e-03 )
381              	( -3.3572226108e+00 1.1510535607e+00 -1.3464118631e+00 )	( -3.3591250064e+00 1.1515360408e+00 -1.3381880130e+00 )	( 1.9023955692e-03 -4.8248018868e-04 -8.2238501009e-03 )
382              	( -3.3572227892e+00 1.1510536110e+00 -1.3464119927e+00 )	( -3.3591251856e+00 1.1515360913e+00 -1.3381881411e+00 )	( 1.9023964036e-03 -4.8248030838e-04 -8.2238515637e-03 )
383              	( -3.3572230383e+00 1.1510536816e+00 -1.3464121341e+00 )	( -3.3591254355e+00 1.1515361620e+00 -1.3381882811e+00 )	( 1.9023971666e-03 -4.8248042186e-04 -8.2238530108e-03 )
384              	( -3.3572233533e+00 1.1510537714e+00 -1.3464122867e+00 )	( -3.3591257511e+00 1.1515362520e+00 -1.3381884323e+00 )	( 1.9023978799e-03 -4.8248053519e-04 -8.2238544607e-03 )
385              	( -3.3572237298e+00 1.1510538801e+00 -1.3464124505e+00 )	( -3.3591261283e+00 1.1515363607e+00 -1.3381885946e+00 )	( 1.9023985198e-03 -4.8248064131e-04 -8.2238558750e-03 )
386              	( -3.3572241644e+00 1.1510540072e+00 -1.3464126256e+00 )	( -3.3591265636e+00 1.1515364879e+00 -1.3381887683e+00 )	( 1.9023991081e-03 -4.8248074615e-04 -8.2238572737e-03 )
387              	( -3.3572246540e+00 1.1510541525e+00 -1.3464128122e+00 )	( -3.3591270536e+00 1.1515366333e+00 -1.3381889536e+00 )	( 1.9023996213e-03 -4.8248084252e-04 -8.2238586196e-03 )
388              	( -3.3572251952e+00 1.1510543155e+00 -1.3464130107e+00 )	( -3.3591275953e+00 1.1515367965e+00 -1.3381891507e+00 )	( 1.9024000815e-03 -4.8248093632e-04 -8.2238599340e-03 )
389              	( -3.3572257844e+00 1.1510544957e+00 -1.3464132205e+00 )	( -3.3591281848e+00 1.1515369767e+00 -1.3381893593e+00 )	( 1.9024004654e-03 -4.8248102039e-04 -8.2238611811e-03 )
390              	( -3.3572264174e+00 1.1510546919e+00 -1.3464134411e+00 )	( -3.3591288182e+00 1.1515371730e+00 -1.3381895788e+00 )	( 1.9024007957e-03 -4.8248110069e-04 -8.2238623840e-03 )
391              	( -3.3572270899e+00 1.1510549028e+00 -1.3464136715e+00 )	( -3.3591294910e+00 1.1515373840e+00 -1.3381898080e+00 )	( 1.9024010495e-03 -4.8248117017e-04 -8.2238635081e-03 )
392              	( -3.3572277947e+00 1.1510551259e+00 -1.3464139090e+00 )	( -3.3591301960e+00 1.1515376071e+00 -1.3381900445e+00 )	( 1.9024012509e-03 -4.8248123516e-04 -8.2238645786e-03 )
393              	( -3.3572285265e+00 1.1510553593e+00 -1.3464141520e+00 )	( -3.3591309279e+00 1.1515378406e+00 -1.3381902865e+00 )	( 1.9024013783e-03 -4.8248128884e-04 -8.2238655625e-03 )
394              	( -3.3572292780e+00 1.1510556002e+00 -1.3464143977e+00 )	( -3.3591316794e+00 1.1515380815e+00 -1.3381905312e+00 )	( 1.9024014564e-03 -4.8248133771e-04 -8.2238664862e-03 )
395              	( -3.3572300415e+00 1.1510558457e+00 -1.3464146430e+00 )	( -3.3591324429e+00 1.1515383270e+00 -1.3381907757e+00 )	( 1.9024014650e-03 -4.8248137531e-04 -8.2238673184e-03 )
396              	( -3.3572308092e+00 1.1510560927e+00 -1.3464148850e+00 )	( -3.3591332107e+00 1.1515385741e+00 -1.3381910169e+00 )	( 1.9024014298e-03 -4.8248140840e-04 -8.2238680868e-03 )
397              	( -3.3572315735e+00 1.1510563384e+00 -1.3464151206e+00 )	( -3.3591339749e+00 1.1515388199e+00 -1.3381912519e+00 )	( 1.9024013318e-03 -4.8248143079e-04 -8.2238687617e-03 )
398              	( -3.3572323270e+00 1.1510565800e+00 -1.3464153472e+00 )	( -3.3591347282e+00 1.1515390615e+00 -1.3381914779e+00 )	( 1.9024011976e-03 -4.8248144944e-04 -8.2238693720e-03 )
399              	( -3.3572330628e+00 1.1510568150e+00 -1.3464155625e+00 )	( -3.3591354639e+00 1.1515392965e+00 -1.3381916926e+00 )	( 1.9024010089e-03 -4.8248145830e-04 -8.2238698889e-03 )
400              	( -3.3572337751e+00 1.1510570414e+00 -1.3464157647e+00 )	( -3.3591361759e+00 1.1515395228e+00 -1.3381918943e+00 )	( 1.9024007929e-03 -4.8248146441e-04 -8.2238703428e-03 )
401              	( -3.3572344586e+00 1.1510572575e+00 -1.3464159524e+00 )	( -3.3591368592e+00 1.1515397389e+00 -1.3381920817e+00 )	( 1.9024005313e-03 -4.8248146177e-04 -8.2238707056e-03 )
402              	( -3.3572351096e+00 1.1510574621e+00 -1.3464161249e+00 )	( -3.3591375098e+00 1.1515399435e+00 -1.3381922539e+00 )	( 1.9024002513e-03 -4.8248145741e-04 -8.2238710085e-03 )
403              	( -3.3572357244e+00 1.1510576544e+00 -1.3464162819e+00 )	( -3.3591381243e+00 1.1515401358e+00 -1.3381924107e+00 )	( 1.9023999346e-03 -4.8248144524e-04 -8.2238712245e-03 )
404              	( -3.3572363026e+00 1.1510578345e+00 -1.3464164242e+00 )	( -3.3591387022e+00 1.1515403160e+00 -1.3381925529e+00 )	( 1.9023996080e-03 -4.8248143224e-04 -8.2238713852e-03 )
405              	( -3.3572368417e+00 1.1510580020e+00 -1.3464165518e+00 )	( -3.3591392410e+00 1.1515404834e+00 -1.3381926803e+00 )	( 1.9023992522e-03 -4.8248141219e-04 -8.2238714640e-03 )
406              	( -3.3572373412e+00 1.1510581570e+00 -1.3464166655e+00 )	( -3.3591397401e+00 1.1515406384e+00 -1.3381927940e+00 )	( 1.9023988942e-03 -4.8248139200e-04 -8.2238714941e-03 )
407              	( -3.3572378019e+00 1.1510583001e+00 -1.3464167666e+00 )	( -3.3591402004e+00 1.1515407815e+00 -1.3381928952e+00 )	( 1.9023985140e-03 -4.8248136538e-04 -8.2238714489e-03 )
408              	( -3.3572382240e+00 1.1510584317e+00 -1.3464168559e+00 )	( -3.3591406221e+00 1.1515409131e+00 -1.3381929845e+00 )	( 1.9023981374e-03 -4.8248133911e-04 -8.2238713616e-03 )
409              	( -3.3572386080e+00 1.1510585522e+00 -1.3464169342e+00 )	( -3.3591410058e+00 1.1515410335e+00 -1.3381930630e+00 )	( 1.9023977444e-03 -4.8248130686e-04 -8.2238712065e-03 )
410              	( -3.3572389548e+00 1.1510586618e+00 -1.3464170023e+00 )	( -3.3591413521e+00 1.1515411430e+00 -1.3381931313e+00 )	( 1.9023973604e-03 -4.8248127541e-04 -8.2238710171e-03 )
411              	( -3.3572392648e+00 1.1510587608e+00 -1.3464170607e+00 )	( -3.3591416618e+00 1.1515412420e+00 -1.3381931899e+00 )	( 1.9023969648e-03 -4.8248123843e-04 -8.2238707680e-03 )
412              	( -3.3572395386e+00 1.1510588492e+00 -1.3464171097e+00 )	( -3.3591419352e+00 1.1515413304e+00 -1.3381932392e+00 )	( 1.9023965827e-03 -4.8248120274e-04 -8.2238704930e-03 )
413              	( -3.3572397765e+00 1.1510589270e+00 -1.3464171495e+00 )	( -3.3591421727e+00 1.1515414082e+00 -1.3381932793e+00 )	( 1.9023961936e-03 -4.8248116206e-04 -8.2238701668e-03 )
414              	( -3.3572399787e+00 1.1510589941e+00 -1.3464171799e+00 )	( -3.3591423746e+00 1.1515414752e+00 -1.3381933100e+00 )	( 1.9023958225e-03 -4.8248112327e-04 -8.2238698234e-03 )
415              	( -3.3572401453e+00 1.1510590502e+00 -1.3464172007e+00 )	( -3.3591425407e+00 1.1515415313e+00 -1.3381933313e+00 )	( 1.9023954485e-03 -4.8248108015e-04 -8.2238694376e-03 )
416              	( -3.3572402763e+00 1.1510590951e+00 -1.3464172119e+00 )	( -3.3591426714e+00 1.1515415762e+00 -1.3381933429e+00 )	( 1.9023950966e-03 -4.8248103964e-04 -8.2238690432e-03 )
417              	( -3.3572403719e+00 1.1510591286e+00 -1.3464172132e+00 )	( -3.3591427667e+00 1.1515416096e+00 -1.3381933446e+00 )	( 1.9023947460e-03 -4.8248099557e-04 -8.2238686150e-03 )
418              	( -3.3572404326e+00 1.1510591507e+00 -1.3464172045e+00 )	( -3.3591428270e+00 1.1515416317e+00 -1.3381933363e+00 )	( 1.9023944214e-03 -4.8248095488e-04 -8.2238681867e-03 )
419              	( -3.3572404589e+00 1.1510591614e+00 -1.3464171860e+00 )	( -3.3591428530e+00 1.1515416423e+00 -1.3381933182e+00 )	( 1.9023941016e-03 -4.8248091140e-04 -8.2238677326e-03 )
420              	( -3.3572404517e+00 1.1510591608e+00 -1.3464171577e+00 )	( -3.3591428455e+00 1.1515416416e+00 -1.3381932904e+00 )	( 1.9023938114e-03 -4.8248087211e-04 -8.2238672864e-03 )
421              	( -3.3572404124e+00 1.1510591494e+00 -1.3464171202e+00 )	( -3.3591428060e+00 1.1515416302e+00 -1.3381932534e+00 )	( 1.9023935290e-03 -4.8248083072e-04 -8.2238668219e-03 )
422              	( -3.3572403428e+00 1.1510591278e+00 -1.3464170742e+00 )	( -3.3591427361e+00 1.1515416085e+00 -1.3381932078e+00 )	( 1.9023932785e-03 -4.8248079411e-04 -8.2238663722e-03 )
423              	( -3.3572402450e+00 1.1510590967e+00 -1.3464170206e+00 )	( -3.3591426381e+00 1.1515415774e+00 -1.3381931547e+00 )	( 1.9023930381e-03 -4.8248075597e-04 -8.2238659110e-03 )
424              	( -3.3572401215e+00 1.1510590571e+00 -1.3464169604e+00 )	( -3.3591425143e+00 1.1515415378e+00 -1.3381930949e+00 )	( 1.9023928312e-03 -4.8248072305e-04 -8.2238654708e-03 )
425              	( -3.3572399748e+00 1.1510590099e+00 -1.3464168946e+00 )	( -3.3591423675e+00 1.1515414906e+00 -1.3381930296e+00 )	( 1.9023926352e-03 -4.8248068895e-04 -8.2238650247e-03 )
426              	( -3.3572398081e+00 1.1510589563e+00 -1.3464168246e+00 )	( -3.3591422005e+00 1.1515414370e+00 -1.3381929600e+00 )	( 1.9023924731e-03 -4.8248066030e-04 -8.2238646050e-03 )
427              	( -3.3572396241e+00 1.1510588973e+00 -1.3464167515e+00 )	( -3.3591420164e+00 1.1515413780e+00 -1.3381928873e+00 )	( 1.9023923220e-03 -4.8248063061e-04 -8.2238641842e-03 )
428              	( -3.3572394259e+00 1.1510588341e+00 -1.3464166764e+00 )	( -3.3591418181e+00 1.1515413147e+00 -1.3381928126e+00 )	( 1.9023922042e-03 -4.8248060645e-04 -8.2238637941e-03 )
429              	( -3.3572392161e+00 1.1510587674e+00 -1.3464166002e+00 )	( -3.3591416082e+00 1.1515412480e+00 -1.3381927368e+00 )	( 1.9023920964e-03 -4.8248058128e-04 -8.2238634070e-03 )
430              	( -3.3572389981e+00 1.1510586986e+00 -1.3464165243e+00 )	( -3.3591413902e+00 1.1515411792e+00 -1.3381926612e+00 )	( 1.9023920205e-03 -4.8248056157e-04 -8.2238630538e-03 )
431              	( -3.3572387738e+00 1.1510586281e+00 -1.3464164489e+00 )	( -3.3591411658e+00 1.1515411087e+00 -1.3381925862e+00 )	( 1.9023919530e-03 -4.8248054075e-04 -8.2238627065e-03 )
432              	( -3.3572385455e+00 1.1510585567e+00 -1.3464163748e+00 )	( -3.3591409374e+00 1.1515410372e+00 -1.3381925124e+00 )	( 1.9023919157e-03 -4.8248052531e-04 -8.2238623958e-03 )
433              	( -3.3572383150e+00 1.1510584849e+00 -1.3464163023e+00 )	( -3.3591407069e+00 1.1515409654e+00 -1.3381924402e+00 )	( 1.9023918848e-03 -4.8248050868e-04 -8.2238620931e-03 )
434              	( -3.3572380842e+00 1.1510584132e+00 -1.3464162318e+00 )	( -3.3591404761e+00 1.1515408937e+00 -1.3381923699e+00 )	( 1.9023918822e-03 -4.8248049734e-04 -8.2238618287e-03 )
435              	( -3.3572378543e+00 1.1510583418e+00 -1.3464161633e+00 )	( -3.3591402462e+00 1.1515408223e+00 -1.3381923017e+00 )	( 1.9023918840e-03 -4.8248048473e-04 -8.2238615737e-03 )
436              	( -3.3572376267e+00 1.1510582711e+00 -1.3464160971e+00 )	( -3.3591400186e+00 1.1515407516e+00 -1.3381922357e+00 )	( 1.9023919121e-03 -4.8248047736e-04 -8.2238613580e-03 )
437              	( -3.3572374022e+00 1.1510582013e+00 -1.3464160331e+00 )	( -3.3591397941e+00 1.1515406818e+00 -1.3381921719e+00 )	( 1.9023919427e-03 -4.8248046865e-04 -8.2238611522e-03 )
438              	( -3.3572371819e+00 1.1510581326e+00 -1.3464159713e+00 )	( -3.3591395739e+00 1.1515406131e+00 -1.3381921103e+00 )	( 1.9023919976e-03 -4.8248046512e-04 -8.2238609859e-03 )
439              	( -3.3572369665e+00 1.1510580652e+00 -1.3464159118e+00 )	( -3.3591393586e+00 1.1515405457e+00 -1.3381920510e+00 )	( 1.9023920531e-03 -4.8248046021e-04 -8.2238608294e-03 )
440              	( -3.3572367570e+00 1.1510579993e+00 -1.3464158548e+00 )	( -3.3591391491e+00 1.1515404797e+00 -1.3381919940e+00 )	( 1.9023921310e-03 -4.8248046041e-04 -8.2238607119e-03 )
441              	( -3.3572365542e+00 1.1510579352e+00 -1.3464158001e+00 )	( -3.3591389464e+00 1.1515404156e+00 -1.3381919395e+00 )	( 1.9023922074e-03 -4.8248045913e-04 -8.2238606033e-03 )
442              	( -3.3572363588e+00 1.1510578731e+00 -1.3464157482e+00 )	( -3.3591387511e+00 1.1515403536e+00 -1.3381918877e+00 )	( 1.9023923044e-03 -4.8248046284e-04 -8.2238605326e-03 )
443              	( -3.3572361719e+00 1.1510578134e+00 -1.3464156992e+00 )	( -3.3591385643e+00 1.1515402939e+00 -1.3381918387e+00 )	( 1.9023923979e-03 -4.8248046494e-04 -8.2238604694e-03 )
444              	( -3.3572359942e+00 1.1510577565e+00 -1.3464156533e+00 )	( -3.3591383867e+00 1.1515402370e+00 -1.3381917929e+00 )	( 1.9023925098e-03 -4.8248047184e-04 -8.2238604425e-03 )
445              	( -3.3572358268e+00 1.1510577027e+00 -1.3464156110e+00 )	( -3.3591382194e+00 1.1515401832e+00 -1.3381917506e+00 )	( 1.9023926162e-03 -4.8248047691e-04 -8.2238604213e-03 )
446              	( -3.3572356702e+00 1.1510576522e+00 -1.3464155723e+00 )	( -3.3591380629e+00 1.1515401327e+00 -1.3381917119e+00 )	( 1.9023927387e-03 -4.8248048652e-04 -8.2238604341e-03 )
447              	( -3.3572355254e+00 1.1510576055e+00 -1.3464155377e+00 )	( -3.3591379182e+00 1.1515400860e+00 -1.3381916772e+00 )	( 1.9023928534e-03 -4.8248049402e-04 -8.2238604503e-03 )
448              	( -3.3572353930e+00 1.1510575629e+00 -1.3464155073e+00 )	( -3.3591377859e+00 1.1515400434e+00 -1.3381916468e+00 )	( 1.9023929822e-03 -4.8248050576e-04 -8.2238604983e-03 )
449              	( -3.3572352735e+00 1.1510575244e+00 -1.3464154813e+00 )	( -3.3591376666e+00 1.1515400049e+00 -1.3381916207e+00 )	( 1.9023931009e-03 -4.8248051508e-04 -8.2238605471e-03 )
450              	( -3.3572351673e+00 1.1510574904e+00 -1.3464154597e+00 )	( -3.3591375605e+00 1.1515399709e+00 -1.3381915991e+00 )	( 1.9023932315e-03 -4.8248052833e-04 -8.2238606251e-03 )
451              	( -3.3572350745e+00 1.1510574607e+00 -1.3464154426e+00 )	( -3.3591374679e+00 1.1515399413e+00 -1.3381915819e+00 )	( 1.9023933500e-03 -4.8248053885e-04 -8.2238607012e-03 )
452              	( -3.3572349953e+00 1.1510574355e+00 -1.3464154298e+00 )	( -3.3591373888e+00 1.1515399161e+00 -1.3381915690e+00 )	( 1.9023934784e-03 -4.8248055301e-04 -8.2238608039e-03 )
453              	( -3.3572349293e+00 1.1510574147e+00 -1.3464154212e+00 )	( -3.3591373229e+00 1.1515398953e+00 -1.3381915603e+00 )	( 1.9023935929e-03 -4.8248056417e-04 -8.2238609021e-03 )
454              	( -3.3572348764e+00 1.1510573981e+00 -1.3464154165e+00 )	( -3.3591372701e+00 1.1515398787e+00 -1.3381915555e+00 )	( 1.9023937157e-03 -4.8248057872e-04 -8.2238610241e-03 )
455              	( -3.3572348359e+00 1.1510573855e+00 -1.3464154155e+00 )	( -3.3591372297e+00 1.1515398661e+00 -1.3381915543e+00 )	( 1.9023938232e-03 -4.8248059005e-04 -8.2238611390e-03 )
456              	( -3.3572348073e+00 1.1510573766e+00 -1.3464154178e+00 )	( -3.3591372012e+00 1.1515398572e+00 -1.3381915565e+00 )	( 1.9023939376e-03 -4.8248060458e-04 -8.2238612752e-03 )
457              	( -3.3572347899e+00 1.1510573713e+00 -1.3464154230e+00 )	( -3.3591371839e+00 1.1515398519e+00 -1.3381915616e+00 )	( 1.9023940357e-03 -4.8248061571e-04 -8.2238614017e-03 )
458              	( -3.3572347829e+00 1.1510573692e+00 -1.3464154309e+00 )	( -3.3591371771e+00 1.1515398498e+00 -1.3381915693e+00 )	( 1.9023941398e-03 -4.8248062991e-04 -8.2238615470e-03 )
459              	( -3.3572347857e+00 1.1510573700e+00 -1.3464154410e+00 )	( -3.3591371800e+00 1.1515398507e+00 -1.3381915794e+00 )	( 1.9023942269e-03 -4.8248064059e-04 -8.2238616802e-03 )
460              	( -3.3572347975e+00 1.1510573736e+00 -1.3464154532e+00 )	( -3.3591371918e+00 1.1515398543e+00 -1.3381915914e+00 )	( 1.9023943195e-03 -4.8248065423e-04 -8.2238618299e-03 )
461              	( -3.3572348175e+00 1.1510573797e+00 -1.3464154671e+00 )	( -3.3591372119e+00 1.1515398603e+00 -1.3381916051e+00 )	( 1.9023943945e-03 -4.8248066426e-04 -8.2238619654e-03 )
462              	( -3.3572348450e+00 1.1510573880e+00 -1.3464154825e+00 )	( -3.3591372395e+00 1.1515398687e+00 -1.3381916204e+00 )	( 1.9023944746e-03 -4.8248067715e-04 -8.2238621152e-03 )
463              	( -3.3572348794e+00 1.1510573984e+00 -1.3464154992e+00 )	( -3.3591372739e+00 1.1515398791e+00 -1.3381916369e+00 )	( 1.9023945370e-03 -4.8248068635e-04 -8.2238622488e-03 )
464              	( -3.3572349201e+00 1.1510574107e+00 -1.3464155171e+00 )	( -3.3591373147e+00 1.1515398914e+00 -1.3381916547e+00 )	( 1.9023946044e-03 -4.8248069833e-04 -8.2238623949e-03 )
465              	( -3.3572349662e+00 1.1510574247e+00 -1.3464155358e+00 )	( -3.3591373609e+00 1.1515399054e+00 -1.3381916733e+00 )	( 1.9023946540e-03 -4.8248070654e-04 -8.2238625231e-03 )
466              	( -3.3572350178e+00 1.1510574404e+00 -1.3464155558e+00 )	( -3.3591374125e+00 1.1515399211e+00 -1.3381916931e+00 )	( 1.9023947083e-03 -4.8248071742e-04 -8.2238626620e-03 )
467              	( -3.3572350739e+00 1.1510574576e+00 -1.3464155765e+00 )	( -3.3591374687e+00 1.1515399384e+00 -1.3381917137e+00 )	( 1.9023947450e-03 -4.8248072446e-04 -8.2238627815e-03 )
468              	( -3.3572351342e+00 1.1510574762e+00 -1.3464155979e+00 )	( -3.3591375290e+00 1.1515399569e+00 -1.3381917350e+00 )	( 1.9023947866e-03 -4.8248073413e-04 -8.2238629105e-03 )
469              	( -3.3572351980e+00 1.1510574960e+00 -1.3464156200e+00 )	( -3.3591375928e+00 1.1515399767e+00 -1.3381917570e+00 )	( 1.9023948104e-03 -4.8248073986e-04 -8.2238630189e-03 )
470              	( -3.3572352649e+00 1.1510575169e+00 -1.3464156426e+00 )	( -3.3591376598e+00 1.1515399977e+00 -1.3381917794e+00 )	( 1.9023948395e-03 -4.8248074815e-04 -8.2238631358e-03 )
