# Time           	totalLift        	frontLift        	rearLift         	drag             	side             	Xmoment          	Ymoment          	Zmoment          
1	1.7041655612e+00	6.0657738766e-01	1.0975881735e+00	6.8090856999e-01	0.0000000000e+00	2.0669202766e+00	-6.1376348232e-01	-8.2584917917e-01
2	1.4972022141e-01	1.0760465660e-01	4.2115564811e-02	2.0495296436e-01	0.0000000000e+00	1.8159019787e-01	8.1861364739e-02	-2.4857997806e-01
3	6.7385800263e-03	4.2585948046e-02	-3.5847368020e-02	9.7876123578e-02	0.0000000000e+00	8.1729780308e-03	9.8041645082e-02	-1.1871038180e-01
4	6.5207905099e-03	3.7238037240e-02	-3.0717246730e-02	8.0763262204e-02	0.0000000000e+00	7.9088290667e-03	8.4944104962e-02	-9.7954816164e-02
5	1.8639910392e-02	4.0764780229e-02	-2.2124869837e-02	8.1624512875e-02	0.0000000000e+00	2.2607667718e-02	7.8612062582e-02	-9.8999395703e-02
6	2.2398003306e-02	4.2221630259e-02	-1.9823626953e-02	8.4316097770e-02	0.0000000000e+00	2.7165721597e-02	7.7556571515e-02	-1.0226392089e-01
7	2.6327723316e-02	4.3332498411e-02	-1.7004775095e-02	8.6312307675e-02	0.0000000000e+00	3.1931935723e-02	7.5421591883e-02	-1.0468505110e-01
8	3.2776917923e-02	4.5185961878e-02	-1.2409043955e-02	8.8302307218e-02	0.0000000000e+00	3.9753928729e-02	7.1993757290e-02	-1.0709864899e-01
9	3.9807535484e-02	4.7203395338e-02	-7.3958598534e-03	9.0310699626e-02	0.0000000000e+00	4.8281108439e-02	6.8249068989e-02	-1.0953455492e-01
10	4.5064914079e-02	4.8523196009e-02	-3.4582819297e-03	9.1760738377e-02	0.0000000000e+00	5.4657591256e-02	6.4976847423e-02	-1.1129325406e-01
11	4.9334121342e-02	4.9380787482e-02	-4.6666140595e-05	9.2829053352e-02	0.0000000000e+00	5.9835557093e-02	6.1784317029e-02	-1.1258897434e-01
12	5.2644625198e-02	4.9797936381e-02	2.8466888177e-03	9.3533637972e-02	0.0000000000e+00	6.3850746523e-02	5.8689059454e-02	-1.1344353934e-01
13	5.5119747128e-02	4.9802840853e-02	5.3169062750e-03	9.3859101545e-02	0.0000000000e+00	6.6852731670e-02	5.5607418222e-02	-1.1383828224e-01
14	5.8088931317e-02	4.9743109217e-02	8.3458220994e-03	9.4082902955e-02	0.0000000000e+00	7.0453946919e-02	5.1746608897e-02	-1.1410972281e-01
15	6.0678163567e-02	4.9422129144e-02	1.1256034423e-02	9.4051689906e-02	0.0000000000e+00	7.3594332314e-02	4.7707618400e-02	-1.1407186564e-01
16	6.2249236680e-02	4.9110332638e-02	1.3138904042e-02	9.3960683690e-02	0.0000000000e+00	7.5499829613e-02	4.4964285746e-02	-1.1396148752e-01
17	6.5226152745e-02	4.8995251874e-02	1.6230900870e-02	9.3847067109e-02	0.0000000000e+00	7.9110422571e-02	4.0955438755e-02	-1.1382368611e-01
18	6.7546811071e-02	4.8287183861e-02	1.9259627210e-02	9.3182785255e-02	0.0000000000e+00	8.1925064446e-02	3.6284445813e-02	-1.1301800287e-01
19	7.1350833298e-02	4.8280695666e-02	2.3070137633e-02	9.2832732328e-02	0.0000000000e+00	8.6538824314e-02	3.1513197541e-02	-1.1259343644e-01
20	7.6396842671e-02	4.8582582974e-02	2.7814259698e-02	9.2585424553e-02	0.0000000000e+00	9.2658945109e-02	2.5960404095e-02	-1.1229348585e-01
21	8.1859512716e-02	4.8984155827e-02	3.2875356889e-02	9.2395783688e-02	0.0000000000e+00	9.9284418442e-02	2.0135998674e-02	-1.1206347736e-01
22	8.7788664544e-02	4.9618483062e-02	3.8170181482e-02	9.2381689455e-02	0.0000000000e+00	1.0647567052e-01	1.4310376974e-02	-1.1204638298e-01
23	9.2587409959e-02	4.9921344512e-02	4.2666065447e-02	9.2155420192e-02	0.0000000000e+00	1.1229589388e-01	9.0690988312e-03	-1.1177194924e-01
24	9.7040915936e-02	5.0207499981e-02	4.6833415954e-02	9.1952779868e-02	0.0000000000e+00	1.1769738891e-01	4.2176050336e-03	-1.1152617418e-01
25	1.0094564808e-01	5.0379526047e-02	5.0566122036e-02	9.1704032609e-02	0.0000000000e+00	1.2243329616e-01	-2.3324498643e-04	-1.1122447770e-01
26	1.0414572786e-01	5.0378292126e-02	5.3767435735e-02	9.1400062782e-02	0.0000000000e+00	1.2631455625e-01	-4.2364295114e-03	-1.1085580378e-01
27	1.0704704119e-01	5.0358820529e-02	5.6688220665e-02	9.1124969272e-02	0.0000000000e+00	1.2983345342e-01	-7.9117501691e-03	-1.1052215289e-01
28	1.0879494599e-01	5.0072369868e-02	5.8722576118e-02	9.0770898751e-02	0.0000000000e+00	1.3195342341e-01	-1.0812757812e-02	-1.1009271366e-01
29	1.1034058258e-01	4.9745492385e-02	6.0595090196e-02	9.0406356336e-02	0.0000000000e+00	1.3382806968e-01	-1.3561997263e-02	-1.0965057346e-01
30	1.1123048649e-01	4.9207767263e-02	6.2022719225e-02	8.9893058185e-02	0.0000000000e+00	1.3490740169e-01	-1.6018689953e-02	-1.0902801284e-01
31	1.1167368352e-01	4.8599221159e-02	6.3074462365e-02	8.9392267356e-02	0.0000000000e+00	1.3544493921e-01	-1.8094051508e-02	-1.0842062191e-01
32	1.1090795770e-01	4.7703928707e-02	6.3204028988e-02	8.8777192978e-02	0.0000000000e+00	1.3451621827e-01	-1.9375125351e-02	-1.0767462062e-01
33	1.0969736544e-01	4.6748908639e-02	6.2948456798e-02	8.8231968126e-02	0.0000000000e+00	1.3304793506e-01	-2.0249435199e-02	-1.0701333727e-01
34	1.0742055458e-01	4.5532992054e-02	6.1887562530e-02	8.7612378031e-02	0.0000000000e+00	1.3028647419e-01	-2.0443213095e-02	-1.0626185904e-01
35	1.0409640283e-01	4.4108849159e-02	5.9987553671e-02	8.6984906140e-02	0.0000000000e+00	1.2625473172e-01	-1.9848380640e-02	-1.0550082126e-01
36	1.0111138163e-01	4.2921744548e-02	5.8189637079e-02	8.6627264394e-02	0.0000000000e+00	1.2263430834e-01	-1.9084865664e-02	-1.0506705062e-01
37	9.6335331835e-02	4.1194048873e-02	5.5141282962e-02	8.6027288753e-02	0.0000000000e+00	1.1684161167e-01	-1.7434042612e-02	-1.0433936204e-01
38	9.0281786723e-02	3.9236700467e-02	5.1045086256e-02	8.5458580066e-02	0.0000000000e+00	1.0949948752e-01	-1.4760482236e-02	-1.0364959601e-01
39	8.4623259958e-02	3.7466789560e-02	4.7156470398e-02	8.5093373834e-02	0.0000000000e+00	1.0263646671e-01	-1.2112101048e-02	-1.0320665069e-01
40	7.7958901711e-02	3.5407749706e-02	4.2551152005e-02	8.4578307318e-02	0.0000000000e+00	9.4553509567e-02	-8.9292528730e-03	-1.0258194529e-01
41	6.9985207951e-02	3.3044136754e-02	3.6941071197e-02	8.3980901296e-02	0.0000000000e+00	8.4882507120e-02	-4.8711680535e-03	-1.0185737331e-01
42	6.2017961030e-02	3.0754889131e-02	3.1263071898e-02	8.3459449864e-02	0.0000000000e+00	7.5219323808e-02	-6.3522845892e-04	-1.0122492388e-01
43	5.4015642760e-02	2.8512283154e-02	2.5503359607e-02	8.2992880141e-02	0.0000000000e+00	6.5513603738e-02	3.7611544335e-03	-1.0065903847e-01
44	4.4832455867e-02	2.6034991169e-02	1.8797464697e-02	8.2463247569e-02	0.0000000000e+00	5.4375651166e-02	9.0469080897e-03	-1.0001666643e-01
45	3.4386749356e-02	2.3226514861e-02	1.1160234495e-02	8.1763996579e-02	0.0000000000e+00	4.1706434581e-02	1.5082850458e-02	-9.9168570402e-02
46	2.4487611760e-02	2.0580616681e-02	3.9069950784e-03	8.1139222732e-02	0.0000000000e+00	2.9700131505e-02	2.0842027003e-02	-9.8410804982e-02
47	1.4173512568e-02	1.7903377401e-02	-3.7298648331e-03	8.0494250211e-02	0.0000000000e+00	1.7190536639e-02	2.7041552793e-02	-9.7628541326e-02
48	2.6651177524e-03	1.4997462338e-02	-1.2332344585e-02	7.9755680724e-02	0.0000000000e+00	3.2324241538e-03	3.4162258653e-02	-9.6732757323e-02
49	-9.5775010298e-03	1.2009876442e-02	-2.1587377472e-02	7.9002349062e-02	0.0000000000e+00	-1.1616201811e-02	4.1996567393e-02	-9.5819068816e-02
50	-2.1958342823e-02	9.1144289188e-03	-3.1072771742e-02	7.8299781722e-02	0.0000000000e+00	-2.6632473427e-02	5.0234000826e-02	-9.4966950504e-02
51	-3.2022110341e-02	6.8769454451e-03	-3.8899055786e-02	7.7754867121e-02	0.0000000000e+00	-3.8838450132e-02	5.7220001538e-02	-9.4306043452e-02
52	-3.9032292566e-02	5.3128352599e-03	-4.4345127826e-02	7.7285349213e-02	0.0000000000e+00	-4.7340844568e-02	6.2072453858e-02	-9.3736582299e-02
53	-4.5048091947e-02	3.4265133054e-03	-4.8474605253e-02	7.6174589906e-02	0.0000000000e+00	-5.4637188306e-02	6.4876398198e-02	-9.2389382834e-02
54	-5.1692783148e-02	1.3548794788e-03	-5.3047662627e-02	7.4915533066e-02	0.0000000000e+00	-6.2696292004e-02	6.8003177632e-02	-9.0862318696e-02
55	-5.7900344729e-02	-5.1860491304e-04	-5.7381739816e-02	7.3696421728e-02	0.0000000000e+00	-7.0225217123e-02	7.1078918629e-02	-8.9383703002e-02
56	-6.4531563925e-02	-2.4165379379e-03	-6.2115025987e-02	7.2420754032e-02	0.0000000000e+00	-7.8267981116e-02	7.4623110061e-02	-8.7836492163e-02
57	-7.1102558027e-02	-4.2026853971e-03	-6.6899872630e-02	7.1189579422e-02	0.0000000000e+00	-8.6237700290e-02	7.8371484041e-02	-8.6343245367e-02
58	-7.6813076253e-02	-5.7044689299e-03	-7.1108607323e-02	7.0090215483e-02	0.0000000000e+00	-9.3163779645e-02	8.1755172992e-02	-8.5009866928e-02
59	-8.1797914979e-02	-7.0136320454e-03	-7.4784282933e-02	6.9079831940e-02	0.0000000000e+00	-9.9209708792e-02	8.4713313610e-02	-8.3784409565e-02
60	-8.5195525467e-02	-7.9268142394e-03	-7.7268711228e-02	6.8202036900e-02	0.0000000000e+00	-1.0333054668e-01	8.6677371236e-02	-8.2719763965e-02
61	-8.8117689611e-02	-8.7178999641e-03	-7.9399789647e-02	6.7388326164e-02	0.0000000000e+00	-1.0687473303e-01	8.8352362103e-02	-8.1732843881e-02
62	-9.0463374378e-02	-9.3789195497e-03	-8.1084454828e-02	6.6651146668e-02	0.0000000000e+00	-1.0971972856e-01	8.9631919098e-02	-8.0838745746e-02
63	-9.1890779472e-02	-9.8040639242e-03	-8.2086715548e-02	6.6049351107e-02	0.0000000000e+00	-1.1145097616e-01	9.0353314530e-02	-8.0108849853e-02
64	-9.2909542102e-02	-1.0130709751e-02	-8.2778832351e-02	6.5482700578e-02	0.0000000000e+00	-1.1268659621e-01	9.0810153250e-02	-7.9421580085e-02
65	-9.3853549023e-02	-1.0444512187e-02	-8.3409036835e-02	6.4920468844e-02	0.0000000000e+00	-1.1383154779e-01	9.1205655810e-02	-7.8739669714e-02
66	-9.5005924159e-02	-1.0818078631e-02	-8.4187845529e-02	6.4327197717e-02	0.0000000000e+00	-1.1522922157e-01	9.1712208623e-02	-7.8020112793e-02
67	-9.5669169504e-02	-1.1059710670e-02	-8.4609458834e-02	6.3815705543e-02	0.0000000000e+00	-1.1603364767e-01	9.1937185205e-02	-7.7399742585e-02
68	-9.6497231480e-02	-1.1337192759e-02	-8.5160038721e-02	6.3323146902e-02	0.0000000000e+00	-1.1703797385e-01	9.2278557452e-02	-7.6802336167e-02
69	-9.6936154803e-02	-1.1503152775e-02	-8.5433002028e-02	6.2932939101e-02	0.0000000000e+00	-1.1757032795e-01	9.2412311566e-02	-7.6329067352e-02
70	-9.7073756980e-02	-1.1579459664e-02	-8.5494297316e-02	6.2612309870e-02	0.0000000000e+00	-1.1773722061e-01	9.2393547065e-02	-7.5940187848e-02
71	-9.7212555452e-02	-1.1644413568e-02	-8.5568141884e-02	6.2307997240e-02	0.0000000000e+00	-1.1790556422e-01	9.2404660396e-02	-7.5571098153e-02
72	-9.7111172605e-02	-1.1639401098e-02	-8.5471771506e-02	6.2052782973e-02	0.0000000000e+00	-1.1778260066e-01	9.2290463010e-02	-7.5261558074e-02
73	-9.6625847574e-02	-1.1528180895e-02	-8.5097666679e-02	6.1864560951e-02	0.0000000000e+00	-1.1719396762e-01	9.1961857230e-02	-7.5033270446e-02
74	-9.5995856541e-02	-1.1369795559e-02	-8.4626060982e-02	6.1719181243e-02	0.0000000000e+00	-1.1642987447e-01	9.1570331779e-02	-7.4856944698e-02
75	-9.5326167979e-02	-1.1191296980e-02	-8.4134870999e-02	6.1602254838e-02	0.0000000000e+00	-1.1561763363e-01	9.1179467525e-02	-7.4715128925e-02
76	-9.4541151000e-02	-1.0974584537e-02	-8.3566566463e-02	6.1518997306e-02	0.0000000000e+00	-1.1466551515e-01	9.0739977408e-02	-7.4614148900e-02
77	-9.3698433893e-02	-1.0732795773e-02	-8.2965638121e-02	6.1471543967e-02	0.0000000000e+00	-1.1364341430e-01	9.0291052935e-02	-7.4556594475e-02
78	-9.2852141588e-02	-1.0479181867e-02	-8.2372959721e-02	6.1455604504e-02	0.0000000000e+00	-1.1261697722e-01	8.9867222317e-02	-7.4537262082e-02
79	-9.2091038702e-02	-1.0240175706e-02	-8.1850862996e-02	6.1447580013e-02	0.0000000000e+00	-1.1169386328e-01	8.9513359113e-02	-7.4527529469e-02
80	-9.1374946869e-02	-1.0006490871e-02	-8.1368455997e-02	6.1460573602e-02	0.0000000000e+00	-1.1082534160e-01	8.9202456407e-02	-7.4543288920e-02
81	-9.0711505904e-02	-9.7824115820e-03	-8.0929094322e-02	6.1488131515e-02	0.0000000000e+00	-1.1002067824e-01	8.8933353425e-02	-7.4576712908e-02
82	-9.0068920318e-02	-9.5594172777e-03	-8.0509503040e-02	6.1536254668e-02	0.0000000000e+00	-1.0924130961e-01	8.8687607203e-02	-7.4635079725e-02
83	-8.9478066352e-02	-9.3483457992e-03	-8.0129720552e-02	6.1594818637e-02	0.0000000000e+00	-1.0852468438e-01	8.8476718441e-02	-7.4706109827e-02
84	-8.8925867754e-02	-9.1477097650e-03	-7.9778157989e-02	6.1660029668e-02	0.0000000000e+00	-1.0785494283e-01	8.8288060281e-02	-7.4785201909e-02
85	-8.8414439846e-02	-8.9596915702e-03	-7.9454748275e-02	6.1728956392e-02	0.0000000000e+00	-1.0723465057e-01	8.8118820881e-02	-7.4868800620e-02
86	-8.7944194194e-02	-8.7851158571e-03	-7.9159078337e-02	6.1799077774e-02	0.0000000000e+00	-1.0666430676e-01	8.7967453100e-02	-7.4953848288e-02
87	-8.7502494985e-02	-8.6212788936e-03	-7.8881216091e-02	6.1871012031e-02	0.0000000000e+00	-1.0612858590e-01	8.7824921497e-02	-7.5041094726e-02
88	-8.7086475786e-02	-8.4670697528e-03	-7.8619406033e-02	6.1944937820e-02	0.0000000000e+00	-1.0562401138e-01	8.7690420350e-02	-7.5130756620e-02
89	-8.6712329452e-02	-8.3276203046e-03	-7.8384709148e-02	6.2016393629e-02	0.0000000000e+00	-1.0517022293e-01	8.7571361054e-02	-7.5217422766e-02
90	-8.6393037236e-02	-8.2070593085e-03	-7.8185977928e-02	6.2081883844e-02	0.0000000000e+00	-1.0478296504e-01	8.7473648274e-02	-7.5296853459e-02
91	-8.6113032755e-02	-8.1015338015e-03	-7.8011498954e-02	6.2143386780e-02	0.0000000000e+00	-1.0444335782e-01	8.7387456441e-02	-7.5371448128e-02
92	-8.5853515214e-02	-8.0058980915e-03	-7.7847617123e-02	6.2202456920e-02	0.0000000000e+00	-1.0412859845e-01	8.7302148789e-02	-7.5443092147e-02
93	-8.5621994587e-02	-7.9216957337e-03	-7.7700298853e-02	6.2258253650e-02	0.0000000000e+00	-1.0384779553e-01	8.7223253899e-02	-7.5510765967e-02
94	-8.5382134450e-02	-7.8389058330e-03	-7.7543228616e-02	6.2317119422e-02	0.0000000000e+00	-1.0355687791e-01	8.7130403479e-02	-7.5582162115e-02
95	-8.5150587301e-02	-7.7611513775e-03	-7.7389435923e-02	6.2375733351e-02	0.0000000000e+00	-1.0327604282e-01	8.7035355682e-02	-7.5653252813e-02
96	-8.4935911195e-02	-7.6903895154e-03	-7.7245521680e-02	6.2433186516e-02	0.0000000000e+00	-1.0301566999e-01	8.6943915206e-02	-7.5722935662e-02
97	-8.4742281666e-02	-7.6273638320e-03	-7.7114917834e-02	6.2488851078e-02	0.0000000000e+00	-1.0278082380e-01	8.6859442503e-02	-7.5790449180e-02
98	-8.4573376680e-02	-7.5722692448e-03	-7.7001107435e-02	6.2542550106e-02	0.0000000000e+00	-1.0257596510e-01	8.6786047738e-02	-7.5855578773e-02
99	-8.4432261958e-02	-7.5257099086e-03	-7.6906552049e-02	6.2594222301e-02	0.0000000000e+00	-1.0240481220e-01	8.6726052676e-02	-7.5918250095e-02
100	-8.4324607998e-02	-7.4889622095e-03	-7.6835645788e-02	6.2643689546e-02	0.0000000000e+00	-1.0227424263e-01	8.6683354474e-02	-7.5978247112e-02
101	-8.4228860617e-02	-7.4554556261e-03	-7.6773404991e-02	6.2695276249e-02	0.0000000000e+00	-1.0215811413e-01	8.6647436706e-02	-7.6040814744e-02
102	-8.4158313244e-02	-7.4280863974e-03	-7.6730226847e-02	6.2747305548e-02	0.0000000000e+00	-1.0207254979e-01	8.6627675562e-02	-7.6103919183e-02
103	-8.4103834210e-02	-7.4039735246e-03	-7.6699860685e-02	6.2801878533e-02	0.0000000000e+00	-1.0200647416e-01	8.6619858951e-02	-7.6170108768e-02
104	-8.4076251453e-02	-7.3854630319e-03	-7.6690788421e-02	6.2857521469e-02	0.0000000000e+00	-1.0197302004e-01	8.6631656737e-02	-7.6237596055e-02
105	-8.4074096236e-02	-7.3721735366e-03	-7.6701922699e-02	6.2913752195e-02	0.0000000000e+00	-1.0197040605e-01	8.6662186453e-02	-7.6305796253e-02
106	-8.4113972261e-02	-7.3685694153e-03	-7.6745402845e-02	6.2967955500e-02	0.0000000000e+00	-1.0201877023e-01	8.6721041788e-02	-7.6371537465e-02
107	-8.4173400954e-02	-7.3692213279e-03	-7.6804179626e-02	6.3021726822e-02	0.0000000000e+00	-1.0209084912e-01	8.6793697873e-02	-7.6436754742e-02
108	-8.4256976976e-02	-7.3771302371e-03	-7.6879846739e-02	6.3071177450e-02	0.0000000000e+00	-1.0219221543e-01	8.6878395627e-02	-7.6496731605e-02
109	-8.4301151314e-02	-7.3746454444e-03	-7.6926505870e-02	6.3124578527e-02	0.0000000000e+00	-1.0224579288e-01	8.6939825532e-02	-7.6561499824e-02
110	-8.4346718548e-02	-7.3736032217e-03	-7.6973115326e-02	6.3175136332e-02	0.0000000000e+00	-1.0230105971e-01	8.6999390130e-02	-7.6622819542e-02
111	-8.4365260337e-02	-7.3655842647e-03	-7.6999676072e-02	6.3227124504e-02	0.0000000000e+00	-1.0232354837e-01	8.7042614760e-02	-7.6685874102e-02
112	-8.4355567970e-02	-7.3504120778e-03	-7.7005155892e-02	6.3280099392e-02	0.0000000000e+00	-1.0231179286e-01	8.7068429768e-02	-7.6750125412e-02
113	-8.4317011023e-02	-7.3279495265e-03	-7.6989061497e-02	6.3334160294e-02	0.0000000000e+00	-1.0226502854e-01	8.7076389963e-02	-7.6815693908e-02
114	-8.4249420972e-02	-7.2979916054e-03	-7.6951429366e-02	6.3389809607e-02	0.0000000000e+00	-1.0218305103e-01	8.7066797201e-02	-7.6883188931e-02
115	-8.4153985953e-02	-7.2607128106e-03	-7.6893273143e-02	6.3447597449e-02	0.0000000000e+00	-1.0206730138e-01	8.7040700415e-02	-7.6953277698e-02
116	-8.4035930501e-02	-7.2173890605e-03	-7.6818541441e-02	6.3507596460e-02	0.0000000000e+00	-1.0192411622e-01	8.7001440475e-02	-7.7026048310e-02
117	-8.3898816039e-02	-7.1689295887e-03	-7.6729886450e-02	6.3569987473e-02	0.0000000000e+00	-1.0175781509e-01	8.6951196077e-02	-7.7101720096e-02
118	-8.3746114460e-02	-7.1162082949e-03	-7.6629906166e-02	6.3634933548e-02	0.0000000000e+00	-1.0157260891e-01	8.6892122338e-02	-7.7180490822e-02
119	-8.3581501284e-02	-7.0602195422e-03	-7.6521281742e-02	6.3702110445e-02	0.0000000000e+00	-1.0137295559e-01	8.6826327750e-02	-7.7261967231e-02
120	-8.3408474218e-02	-7.0019656795e-03	-7.6406508539e-02	6.3771269189e-02	0.0000000000e+00	-1.0116309737e-01	8.6755678574e-02	-7.7345847351e-02
121	-8.3230421131e-02	-6.9425796792e-03	-7.6287841452e-02	6.3841915505e-02	0.0000000000e+00	-1.0094714328e-01	8.6681577216e-02	-7.7431531691e-02
122	-8.3051045041e-02	-6.8833535682e-03	-7.6167691473e-02	6.3913033822e-02	0.0000000000e+00	-1.0072958456e-01	8.6605422381e-02	-7.7517788505e-02
123	-8.2873756942e-02	-6.8254218396e-03	-7.6048335102e-02	6.3983861011e-02	0.0000000000e+00	-1.0051455829e-01	8.6528641578e-02	-7.7603692221e-02
124	-8.2701183150e-02	-6.7696913844e-03	-7.5931491766e-02	6.4053735965e-02	0.0000000000e+00	-1.0030524983e-01	8.6452250477e-02	-7.7688441004e-02
125	-8.2535458874e-02	-6.7169179745e-03	-7.5818540899e-02	6.4121925811e-02	0.0000000000e+00	-1.0010424889e-01	8.6377028656e-02	-7.7771145983e-02
126	-8.2380712794e-02	-6.6684501447e-03	-7.5712262650e-02	6.4187454513e-02	0.0000000000e+00	-9.9916563015e-02	8.6304765631e-02	-7.7850623357e-02
127	-8.2239803771e-02	-6.6252097821e-03	-7.5614593988e-02	6.4249066985e-02	0.0000000000e+00	-9.9745659597e-02	8.6236730258e-02	-7.7925350877e-02
128	-8.2129732322e-02	-6.5917257374e-03	-7.5538006585e-02	6.4305190692e-02	0.0000000000e+00	-9.9612157951e-02	8.6182851060e-02	-7.7993421275e-02
129	-8.2037145245e-02	-6.5647989299e-03	-7.5472346315e-02	6.4357025121e-02	0.0000000000e+00	-9.9499862460e-02	8.6134434231e-02	-7.8056289365e-02
130	-8.1966055905e-02	-6.5453013792e-03	-7.5420754525e-02	6.4404161865e-02	0.0000000000e+00	-9.9413640791e-02	8.6094316433e-02	-7.8113459802e-02
131	-8.1915051610e-02	-6.5327582860e-03	-7.5382293324e-02	6.4446604965e-02	0.0000000000e+00	-9.9351779542e-02	8.6061918798e-02	-7.8164937491e-02
132	-8.1886084812e-02	-6.5275089804e-03	-7.5358575832e-02	6.4484114959e-02	0.0000000000e+00	-9.9316646769e-02	8.6038833564e-02	-7.8210431995e-02
133	-8.1885556178e-02	-6.5311074886e-03	-7.5354448690e-02	6.4516229064e-02	0.0000000000e+00	-9.9316005608e-02	8.6029176501e-02	-7.8249382023e-02
134	-8.1907082942e-02	-6.5415719865e-03	-7.5365510955e-02	6.4543115015e-02	0.0000000000e+00	-9.9342114634e-02	8.6029923711e-02	-7.8281991012e-02
135	-8.1964817305e-02	-6.5634417410e-03	-7.5401375564e-02	6.4562292041e-02	0.0000000000e+00	-9.9412138538e-02	8.6047417279e-02	-7.8305250128e-02
136	-8.2049357845e-02	-6.5935865435e-03	-7.5455771301e-02	6.4575170513e-02	0.0000000000e+00	-9.9514674677e-02	8.6077730947e-02	-7.8320869958e-02
137	-8.2162554225e-02	-6.6324786246e-03	-7.5530075600e-02	6.4581219825e-02	0.0000000000e+00	-9.9651966440e-02	8.6121996220e-02	-7.8328206947e-02
138	-8.2305484927e-02	-6.6803025713e-03	-7.5625182356e-02	6.4580304279e-02	0.0000000000e+00	-9.9825321877e-02	8.6181099731e-02	-7.8327096514e-02
139	-8.2479684119e-02	-6.7373731289e-03	-7.5742310990e-02	6.4572104293e-02	0.0000000000e+00	-1.0003660173e-01	8.6256172326e-02	-7.8317151050e-02
140	-8.2684089586e-02	-6.8037234458e-03	-7.5880366140e-02	6.4556250392e-02	0.0000000000e+00	-1.0028451766e-01	8.6345803368e-02	-7.8297922432e-02
141	-8.2905756447e-02	-6.8756017838e-03	-7.6030154663e-02	6.4534728076e-02	0.0000000000e+00	-1.0055336932e-01	8.6443191099e-02	-7.8271818800e-02
142	-8.3144866926e-02	-6.9528577094e-03	-7.6192009217e-02	6.4507528256e-02	0.0000000000e+00	-1.0084337770e-01	8.6548939384e-02	-7.8238829129e-02
143	-8.3401758138e-02	-7.0353976012e-03	-7.6366360537e-02	6.4474449429e-02	0.0000000000e+00	-1.0115495169e-01	8.6663703670e-02	-7.8198709026e-02
144	-8.3670902646e-02	-7.1216384946e-03	-7.6549264152e-02	6.4436227954e-02	0.0000000000e+00	-1.0148138725e-01	8.6784532071e-02	-7.8152351593e-02
145	-8.3951214453e-02	-7.2113477104e-03	-7.6739866742e-02	6.4393005346e-02	0.0000000000e+00	-1.0182136722e-01	8.6910648790e-02	-7.8099928468e-02
146	-8.4231054208e-02	-7.3012649823e-03	-7.6929789226e-02	6.4346019926e-02	0.0000000000e+00	-1.0216077465e-01	8.7035655304e-02	-7.8042941565e-02
147	-8.4515477739e-02	-7.3927005146e-03	-7.7122777225e-02	6.4294693198e-02	0.0000000000e+00	-1.0250574158e-01	8.7162595888e-02	-7.7980689248e-02
148	-8.4801553868e-02	-7.4847796593e-03	-7.7316774209e-02	6.4239499889e-02	0.0000000000e+00	-1.0285271289e-01	8.7289993187e-02	-7.7913747296e-02
149	-8.5083086847e-02	-7.5758062983e-03	-7.7507280549e-02	6.4181310862e-02	0.0000000000e+00	-1.0319417398e-01	8.7414342813e-02	-7.7843171946e-02
150	-8.5352644197e-02	-7.6638317094e-03	-7.7688812488e-02	6.4121107889e-02	0.0000000000e+00	-1.0352111026e-01	8.7531225973e-02	-7.7770153955e-02
151	-8.5607087424e-02	-7.7478408548e-03	-7.7859246569e-02	6.4059733424e-02	0.0000000000e+00	-1.0382971517e-01	8.7639257143e-02	-7.7695715104e-02
152	-8.5844885171e-02	-7.8271238974e-03	-7.8017761274e-02	6.3997932302e-02	0.0000000000e+00	-1.0411813139e-01	8.7738296720e-02	-7.7620758776e-02
153	-8.6066037643e-02	-7.9014914099e-03	-7.8164546233e-02	6.3935920724e-02	0.0000000000e+00	-1.0438635916e-01	8.7828818529e-02	-7.7545547194e-02
154	-8.6268353219e-02	-7.9701753668e-03	-7.8298177852e-02	6.3874395949e-02	0.0000000000e+00	-1.0463174035e-01	8.7910003107e-02	-7.7470926038e-02
155	-8.6442979911e-02	-8.0305880663e-03	-7.8412391845e-02	6.3815670070e-02	0.0000000000e+00	-1.0484353869e-01	8.7977254723e-02	-7.7399699561e-02
156	-8.6593387651e-02	-8.0833643920e-03	-7.8510023260e-02	6.3759369452e-02	0.0000000000e+00	-1.0502596276e-01	8.8033323584e-02	-7.7331414594e-02
157	-8.6711610602e-02	-8.1258183973e-03	-7.8585792205e-02	6.3707171272e-02	0.0000000000e+00	-1.0516935106e-01	8.8074967259e-02	-7.7268105324e-02
158	-8.6825919664e-02	-8.1659300810e-03	-7.8659989583e-02	6.3655323011e-02	0.0000000000e+00	-1.0530799236e-01	8.8117574377e-02	-7.7205220459e-02
159	-8.6938373464e-02	-8.2046536679e-03	-7.8733719796e-02	6.3603585268e-02	0.0000000000e+00	-1.0544438347e-01	8.8161332661e-02	-7.7142469636e-02
160	-8.7034090831e-02	-8.2382083586e-03	-7.8795882472e-02	6.3553625930e-02	0.0000000000e+00	-1.0556047558e-01	8.8197092642e-02	-7.7081875777e-02
161	-8.7113144278e-02	-8.2658504097e-03	-7.8847293868e-02	6.3507212825e-02	0.0000000000e+00	-1.0565635662e-01	8.8226804323e-02	-7.7025583014e-02
162	-8.7176551989e-02	-8.2880512502e-03	-7.8888500739e-02	6.3463988783e-02	0.0000000000e+00	-1.0573326152e-01	8.8250561861e-02	-7.6973158149e-02
163	-8.7223428676e-02	-8.3044711001e-03	-7.8918957576e-02	6.3424242956e-02	0.0000000000e+00	-1.0579011655e-01	8.8268108094e-02	-7.6924951885e-02
164	-8.7256212475e-02	-8.3158322529e-03	-7.8940380222e-02	6.3388044238e-02	0.0000000000e+00	-1.0582987882e-01	8.8280684961e-02	-7.6881047780e-02
165	-8.7280265371e-02	-8.3234454888e-03	-7.8956819882e-02	6.3354922881e-02	0.0000000000e+00	-1.0585905170e-01	8.8291717992e-02	-7.6840876094e-02
166	-8.7303146392e-02	-8.3294741078e-03	-7.8973672285e-02	6.3324394619e-02	0.0000000000e+00	-1.0588680326e-01	8.8305247721e-02	-7.6803849478e-02
167	-8.7306118510e-02	-8.3291752189e-03	-7.8976943291e-02	6.3298303787e-02	0.0000000000e+00	-1.0589040803e-01	8.8309710090e-02	-7.6772204859e-02
168	-8.7293950121e-02	-8.3237356418e-03	-7.8970214479e-02	6.3276100942e-02	0.0000000000e+00	-1.0587564943e-01	8.8308098546e-02	-7.6745275837e-02
169	-8.7269710026e-02	-8.3140393864e-03	-7.8955670640e-02	6.3257766471e-02	0.0000000000e+00	-1.0584624951e-01	8.8302039067e-02	-7.6723038625e-02
170	-8.7235156752e-02	-8.3006589684e-03	-7.8934497784e-02	6.3243003043e-02	0.0000000000e+00	-1.0580434110e-01	8.8292298519e-02	-7.6705132602e-02
171	-8.7195491759e-02	-8.2850969834e-03	-7.8910394776e-02	6.3230999645e-02	0.0000000000e+00	-1.0575623288e-01	8.8281622240e-02	-7.6690574118e-02
172	-8.7144532868e-02	-8.2658995567e-03	-7.8878633312e-02	6.3222660678e-02	0.0000000000e+00	-1.0569442670e-01	8.8265917194e-02	-7.6680460090e-02
173	-8.7083920814e-02	-8.2435442410e-03	-7.8840376573e-02	6.3217883298e-02	0.0000000000e+00	-1.0562091255e-01	8.8246040415e-02	-7.6674665779e-02
174	-8.7014826445e-02	-8.2184007941e-03	-7.8796425651e-02	6.3216466080e-02	0.0000000000e+00	-1.0553711051e-01	8.8222531071e-02	-7.6672946887e-02
175	-8.6937456799e-02	-8.1906689230e-03	-7.8746787876e-02	6.3218311798e-02	0.0000000000e+00	-1.0544327168e-01	8.8195148691e-02	-7.6675185492e-02
176	-8.6852767716e-02	-8.1607378132e-03	-7.8692029902e-02	6.3223219636e-02	0.0000000000e+00	-1.0534055538e-01	8.8164115112e-02	-7.6681138029e-02
177	-8.6761775226e-02	-8.1289746969e-03	-7.8632800529e-02	6.3230829387e-02	0.0000000000e+00	-1.0523019391e-01	8.8129782290e-02	-7.6690367618e-02
178	-8.6665423593e-02	-8.0956681887e-03	-7.8569755404e-02	6.3240922059e-02	0.0000000000e+00	-1.0511333253e-01	8.8092609020e-02	-7.6702608653e-02
179	-8.6562678306e-02	-8.0607645433e-03	-7.8501913762e-02	6.3253189539e-02	0.0000000000e+00	-1.0498871651e-01	8.8051436524e-02	-7.6717487432e-02
180	-8.6452469766e-02	-8.0240793472e-03	-7.8428390419e-02	6.3267515115e-02	0.0000000000e+00	-1.0485504859e-01	8.8005388839e-02	-7.6734862401e-02
181	-8.6335935304e-02	-7.9858732287e-03	-7.8350062075e-02	6.3283908348e-02	0.0000000000e+00	-1.0471370819e-01	8.7955236058e-02	-7.6754745155e-02
182	-8.6216594868e-02	-7.9470838452e-03	-7.8269511023e-02	6.3301822804e-02	0.0000000000e+00	-1.0456896453e-01	8.7903033972e-02	-7.6776472946e-02
183	-8.6095707502e-02	-7.9080290930e-03	-7.8187678409e-02	6.3321162550e-02	0.0000000000e+00	-1.0442234465e-01	8.7849561646e-02	-7.6799929419e-02
184	-8.5974495479e-02	-7.8690389181e-03	-7.8105456561e-02	6.3341835588e-02	0.0000000000e+00	-1.0427533101e-01	8.7795522054e-02	-7.6825002992e-02
185	-8.5854805603e-02	-7.8306194745e-03	-7.8024186129e-02	6.3363660263e-02	0.0000000000e+00	-1.0413016352e-01	8.7741958318e-02	-7.6851473345e-02
186	-8.5739091566e-02	-7.7934143324e-03	-7.7945677233e-02	6.3386331428e-02	0.0000000000e+00	-1.0398981818e-01	8.7690328626e-02	-7.6878970375e-02
187	-8.5627956921e-02	-7.7575904433e-03	-7.7870366478e-02	6.3409735256e-02	0.0000000000e+00	-1.0385502702e-01	8.7640970043e-02	-7.6907356025e-02
188	-8.5522278526e-02	-7.7234617735e-03	-7.7798816752e-02	6.3433639755e-02	0.0000000000e+00	-1.0372685355e-01	8.7594193723e-02	-7.6936348920e-02
189	-8.5420034137e-02	-7.6904795775e-03	-7.7729554559e-02	6.3458322116e-02	0.0000000000e+00	-1.0360284506e-01	8.7548843727e-02	-7.6966285256e-02
190	-8.5321423355e-02	-7.6587068516e-03	-7.7662716504e-02	6.3483572450e-02	0.0000000000e+00	-1.0348324364e-01	8.7505012065e-02	-7.6996910465e-02
191	-8.5228714264e-02	-7.6288115709e-03	-7.7599902693e-02	6.3508750109e-02	0.0000000000e+00	-1.0337080016e-01	8.7463863902e-02	-7.7027447529e-02
192	-8.5141091837e-02	-7.6006166529e-03	-7.7540475184e-02	6.3533839632e-02	0.0000000000e+00	-1.0326452611e-01	8.7424823163e-02	-7.7057877697e-02
193	-8.5059826218e-02	-7.5745074739e-03	-7.7485318744e-02	6.3558423878e-02	0.0000000000e+00	-1.0316596201e-01	8.7388514088e-02	-7.7087695033e-02
194	-8.4986078064e-02	-7.5508212288e-03	-7.7435256836e-02	6.3582106938e-02	0.0000000000e+00	-1.0307651556e-01	8.7355544508e-02	-7.7116419353e-02
195	-8.4919551598e-02	-7.5294905168e-03	-7.7390061081e-02	6.3604727071e-02	0.0000000000e+00	-1.0299582804e-01	8.7325713206e-02	-7.7143854487e-02
196	-8.4859370811e-02	-7.5102902174e-03	-7.7349080594e-02	6.3626314290e-02	0.0000000000e+00	-1.0292283695e-01	8.7298487971e-02	-7.7170036838e-02
197	-8.4805785013e-02	-7.4932835587e-03	-7.7312501455e-02	6.3646764471e-02	0.0000000000e+00	-1.0285784469e-01	8.7274022370e-02	-7.7194840117e-02
198	-8.4758595222e-02	-7.4783849867e-03	-7.7280210236e-02	6.3666067504e-02	0.0000000000e+00	-1.0280060992e-01	8.7252281561e-02	-7.7218252062e-02
199	-8.4717650276e-02	-7.4655085516e-03	-7.7252141724e-02	6.3684223276e-02	0.0000000000e+00	-1.0275094928e-01	8.7233291466e-02	-7.7240272537e-02
200	-8.4682929480e-02	-7.4546291748e-03	-7.7228300305e-02	6.3701211838e-02	0.0000000000e+00	-1.0270883769e-01	8.7217088912e-02	-7.7260877344e-02
201	-8.4654384989e-02	-7.4457238676e-03	-7.7208661121e-02	6.3717034494e-02	0.0000000000e+00	-1.0267421712e-01	8.7203671567e-02	-7.7280068066e-02
202	-8.4632333881e-02	-7.4388843756e-03	-7.7193449505e-02	6.3731672986e-02	0.0000000000e+00	-1.0264747214e-01	8.7193206412e-02	-7.7297822560e-02
203	-8.4616800423e-02	-7.4340344099e-03	-7.7182766013e-02	6.3745142887e-02	0.0000000000e+00	-1.0262863217e-01	8.7185914503e-02	-7.7314159711e-02
204	-8.4607455728e-02	-7.4310758102e-03	-7.7176379918e-02	6.3757499966e-02	0.0000000000e+00	-1.0261729833e-01	8.7181630134e-02	-7.7329147162e-02
205	-8.4605672785e-02	-7.4303783010e-03	-7.7175294484e-02	6.3768414308e-02	0.0000000000e+00	-1.0261513587e-01	8.7181145228e-02	-7.7342384769e-02
206	-8.4610958360e-02	-7.4318218475e-03	-7.7179136512e-02	6.3777860140e-02	0.0000000000e+00	-1.0262154655e-01	8.7184143331e-02	-7.7353841275e-02
207	-8.4625179354e-02	-7.4358874214e-03	-7.7189291933e-02	6.3785508935e-02	0.0000000000e+00	-1.0263879467e-01	8.7191755639e-02	-7.7363118220e-02
208	-8.4647489266e-02	-7.4424424578e-03	-7.7205046808e-02	6.3791132449e-02	0.0000000000e+00	-1.0266585355e-01	8.7203255438e-02	-7.7369938774e-02
209	-8.4670498197e-02	-7.4495767426e-03	-7.7220921454e-02	6.3795547129e-02	0.0000000000e+00	-1.0269376025e-01	8.7214180889e-02	-7.7375293179e-02
210	-8.4695251420e-02	-7.4574805131e-03	-7.7237770907e-02	6.3798829752e-02	0.0000000000e+00	-1.0272378253e-01	8.7225362992e-02	-7.7379274553e-02
211	-8.4721721644e-02	-7.4661057921e-03	-7.7255615852e-02	6.3800961769e-02	0.0000000000e+00	-1.0275588730e-01	8.7236887575e-02	-7.7381860398e-02
212	-8.4749847554e-02	-7.4753889709e-03	-7.7274458583e-02	6.3802001239e-02	0.0000000000e+00	-1.0279000019e-01	8.7248837015e-02	-7.7383121134e-02
213	-8.4779446834e-02	-7.4852387202e-03	-7.7294208114e-02	6.3802067276e-02	0.0000000000e+00	-1.0282590007e-01	8.7261211742e-02	-7.7383201228e-02
214	-8.4810483728e-02	-7.4956081269e-03	-7.7314875601e-02	6.3801225163e-02	0.0000000000e+00	-1.0286354359e-01	8.7274084342e-02	-7.7382179859e-02
215	-8.4842890040e-02	-7.5064394733e-03	-7.7336450567e-02	6.3799557205e-02	0.0000000000e+00	-1.0290284803e-01	8.7287513867e-02	-7.7380156854e-02
216	-8.4876583695e-02	-7.5176731421e-03	-7.7358910553e-02	6.3797145558e-02	0.0000000000e+00	-1.0294371383e-01	8.7301546763e-02	-7.7377231855e-02
217	-8.4911444959e-02	-7.5292431261e-03	-7.7382201833e-02	6.3794066836e-02	0.0000000000e+00	-1.0298599579e-01	8.7316198384e-02	-7.7373497786e-02
218	-8.4947375442e-02	-7.5410997346e-03	-7.7406275708e-02	6.3790366268e-02	0.0000000000e+00	-1.0302957456e-01	8.7331469966e-02	-7.7369009501e-02
219	-8.4984160451e-02	-7.5531681060e-03	-7.7430992345e-02	6.3786097147e-02	0.0000000000e+00	-1.0307418976e-01	8.7347280299e-02	-7.7363831641e-02
220	-8.5021537520e-02	-7.5653707497e-03	-7.7456166770e-02	6.3781301942e-02	0.0000000000e+00	-1.0311952304e-01	8.7363495026e-02	-7.7358015712e-02
221	-8.5059203571e-02	-7.5776255832e-03	-7.7481577987e-02	6.3776020395e-02	0.0000000000e+00	-1.0316520682e-01	8.7379940505e-02	-7.7351609915e-02
222	-8.5096269620e-02	-7.5896855496e-03	-7.7506584070e-02	6.3770407794e-02	0.0000000000e+00	-1.0321016288e-01	8.7396123151e-02	-7.7344802596e-02
223	-8.5132565049e-02	-7.6014959117e-03	-7.7531069138e-02	6.3764505746e-02	0.0000000000e+00	-1.0325418428e-01	8.7411966532e-02	-7.7337644218e-02
224	-8.5168428527e-02	-7.6131454562e-03	-7.7555283070e-02	6.3758249011e-02	0.0000000000e+00	-1.0329768179e-01	8.7427672018e-02	-7.7330055652e-02
225	-8.5203225266e-02	-7.6244685961e-03	-7.7578756670e-02	6.3751733173e-02	0.0000000000e+00	-1.0333988548e-01	8.7442860092e-02	-7.7322152829e-02
226	-8.5236354258e-02	-7.6352983933e-03	-7.7601055864e-02	6.3745062770e-02	0.0000000000e+00	-1.0338006643e-01	8.7457196839e-02	-7.7314062541e-02
227	-8.5268008384e-02	-7.6456810096e-03	-7.7622327375e-02	6.3738203637e-02	0.0000000000e+00	-1.0341845857e-01	8.7470807956e-02	-7.7305743348e-02
228	-8.5297937413e-02	-7.6555470362e-03	-7.7642390377e-02	6.3731202703e-02	0.0000000000e+00	-1.0345475839e-01	8.7483554176e-02	-7.7297252171e-02
229	-8.5325993403e-02	-7.6648495411e-03	-7.7661143862e-02	6.3724111642e-02	0.0000000000e+00	-1.0348878648e-01	8.7495367901e-02	-7.7288651681e-02
230	-8.5352075377e-02	-7.6735513324e-03	-7.7678524044e-02	6.3716989523e-02	0.0000000000e+00	-1.0352042036e-01	8.7506215890e-02	-7.7280013523e-02
231	-8.5376124842e-02	-7.6816258505e-03	-7.7694498991e-02	6.3709893951e-02	0.0000000000e+00	-1.0354958908e-01	8.7516091426e-02	-7.7271407563e-02
232	-8.5398193775e-02	-7.6890777712e-03	-7.7709116003e-02	6.3702872487e-02	0.0000000000e+00	-1.0357635568e-01	8.7525047790e-02	-7.7262891485e-02
233	-8.5418285456e-02	-7.6958985159e-03	-7.7722386940e-02	6.3695979086e-02	0.0000000000e+00	-1.0360072415e-01	8.7533110530e-02	-7.7254530730e-02
234	-8.5436461293e-02	-7.7020960169e-03	-7.7734365276e-02	6.3689257576e-02	0.0000000000e+00	-1.0362276896e-01	8.7540336574e-02	-7.7246378456e-02
235	-8.5452797086e-02	-7.7076838681e-03	-7.7745113218e-02	6.3682745092e-02	0.0000000000e+00	-1.0364258205e-01	8.7546786688e-02	-7.7238479701e-02
236	-8.5467371429e-02	-7.7126783716e-03	-7.7754693057e-02	6.3676471030e-02	0.0000000000e+00	-1.0366025874e-01	8.7552518357e-02	-7.7230870120e-02
237	-8.5480256290e-02	-7.7170966742e-03	-7.7763159616e-02	6.3670455222e-02	0.0000000000e+00	-1.0367588631e-01	8.7557578677e-02	-7.7223573766e-02
238	-8.5493686743e-02	-7.7215358588e-03	-7.7772150884e-02	6.3664489174e-02	0.0000000000e+00	-1.0369217562e-01	8.7563268782e-02	-7.7216337763e-02
239	-8.5505308587e-02	-7.7254002107e-03	-7.7779908376e-02	6.3658826197e-02	0.0000000000e+00	-1.0370627133e-01	8.7568135207e-02	-7.7209469346e-02
240	-8.5515436185e-02	-7.7287564292e-03	-7.7786679756e-02	6.3653476600e-02	0.0000000000e+00	-1.0371855473e-01	8.7572404158e-02	-7.7202981014e-02
241	-8.5524068182e-02	-7.7316071533e-03	-7.7792461028e-02	6.3648450758e-02	0.0000000000e+00	-1.0372902416e-01	8.7576067344e-02	-7.7196885354e-02
242	-8.5531275831e-02	-7.7339740524e-03	-7.7797301779e-02	6.3643747715e-02	0.0000000000e+00	-1.0373776605e-01	8.7579159658e-02	-7.7191181205e-02
243	-8.5537100874e-02	-7.7358719500e-03	-7.7801228924e-02	6.3639368237e-02	0.0000000000e+00	-1.0374483104e-01	8.7581696217e-02	-7.7185869495e-02
244	-8.5541582875e-02	-7.7373156170e-03	-7.7804267258e-02	6.3635314081e-02	0.0000000000e+00	-1.0375026709e-01	8.7583689552e-02	-7.7180952357e-02
245	-8.5544763578e-02	-7.7383208746e-03	-7.7806442703e-02	6.3631586432e-02	0.0000000000e+00	-1.0375412485e-01	8.7585152286e-02	-7.7176431227e-02
246	-8.5546684640e-02	-7.7389036101e-03	-7.7807781030e-02	6.3628186650e-02	0.0000000000e+00	-1.0375645484e-01	8.7586096775e-02	-7.7172307756e-02
247	-8.5547392794e-02	-7.7390810934e-03	-7.7808311701e-02	6.3625115645e-02	0.0000000000e+00	-1.0375731373e-01	8.7586538259e-02	-7.7168583046e-02
248	-8.5546689617e-02	-7.7388071194e-03	-7.7807882497e-02	6.3622365775e-02	0.0000000000e+00	-1.0375646087e-01	8.7586344222e-02	-7.7165247828e-02
249	-8.5544796629e-02	-7.7381427465e-03	-7.7806653883e-02	6.3619944231e-02	0.0000000000e+00	-1.0375416494e-01	8.7585638920e-02	-7.7162310827e-02
250	-8.5541887018e-02	-7.7371392693e-03	-7.7804747749e-02	6.3617845903e-02	0.0000000000e+00	-1.0375063598e-01	8.7584510599e-02	-7.7159765841e-02
251	-8.5538025383e-02	-7.7358201366e-03	-7.7802205246e-02	6.3616063035e-02	0.0000000000e+00	-1.0374595234e-01	8.7582981387e-02	-7.7157603465e-02
252	-8.5533277353e-02	-7.7342083499e-03	-7.7799069003e-02	6.3614588880e-02	0.0000000000e+00	-1.0374019363e-01	8.7581075817e-02	-7.7155815516e-02
253	-8.5527714677e-02	-7.7323284296e-03	-7.7795386247e-02	6.3613414524e-02	0.0000000000e+00	-1.0373344686e-01	8.7578822272e-02	-7.7154391182e-02
254	-8.5521314685e-02	-7.7301786196e-03	-7.7791136065e-02	6.3612550120e-02	0.0000000000e+00	-1.0372568454e-01	8.7576196807e-02	-7.7153342779e-02
255	-8.5514377576e-02	-7.7278397110e-03	-7.7786537865e-02	6.3611961573e-02	0.0000000000e+00	-1.0371727078e-01	8.7573372693e-02	-7.7152628952e-02
256	-8.5507002901e-02	-7.7253488669e-03	-7.7781654034e-02	6.3611615272e-02	0.0000000000e+00	-1.0370832630e-01	8.7570381459e-02	-7.7152208936e-02
257	-8.5499184908e-02	-7.7227104255e-03	-7.7776474482e-02	6.3611509639e-02	0.0000000000e+00	-1.0369884414e-01	8.7567205071e-02	-7.7152080818e-02
258	-8.5490898820e-02	-7.7199226747e-03	-7.7770976146e-02	6.3611642721e-02	0.0000000000e+00	-1.0368879425e-01	8.7563816839e-02	-7.7152242227e-02
259	-8.5482156521e-02	-7.7169921905e-03	-7.7765164331e-02	6.3612008887e-02	0.0000000000e+00	-1.0367819103e-01	8.7560215175e-02	-7.7152686336e-02
260	-8.5473069019e-02	-7.7139514466e-03	-7.7759117572e-02	6.3612590397e-02	0.0000000000e+00	-1.0366716913e-01	8.7556457657e-02	-7.7153391630e-02
261	-8.5463698578e-02	-7.7108204070e-03	-7.7752878171e-02	6.3613374948e-02	0.0000000000e+00	-1.0365580407e-01	8.7552572205e-02	-7.7154343183e-02
262	-8.5454123641e-02	-7.7076222828e-03	-7.7746501359e-02	6.3614351178e-02	0.0000000000e+00	-1.0364419098e-01	8.7548598845e-02	-7.7155527216e-02
263	-8.5444405352e-02	-7.7043759355e-03	-7.7740029417e-02	6.3615507137e-02	0.0000000000e+00	-1.0363240402e-01	8.7544566851e-02	-7.7156929237e-02
264	-8.5434604676e-02	-7.7011006656e-03	-7.7733504010e-02	6.3616828235e-02	0.0000000000e+00	-1.0362051713e-01	8.7540504180e-02	-7.7158531549e-02
265	-8.5424768605e-02	-7.6978121781e-03	-7.7726956427e-02	6.3618301519e-02	0.0000000000e+00	-1.0360858732e-01	8.7536430311e-02	-7.7160318441e-02
266	-8.5414944773e-02	-7.6945280451e-03	-7.7720416728e-02	6.3619913694e-02	0.0000000000e+00	-1.0359667236e-01	8.7532360853e-02	-7.7162273789e-02
267	-8.5405187524e-02	-7.6912681499e-03	-7.7713919374e-02	6.3621645009e-02	0.0000000000e+00	-1.0358483814e-01	8.7528314031e-02	-7.7164373638e-02
268	-8.5395518566e-02	-7.6880397527e-03	-7.7707478814e-02	6.3623483782e-02	0.0000000000e+00	-1.0357311102e-01	8.7524298826e-02	-7.7166603819e-02
269	-8.5385954727e-02	-7.6848486981e-03	-7.7701106029e-02	6.3625419931e-02	0.0000000000e+00	-1.0356151139e-01	8.7520321663e-02	-7.7168952103e-02
270	-8.5376525537e-02	-7.6817050788e-03	-7.7694820458e-02	6.3627440467e-02	0.0000000000e+00	-1.0355007506e-01	8.7516394224e-02	-7.7171402738e-02
271	-8.5367261178e-02	-7.6786191546e-03	-7.7688642024e-02	6.3629532297e-02	0.0000000000e+00	-1.0353883866e-01	8.7512528586e-02	-7.7173939842e-02
272	-8.5358188279e-02	-7.6755999437e-03	-7.7682588335e-02	6.3631683521e-02	0.0000000000e+00	-1.0352783447e-01	8.7508735490e-02	-7.7176548983e-02
273	-8.5349332612e-02	-7.6726561425e-03	-7.7676676469e-02	6.3633882644e-02	0.0000000000e+00	-1.0351709376e-01	8.7505025408e-02	-7.7179216220e-02
274	-8.5340720049e-02	-7.6697963300e-03	-7.7670923719e-02	6.3636118381e-02	0.0000000000e+00	-1.0350664789e-01	8.7501409236e-02	-7.7181927864e-02
275	-8.5332374728e-02	-7.6670285651e-03	-7.7665346163e-02	6.3638379731e-02	0.0000000000e+00	-1.0349652616e-01	8.7497896997e-02	-7.7184670572e-02
276	-8.5324321949e-02	-7.6643611291e-03	-7.7659960819e-02	6.3640655465e-02	0.0000000000e+00	-1.0348675924e-01	8.7494499613e-02	-7.7187430727e-02
277	-8.5316583552e-02	-7.6618012625e-03	-7.7654782289e-02	6.3642935132e-02	0.0000000000e+00	-1.0347737362e-01	8.7491226283e-02	-7.7190195651e-02
278	-8.5309176840e-02	-7.6593549065e-03	-7.7649821933e-02	6.3645208703e-02	0.0000000000e+00	-1.0346839029e-01	8.7488083784e-02	-7.7192953183e-02
279	-8.5302133271e-02	-7.6570317313e-03	-7.7645101540e-02	6.3647463926e-02	0.0000000000e+00	-1.0345984740e-01	8.7485087260e-02	-7.7195688461e-02
280	-8.5295460822e-02	-7.6548349555e-03	-7.7640625867e-02	6.3649691915e-02	0.0000000000e+00	-1.0345175463e-01	8.7482238639e-02	-7.7198390707e-02
281	-8.5289177709e-02	-7.6527704440e-03	-7.7636407265e-02	6.3651882447e-02	0.0000000000e+00	-1.0344413407e-01	8.7479546026e-02	-7.7201047524e-02
282	-8.5283410087e-02	-7.6508724663e-03	-7.7632537621e-02	6.3654007983e-02	0.0000000000e+00	-1.0343713873e-01	8.7477081444e-02	-7.7203625509e-02
283	-8.5278194438e-02	-7.6491537006e-03	-7.7629040738e-02	6.3656051088e-02	0.0000000000e+00	-1.0343081286e-01	8.7474858796e-02	-7.7206103517e-02
284	-8.5273359251e-02	-7.6475717141e-03	-7.7625787537e-02	6.3658027751e-02	0.0000000000e+00	-1.0342494844e-01	8.7472769779e-02	-7.7208500939e-02
285	-8.5268928891e-02	-7.6461317671e-03	-7.7622797124e-02	6.3659930952e-02	0.0000000000e+00	-1.0341957502e-01	8.7470831696e-02	-7.7210809262e-02
286	-8.5264932033e-02	-7.6448404513e-03	-7.7620091582e-02	6.3661752737e-02	0.0000000000e+00	-1.0341472737e-01	8.7469063913e-02	-7.7213018839e-02
287	-8.5261397869e-02	-7.6437045271e-03	-7.7617693342e-02	6.3663486403e-02	0.0000000000e+00	-1.0341044091e-01	8.7467486018e-02	-7.7215121540e-02
288	-8.5258345466e-02	-7.6427282046e-03	-7.7615617261e-02	6.3665126547e-02	0.0000000000e+00	-1.0340673877e-01	8.7466111321e-02	-7.7217110811e-02
289	-8.5255781705e-02	-7.6419126513e-03	-7.7613869053e-02	6.3666670292e-02	0.0000000000e+00	-1.0340362927e-01	8.7464945503e-02	-7.7218983162e-02
290	-8.5253715322e-02	-7.6412602219e-03	-7.7612455100e-02	6.3668111894e-02	0.0000000000e+00	-1.0340112303e-01	8.7463993597e-02	-7.7220731628e-02
291	-8.5252148081e-02	-7.6407712218e-03	-7.7611376859e-02	6.3669445627e-02	0.0000000000e+00	-1.0339922218e-01	8.7463257047e-02	-7.7222349264e-02
292	-8.5251071019e-02	-7.6404426769e-03	-7.7610628342e-02	6.3670668097e-02	0.0000000000e+00	-1.0339791585e-01	8.7462732081e-02	-7.7223831954e-02
293	-8.5250470574e-02	-7.6402702824e-03	-7.7610200292e-02	6.3671776760e-02	0.0000000000e+00	-1.0339718760e-01	8.7462412511e-02	-7.7225176612e-02
294	-8.5250331777e-02	-7.6402494395e-03	-7.7610082337e-02	6.3672768934e-02	0.0000000000e+00	-1.0339701925e-01	8.7462291122e-02	-7.7226379983e-02
295	-8.5250635720e-02	-7.6403744241e-03	-7.7610261296e-02	6.3673642820e-02	0.0000000000e+00	-1.0339738790e-01	8.7462358590e-02	-7.7227439887e-02
296	-8.5251362034e-02	-7.6406389951e-03	-7.7610723039e-02	6.3674397173e-02	0.0000000000e+00	-1.0339826882e-01	8.7462605055e-02	-7.7228354815e-02
297	-8.5252488180e-02	-7.6410361997e-03	-7.7611451981e-02	6.3675031660e-02	0.0000000000e+00	-1.0339963468e-01	8.7463019726e-02	-7.7229124361e-02
298	-8.5253990889e-02	-7.6415586939e-03	-7.7612432195e-02	6.3675546670e-02	0.0000000000e+00	-1.0340145726e-01	8.7463591877e-02	-7.7229748997e-02
299	-8.5255845017e-02	-7.6421984335e-03	-7.7613646583e-02	6.3675943680e-02	0.0000000000e+00	-1.0340370606e-01	8.7464310187e-02	-7.7230230517e-02
300	-8.5257947605e-02	-7.6429270018e-03	-7.7615020603e-02	6.3676222690e-02	0.0000000000e+00	-1.0340625621e-01	8.7465117001e-02	-7.7230568917e-02
301	-8.5260341099e-02	-7.6437530481e-03	-7.7616588051e-02	6.3676389670e-02	0.0000000000e+00	-1.0340915920e-01	8.7466043754e-02	-7.7230771441e-02
302	-8.5263024202e-02	-7.6446746023e-03	-7.7618349600e-02	6.3676447168e-02	0.0000000000e+00	-1.0341241343e-01	8.7467093747e-02	-7.7230841178e-02
303	-8.5265967317e-02	-7.6456821887e-03	-7.7620285128e-02	6.3676398545e-02	0.0000000000e+00	-1.0341598303e-01	8.7468253674e-02	-7.7230782205e-02
304	-8.5269145507e-02	-7.6467672456e-03	-7.7622378262e-02	6.3676248176e-02	0.0000000000e+00	-1.0341983774e-01	8.7469513770e-02	-7.7230599828e-02
305	-8.5272534110e-02	-7.6479211765e-03	-7.7624612933e-02	6.3676001102e-02	0.0000000000e+00	-1.0342394765e-01	8.7470864696e-02	-7.7230300161e-02
306	-8.5276109258e-02	-7.6491354998e-03	-7.7626973759e-02	6.3675662548e-02	0.0000000000e+00	-1.0342828382e-01	8.7472297823e-02	-7.7229889541e-02
307	-8.5279847184e-02	-7.6504017025e-03	-7.7629445482e-02	6.3675238217e-02	0.0000000000e+00	-1.0343281742e-01	8.7473804724e-02	-7.7229374886e-02
308	-8.5283724506e-02	-7.6517113502e-03	-7.7632013156e-02	6.3674733943e-02	0.0000000000e+00	-1.0343752008e-01	8.7475377258e-02	-7.7228763271e-02
309	-8.5287716801e-02	-7.6530558199e-03	-7.7634660981e-02	6.3674155882e-02	0.0000000000e+00	-1.0344236219e-01	8.7477006452e-02	-7.7228062161e-02
310	-8.5291800117e-02	-7.6544267439e-03	-7.7637373373e-02	6.3673509988e-02	0.0000000000e+00	-1.0344731469e-01	8.7478683286e-02	-7.7227278780e-02
311	-8.5295948592e-02	-7.6558154003e-03	-7.7640133192e-02	6.3672802555e-02	0.0000000000e+00	-1.0345234623e-01	8.7480397239e-02	-7.7226420760e-02
312	-8.5300136688e-02	-7.6572132773e-03	-7.7642923411e-02	6.3672039805e-02	0.0000000000e+00	-1.0345742582e-01	8.7482137667e-02	-7.7225495649e-02
313	-8.5304338283e-02	-7.6586118314e-03	-7.7645726451e-02	6.3671228198e-02	0.0000000000e+00	-1.0346252178e-01	8.7483893275e-02	-7.7224511281e-02
314	-8.5308529818e-02	-7.6600033234e-03	-7.7648526494e-02	6.3670373932e-02	0.0000000000e+00	-1.0346760554e-01	8.7485653964e-02	-7.7223475171e-02
315	-8.5312680496e-02	-7.6613780732e-03	-7.7651302423e-02	6.3669484360e-02	0.0000000000e+00	-1.0347263974e-01	8.7487405437e-02	-7.7222396242e-02
316	-8.5316769710e-02	-7.6627292878e-03	-7.7654040423e-02	6.3668565719e-02	0.0000000000e+00	-1.0347759940e-01	8.7489138919e-02	-7.7221282056e-02
317	-8.5320772537e-02	-7.6640490941e-03	-7.7656723443e-02	6.3667624838e-02	0.0000000000e+00	-1.0348245428e-01	8.7490842936e-02	-7.7220140897e-02
318	-8.5324666348e-02	-7.6653302852e-03	-7.7659336062e-02	6.3666668336e-02	0.0000000000e+00	-1.0348717694e-01	8.7492507221e-02	-7.7218980790e-02
319	-8.5328429620e-02	-7.6665660619e-03	-7.7661863558e-02	6.3665702787e-02	0.0000000000e+00	-1.0349174128e-01	8.7494121870e-02	-7.7217809711e-02
320	-8.5332042843e-02	-7.6677502421e-03	-7.7664292601e-02	6.3664734459e-02	0.0000000000e+00	-1.0349612363e-01	8.7495677949e-02	-7.7216635261e-02
321	-8.5335487856e-02	-7.6688771141e-03	-7.7666610742e-02	6.3663769536e-02	0.0000000000e+00	-1.0350030196e-01	8.7497167034e-02	-7.7215464941e-02
322	-8.5338748801e-02	-7.6699416649e-03	-7.7668807136e-02	6.3662813857e-02	0.0000000000e+00	-1.0350425704e-01	8.7498581839e-02	-7.7214305832e-02
323	-8.5341811447e-02	-7.6709394320e-03	-7.7670872015e-02	6.3661873093e-02	0.0000000000e+00	-1.0350797161e-01	8.7499915729e-02	-7.7213164814e-02
324	-8.5344664045e-02	-7.6718667087e-03	-7.7672797336e-02	6.3660952476e-02	0.0000000000e+00	-1.0351143142e-01	8.7501163284e-02	-7.7212048232e-02
325	-8.5347296570e-02	-7.6727203676e-03	-7.7674576202e-02	6.3660056999e-02	0.0000000000e+00	-1.0351462432e-01	8.7502319793e-02	-7.7210962141e-02
326	-8.5349701310e-02	-7.6734980016e-03	-7.7676203308e-02	6.3659191163e-02	0.0000000000e+00	-1.0351754094e-01	8.7503381634e-02	-7.7209912000e-02
327	-8.5351849926e-02	-7.6741919767e-03	-7.7677657950e-02	6.3658358966e-02	0.0000000000e+00	-1.0352014692e-01	8.7504332466e-02	-7.7208902658e-02
328	-8.5353724672e-02	-7.6747973773e-03	-7.7678927295e-02	6.3657563438e-02	0.0000000000e+00	-1.0352242073e-01	8.7505162397e-02	-7.7207937791e-02
329	-8.5355356710e-02	-7.6753221251e-03	-7.7680034585e-02	6.3656809659e-02	0.0000000000e+00	-1.0352440017e-01	8.7505890575e-02	-7.7207023560e-02
330	-8.5356747498e-02	-7.6757669223e-03	-7.7680980576e-02	6.3656099768e-02	0.0000000000e+00	-1.0352608700e-01	8.7506517067e-02	-7.7206162559e-02
331	-8.5357897723e-02	-7.6761322615e-03	-7.7681765462e-02	6.3655436263e-02	0.0000000000e+00	-1.0352748207e-01	8.7507041500e-02	-7.7205357818e-02
332	-8.5358810419e-02	-7.6764192879e-03	-7.7682391131e-02	6.3654821244e-02	0.0000000000e+00	-1.0352858904e-01	8.7507464803e-02	-7.7204611883e-02
333	-8.5359489759e-02	-7.6766295227e-03	-7.7682860236e-02	6.3654256545e-02	0.0000000000e+00	-1.0352941299e-01	8.7507788392e-02	-7.7203926981e-02
334	-8.5359941650e-02	-7.6767649653e-03	-7.7683176685e-02	6.3653743568e-02	0.0000000000e+00	-1.0352996107e-01	8.7508014649e-02	-7.7203304810e-02
335	-8.5360173139e-02	-7.6768279665e-03	-7.7683345173e-02	6.3653283453e-02	0.0000000000e+00	-1.0353024184e-01	8.7508146508e-02	-7.7202746753e-02
336	-8.5360192991e-02	-7.6768213799e-03	-7.7683371612e-02	6.3652876811e-02	0.0000000000e+00	-1.0353026592e-01	8.7508187790e-02	-7.7202253552e-02
337	-8.5360010500e-02	-7.6767482913e-03	-7.7683262209e-02	6.3652523933e-02	0.0000000000e+00	-1.0353004458e-01	8.7508142397e-02	-7.7201825559e-02
338	-8.5359636106e-02	-7.6766121704e-03	-7.7683023935e-02	6.3652224554e-02	0.0000000000e+00	-1.0352959049e-01	8.7508014706e-02	-7.7201462453e-02
339	-8.5359080527e-02	-7.6764166521e-03	-7.7682663875e-02	6.3651978105e-02	0.0000000000e+00	-1.0352891665e-01	8.7507809029e-02	-7.7201163545e-02
340	-8.5358355516e-02	-7.6761656950e-03	-7.7682189821e-02	6.3651783561e-02	0.0000000000e+00	-1.0352803731e-01	8.7507530158e-02	-7.7200927588e-02
341	-8.5357473014e-02	-7.6758633554e-03	-7.7681609659e-02	6.3651639707e-02	0.0000000000e+00	-1.0352696695e-01	8.7507182879e-02	-7.7200753114e-02
342	-8.5356445884e-02	-7.6755139474e-03	-7.7680931937e-02	6.3651544969e-02	0.0000000000e+00	-1.0352572119e-01	8.7506772487e-02	-7.7200638209e-02
343	-8.5355287005e-02	-7.6751218047e-03	-7.7680165201e-02	6.3651497660e-02	0.0000000000e+00	-1.0352431562e-01	8.7506304245e-02	-7.7200580829e-02
344	-8.5354010078e-02	-7.6746914741e-03	-7.7679318604e-02	6.3651495760e-02	0.0000000000e+00	-1.0352276689e-01	8.7505783912e-02	-7.7200578526e-02
345	-8.5352628529e-02	-7.6742274335e-03	-7.7678401096e-02	6.3651537200e-02	0.0000000000e+00	-1.0352109126e-01	8.7505217078e-02	-7.7200628787e-02
346	-8.5351156516e-02	-7.6737343399e-03	-7.7677422176e-02	6.3651619577e-02	0.0000000000e+00	-1.0351930590e-01	8.7504609795e-02	-7.7200728699e-02
347	-8.5349607690e-02	-7.6732167163e-03	-7.7676390973e-02	6.3651740468e-02	0.0000000000e+00	-1.0351742739e-01	8.7503967821e-02	-7.7200875322e-02
348	-8.5347996017e-02	-7.6726791416e-03	-7.7675316876e-02	6.3651897202e-02	0.0000000000e+00	-1.0351547265e-01	8.7503297168e-02	-7.7201065420e-02
349	-8.5346334872e-02	-7.6721260290e-03	-7.7674208843e-02	6.3652087100e-02	0.0000000000e+00	-1.0351345791e-01	8.7502603517e-02	-7.7201295741e-02
350	-8.5344637808e-02	-7.6715618052e-03	-7.7673076003e-02	6.3652307277e-02	0.0000000000e+00	-1.0351139960e-01	8.7501892748e-02	-7.7201562785e-02
351	-8.5342917434e-02	-7.6709906256e-03	-7.7671926808e-02	6.3652554907e-02	0.0000000000e+00	-1.0350931302e-01	8.7501170228e-02	-7.7201863126e-02
352	-8.5341186441e-02	-7.6704166273e-03	-7.7670769813e-02	6.3652826994e-02	0.0000000000e+00	-1.0350721356e-01	8.7500441483e-02	-7.7202193130e-02
353	-8.5339456556e-02	-7.6698436617e-03	-7.7669612895e-02	6.3653120636e-02	0.0000000000e+00	-1.0350511545e-01	8.7499711541e-02	-7.7202549279e-02
354	-8.5337738283e-02	-7.6692751958e-03	-7.7668463088e-02	6.3653432937e-02	0.0000000000e+00	-1.0350303142e-01	8.7498984865e-02	-7.7202928057e-02
355	-8.5336044330e-02	-7.6687152673e-03	-7.7667329062e-02	6.3653760795e-02	0.0000000000e+00	-1.0350097688e-01	8.7498267244e-02	-7.7203325703e-02
356	-8.5334382977e-02	-7.6681666656e-03	-7.7666216312e-02	6.3654101491e-02	0.0000000000e+00	-1.0349896189e-01	8.7497562058e-02	-7.7203738921e-02
357	-8.5332763499e-02	-7.6676323998e-03	-7.7665131099e-02	6.3654452256e-02	0.0000000000e+00	-1.0349699768e-01	8.7496873374e-02	-7.7204164351e-02
358	-8.5331194471e-02	-7.6671152389e-03	-7.7664079232e-02	6.3654810326e-02	0.0000000000e+00	-1.0349509467e-01	8.7496204992e-02	-7.7204598642e-02
359	-8.5329683278e-02	-7.6666175900e-03	-7.7663065688e-02	6.3655173146e-02	0.0000000000e+00	-1.0349326180e-01	8.7495560122e-02	-7.7205038693e-02
360	-8.5328236834e-02	-7.6661416741e-03	-7.7662095160e-02	6.3655538177e-02	0.0000000000e+00	-1.0349150746e-01	8.7494941857e-02	-7.7205481426e-02
361	-8.5326860934e-02	-7.6656893721e-03	-7.7661171562e-02	6.3655903090e-02	0.0000000000e+00	-1.0348983868e-01	8.7494352738e-02	-7.7205924015e-02
362	-8.5325561664e-02	-7.6652625901e-03	-7.7660299074e-02	6.3656265497e-02	0.0000000000e+00	-1.0348826284e-01	8.7493795605e-02	-7.7206363566e-02
363	-8.5324341273e-02	-7.6648621546e-03	-7.7659479118e-02	6.3656623581e-02	0.0000000000e+00	-1.0348678267e-01	8.7493271205e-02	-7.7206797873e-02
364	-8.5323204981e-02	-7.6644896360e-03	-7.7658715345e-02	6.3656975153e-02	0.0000000000e+00	-1.0348540451e-01	8.7492782136e-02	-7.7207224281e-02
365	-8.5322155172e-02	-7.6641458201e-03	-7.7658009352e-02	6.3657318467e-02	0.0000000000e+00	-1.0348413123e-01	8.7492329414e-02	-7.7207640674e-02
366	-8.5321194047e-02	-7.6638313854e-03	-7.7657362662e-02	6.3657651817e-02	0.0000000000e+00	-1.0348296552e-01	8.7491914096e-02	-7.7208044983e-02
367	-8.5320322850e-02	-7.6635467252e-03	-7.7656776125e-02	6.3657973726e-02	0.0000000000e+00	-1.0348190887e-01	8.7491536749e-02	-7.7208435414e-02
368	-8.5319542449e-02	-7.6632920860e-03	-7.7656250363e-02	6.3658282780e-02	0.0000000000e+00	-1.0348096235e-01	8.7491197846e-02	-7.7208810254e-02
369	-8.5318852727e-02	-7.6630674221e-03	-7.7655785305e-02	6.3658577819e-02	0.0000000000e+00	-1.0348012582e-01	8.7490897353e-02	-7.7209168097e-02
370	-8.5318253304e-02	-7.6628725753e-03	-7.7655380729e-02	6.3658857740e-02	0.0000000000e+00	-1.0347939880e-01	8.7490635192e-02	-7.7209507603e-02
371	-8.5317742954e-02	-7.6627071397e-03	-7.7655035815e-02	6.3659121670e-02	0.0000000000e+00	-1.0347877981e-01	8.7490410844e-02	-7.7209827714e-02
372	-8.5317320200e-02	-7.6625706031e-03	-7.7654749597e-02	6.3659368806e-02	0.0000000000e+00	-1.0347826707e-01	8.7490223742e-02	-7.7210127456e-02
373	-8.5316982821e-02	-7.6624622373e-03	-7.7654520583e-02	6.3659598567e-02	0.0000000000e+00	-1.0347785788e-01	8.7490072933e-02	-7.7210406125e-02
374	-8.5316728436e-02	-7.6623812367e-03	-7.7654347200e-02	6.3659810435e-02	0.0000000000e+00	-1.0347754934e-01	8.7489957454e-02	-7.7210663092e-02
375	-8.5316554000e-02	-7.6623266035e-03	-7.7654227396e-02	6.3660004107e-02	0.0000000000e+00	-1.0347733777e-01	8.7489875991e-02	-7.7210897990e-02
376	-8.5316456406e-02	-7.6622972950e-03	-7.7654159111e-02	6.3660179331e-02	0.0000000000e+00	-1.0347721941e-01	8.7489827270e-02	-7.7211110512e-02
377	-8.5316431981e-02	-7.6622921071e-03	-7.7654139874e-02	6.3660336054e-02	0.0000000000e+00	-1.0347718978e-01	8.7489809709e-02	-7.7211300596e-02
378	-8.5316477062e-02	-7.6623098130e-03	-7.7654167249e-02	6.3660474270e-02	0.0000000000e+00	-1.0347724446e-01	8.7489821795e-02	-7.7211468233e-02
379	-8.5316587506e-02	-7.6623490529e-03	-7.7654238453e-02	6.3660594157e-02	0.0000000000e+00	-1.0347737841e-01	8.7489861750e-02	-7.7211613639e-02
380	-8.5316759246e-02	-7.6624084665e-03	-7.7654350779e-02	6.3660695924e-02	0.0000000000e+00	-1.0347758671e-01	8.7489927891e-02	-7.7211737069e-02
381	-8.5316987846e-02	-7.6624865951e-03	-7.7654501251e-02	6.3660779947e-02	0.0000000000e+00	-1.0347786397e-01	8.7490018320e-02	-7.7211838977e-02
382	-8.5317268988e-02	-7.6625819950e-03	-7.7654686993e-02	6.3660846619e-02	0.0000000000e+00	-1.0347820496e-01	8.7490131248e-02	-7.7211919842e-02
383	-8.5317598071e-02	-7.6626931523e-03	-7.7654904919e-02	6.3660896486e-02	0.0000000000e+00	-1.0347860409e-01	8.7490264708e-02	-7.7211980323e-02
384	-8.5317970708e-02	-7.6628185987e-03	-7.7655152109e-02	6.3660930094e-02	0.0000000000e+00	-1.0347905605e-01	8.7490416888e-02	-7.7212021086e-02
385	-8.5318382263e-02	-7.6629568078e-03	-7.7655425455e-02	6.3660948125e-02	0.0000000000e+00	-1.0347955521e-01	8.7490585809e-02	-7.7212042954e-02
386	-8.5318828369e-02	-7.6631063190e-03	-7.7655722050e-02	6.3660951244e-02	0.0000000000e+00	-1.0348009627e-01	8.7490769664e-02	-7.7212046738e-02
387	-8.5319304442e-02	-7.6632656253e-03	-7.7656038817e-02	6.3660940240e-02	0.0000000000e+00	-1.0348067369e-01	8.7490966490e-02	-7.7212033391e-02
388	-8.5319806226e-02	-7.6634333037e-03	-7.7656372922e-02	6.3660915873e-02	0.0000000000e+00	-1.0348128228e-01	8.7491174523e-02	-7.7212003837e-02
389	-8.5320329298e-02	-7.6636079025e-03	-7.7656721395e-02	6.3660879007e-02	0.0000000000e+00	-1.0348191670e-01	8.7491391866e-02	-7.7211959124e-02
390	-8.5320869616e-02	-7.6637880716e-03	-7.7657081544e-02	6.3660830462e-02	0.0000000000e+00	-1.0348257203e-01	8.7491616841e-02	-7.7211900245e-02
391	-8.5321423005e-02	-7.6639724425e-03	-7.7657450562e-02	6.3660771151e-02	0.0000000000e+00	-1.0348324321e-01	8.7491847650e-02	-7.7211828309e-02
392	-8.5321985677e-02	-7.6641597523e-03	-7.7657825925e-02	6.3660701933e-02	0.0000000000e+00	-1.0348392566e-01	8.7492082716e-02	-7.7211744357e-02
393	-8.5322553786e-02	-7.6643487417e-03	-7.7658205045e-02	6.3660623741e-02	0.0000000000e+00	-1.0348461470e-01	8.7492320379e-02	-7.7211649521e-02
394	-8.5323123919e-02	-7.6645382724e-03	-7.7658585647e-02	6.3660537437e-02	0.0000000000e+00	-1.0348530619e-01	8.7492559218e-02	-7.7211544846e-02
395	-8.5323692567e-02	-7.6647271989e-03	-7.7658965368e-02	6.3660443958e-02	0.0000000000e+00	-1.0348599588e-01	8.7492797712e-02	-7.7211431469e-02
396	-8.5324256668e-02	-7.6649145016e-03	-7.7659342166e-02	6.3660344163e-02	0.0000000000e+00	-1.0348668006e-01	8.7493034580e-02	-7.7211310431e-02
397	-8.5324813139e-02	-7.6650991758e-03	-7.7659713963e-02	6.3660238963e-02	0.0000000000e+00	-1.0348735498e-01	8.7493268484e-02	-7.7211182837e-02
398	-8.5325359337e-02	-7.6652803398e-03	-7.7660078997e-02	6.3660129186e-02	0.0000000000e+00	-1.0348801745e-01	8.7493498322e-02	-7.7211049693e-02
399	-8.5325892604e-02	-7.6654571287e-03	-7.7660435475e-02	6.3660015713e-02	0.0000000000e+00	-1.0348866423e-01	8.7493722933e-02	-7.7210912066e-02
400	-8.5326410725e-02	-7.6656288028e-03	-7.7660781923e-02	6.3659899327e-02	0.0000000000e+00	-1.0348929264e-01	8.7493941400e-02	-7.7210770905e-02
401	-8.5326911467e-02	-7.6657946379e-03	-7.7661116829e-02	6.3659780850e-02	0.0000000000e+00	-1.0348989997e-01	8.7494152739e-02	-7.7210627209e-02
402	-8.5327393047e-02	-7.6659540358e-03	-7.7661439011e-02	6.3659661016e-02	0.0000000000e+00	-1.0349048406e-01	8.7494356219e-02	-7.7210481867e-02
403	-8.5327853666e-02	-7.6661064154e-03	-7.7661747251e-02	6.3659540587e-02	0.0000000000e+00	-1.0349104273e-01	8.7494551044e-02	-7.7210335803e-02
404	-8.5328291947e-02	-7.6662513132e-03	-7.7662040634e-02	6.3659420230e-02	0.0000000000e+00	-1.0349157430e-01	8.7494736651e-02	-7.7210189826e-02
405	-8.5328706514e-02	-7.6663882864e-03	-7.7662318228e-02	6.3659300634e-02	0.0000000000e+00	-1.0349207712e-01	8.7494912427e-02	-7.7210044772e-02
406	-8.5329096392e-02	-7.6665170044e-03	-7.7662579387e-02	6.3659182395e-02	0.0000000000e+00	-1.0349254998e-01	8.7495077979e-02	-7.7209901365e-02
407	-8.5329460601e-02	-7.6666371554e-03	-7.7662823446e-02	6.3659066125e-02	0.0000000000e+00	-1.0349299172e-01	8.7495232863e-02	-7.7209760345e-02
408	-8.5329798543e-02	-7.6667485336e-03	-7.7663050009e-02	6.3658952340e-02	0.0000000000e+00	-1.0349340160e-01	8.7495376845e-02	-7.7209622340e-02
409	-8.5330109604e-02	-7.6668509485e-03	-7.7663258656e-02	6.3658841571e-02	0.0000000000e+00	-1.0349377887e-01	8.7495509634e-02	-7.7209487992e-02
410	-8.5330393536e-02	-7.6669443107e-03	-7.7663449226e-02	6.3658734253e-02	0.0000000000e+00	-1.0349412324e-01	8.7495631144e-02	-7.7209357830e-02
411	-8.5330650063e-02	-7.6670285414e-03	-7.7663621522e-02	6.3658630833e-02	0.0000000000e+00	-1.0349443438e-01	8.7495741225e-02	-7.7209232396e-02
412	-8.5330879250e-02	-7.6671036564e-03	-7.7663775593e-02	6.3658531663e-02	0.0000000000e+00	-1.0349471235e-01	8.7495839921e-02	-7.7209112115e-02
413	-8.5331081119e-02	-7.6671696763e-03	-7.7663911443e-02	6.3658437106e-02	0.0000000000e+00	-1.0349495719e-01	8.7495927208e-02	-7.7208997431e-02
414	-8.5331256018e-02	-7.6672267110e-03	-7.7664029307e-02	6.3658347432e-02	0.0000000000e+00	-1.0349516932e-01	8.7496003244e-02	-7.7208888668e-02
415	-8.5331404238e-02	-7.6672748709e-03	-7.7664129367e-02	6.3658262921e-02	0.0000000000e+00	-1.0349534909e-01	8.7496068120e-02	-7.7208786168e-02
416	-8.5331526366e-02	-7.6673143468e-03	-7.7664212019e-02	6.3658183763e-02	0.0000000000e+00	-1.0349549721e-01	8.7496122091e-02	-7.7208690161e-02
417	-8.5331622922e-02	-7.6673453249e-03	-7.7664277598e-02	6.3658110161e-02	0.0000000000e+00	-1.0349561432e-01	8.7496165341e-02	-7.7208600892e-02
418	-8.5331694707e-02	-7.6673680666e-03	-7.7664326640e-02	6.3658042228e-02	0.0000000000e+00	-1.0349570139e-01	8.7496198217e-02	-7.7208518498e-02
419	-8.5331742433e-02	-7.6673828235e-03	-7.7664359610e-02	6.3657980092e-02	0.0000000000e+00	-1.0349575927e-01	8.7496220983e-02	-7.7208443135e-02
420	-8.5331767076e-02	-7.6673899149e-03	-7.7664377161e-02	6.3657923795e-02	0.0000000000e+00	-1.0349578916e-01	8.7496234058e-02	-7.7208374855e-02
421	-8.5331769514e-02	-7.6673896461e-03	-7.7664379867e-02	6.3657873395e-02	0.0000000000e+00	-1.0349579212e-01	8.7496237777e-02	-7.7208313727e-02
422	-8.5331750857e-02	-7.6673823828e-03	-7.7664368475e-02	6.3657828870e-02	0.0000000000e+00	-1.0349576949e-01	8.7496232615e-02	-7.7208259723e-02
423	-8.5331712112e-02	-7.6673684718e-03	-7.7664343641e-02	6.3657790212e-02	0.0000000000e+00	-1.0349572250e-01	8.7496218961e-02	-7.7208212837e-02
424	-8.5331654498e-02	-7.6673483145e-03	-7.7664306184e-02	6.3657757340e-02	0.0000000000e+00	-1.0349565262e-01	8.7496197337e-02	-7.7208172968e-02
425	-8.5331579110e-02	-7.6673222873e-03	-7.7664256823e-02	6.3657730191e-02	0.0000000000e+00	-1.0349556118e-01	8.7496168169e-02	-7.7208140040e-02
426	-8.5331487255e-02	-7.6672908197e-03	-7.7664196436e-02	6.3657708629e-02	0.0000000000e+00	-1.0349544978e-01	8.7496132020e-02	-7.7208113888e-02
427	-8.5331380087e-02	-7.6672543070e-03	-7.7664125780e-02	6.3657692541e-02	0.0000000000e+00	-1.0349531979e-01	8.7496089341e-02	-7.7208094376e-02
428	-8.5331258952e-02	-7.6672131919e-03	-7.7664045760e-02	6.3657681747e-02	0.0000000000e+00	-1.0349517287e-01	8.7496040710e-02	-7.7208081283e-02
429	-8.5331125050e-02	-7.6671678845e-03	-7.7663957166e-02	6.3657676088e-02	0.0000000000e+00	-1.0349501047e-01	8.7495986602e-02	-7.7208074420e-02
430	-8.5330979746e-02	-7.6671188325e-03	-7.7663860914e-02	6.3657675344e-02	0.0000000000e+00	-1.0349483424e-01	8.7495927601e-02	-7.7208073518e-02
431	-8.5330824249e-02	-7.6670664481e-03	-7.7663757801e-02	6.3657679322e-02	0.0000000000e+00	-1.0349464564e-01	8.7495864191e-02	-7.7208078343e-02
432	-8.5330659912e-02	-7.6670111759e-03	-7.7663648736e-02	6.3657687769e-02	0.0000000000e+00	-1.0349444632e-01	8.7495796950e-02	-7.7208088588e-02
433	-8.5330487934e-02	-7.6669534238e-03	-7.7663534510e-02	6.3657700462e-02	0.0000000000e+00	-1.0349423774e-01	8.7495726358e-02	-7.7208103983e-02
434	-8.5330309639e-02	-7.6668936256e-03	-7.7663416014e-02	6.3657717125e-02	0.0000000000e+00	-1.0349402149e-01	8.7495652985e-02	-7.7208124192e-02
435	-8.5330126183e-02	-7.6668321745e-03	-7.7663294008e-02	6.3657737511e-02	0.0000000000e+00	-1.0349379898e-01	8.7495577292e-02	-7.7208148918e-02
436	-8.5329938846e-02	-7.6667694896e-03	-7.7663169356e-02	6.3657761327e-02	0.0000000000e+00	-1.0349357177e-01	8.7495499833e-02	-7.7208177803e-02
437	-8.5329748725e-02	-7.6667059438e-03	-7.7663042781e-02	6.3657788311e-02	0.0000000000e+00	-1.0349334118e-01	8.7495421047e-02	-7.7208210531e-02
438	-8.5329557015e-02	-7.6666419281e-03	-7.7662915087e-02	6.3657818160e-02	0.0000000000e+00	-1.0349310866e-01	8.7495341449e-02	-7.7208246733e-02
439	-8.5329364750e-02	-7.6665777929e-03	-7.7662786957e-02	6.3657850603e-02	0.0000000000e+00	-1.0349287547e-01	8.7495261456e-02	-7.7208286083e-02
440	-8.5329173053e-02	-7.6665139043e-03	-7.7662659149e-02	6.3657885331e-02	0.0000000000e+00	-1.0349264296e-01	8.7495181556e-02	-7.7208328203e-02
441	-8.5328982853e-02	-7.6664505777e-03	-7.7662532275e-02	6.3657922074e-02	0.0000000000e+00	-1.0349241228e-01	8.7495102122e-02	-7.7208372768e-02
442	-8.5328795181e-02	-7.6663881482e-03	-7.7662407033e-02	6.3657960522e-02	0.0000000000e+00	-1.0349218466e-01	8.7495023606e-02	-7.7208419400e-02
443	-8.5328610866e-02	-7.6663268973e-03	-7.7662283969e-02	6.3658000411e-02	0.0000000000e+00	-1.0349196111e-01	8.7494946339e-02	-7.7208467779e-02
444	-8.5328430834e-02	-7.6662671236e-03	-7.7662163710e-02	6.3658041438e-02	0.0000000000e+00	-1.0349174275e-01	8.7494870734e-02	-7.7208517539e-02
445	-8.5328255800e-02	-7.6662090707e-03	-7.7662046730e-02	6.3658083347e-02	0.0000000000e+00	-1.0349153046e-01	8.7494797074e-02	-7.7208568370e-02
446	-8.5328086574e-02	-7.6661529979e-03	-7.7661933576e-02	6.3658125849e-02	0.0000000000e+00	-1.0349132521e-01	8.7494725723e-02	-7.7208619919e-02
447	-8.5327923763e-02	-7.6660991119e-03	-7.7661824651e-02	6.3658168701e-02	0.0000000000e+00	-1.0349112775e-01	8.7494656924e-02	-7.7208671892e-02
448	-8.5327768050e-02	-7.6660476302e-03	-7.7661720420e-02	6.3658211630e-02	0.0000000000e+00	-1.0349093889e-01	8.7494590988e-02	-7.7208723960e-02
449	-8.5327619923e-02	-7.6659987179e-03	-7.7661621205e-02	6.3658254414e-02	0.0000000000e+00	-1.0349075923e-01	8.7494528108e-02	-7.7208775850e-02
450	-8.5327479936e-02	-7.6659525502e-03	-7.7661527385e-02	6.3658296800e-02	0.0000000000e+00	-1.0349058944e-01	8.7494468544e-02	-7.7208827259e-02
451	-8.5327348451e-02	-7.6659092505e-03	-7.7661439201e-02	6.3658338588e-02	0.0000000000e+00	-1.0349042997e-01	8.7494412438e-02	-7.7208877942e-02
452	-8.5327225904e-02	-7.6658689526e-03	-7.7661356951e-02	6.3658379550e-02	0.0000000000e+00	-1.0349028134e-01	8.7494359998e-02	-7.7208927623e-02
453	-8.5327112534e-02	-7.6658317393e-03	-7.7661280794e-02	6.3658419509e-02	0.0000000000e+00	-1.0349014383e-01	8.7494311319e-02	-7.7208976089e-02
454	-8.5327008649e-02	-7.6657977023e-03	-7.7661210946e-02	6.3658458267e-02	0.0000000000e+00	-1.0349001784e-01	8.7494266555e-02	-7.7209023097e-02
455	-8.5326914368e-02	-7.6657668836e-03	-7.7661147484e-02	6.3658495674e-02	0.0000000000e+00	-1.0348990349e-01	8.7494225751e-02	-7.7209068465e-02
456	-8.5326829876e-02	-7.6657393342e-03	-7.7661090542e-02	6.3658531558e-02	0.0000000000e+00	-1.0348980101e-01	8.7494189010e-02	-7.7209111988e-02
457	-8.5326755176e-02	-7.6657150570e-03	-7.7661040119e-02	6.3658565799e-02	0.0000000000e+00	-1.0348971041e-01	8.7494156328e-02	-7.7209153518e-02
458	-8.5326690336e-02	-7.6656940644e-03	-7.7660996271e-02	6.3658598257e-02	0.0000000000e+00	-1.0348963177e-01	8.7494127759e-02	-7.7209192885e-02
459	-8.5326635248e-02	-7.6656763227e-03	-7.7660958925e-02	6.3658628841e-02	0.0000000000e+00	-1.0348956495e-01	8.7494103253e-02	-7.7209229980e-02
460	-8.5326589873e-02	-7.6656618089e-03	-7.7660928064e-02	6.3658657441e-02	0.0000000000e+00	-1.0348950992e-01	8.7494082819e-02	-7.7209264668e-02
461	-8.5326554001e-02	-7.6656504554e-03	-7.7660903546e-02	6.3658683996e-02	0.0000000000e+00	-1.0348946641e-01	8.7494066363e-02	-7.7209296875e-02
462	-8.5326527496e-02	-7.6656422067e-03	-7.7660885290e-02	6.3658708427e-02	0.0000000000e+00	-1.0348943426e-01	8.7494053854e-02	-7.7209326507e-02
463	-8.5326510057e-02	-7.6656369655e-03	-7.7660873092e-02	6.3658730702e-02	0.0000000000e+00	-1.0348941311e-01	8.7494045158e-02	-7.7209353522e-02
464	-8.5326501460e-02	-7.6656346478e-03	-7.7660866812e-02	6.3658750769e-02	0.0000000000e+00	-1.0348940269e-01	8.7494040205e-02	-7.7209377862e-02
465	-8.5326501325e-02	-7.6656351304e-03	-7.7660866195e-02	6.3658768627e-02	0.0000000000e+00	-1.0348940252e-01	8.7494038830e-02	-7.7209399520e-02
466	-8.5326509352e-02	-7.6656383047e-03	-7.7660871048e-02	6.3658784251e-02	0.0000000000e+00	-1.0348941226e-01	8.7494040929e-02	-7.7209418470e-02
467	-8.5326525097e-02	-7.6656440257e-03	-7.7660881071e-02	6.3658797665e-02	0.0000000000e+00	-1.0348943135e-01	8.7494046307e-02	-7.7209434740e-02
468	-8.5326548199e-02	-7.6656521659e-03	-7.7660896033e-02	6.3658808872e-02	0.0000000000e+00	-1.0348945937e-01	8.7494054834e-02	-7.7209448332e-02
469	-8.5326578159e-02	-7.6656625626e-03	-7.7660915597e-02	6.3658817918e-02	0.0000000000e+00	-1.0348949571e-01	8.7494066292e-02	-7.7209459304e-02
470	-8.5326614567e-02	-7.6656750724e-03	-7.7660939495e-02	6.3658824830e-02	0.0000000000e+00	-1.0348953987e-01	8.7494080528e-02	-7.7209467687e-02
471	-8.5326656887e-02	-7.6656895208e-03	-7.7660967366e-02	6.3658829676e-02	0.0000000000e+00	-1.0348959120e-01	8.7494097307e-02	-7.7209473565e-02
472	-8.5326704673e-02	-7.6657057533e-03	-7.7660998920e-02	6.3658832504e-02	0.0000000000e+00	-1.0348964916e-01	8.7494116458e-02	-7.7209476994e-02
473	-8.5326757367e-02	-7.6657235884e-03	-7.7661033779e-02	6.3658833399e-02	0.0000000000e+00	-1.0348971307e-01	8.7494137738e-02	-7.7209478080e-02
474	-8.5326814502e-02	-7.6657428649e-03	-7.7661071637e-02	6.3658832427e-02	0.0000000000e+00	-1.0348978236e-01	8.7494160965e-02	-7.7209476902e-02
475	-8.5326875508e-02	-7.6657633982e-03	-7.7661112110e-02	6.3658829690e-02	0.0000000000e+00	-1.0348985636e-01	8.7494185890e-02	-7.7209473582e-02
476	-8.5326939912e-02	-7.6657850256e-03	-7.7661154886e-02	6.3658825268e-02	0.0000000000e+00	-1.0348993447e-01	8.7494212326e-02	-7.7209468218e-02
477	-8.5327007142e-02	-7.6658075625e-03	-7.7661199580e-02	6.3658819273e-02	0.0000000000e+00	-1.0349001601e-01	8.7494240022e-02	-7.7209460948e-02
478	-8.5327076735e-02	-7.6658308494e-03	-7.7661245885e-02	6.3658811798e-02	0.0000000000e+00	-1.0349010042e-01	8.7494268795e-02	-7.7209451881e-02
479	-8.5327148130e-02	-7.6658547063e-03	-7.7661293424e-02	6.3658802964e-02	0.0000000000e+00	-1.0349018701e-01	8.7494298397e-02	-7.7209441167e-02
480	-8.5327220880e-02	-7.6658789795e-03	-7.7661341900e-02	6.3658792871e-02	0.0000000000e+00	-1.0349027524e-01	8.7494328651e-02	-7.7209428926e-02
481	-8.5327294457e-02	-7.6659034997e-03	-7.7661390958e-02	6.3658781646e-02	0.0000000000e+00	-1.0349036448e-01	8.7494359323e-02	-7.7209415311e-02
482	-8.5327368436e-02	-7.6659281212e-03	-7.7661440314e-02	6.3658769392e-02	0.0000000000e+00	-1.0349045421e-01	8.7494390242e-02	-7.7209400449e-02
483	-8.5327442318e-02	-7.6659526848e-03	-7.7661489633e-02	6.3658756241e-02	0.0000000000e+00	-1.0349054382e-01	8.7494421185e-02	-7.7209384498e-02
484	-8.5327515720e-02	-7.6659770596e-03	-7.7661538661e-02	6.3658742296e-02	0.0000000000e+00	-1.0349063285e-01	8.7494452002e-02	-7.7209367585e-02
485	-8.5327588187e-02	-7.6660010999e-03	-7.7661587087e-02	6.3658727689e-02	0.0000000000e+00	-1.0349072074e-01	8.7494482484e-02	-7.7209349868e-02
486	-8.5327659375e-02	-7.6660246889e-03	-7.7661634686e-02	6.3658712521e-02	0.0000000000e+00	-1.0349080708e-01	8.7494512496e-02	-7.7209331472e-02
487	-8.5327728878e-02	-7.6660476975e-03	-7.7661681180e-02	6.3658696920e-02	0.0000000000e+00	-1.0349089138e-01	8.7494541853e-02	-7.7209312550e-02
488	-8.5327796405e-02	-7.6660700263e-03	-7.7661726378e-02	6.3658680985e-02	0.0000000000e+00	-1.0349097328e-01	8.7494570440e-02	-7.7209293223e-02
489	-8.5327861599e-02	-7.6660915629e-03	-7.7661770036e-02	6.3658664837e-02	0.0000000000e+00	-1.0349105235e-01	8.7494598091e-02	-7.7209273637e-02
490	-8.5327924222e-02	-7.6661122256e-03	-7.7661811996e-02	6.3658648568e-02	0.0000000000e+00	-1.0349112830e-01	8.7494624713e-02	-7.7209253905e-02
491	-8.5327983974e-02	-7.6661319210e-03	-7.7661852053e-02	6.3658632292e-02	0.0000000000e+00	-1.0349120077e-01	8.7494650165e-02	-7.7209234165e-02
492	-8.5328040674e-02	-7.6661505862e-03	-7.7661890088e-02	6.3658616094e-02	0.0000000000e+00	-1.0349126954e-01	8.7494674377e-02	-7.7209214519e-02
493	-8.5328094078e-02	-7.6661681465e-03	-7.7661925931e-02	6.3658600077e-02	0.0000000000e+00	-1.0349133431e-01	8.7494697231e-02	-7.7209195093e-02
494	-8.5328143970e-02	-7.6661845315e-03	-7.7661959439e-02	6.3658584332e-02	0.0000000000e+00	-1.0349139483e-01	8.7494718634e-02	-7.7209175996e-02
495	-8.5328190409e-02	-7.6661997556e-03	-7.7661990654e-02	6.3658568911e-02	0.0000000000e+00	-1.0349145115e-01	8.7494738623e-02	-7.7209157292e-02
496	-8.5328233115e-02	-7.6662137340e-03	-7.7662019381e-02	6.3658553908e-02	0.0000000000e+00	-1.0349150295e-01	8.7494757059e-02	-7.7209139096e-02
497	-8.5328272006e-02	-7.6662264424e-03	-7.7662045564e-02	6.3658539402e-02	0.0000000000e+00	-1.0349155012e-01	8.7494773902e-02	-7.7209121502e-02
498	-8.5328307071e-02	-7.6662378743e-03	-7.7662069196e-02	6.3658525441e-02	0.0000000000e+00	-1.0349159265e-01	8.7494789152e-02	-7.7209104569e-02
499	-8.5328338235e-02	-7.6662480111e-03	-7.7662090224e-02	6.3658512094e-02	0.0000000000e+00	-1.0349163044e-01	8.7494802766e-02	-7.7209088382e-02
500	-8.5328365532e-02	-7.6662568608e-03	-7.7662108672e-02	6.3658499401e-02	0.0000000000e+00	-1.0349166355e-01	8.7494814764e-02	-7.7209072987e-02
501	-8.5328388937e-02	-7.6662644206e-03	-7.7662124516e-02	6.3658487418e-02	0.0000000000e+00	-1.0349169194e-01	8.7494825120e-02	-7.7209058453e-02
502	-8.5328408528e-02	-7.6662707140e-03	-7.7662137814e-02	6.3658476171e-02	0.0000000000e+00	-1.0349171570e-01	8.7494833875e-02	-7.7209044811e-02
503	-8.5328424324e-02	-7.6662757525e-03	-7.7662148571e-02	6.3658465704e-02	0.0000000000e+00	-1.0349173486e-01	8.7494841023e-02	-7.7209032116e-02
504	-8.5328436445e-02	-7.6662795733e-03	-7.7662156872e-02	6.3658456031e-02	0.0000000000e+00	-1.0349174956e-01	8.7494846623e-02	-7.7209020385e-02
505	-8.5328444950e-02	-7.6662822006e-03	-7.7662162749e-02	6.3658447185e-02	0.0000000000e+00	-1.0349175987e-01	8.7494850686e-02	-7.7209009655e-02
506	-8.5328449995e-02	-7.6662836834e-03	-7.7662166311e-02	6.3658439167e-02	0.0000000000e+00	-1.0349176599e-01	8.7494853285e-02	-7.7208999930e-02
507	-8.5328451671e-02	-7.6662840570e-03	-7.7662167614e-02	6.3658431997e-02	0.0000000000e+00	-1.0349176803e-01	8.7494854446e-02	-7.7208991234e-02
508	-8.5328450162e-02	-7.6662833791e-03	-7.7662166783e-02	6.3658425668e-02	0.0000000000e+00	-1.0349176620e-01	8.7494854255e-02	-7.7208983558e-02
509	-8.5328445589e-02	-7.6662816945e-03	-7.7662163895e-02	6.3658420188e-02	0.0000000000e+00	-1.0349176065e-01	8.7494852750e-02	-7.7208976911e-02
510	-8.5328438160e-02	-7.6662790688e-03	-7.7662159091e-02	6.3658415539e-02	0.0000000000e+00	-1.0349175164e-01	8.7494850028e-02	-7.7208971273e-02
511	-8.5328428014e-02	-7.6662755527e-03	-7.7662152461e-02	6.3658411720e-02	0.0000000000e+00	-1.0349173933e-01	8.7494846135e-02	-7.7208966641e-02
512	-8.5328415376e-02	-7.6662712177e-03	-7.7662144159e-02	6.3658408705e-02	0.0000000000e+00	-1.0349172401e-01	8.7494841176e-02	-7.7208962984e-02
513	-8.5328400403e-02	-7.6662661195e-03	-7.7662134284e-02	6.3658406483e-02	0.0000000000e+00	-1.0349170585e-01	8.7494835205e-02	-7.7208960289e-02
514	-8.5328383330e-02	-7.6662603328e-03	-7.7662122998e-02	6.3658405020e-02	0.0000000000e+00	-1.0349168514e-01	8.7494828331e-02	-7.7208958516e-02
515	-8.5328364323e-02	-7.6662539164e-03	-7.7662110407e-02	6.3658404300e-02	0.0000000000e+00	-1.0349166208e-01	8.7494820613e-02	-7.7208957641e-02
516	-8.5328343619e-02	-7.6662469457e-03	-7.7662096673e-02	6.3658404280e-02	0.0000000000e+00	-1.0349163697e-01	8.7494812159e-02	-7.7208957618e-02
517	-8.5328321387e-02	-7.6662394804e-03	-7.7662081906e-02	6.3658404939e-02	0.0000000000e+00	-1.0349161001e-01	8.7494803032e-02	-7.7208958417e-02
518	-8.5328297867e-02	-7.6662315965e-03	-7.7662066271e-02	6.3658406231e-02	0.0000000000e+00	-1.0349158148e-01	8.7494793342e-02	-7.7208959983e-02
519	-8.5328273226e-02	-7.6662233526e-03	-7.7662049873e-02	6.3658408127e-02	0.0000000000e+00	-1.0349155160e-01	8.7494783151e-02	-7.7208962283e-02
520	-8.5328247695e-02	-7.6662148222e-03	-7.7662032873e-02	6.3658410578e-02	0.0000000000e+00	-1.0349152063e-01	8.7494772564e-02	-7.7208965256e-02
521	-8.5328221437e-02	-7.6662060620e-03	-7.7662015375e-02	6.3658413553e-02	0.0000000000e+00	-1.0349148878e-01	8.7494761641e-02	-7.7208968864e-02
522	-8.5328194677e-02	-7.6661971431e-03	-7.7661997534e-02	6.3658416999e-02	0.0000000000e+00	-1.0349145633e-01	8.7494750488e-02	-7.7208973044e-02
523	-8.5328167562e-02	-7.6661881178e-03	-7.7661979444e-02	6.3658420885e-02	0.0000000000e+00	-1.0349142344e-01	8.7494739158e-02	-7.7208977757e-02
524	-8.5328140301e-02	-7.6661790514e-03	-7.7661961250e-02	6.3658425156e-02	0.0000000000e+00	-1.0349139038e-01	8.7494727748e-02	-7.7208982938e-02
525	-8.5328113034e-02	-7.6661699932e-03	-7.7661943041e-02	6.3658429779e-02	0.0000000000e+00	-1.0349135731e-01	8.7494716309e-02	-7.7208988544e-02
526	-8.5328085952e-02	-7.6661610032e-03	-7.7661924949e-02	6.3658434701e-02	0.0000000000e+00	-1.0349132446e-01	8.7494704932e-02	-7.7208994514e-02
527	-8.5328059176e-02	-7.6661521239e-03	-7.7661907052e-02	6.3658439886e-02	0.0000000000e+00	-1.0349129198e-01	8.7494693660e-02	-7.7209000803e-02
528	-8.5328032879e-02	-7.6661434095e-03	-7.7661889469e-02	6.3658445285e-02	0.0000000000e+00	-1.0349126009e-01	8.7494682575e-02	-7.7209007350e-02
529	-8.5328007165e-02	-7.6661348970e-03	-7.7661872268e-02	6.3658450862e-02	0.0000000000e+00	-1.0349122890e-01	8.7494671714e-02	-7.7209014116e-02
530	-8.5327982186e-02	-7.6661266331e-03	-7.7661855553e-02	6.3658456570e-02	0.0000000000e+00	-1.0349119860e-01	8.7494661149e-02	-7.7209021038e-02
531	-8.5327958024e-02	-7.6661186478e-03	-7.7661839376e-02	6.3658462377e-02	0.0000000000e+00	-1.0349116930e-01	8.7494650910e-02	-7.7209028081e-02
532	-8.5327934812e-02	-7.6661109817e-03	-7.7661823831e-02	6.3658468235e-02	0.0000000000e+00	-1.0349114115e-01	8.7494641061e-02	-7.7209035186e-02
533	-8.5327912612e-02	-7.6661036575e-03	-7.7661808954e-02	6.3658474116e-02	0.0000000000e+00	-1.0349111422e-01	8.7494631621e-02	-7.7209042319e-02
534	-8.5327891534e-02	-7.6660967085e-03	-7.7661794825e-02	6.3658479977e-02	0.0000000000e+00	-1.0349108866e-01	8.7494622646e-02	-7.7209049428e-02
535	-8.5327871619e-02	-7.6660901507e-03	-7.7661781468e-02	6.3658485793e-02	0.0000000000e+00	-1.0349106450e-01	8.7494614147e-02	-7.7209056482e-02
536	-8.5327852956e-02	-7.6660840103e-03	-7.7661768945e-02	6.3658491524e-02	0.0000000000e+00	-1.0349104187e-01	8.7494606169e-02	-7.7209063433e-02
537	-8.5327835565e-02	-7.6660782965e-03	-7.7661757269e-02	6.3658497149e-02	0.0000000000e+00	-1.0349102077e-01	8.7494598715e-02	-7.7209070255e-02
538	-8.5327819516e-02	-7.6660730287e-03	-7.7661746487e-02	6.3658502632e-02	0.0000000000e+00	-1.0349100131e-01	8.7494591823e-02	-7.7209076905e-02
539	-8.5327804808e-02	-7.6660682095e-03	-7.7661736599e-02	6.3658507956e-02	0.0000000000e+00	-1.0349098347e-01	8.7494585487e-02	-7.7209083363e-02
540	-8.5327791492e-02	-7.6660638520e-03	-7.7661727640e-02	6.3658513090e-02	0.0000000000e+00	-1.0349096732e-01	8.7494579735e-02	-7.7209089590e-02
541	-8.5327779549e-02	-7.6660599528e-03	-7.7661719596e-02	6.3658518022e-02	0.0000000000e+00	-1.0349095283e-01	8.7494574554e-02	-7.7209095571e-02
542	-8.5327769084e-02	-7.6660565403e-03	-7.7661712544e-02	6.3658522709e-02	0.0000000000e+00	-1.0349094014e-01	8.7494570004e-02	-7.7209101255e-02
543	-8.5327759863e-02	-7.6660535483e-03	-7.7661706315e-02	6.3658527180e-02	0.0000000000e+00	-1.0349092896e-01	8.7494565959e-02	-7.7209106679e-02
544	-8.5327752071e-02	-7.6660510262e-03	-7.7661701045e-02	6.3658531387e-02	0.0000000000e+00	-1.0349091951e-01	8.7494562524e-02	-7.7209111781e-02
545	-8.5327745623e-02	-7.6660489507e-03	-7.7661696672e-02	6.3658535327e-02	0.0000000000e+00	-1.0349091169e-01	8.7494559652e-02	-7.7209116559e-02
546	-8.5327740511e-02	-7.6660473167e-03	-7.7661693195e-02	6.3658538984e-02	0.0000000000e+00	-1.0349090549e-01	8.7494557347e-02	-7.7209120995e-02
547	-8.5327736674e-02	-7.6660461059e-03	-7.7661690568e-02	6.3658542359e-02	0.0000000000e+00	-1.0349090083e-01	8.7494555578e-02	-7.7209125089e-02
548	-8.5327734097e-02	-7.6660453108e-03	-7.7661688786e-02	6.3658545439e-02	0.0000000000e+00	-1.0349089771e-01	8.7494554344e-02	-7.7209128824e-02
549	-8.5327732710e-02	-7.6660449102e-03	-7.7661687799e-02	6.3658548226e-02	0.0000000000e+00	-1.0349089602e-01	8.7494553612e-02	-7.7209132205e-02
550	-8.5327732488e-02	-7.6660448933e-03	-7.7661687595e-02	6.3658550713e-02	0.0000000000e+00	-1.0349089575e-01	8.7494553377e-02	-7.7209135221e-02
551	-8.5327733351e-02	-7.6660452356e-03	-7.7661688115e-02	6.3658552906e-02	0.0000000000e+00	-1.0349089680e-01	8.7494553599e-02	-7.7209137881e-02
552	-8.5327735266e-02	-7.6660459239e-03	-7.7661689343e-02	6.3658554799e-02	0.0000000000e+00	-1.0349089912e-01	8.7494554273e-02	-7.7209140177e-02
553	-8.5327738148e-02	-7.6660469317e-03	-7.7661691216e-02	6.3658556403e-02	0.0000000000e+00	-1.0349090262e-01	8.7494555356e-02	-7.7209142122e-02
554	-8.5327741959e-02	-7.6660482440e-03	-7.7661693715e-02	6.3658557716e-02	0.0000000000e+00	-1.0349090724e-01	8.7494556839e-02	-7.7209143714e-02
555	-8.5327746605e-02	-7.6660498323e-03	-7.7661696773e-02	6.3658558750e-02	0.0000000000e+00	-1.0349091288e-01	8.7494558676e-02	-7.7209144968e-02
556	-8.5327752046e-02	-7.6660516803e-03	-7.7661700366e-02	6.3658559506e-02	0.0000000000e+00	-1.0349091948e-01	8.7494560857e-02	-7.7209145885e-02
557	-8.5327758188e-02	-7.6660537593e-03	-7.7661704429e-02	6.3658560000e-02	0.0000000000e+00	-1.0349092693e-01	8.7494563337e-02	-7.7209146484e-02
558	-8.5327764985e-02	-7.6660560515e-03	-7.7661708933e-02	6.3658560234e-02	0.0000000000e+00	-1.0349093517e-01	8.7494566102e-02	-7.7209146769e-02
559	-8.5327772345e-02	-7.6660585288e-03	-7.7661713816e-02	6.3658560227e-02	0.0000000000e+00	-1.0349094410e-01	8.7494569109e-02	-7.7209146760e-02
560	-8.5327780222e-02	-7.6660611734e-03	-7.7661719048e-02	6.3658559983e-02	0.0000000000e+00	-1.0349095365e-01	8.7494572343e-02	-7.7209146464e-02
561	-8.5327788521e-02	-7.6660639566e-03	-7.7661724565e-02	6.3658559521e-02	0.0000000000e+00	-1.0349096372e-01	8.7494575760e-02	-7.7209145904e-02
562	-8.5327797201e-02	-7.6660668615e-03	-7.7661730339e-02	6.3658558848e-02	0.0000000000e+00	-1.0349097424e-01	8.7494579347e-02	-7.7209145087e-02
563	-8.5327806169e-02	-7.6660698605e-03	-7.7661736309e-02	6.3658557983e-02	0.0000000000e+00	-1.0349098512e-01	8.7494583060e-02	-7.7209144038e-02
564	-8.5327815384e-02	-7.6660729372e-03	-7.7661742447e-02	6.3658556935e-02	0.0000000000e+00	-1.0349099630e-01	8.7494586887e-02	-7.7209142767e-02
565	-8.5327824759e-02	-7.6660760649e-03	-7.7661748694e-02	6.3658555725e-02	0.0000000000e+00	-1.0349100767e-01	8.7494590786e-02	-7.7209141299e-02
566	-8.5327834255e-02	-7.6660792290e-03	-7.7661755026e-02	6.3658554360e-02	0.0000000000e+00	-1.0349101918e-01	8.7494594746e-02	-7.7209139643e-02
567	-8.5327843791e-02	-7.6660824047e-03	-7.7661761386e-02	6.3658552861e-02	0.0000000000e+00	-1.0349103075e-01	8.7494598727e-02	-7.7209137826e-02
568	-8.5327853333e-02	-7.6660855781e-03	-7.7661767754e-02	6.3658551238e-02	0.0000000000e+00	-1.0349104232e-01	8.7494602720e-02	-7.7209135858e-02
569	-8.5327862804e-02	-7.6660887266e-03	-7.7661774077e-02	6.3658549512e-02	0.0000000000e+00	-1.0349105381e-01	8.7494606688e-02	-7.7209133765e-02
570	-8.5327872175e-02	-7.6660918385e-03	-7.7661780337e-02	6.3658547691e-02	0.0000000000e+00	-1.0349106518e-01	8.7494610623e-02	-7.7209131556e-02
571	-8.5327881378e-02	-7.6660948927e-03	-7.7661786485e-02	6.3658545796e-02	0.0000000000e+00	-1.0349107634e-01	8.7494614491e-02	-7.7209129257e-02
572	-8.5327890389e-02	-7.6660978797e-03	-7.7661792509e-02	6.3658543836e-02	0.0000000000e+00	-1.0349108727e-01	8.7494618287e-02	-7.7209126879e-02
573	-8.5327899143e-02	-7.6661007806e-03	-7.7661798363e-02	6.3658541829e-02	0.0000000000e+00	-1.0349109788e-01	8.7494621978e-02	-7.7209124446e-02
574	-8.5327907626e-02	-7.6661035882e-03	-7.7661804038e-02	6.3658539785e-02	0.0000000000e+00	-1.0349110817e-01	8.7494625563e-02	-7.7209121966e-02
575	-8.5327915782e-02	-7.6661062861e-03	-7.7661809496e-02	6.3658537721e-02	0.0000000000e+00	-1.0349111807e-01	8.7494629013e-02	-7.7209119464e-02
576	-8.5327923600e-02	-7.6661088688e-03	-7.7661814731e-02	6.3658535646e-02	0.0000000000e+00	-1.0349112755e-01	8.7494632328e-02	-7.7209116947e-02
577	-8.5327931031e-02	-7.6661113225e-03	-7.7661819708e-02	6.3658533577e-02	0.0000000000e+00	-1.0349113656e-01	8.7494635482e-02	-7.7209114437e-02
578	-8.5327938071e-02	-7.6661136439e-03	-7.7661824427e-02	6.3658531519e-02	0.0000000000e+00	-1.0349114510e-01	8.7494638479e-02	-7.7209111942e-02
579	-8.5327944680e-02	-7.6661158217e-03	-7.7661828859e-02	6.3658529491e-02	0.0000000000e+00	-1.0349115312e-01	8.7494641296e-02	-7.7209109481e-02
580	-8.5327950822e-02	-7.6661178444e-03	-7.7661832978e-02	6.3658527500e-02	0.0000000000e+00	-1.0349116056e-01	8.7494643917e-02	-7.7209107066e-02
581	-8.5327956561e-02	-7.6661197289e-03	-7.7661836832e-02	6.3658525550e-02	0.0000000000e+00	-1.0349116752e-01	8.7494646378e-02	-7.7209104701e-02
582	-8.5327961826e-02	-7.6661214559e-03	-7.7661840370e-02	6.3658523653e-02	0.0000000000e+00	-1.0349117391e-01	8.7494648643e-02	-7.7209102401e-02
583	-8.5327966605e-02	-7.6661230217e-03	-7.7661843583e-02	6.3658521823e-02	0.0000000000e+00	-1.0349117971e-01	8.7494650702e-02	-7.7209100181e-02
584	-8.5327970914e-02	-7.6661244300e-03	-7.7661846484e-02	6.3658520061e-02	0.0000000000e+00	-1.0349118493e-01	8.7494652567e-02	-7.7209098044e-02
585	-8.5327974733e-02	-7.6661256762e-03	-7.7661849057e-02	6.3658518378e-02	0.0000000000e+00	-1.0349118957e-01	8.7494654226e-02	-7.7209096003e-02
586	-8.5327978082e-02	-7.6661267649e-03	-7.7661851317e-02	6.3658516775e-02	0.0000000000e+00	-1.0349119363e-01	8.7494655691e-02	-7.7209094059e-02
587	-8.5327980946e-02	-7.6661276932e-03	-7.7661853253e-02	6.3658515264e-02	0.0000000000e+00	-1.0349119710e-01	8.7494656950e-02	-7.7209092226e-02
588	-8.5327983349e-02	-7.6661284673e-03	-7.7661854882e-02	6.3658513842e-02	0.0000000000e+00	-1.0349120001e-01	8.7494658018e-02	-7.7209090502e-02
589	-8.5327985280e-02	-7.6661290858e-03	-7.7661856194e-02	6.3658512520e-02	0.0000000000e+00	-1.0349120236e-01	8.7494658886e-02	-7.7209088898e-02
590	-8.5327986769e-02	-7.6661295565e-03	-7.7661857212e-02	6.3658511295e-02	0.0000000000e+00	-1.0349120416e-01	8.7494659570e-02	-7.7209087412e-02
591	-8.5327987809e-02	-7.6661298796e-03	-7.7661857930e-02	6.3658510174e-02	0.0000000000e+00	-1.0349120542e-01	8.7494660063e-02	-7.7209086052e-02
592	-8.5327988433e-02	-7.6661300640e-03	-7.7661858369e-02	6.3658509154e-02	0.0000000000e+00	-1.0349120618e-01	8.7494660382e-02	-7.7209084815e-02
593	-8.5327988639e-02	-7.6661301109e-03	-7.7661858529e-02	6.3658508241e-02	0.0000000000e+00	-1.0349120643e-01	8.7494660522e-02	-7.7209083709e-02
594	-8.5327988463e-02	-7.6661300304e-03	-7.7661858432e-02	6.3658507431e-02	0.0000000000e+00	-1.0349120622e-01	8.7494660502e-02	-7.7209082726e-02
595	-8.5327987905e-02	-7.6661298250e-03	-7.7661858080e-02	6.3658506729e-02	0.0000000000e+00	-1.0349120554e-01	8.7494660319e-02	-7.7209081874e-02
596	-8.5327987002e-02	-7.6661295050e-03	-7.7661857497e-02	6.3658506128e-02	0.0000000000e+00	-1.0349120445e-01	8.7494659990e-02	-7.7209081145e-02
597	-8.5327985760e-02	-7.6661290740e-03	-7.7661856686e-02	6.3658505632e-02	0.0000000000e+00	-1.0349120294e-01	8.7494659515e-02	-7.7209080543e-02
598	-8.5327984217e-02	-7.6661285430e-03	-7.7661855674e-02	6.3658505234e-02	0.0000000000e+00	-1.0349120107e-01	8.7494658913e-02	-7.7209080061e-02
599	-8.5327982379e-02	-7.6661279162e-03	-7.7661854463e-02	6.3658504938e-02	0.0000000000e+00	-1.0349119884e-01	8.7494658183e-02	-7.7209079702e-02
600	-8.5327980286e-02	-7.6661272048e-03	-7.7661853081e-02	6.3658504735e-02	0.0000000000e+00	-1.0349119630e-01	8.7494657346e-02	-7.7209079455e-02
601	-8.5327977947e-02	-7.6661264137e-03	-7.7661851534e-02	6.3658504626e-02	0.0000000000e+00	-1.0349119346e-01	8.7494656400e-02	-7.7209079323e-02
