# Time           	e423_0           
1	1.7041655612e+00	
2	1.4972022141e-01	
3	6.7385800263e-03	
4	6.5207905099e-03	
5	1.8639910392e-02	
6	2.2398003306e-02	
7	2.6327723316e-02	
8	3.2776917923e-02	
9	3.9807535484e-02	
10	4.5064914079e-02	
11	4.9334121342e-02	
12	5.2644625198e-02	
13	5.5119747128e-02	
14	5.8088931317e-02	
15	6.0678163567e-02	
16	6.2249236680e-02	
17	6.5226152745e-02	
18	6.7546811071e-02	
19	7.1350833298e-02	
20	7.6396842671e-02	
21	8.1859512716e-02	
22	8.7788664544e-02	
23	9.2587409959e-02	
24	9.7040915936e-02	
25	1.0094564808e-01	
26	1.0414572786e-01	
27	1.0704704119e-01	
28	1.0879494599e-01	
29	1.1034058258e-01	
30	1.1123048649e-01	
31	1.1167368352e-01	
32	1.1090795770e-01	
33	1.0969736544e-01	
34	1.0742055458e-01	
35	1.0409640283e-01	
36	1.0111138163e-01	
37	9.6335331835e-02	
38	9.0281786723e-02	
39	8.4623259958e-02	
40	7.7958901711e-02	
41	6.9985207951e-02	
42	6.2017961030e-02	
43	5.4015642760e-02	
44	4.4832455867e-02	
45	3.4386749356e-02	
46	2.4487611760e-02	
47	1.4173512568e-02	
48	2.6651177524e-03	
49	-9.5775010298e-03	
50	-2.1958342823e-02	
51	-3.2022110341e-02	
52	-3.9032292566e-02	
53	-4.5048091947e-02	
54	-5.1692783148e-02	
55	-5.7900344729e-02	
56	-6.4531563925e-02	
57	-7.1102558027e-02	
58	-7.6813076253e-02	
59	-8.1797914979e-02	
60	-8.5195525467e-02	
61	-8.8117689611e-02	
62	-9.0463374378e-02	
63	-9.1890779472e-02	
64	-9.2909542102e-02	
65	-9.3853549023e-02	
66	-9.5005924159e-02	
67	-9.5669169504e-02	
68	-9.6497231480e-02	
69	-9.6936154803e-02	
70	-9.7073756980e-02	
71	-9.7212555452e-02	
72	-9.7111172605e-02	
73	-9.6625847574e-02	
74	-9.5995856541e-02	
75	-9.5326167979e-02	
76	-9.4541151000e-02	
77	-9.3698433893e-02	
78	-9.2852141588e-02	
79	-9.2091038702e-02	
80	-9.1374946869e-02	
81	-9.0711505904e-02	
82	-9.0068920318e-02	
83	-8.9478066352e-02	
84	-8.8925867754e-02	
85	-8.8414439846e-02	
86	-8.7944194194e-02	
87	-8.7502494985e-02	
88	-8.7086475786e-02	
89	-8.6712329452e-02	
90	-8.6393037236e-02	
91	-8.6113032755e-02	
92	-8.5853515214e-02	
93	-8.5621994587e-02	
94	-8.5382134450e-02	
95	-8.5150587301e-02	
96	-8.4935911195e-02	
97	-8.4742281666e-02	
98	-8.4573376680e-02	
99	-8.4432261958e-02	
100	-8.4324607998e-02	
101	-8.4228860617e-02	
102	-8.4158313244e-02	
103	-8.4103834210e-02	
104	-8.4076251453e-02	
105	-8.4074096236e-02	
106	-8.4113972261e-02	
107	-8.4173400954e-02	
108	-8.4256976976e-02	
109	-8.4301151314e-02	
110	-8.4346718548e-02	
111	-8.4365260337e-02	
112	-8.4355567970e-02	
113	-8.4317011023e-02	
114	-8.4249420972e-02	
115	-8.4153985953e-02	
116	-8.4035930501e-02	
117	-8.3898816039e-02	
118	-8.3746114460e-02	
119	-8.3581501284e-02	
120	-8.3408474218e-02	
121	-8.3230421131e-02	
122	-8.3051045041e-02	
123	-8.2873756942e-02	
124	-8.2701183150e-02	
125	-8.2535458874e-02	
126	-8.2380712794e-02	
127	-8.2239803771e-02	
128	-8.2129732322e-02	
129	-8.2037145245e-02	
130	-8.1966055905e-02	
131	-8.1915051610e-02	
132	-8.1886084812e-02	
133	-8.1885556178e-02	
134	-8.1907082942e-02	
135	-8.1964817305e-02	
136	-8.2049357845e-02	
137	-8.2162554225e-02	
138	-8.2305484927e-02	
139	-8.2479684119e-02	
140	-8.2684089586e-02	
141	-8.2905756447e-02	
142	-8.3144866926e-02	
143	-8.3401758138e-02	
144	-8.3670902646e-02	
145	-8.3951214453e-02	
146	-8.4231054208e-02	
147	-8.4515477739e-02	
148	-8.4801553868e-02	
149	-8.5083086847e-02	
150	-8.5352644197e-02	
151	-8.5607087424e-02	
152	-8.5844885171e-02	
153	-8.6066037643e-02	
154	-8.6268353219e-02	
155	-8.6442979911e-02	
156	-8.6593387651e-02	
157	-8.6711610602e-02	
158	-8.6825919664e-02	
159	-8.6938373464e-02	
160	-8.7034090831e-02	
161	-8.7113144278e-02	
162	-8.7176551989e-02	
163	-8.7223428676e-02	
164	-8.7256212475e-02	
165	-8.7280265371e-02	
166	-8.7303146392e-02	
167	-8.7306118510e-02	
168	-8.7293950121e-02	
169	-8.7269710026e-02	
170	-8.7235156752e-02	
171	-8.7195491759e-02	
172	-8.7144532868e-02	
173	-8.7083920814e-02	
174	-8.7014826445e-02	
175	-8.6937456799e-02	
176	-8.6852767716e-02	
177	-8.6761775226e-02	
178	-8.6665423593e-02	
179	-8.6562678306e-02	
180	-8.6452469766e-02	
181	-8.6335935304e-02	
182	-8.6216594868e-02	
183	-8.6095707502e-02	
184	-8.5974495479e-02	
185	-8.5854805603e-02	
186	-8.5739091566e-02	
187	-8.5627956921e-02	
188	-8.5522278526e-02	
189	-8.5420034137e-02	
190	-8.5321423355e-02	
191	-8.5228714264e-02	
192	-8.5141091837e-02	
193	-8.5059826218e-02	
194	-8.4986078064e-02	
195	-8.4919551598e-02	
196	-8.4859370811e-02	
197	-8.4805785013e-02	
198	-8.4758595222e-02	
199	-8.4717650276e-02	
200	-8.4682929480e-02	
201	-8.4654384989e-02	
202	-8.4632333881e-02	
203	-8.4616800423e-02	
204	-8.4607455728e-02	
205	-8.4605672785e-02	
206	-8.4610958360e-02	
207	-8.4625179354e-02	
208	-8.4647489266e-02	
209	-8.4670498197e-02	
210	-8.4695251420e-02	
211	-8.4721721644e-02	
212	-8.4749847554e-02	
213	-8.4779446834e-02	
214	-8.4810483728e-02	
215	-8.4842890040e-02	
216	-8.4876583695e-02	
217	-8.4911444959e-02	
218	-8.4947375442e-02	
219	-8.4984160451e-02	
220	-8.5021537520e-02	
221	-8.5059203571e-02	
222	-8.5096269620e-02	
223	-8.5132565049e-02	
224	-8.5168428527e-02	
225	-8.5203225266e-02	
226	-8.5236354258e-02	
227	-8.5268008384e-02	
228	-8.5297937413e-02	
229	-8.5325993403e-02	
230	-8.5352075377e-02	
231	-8.5376124842e-02	
232	-8.5398193775e-02	
233	-8.5418285456e-02	
234	-8.5436461293e-02	
235	-8.5452797086e-02	
236	-8.5467371429e-02	
237	-8.5480256290e-02	
238	-8.5493686743e-02	
239	-8.5505308587e-02	
240	-8.5515436185e-02	
241	-8.5524068182e-02	
242	-8.5531275831e-02	
243	-8.5537100874e-02	
244	-8.5541582875e-02	
245	-8.5544763578e-02	
246	-8.5546684640e-02	
247	-8.5547392794e-02	
248	-8.5546689617e-02	
249	-8.5544796629e-02	
250	-8.5541887018e-02	
251	-8.5538025383e-02	
252	-8.5533277353e-02	
253	-8.5527714677e-02	
254	-8.5521314685e-02	
255	-8.5514377576e-02	
256	-8.5507002901e-02	
257	-8.5499184908e-02	
258	-8.5490898820e-02	
259	-8.5482156521e-02	
260	-8.5473069019e-02	
261	-8.5463698578e-02	
262	-8.5454123641e-02	
263	-8.5444405352e-02	
264	-8.5434604676e-02	
265	-8.5424768605e-02	
266	-8.5414944773e-02	
267	-8.5405187524e-02	
268	-8.5395518566e-02	
269	-8.5385954727e-02	
270	-8.5376525537e-02	
271	-8.5367261178e-02	
272	-8.5358188279e-02	
273	-8.5349332612e-02	
274	-8.5340720049e-02	
275	-8.5332374728e-02	
276	-8.5324321949e-02	
277	-8.5316583552e-02	
278	-8.5309176840e-02	
279	-8.5302133271e-02	
280	-8.5295460822e-02	
281	-8.5289177709e-02	
282	-8.5283410087e-02	
283	-8.5278194438e-02	
284	-8.5273359251e-02	
285	-8.5268928891e-02	
286	-8.5264932033e-02	
287	-8.5261397869e-02	
288	-8.5258345466e-02	
289	-8.5255781705e-02	
290	-8.5253715322e-02	
291	-8.5252148081e-02	
292	-8.5251071019e-02	
293	-8.5250470574e-02	
294	-8.5250331777e-02	
295	-8.5250635720e-02	
296	-8.5251362034e-02	
297	-8.5252488180e-02	
298	-8.5253990889e-02	
299	-8.5255845017e-02	
300	-8.5257947605e-02	
301	-8.5260341099e-02	
302	-8.5263024202e-02	
303	-8.5265967317e-02	
304	-8.5269145507e-02	
305	-8.5272534110e-02	
306	-8.5276109258e-02	
307	-8.5279847184e-02	
308	-8.5283724506e-02	
309	-8.5287716801e-02	
310	-8.5291800117e-02	
311	-8.5295948592e-02	
312	-8.5300136688e-02	
313	-8.5304338283e-02	
314	-8.5308529818e-02	
315	-8.5312680496e-02	
316	-8.5316769710e-02	
317	-8.5320772537e-02	
318	-8.5324666348e-02	
319	-8.5328429620e-02	
320	-8.5332042843e-02	
321	-8.5335487856e-02	
322	-8.5338748801e-02	
323	-8.5341811447e-02	
324	-8.5344664045e-02	
325	-8.5347296570e-02	
326	-8.5349701310e-02	
327	-8.5351849926e-02	
328	-8.5353724672e-02	
329	-8.5355356710e-02	
330	-8.5356747498e-02	
331	-8.5357897723e-02	
332	-8.5358810419e-02	
333	-8.5359489759e-02	
334	-8.5359941650e-02	
335	-8.5360173139e-02	
336	-8.5360192991e-02	
337	-8.5360010500e-02	
338	-8.5359636106e-02	
339	-8.5359080527e-02	
340	-8.5358355516e-02	
341	-8.5357473014e-02	
342	-8.5356445884e-02	
343	-8.5355287005e-02	
344	-8.5354010078e-02	
345	-8.5352628529e-02	
346	-8.5351156516e-02	
347	-8.5349607690e-02	
348	-8.5347996017e-02	
349	-8.5346334872e-02	
350	-8.5344637808e-02	
351	-8.5342917434e-02	
352	-8.5341186441e-02	
353	-8.5339456556e-02	
354	-8.5337738283e-02	
355	-8.5336044330e-02	
356	-8.5334382977e-02	
357	-8.5332763499e-02	
358	-8.5331194471e-02	
359	-8.5329683278e-02	
360	-8.5328236834e-02	
361	-8.5326860934e-02	
362	-8.5325561664e-02	
363	-8.5324341273e-02	
364	-8.5323204981e-02	
365	-8.5322155172e-02	
366	-8.5321194047e-02	
367	-8.5320322850e-02	
368	-8.5319542449e-02	
369	-8.5318852727e-02	
370	-8.5318253304e-02	
371	-8.5317742954e-02	
372	-8.5317320200e-02	
373	-8.5316982821e-02	
374	-8.5316728436e-02	
375	-8.5316554000e-02	
376	-8.5316456406e-02	
377	-8.5316431981e-02	
378	-8.5316477062e-02	
379	-8.5316587506e-02	
380	-8.5316759246e-02	
381	-8.5316987846e-02	
382	-8.5317268988e-02	
383	-8.5317598071e-02	
384	-8.5317970708e-02	
385	-8.5318382263e-02	
386	-8.5318828369e-02	
387	-8.5319304442e-02	
388	-8.5319806226e-02	
389	-8.5320329298e-02	
390	-8.5320869616e-02	
391	-8.5321423005e-02	
392	-8.5321985677e-02	
393	-8.5322553786e-02	
394	-8.5323123919e-02	
395	-8.5323692567e-02	
396	-8.5324256668e-02	
397	-8.5324813139e-02	
398	-8.5325359337e-02	
399	-8.5325892604e-02	
400	-8.5326410725e-02	
401	-8.5326911467e-02	
402	-8.5327393047e-02	
403	-8.5327853666e-02	
404	-8.5328291947e-02	
405	-8.5328706514e-02	
406	-8.5329096392e-02	
407	-8.5329460601e-02	
408	-8.5329798543e-02	
409	-8.5330109604e-02	
410	-8.5330393536e-02	
411	-8.5330650063e-02	
412	-8.5330879250e-02	
413	-8.5331081119e-02	
414	-8.5331256018e-02	
415	-8.5331404238e-02	
416	-8.5331526366e-02	
417	-8.5331622922e-02	
418	-8.5331694707e-02	
419	-8.5331742433e-02	
420	-8.5331767076e-02	
421	-8.5331769514e-02	
422	-8.5331750857e-02	
423	-8.5331712112e-02	
424	-8.5331654498e-02	
425	-8.5331579110e-02	
426	-8.5331487255e-02	
427	-8.5331380087e-02	
428	-8.5331258952e-02	
429	-8.5331125050e-02	
430	-8.5330979746e-02	
431	-8.5330824249e-02	
432	-8.5330659912e-02	
433	-8.5330487934e-02	
434	-8.5330309639e-02	
435	-8.5330126183e-02	
436	-8.5329938846e-02	
437	-8.5329748725e-02	
438	-8.5329557015e-02	
439	-8.5329364750e-02	
440	-8.5329173053e-02	
441	-8.5328982853e-02	
442	-8.5328795181e-02	
443	-8.5328610866e-02	
444	-8.5328430834e-02	
445	-8.5328255800e-02	
446	-8.5328086574e-02	
447	-8.5327923763e-02	
448	-8.5327768050e-02	
449	-8.5327619923e-02	
450	-8.5327479936e-02	
451	-8.5327348451e-02	
452	-8.5327225904e-02	
453	-8.5327112534e-02	
454	-8.5327008649e-02	
455	-8.5326914368e-02	
456	-8.5326829876e-02	
457	-8.5326755176e-02	
458	-8.5326690336e-02	
459	-8.5326635248e-02	
460	-8.5326589873e-02	
461	-8.5326554001e-02	
462	-8.5326527496e-02	
463	-8.5326510057e-02	
464	-8.5326501460e-02	
465	-8.5326501325e-02	
466	-8.5326509352e-02	
467	-8.5326525097e-02	
468	-8.5326548199e-02	
469	-8.5326578159e-02	
470	-8.5326614567e-02	
471	-8.5326656887e-02	
472	-8.5326704673e-02	
473	-8.5326757367e-02	
474	-8.5326814502e-02	
475	-8.5326875508e-02	
476	-8.5326939912e-02	
477	-8.5327007142e-02	
478	-8.5327076735e-02	
479	-8.5327148130e-02	
480	-8.5327220880e-02	
481	-8.5327294457e-02	
482	-8.5327368436e-02	
483	-8.5327442318e-02	
484	-8.5327515720e-02	
485	-8.5327588187e-02	
486	-8.5327659375e-02	
487	-8.5327728878e-02	
488	-8.5327796405e-02	
489	-8.5327861599e-02	
490	-8.5327924222e-02	
491	-8.5327983974e-02	
492	-8.5328040674e-02	
493	-8.5328094078e-02	
494	-8.5328143970e-02	
495	-8.5328190409e-02	
496	-8.5328233115e-02	
497	-8.5328272006e-02	
498	-8.5328307071e-02	
499	-8.5328338235e-02	
500	-8.5328365532e-02	
501	-8.5328388937e-02	
502	-8.5328408528e-02	
503	-8.5328424324e-02	
504	-8.5328436445e-02	
505	-8.5328444950e-02	
506	-8.5328449995e-02	
507	-8.5328451671e-02	
508	-8.5328450162e-02	
509	-8.5328445589e-02	
510	-8.5328438160e-02	
511	-8.5328428014e-02	
512	-8.5328415376e-02	
513	-8.5328400403e-02	
514	-8.5328383330e-02	
515	-8.5328364323e-02	
516	-8.5328343619e-02	
517	-8.5328321387e-02	
518	-8.5328297867e-02	
519	-8.5328273226e-02	
520	-8.5328247695e-02	
521	-8.5328221437e-02	
522	-8.5328194677e-02	
523	-8.5328167562e-02	
524	-8.5328140301e-02	
525	-8.5328113034e-02	
526	-8.5328085952e-02	
527	-8.5328059176e-02	
528	-8.5328032879e-02	
529	-8.5328007165e-02	
530	-8.5327982186e-02	
531	-8.5327958024e-02	
532	-8.5327934812e-02	
533	-8.5327912612e-02	
534	-8.5327891534e-02	
535	-8.5327871619e-02	
536	-8.5327852956e-02	
537	-8.5327835565e-02	
538	-8.5327819516e-02	
539	-8.5327804808e-02	
540	-8.5327791492e-02	
541	-8.5327779549e-02	
542	-8.5327769084e-02	
543	-8.5327759863e-02	
544	-8.5327752071e-02	
545	-8.5327745623e-02	
546	-8.5327740511e-02	
547	-8.5327736674e-02	
548	-8.5327734097e-02	
549	-8.5327732710e-02	
550	-8.5327732488e-02	
551	-8.5327733351e-02	
552	-8.5327735266e-02	
553	-8.5327738148e-02	
554	-8.5327741959e-02	
555	-8.5327746605e-02	
556	-8.5327752046e-02	
557	-8.5327758188e-02	
558	-8.5327764985e-02	
559	-8.5327772345e-02	
560	-8.5327780222e-02	
561	-8.5327788521e-02	
562	-8.5327797201e-02	
563	-8.5327806169e-02	
564	-8.5327815384e-02	
565	-8.5327824759e-02	
566	-8.5327834255e-02	
567	-8.5327843791e-02	
568	-8.5327853333e-02	
569	-8.5327862804e-02	
570	-8.5327872175e-02	
571	-8.5327881378e-02	
572	-8.5327890389e-02	
573	-8.5327899143e-02	
574	-8.5327907626e-02	
575	-8.5327915782e-02	
576	-8.5327923600e-02	
577	-8.5327931031e-02	
578	-8.5327938071e-02	
579	-8.5327944680e-02	
580	-8.5327950822e-02	
581	-8.5327956561e-02	
582	-8.5327961826e-02	
583	-8.5327966605e-02	
584	-8.5327970914e-02	
585	-8.5327974733e-02	
586	-8.5327978082e-02	
587	-8.5327980946e-02	
588	-8.5327983349e-02	
589	-8.5327985280e-02	
590	-8.5327986769e-02	
591	-8.5327987809e-02	
592	-8.5327988433e-02	
593	-8.5327988639e-02	
594	-8.5327988463e-02	
595	-8.5327987905e-02	
596	-8.5327987002e-02	
597	-8.5327985760e-02	
598	-8.5327984217e-02	
599	-8.5327982379e-02	
600	-8.5327980286e-02	
601	-8.5327977947e-02	
