# Time           	e423_0           
1	( 2.0669202766e+00 -6.1376348232e-01 -8.2584917917e-01 )	
2	( 1.8159019787e-01 8.1861364739e-02 -2.4857997806e-01 )	
3	( 8.1729780308e-03 9.8041645082e-02 -1.1871038180e-01 )	
4	( 7.9088290667e-03 8.4944104962e-02 -9.7954816164e-02 )	
5	( 2.2607667718e-02 7.8612062582e-02 -9.8999395703e-02 )	
6	( 2.7165721597e-02 7.7556571515e-02 -1.0226392089e-01 )	
7	( 3.1931935723e-02 7.5421591883e-02 -1.0468505110e-01 )	
8	( 3.9753928729e-02 7.1993757290e-02 -1.0709864899e-01 )	
9	( 4.8281108439e-02 6.8249068989e-02 -1.0953455492e-01 )	
10	( 5.4657591256e-02 6.4976847423e-02 -1.1129325406e-01 )	
11	( 5.9835557093e-02 6.1784317029e-02 -1.1258897434e-01 )	
12	( 6.3850746523e-02 5.8689059454e-02 -1.1344353934e-01 )	
13	( 6.6852731670e-02 5.5607418222e-02 -1.1383828224e-01 )	
14	( 7.0453946919e-02 5.1746608897e-02 -1.1410972281e-01 )	
15	( 7.3594332314e-02 4.7707618400e-02 -1.1407186564e-01 )	
16	( 7.5499829613e-02 4.4964285746e-02 -1.1396148752e-01 )	
17	( 7.9110422571e-02 4.0955438755e-02 -1.1382368611e-01 )	
18	( 8.1925064446e-02 3.6284445813e-02 -1.1301800287e-01 )	
19	( 8.6538824314e-02 3.1513197541e-02 -1.1259343644e-01 )	
20	( 9.2658945109e-02 2.5960404095e-02 -1.1229348585e-01 )	
21	( 9.9284418442e-02 2.0135998674e-02 -1.1206347736e-01 )	
22	( 1.0647567052e-01 1.4310376974e-02 -1.1204638298e-01 )	
23	( 1.1229589388e-01 9.0690988312e-03 -1.1177194924e-01 )	
24	( 1.1769738891e-01 4.2176050336e-03 -1.1152617418e-01 )	
25	( 1.2243329616e-01 -2.3324498643e-04 -1.1122447770e-01 )	
26	( 1.2631455625e-01 -4.2364295114e-03 -1.1085580378e-01 )	
27	( 1.2983345342e-01 -7.9117501691e-03 -1.1052215289e-01 )	
28	( 1.3195342341e-01 -1.0812757812e-02 -1.1009271366e-01 )	
29	( 1.3382806968e-01 -1.3561997263e-02 -1.0965057346e-01 )	
30	( 1.3490740169e-01 -1.6018689953e-02 -1.0902801284e-01 )	
31	( 1.3544493921e-01 -1.8094051508e-02 -1.0842062191e-01 )	
32	( 1.3451621827e-01 -1.9375125351e-02 -1.0767462062e-01 )	
33	( 1.3304793506e-01 -2.0249435199e-02 -1.0701333727e-01 )	
34	( 1.3028647419e-01 -2.0443213095e-02 -1.0626185904e-01 )	
35	( 1.2625473172e-01 -1.9848380640e-02 -1.0550082126e-01 )	
36	( 1.2263430834e-01 -1.9084865664e-02 -1.0506705062e-01 )	
37	( 1.1684161167e-01 -1.7434042612e-02 -1.0433936204e-01 )	
38	( 1.0949948752e-01 -1.4760482236e-02 -1.0364959601e-01 )	
39	( 1.0263646671e-01 -1.2112101048e-02 -1.0320665069e-01 )	
40	( 9.4553509567e-02 -8.9292528730e-03 -1.0258194529e-01 )	
41	( 8.4882507120e-02 -4.8711680535e-03 -1.0185737331e-01 )	
42	( 7.5219323808e-02 -6.3522845892e-04 -1.0122492388e-01 )	
43	( 6.5513603738e-02 3.7611544335e-03 -1.0065903847e-01 )	
44	( 5.4375651166e-02 9.0469080897e-03 -1.0001666643e-01 )	
45	( 4.1706434581e-02 1.5082850458e-02 -9.9168570402e-02 )	
46	( 2.9700131505e-02 2.0842027003e-02 -9.8410804982e-02 )	
47	( 1.7190536639e-02 2.7041552793e-02 -9.7628541326e-02 )	
48	( 3.2324241538e-03 3.4162258653e-02 -9.6732757323e-02 )	
49	( -1.1616201811e-02 4.1996567393e-02 -9.5819068816e-02 )	
50	( -2.6632473427e-02 5.0234000826e-02 -9.4966950504e-02 )	
51	( -3.8838450132e-02 5.7220001538e-02 -9.4306043452e-02 )	
52	( -4.7340844568e-02 6.2072453858e-02 -9.3736582299e-02 )	
53	( -5.4637188306e-02 6.4876398198e-02 -9.2389382834e-02 )	
54	( -6.2696292004e-02 6.8003177632e-02 -9.0862318696e-02 )	
55	( -7.0225217123e-02 7.1078918629e-02 -8.9383703002e-02 )	
56	( -7.8267981116e-02 7.4623110061e-02 -8.7836492163e-02 )	
57	( -8.6237700290e-02 7.8371484041e-02 -8.6343245367e-02 )	
58	( -9.3163779645e-02 8.1755172992e-02 -8.5009866928e-02 )	
59	( -9.9209708792e-02 8.4713313610e-02 -8.3784409565e-02 )	
60	( -1.0333054668e-01 8.6677371236e-02 -8.2719763965e-02 )	
61	( -1.0687473303e-01 8.8352362103e-02 -8.1732843881e-02 )	
62	( -1.0971972856e-01 8.9631919098e-02 -8.0838745746e-02 )	
63	( -1.1145097616e-01 9.0353314530e-02 -8.0108849853e-02 )	
64	( -1.1268659621e-01 9.0810153250e-02 -7.9421580085e-02 )	
65	( -1.1383154779e-01 9.1205655810e-02 -7.8739669714e-02 )	
66	( -1.1522922157e-01 9.1712208623e-02 -7.8020112793e-02 )	
67	( -1.1603364767e-01 9.1937185205e-02 -7.7399742585e-02 )	
68	( -1.1703797385e-01 9.2278557452e-02 -7.6802336167e-02 )	
69	( -1.1757032795e-01 9.2412311566e-02 -7.6329067352e-02 )	
70	( -1.1773722061e-01 9.2393547065e-02 -7.5940187848e-02 )	
71	( -1.1790556422e-01 9.2404660396e-02 -7.5571098153e-02 )	
72	( -1.1778260066e-01 9.2290463010e-02 -7.5261558074e-02 )	
73	( -1.1719396762e-01 9.1961857230e-02 -7.5033270446e-02 )	
74	( -1.1642987447e-01 9.1570331779e-02 -7.4856944698e-02 )	
75	( -1.1561763363e-01 9.1179467525e-02 -7.4715128925e-02 )	
76	( -1.1466551515e-01 9.0739977408e-02 -7.4614148900e-02 )	
77	( -1.1364341430e-01 9.0291052935e-02 -7.4556594475e-02 )	
78	( -1.1261697722e-01 8.9867222317e-02 -7.4537262082e-02 )	
79	( -1.1169386328e-01 8.9513359113e-02 -7.4527529469e-02 )	
80	( -1.1082534160e-01 8.9202456407e-02 -7.4543288920e-02 )	
81	( -1.1002067824e-01 8.8933353425e-02 -7.4576712908e-02 )	
82	( -1.0924130961e-01 8.8687607203e-02 -7.4635079725e-02 )	
83	( -1.0852468438e-01 8.8476718441e-02 -7.4706109827e-02 )	
84	( -1.0785494283e-01 8.8288060281e-02 -7.4785201909e-02 )	
85	( -1.0723465057e-01 8.8118820881e-02 -7.4868800620e-02 )	
86	( -1.0666430676e-01 8.7967453100e-02 -7.4953848288e-02 )	
87	( -1.0612858590e-01 8.7824921497e-02 -7.5041094726e-02 )	
88	( -1.0562401138e-01 8.7690420350e-02 -7.5130756620e-02 )	
89	( -1.0517022293e-01 8.7571361054e-02 -7.5217422766e-02 )	
90	( -1.0478296504e-01 8.7473648274e-02 -7.5296853459e-02 )	
91	( -1.0444335782e-01 8.7387456441e-02 -7.5371448128e-02 )	
92	( -1.0412859845e-01 8.7302148789e-02 -7.5443092147e-02 )	
93	( -1.0384779553e-01 8.7223253899e-02 -7.5510765967e-02 )	
94	( -1.0355687791e-01 8.7130403479e-02 -7.5582162115e-02 )	
95	( -1.0327604282e-01 8.7035355682e-02 -7.5653252813e-02 )	
96	( -1.0301566999e-01 8.6943915206e-02 -7.5722935662e-02 )	
97	( -1.0278082380e-01 8.6859442503e-02 -7.5790449180e-02 )	
98	( -1.0257596510e-01 8.6786047738e-02 -7.5855578773e-02 )	
99	( -1.0240481220e-01 8.6726052676e-02 -7.5918250095e-02 )	
100	( -1.0227424263e-01 8.6683354474e-02 -7.5978247112e-02 )	
101	( -1.0215811413e-01 8.6647436706e-02 -7.6040814744e-02 )	
102	( -1.0207254979e-01 8.6627675562e-02 -7.6103919183e-02 )	
103	( -1.0200647416e-01 8.6619858951e-02 -7.6170108768e-02 )	
104	( -1.0197302004e-01 8.6631656737e-02 -7.6237596055e-02 )	
105	( -1.0197040605e-01 8.6662186453e-02 -7.6305796253e-02 )	
106	( -1.0201877023e-01 8.6721041788e-02 -7.6371537465e-02 )	
107	( -1.0209084912e-01 8.6793697873e-02 -7.6436754742e-02 )	
108	( -1.0219221543e-01 8.6878395627e-02 -7.6496731605e-02 )	
109	( -1.0224579288e-01 8.6939825532e-02 -7.6561499824e-02 )	
110	( -1.0230105971e-01 8.6999390130e-02 -7.6622819542e-02 )	
111	( -1.0232354837e-01 8.7042614760e-02 -7.6685874102e-02 )	
112	( -1.0231179286e-01 8.7068429768e-02 -7.6750125412e-02 )	
113	( -1.0226502854e-01 8.7076389963e-02 -7.6815693908e-02 )	
114	( -1.0218305103e-01 8.7066797201e-02 -7.6883188931e-02 )	
115	( -1.0206730138e-01 8.7040700415e-02 -7.6953277698e-02 )	
116	( -1.0192411622e-01 8.7001440475e-02 -7.7026048310e-02 )	
117	( -1.0175781509e-01 8.6951196077e-02 -7.7101720096e-02 )	
118	( -1.0157260891e-01 8.6892122338e-02 -7.7180490822e-02 )	
119	( -1.0137295559e-01 8.6826327750e-02 -7.7261967231e-02 )	
120	( -1.0116309737e-01 8.6755678574e-02 -7.7345847351e-02 )	
121	( -1.0094714328e-01 8.6681577216e-02 -7.7431531691e-02 )	
122	( -1.0072958456e-01 8.6605422381e-02 -7.7517788505e-02 )	
123	( -1.0051455829e-01 8.6528641578e-02 -7.7603692221e-02 )	
124	( -1.0030524983e-01 8.6452250477e-02 -7.7688441004e-02 )	
125	( -1.0010424889e-01 8.6377028656e-02 -7.7771145983e-02 )	
126	( -9.9916563015e-02 8.6304765631e-02 -7.7850623357e-02 )	
127	( -9.9745659597e-02 8.6236730258e-02 -7.7925350877e-02 )	
128	( -9.9612157951e-02 8.6182851060e-02 -7.7993421275e-02 )	
129	( -9.9499862460e-02 8.6134434231e-02 -7.8056289365e-02 )	
130	( -9.9413640791e-02 8.6094316433e-02 -7.8113459802e-02 )	
131	( -9.9351779542e-02 8.6061918798e-02 -7.8164937491e-02 )	
132	( -9.9316646769e-02 8.6038833564e-02 -7.8210431995e-02 )	
133	( -9.9316005608e-02 8.6029176501e-02 -7.8249382023e-02 )	
134	( -9.9342114634e-02 8.6029923711e-02 -7.8281991012e-02 )	
135	( -9.9412138538e-02 8.6047417279e-02 -7.8305250128e-02 )	
136	( -9.9514674677e-02 8.6077730947e-02 -7.8320869958e-02 )	
137	( -9.9651966440e-02 8.6121996220e-02 -7.8328206947e-02 )	
138	( -9.9825321877e-02 8.6181099731e-02 -7.8327096514e-02 )	
139	( -1.0003660173e-01 8.6256172326e-02 -7.8317151050e-02 )	
140	( -1.0028451766e-01 8.6345803368e-02 -7.8297922432e-02 )	
141	( -1.0055336932e-01 8.6443191099e-02 -7.8271818800e-02 )	
142	( -1.0084337770e-01 8.6548939384e-02 -7.8238829129e-02 )	
143	( -1.0115495169e-01 8.6663703670e-02 -7.8198709026e-02 )	
144	( -1.0148138725e-01 8.6784532071e-02 -7.8152351593e-02 )	
145	( -1.0182136722e-01 8.6910648790e-02 -7.8099928468e-02 )	
146	( -1.0216077465e-01 8.7035655304e-02 -7.8042941565e-02 )	
147	( -1.0250574158e-01 8.7162595888e-02 -7.7980689248e-02 )	
148	( -1.0285271289e-01 8.7289993187e-02 -7.7913747296e-02 )	
149	( -1.0319417398e-01 8.7414342813e-02 -7.7843171946e-02 )	
150	( -1.0352111026e-01 8.7531225973e-02 -7.7770153955e-02 )	
151	( -1.0382971517e-01 8.7639257143e-02 -7.7695715104e-02 )	
152	( -1.0411813139e-01 8.7738296720e-02 -7.7620758776e-02 )	
153	( -1.0438635916e-01 8.7828818529e-02 -7.7545547194e-02 )	
154	( -1.0463174035e-01 8.7910003107e-02 -7.7470926038e-02 )	
155	( -1.0484353869e-01 8.7977254723e-02 -7.7399699561e-02 )	
156	( -1.0502596276e-01 8.8033323584e-02 -7.7331414594e-02 )	
157	( -1.0516935106e-01 8.8074967259e-02 -7.7268105324e-02 )	
158	( -1.0530799236e-01 8.8117574377e-02 -7.7205220459e-02 )	
159	( -1.0544438347e-01 8.8161332661e-02 -7.7142469636e-02 )	
160	( -1.0556047558e-01 8.8197092642e-02 -7.7081875777e-02 )	
161	( -1.0565635662e-01 8.8226804323e-02 -7.7025583014e-02 )	
162	( -1.0573326152e-01 8.8250561861e-02 -7.6973158149e-02 )	
163	( -1.0579011655e-01 8.8268108094e-02 -7.6924951885e-02 )	
164	( -1.0582987882e-01 8.8280684961e-02 -7.6881047780e-02 )	
165	( -1.0585905170e-01 8.8291717992e-02 -7.6840876094e-02 )	
166	( -1.0588680326e-01 8.8305247721e-02 -7.6803849478e-02 )	
167	( -1.0589040803e-01 8.8309710090e-02 -7.6772204859e-02 )	
168	( -1.0587564943e-01 8.8308098546e-02 -7.6745275837e-02 )	
169	( -1.0584624951e-01 8.8302039067e-02 -7.6723038625e-02 )	
170	( -1.0580434110e-01 8.8292298519e-02 -7.6705132602e-02 )	
171	( -1.0575623288e-01 8.8281622240e-02 -7.6690574118e-02 )	
172	( -1.0569442670e-01 8.8265917194e-02 -7.6680460090e-02 )	
173	( -1.0562091255e-01 8.8246040415e-02 -7.6674665779e-02 )	
174	( -1.0553711051e-01 8.8222531071e-02 -7.6672946887e-02 )	
175	( -1.0544327168e-01 8.8195148691e-02 -7.6675185492e-02 )	
176	( -1.0534055538e-01 8.8164115112e-02 -7.6681138029e-02 )	
177	( -1.0523019391e-01 8.8129782290e-02 -7.6690367618e-02 )	
178	( -1.0511333253e-01 8.8092609020e-02 -7.6702608653e-02 )	
179	( -1.0498871651e-01 8.8051436524e-02 -7.6717487432e-02 )	
180	( -1.0485504859e-01 8.8005388839e-02 -7.6734862401e-02 )	
181	( -1.0471370819e-01 8.7955236058e-02 -7.6754745155e-02 )	
182	( -1.0456896453e-01 8.7903033972e-02 -7.6776472946e-02 )	
183	( -1.0442234465e-01 8.7849561646e-02 -7.6799929419e-02 )	
184	( -1.0427533101e-01 8.7795522054e-02 -7.6825002992e-02 )	
185	( -1.0413016352e-01 8.7741958318e-02 -7.6851473345e-02 )	
186	( -1.0398981818e-01 8.7690328626e-02 -7.6878970375e-02 )	
187	( -1.0385502702e-01 8.7640970043e-02 -7.6907356025e-02 )	
188	( -1.0372685355e-01 8.7594193723e-02 -7.6936348920e-02 )	
189	( -1.0360284506e-01 8.7548843727e-02 -7.6966285256e-02 )	
190	( -1.0348324364e-01 8.7505012065e-02 -7.6996910465e-02 )	
191	( -1.0337080016e-01 8.7463863902e-02 -7.7027447529e-02 )	
192	( -1.0326452611e-01 8.7424823163e-02 -7.7057877697e-02 )	
193	( -1.0316596201e-01 8.7388514088e-02 -7.7087695033e-02 )	
194	( -1.0307651556e-01 8.7355544508e-02 -7.7116419353e-02 )	
195	( -1.0299582804e-01 8.7325713206e-02 -7.7143854487e-02 )	
196	( -1.0292283695e-01 8.7298487971e-02 -7.7170036838e-02 )	
197	( -1.0285784469e-01 8.7274022370e-02 -7.7194840117e-02 )	
198	( -1.0280060992e-01 8.7252281561e-02 -7.7218252062e-02 )	
199	( -1.0275094928e-01 8.7233291466e-02 -7.7240272537e-02 )	
200	( -1.0270883769e-01 8.7217088912e-02 -7.7260877344e-02 )	
201	( -1.0267421712e-01 8.7203671567e-02 -7.7280068066e-02 )	
202	( -1.0264747214e-01 8.7193206412e-02 -7.7297822560e-02 )	
203	( -1.0262863217e-01 8.7185914503e-02 -7.7314159711e-02 )	
204	( -1.0261729833e-01 8.7181630134e-02 -7.7329147162e-02 )	
205	( -1.0261513587e-01 8.7181145228e-02 -7.7342384769e-02 )	
206	( -1.0262154655e-01 8.7184143331e-02 -7.7353841275e-02 )	
207	( -1.0263879467e-01 8.7191755639e-02 -7.7363118220e-02 )	
208	( -1.0266585355e-01 8.7203255438e-02 -7.7369938774e-02 )	
209	( -1.0269376025e-01 8.7214180889e-02 -7.7375293179e-02 )	
210	( -1.0272378253e-01 8.7225362992e-02 -7.7379274553e-02 )	
211	( -1.0275588730e-01 8.7236887575e-02 -7.7381860398e-02 )	
212	( -1.0279000019e-01 8.7248837015e-02 -7.7383121134e-02 )	
213	( -1.0282590007e-01 8.7261211742e-02 -7.7383201228e-02 )	
214	( -1.0286354359e-01 8.7274084342e-02 -7.7382179859e-02 )	
215	( -1.0290284803e-01 8.7287513867e-02 -7.7380156854e-02 )	
216	( -1.0294371383e-01 8.7301546763e-02 -7.7377231855e-02 )	
217	( -1.0298599579e-01 8.7316198384e-02 -7.7373497786e-02 )	
218	( -1.0302957456e-01 8.7331469966e-02 -7.7369009501e-02 )	
219	( -1.0307418976e-01 8.7347280299e-02 -7.7363831641e-02 )	
220	( -1.0311952304e-01 8.7363495026e-02 -7.7358015712e-02 )	
221	( -1.0316520682e-01 8.7379940505e-02 -7.7351609915e-02 )	
222	( -1.0321016288e-01 8.7396123151e-02 -7.7344802596e-02 )	
223	( -1.0325418428e-01 8.7411966532e-02 -7.7337644218e-02 )	
224	( -1.0329768179e-01 8.7427672018e-02 -7.7330055652e-02 )	
225	( -1.0333988548e-01 8.7442860092e-02 -7.7322152829e-02 )	
226	( -1.0338006643e-01 8.7457196839e-02 -7.7314062541e-02 )	
227	( -1.0341845857e-01 8.7470807956e-02 -7.7305743348e-02 )	
228	( -1.0345475839e-01 8.7483554176e-02 -7.7297252171e-02 )	
229	( -1.0348878648e-01 8.7495367901e-02 -7.7288651681e-02 )	
230	( -1.0352042036e-01 8.7506215890e-02 -7.7280013523e-02 )	
231	( -1.0354958908e-01 8.7516091426e-02 -7.7271407563e-02 )	
232	( -1.0357635568e-01 8.7525047790e-02 -7.7262891485e-02 )	
233	( -1.0360072415e-01 8.7533110530e-02 -7.7254530730e-02 )	
234	( -1.0362276896e-01 8.7540336574e-02 -7.7246378456e-02 )	
235	( -1.0364258205e-01 8.7546786688e-02 -7.7238479701e-02 )	
236	( -1.0366025874e-01 8.7552518357e-02 -7.7230870120e-02 )	
237	( -1.0367588631e-01 8.7557578677e-02 -7.7223573766e-02 )	
238	( -1.0369217562e-01 8.7563268782e-02 -7.7216337763e-02 )	
239	( -1.0370627133e-01 8.7568135207e-02 -7.7209469346e-02 )	
240	( -1.0371855473e-01 8.7572404158e-02 -7.7202981014e-02 )	
241	( -1.0372902416e-01 8.7576067344e-02 -7.7196885354e-02 )	
242	( -1.0373776605e-01 8.7579159658e-02 -7.7191181205e-02 )	
243	( -1.0374483104e-01 8.7581696217e-02 -7.7185869495e-02 )	
244	( -1.0375026709e-01 8.7583689552e-02 -7.7180952357e-02 )	
245	( -1.0375412485e-01 8.7585152286e-02 -7.7176431227e-02 )	
246	( -1.0375645484e-01 8.7586096775e-02 -7.7172307756e-02 )	
247	( -1.0375731373e-01 8.7586538259e-02 -7.7168583046e-02 )	
248	( -1.0375646087e-01 8.7586344222e-02 -7.7165247828e-02 )	
249	( -1.0375416494e-01 8.7585638920e-02 -7.7162310827e-02 )	
250	( -1.0375063598e-01 8.7584510599e-02 -7.7159765841e-02 )	
251	( -1.0374595234e-01 8.7582981387e-02 -7.7157603465e-02 )	
252	( -1.0374019363e-01 8.7581075817e-02 -7.7155815516e-02 )	
253	( -1.0373344686e-01 8.7578822272e-02 -7.7154391182e-02 )	
254	( -1.0372568454e-01 8.7576196807e-02 -7.7153342779e-02 )	
255	( -1.0371727078e-01 8.7573372693e-02 -7.7152628952e-02 )	
256	( -1.0370832630e-01 8.7570381459e-02 -7.7152208936e-02 )	
257	( -1.0369884414e-01 8.7567205071e-02 -7.7152080818e-02 )	
258	( -1.0368879425e-01 8.7563816839e-02 -7.7152242227e-02 )	
259	( -1.0367819103e-01 8.7560215175e-02 -7.7152686336e-02 )	
260	( -1.0366716913e-01 8.7556457657e-02 -7.7153391630e-02 )	
261	( -1.0365580407e-01 8.7552572205e-02 -7.7154343183e-02 )	
262	( -1.0364419098e-01 8.7548598845e-02 -7.7155527216e-02 )	
263	( -1.0363240402e-01 8.7544566851e-02 -7.7156929237e-02 )	
264	( -1.0362051713e-01 8.7540504180e-02 -7.7158531549e-02 )	
265	( -1.0360858732e-01 8.7536430311e-02 -7.7160318441e-02 )	
266	( -1.0359667236e-01 8.7532360853e-02 -7.7162273789e-02 )	
267	( -1.0358483814e-01 8.7528314031e-02 -7.7164373638e-02 )	
268	( -1.0357311102e-01 8.7524298826e-02 -7.7166603819e-02 )	
269	( -1.0356151139e-01 8.7520321663e-02 -7.7168952103e-02 )	
270	( -1.0355007506e-01 8.7516394224e-02 -7.7171402738e-02 )	
271	( -1.0353883866e-01 8.7512528586e-02 -7.7173939842e-02 )	
272	( -1.0352783447e-01 8.7508735490e-02 -7.7176548983e-02 )	
273	( -1.0351709376e-01 8.7505025408e-02 -7.7179216220e-02 )	
274	( -1.0350664789e-01 8.7501409236e-02 -7.7181927864e-02 )	
275	( -1.0349652616e-01 8.7497896997e-02 -7.7184670572e-02 )	
276	( -1.0348675924e-01 8.7494499613e-02 -7.7187430727e-02 )	
277	( -1.0347737362e-01 8.7491226283e-02 -7.7190195651e-02 )	
278	( -1.0346839029e-01 8.7488083784e-02 -7.7192953183e-02 )	
279	( -1.0345984740e-01 8.7485087260e-02 -7.7195688461e-02 )	
280	( -1.0345175463e-01 8.7482238639e-02 -7.7198390707e-02 )	
281	( -1.0344413407e-01 8.7479546026e-02 -7.7201047524e-02 )	
282	( -1.0343713873e-01 8.7477081444e-02 -7.7203625509e-02 )	
283	( -1.0343081286e-01 8.7474858796e-02 -7.7206103517e-02 )	
284	( -1.0342494844e-01 8.7472769779e-02 -7.7208500939e-02 )	
285	( -1.0341957502e-01 8.7470831696e-02 -7.7210809262e-02 )	
286	( -1.0341472737e-01 8.7469063913e-02 -7.7213018839e-02 )	
287	( -1.0341044091e-01 8.7467486018e-02 -7.7215121540e-02 )	
288	( -1.0340673877e-01 8.7466111321e-02 -7.7217110811e-02 )	
289	( -1.0340362927e-01 8.7464945503e-02 -7.7218983162e-02 )	
290	( -1.0340112303e-01 8.7463993597e-02 -7.7220731628e-02 )	
291	( -1.0339922218e-01 8.7463257047e-02 -7.7222349264e-02 )	
292	( -1.0339791585e-01 8.7462732081e-02 -7.7223831954e-02 )	
293	( -1.0339718760e-01 8.7462412511e-02 -7.7225176612e-02 )	
294	( -1.0339701925e-01 8.7462291122e-02 -7.7226379983e-02 )	
295	( -1.0339738790e-01 8.7462358590e-02 -7.7227439887e-02 )	
296	( -1.0339826882e-01 8.7462605055e-02 -7.7228354815e-02 )	
297	( -1.0339963468e-01 8.7463019726e-02 -7.7229124361e-02 )	
298	( -1.0340145726e-01 8.7463591877e-02 -7.7229748997e-02 )	
299	( -1.0340370606e-01 8.7464310187e-02 -7.7230230517e-02 )	
300	( -1.0340625621e-01 8.7465117001e-02 -7.7230568917e-02 )	
301	( -1.0340915920e-01 8.7466043754e-02 -7.7230771441e-02 )	
302	( -1.0341241343e-01 8.7467093747e-02 -7.7230841178e-02 )	
303	( -1.0341598303e-01 8.7468253674e-02 -7.7230782205e-02 )	
304	( -1.0341983774e-01 8.7469513770e-02 -7.7230599828e-02 )	
305	( -1.0342394765e-01 8.7470864696e-02 -7.7230300161e-02 )	
306	( -1.0342828382e-01 8.7472297823e-02 -7.7229889541e-02 )	
307	( -1.0343281742e-01 8.7473804724e-02 -7.7229374886e-02 )	
308	( -1.0343752008e-01 8.7475377258e-02 -7.7228763271e-02 )	
309	( -1.0344236219e-01 8.7477006452e-02 -7.7228062161e-02 )	
310	( -1.0344731469e-01 8.7478683286e-02 -7.7227278780e-02 )	
311	( -1.0345234623e-01 8.7480397239e-02 -7.7226420760e-02 )	
312	( -1.0345742582e-01 8.7482137667e-02 -7.7225495649e-02 )	
313	( -1.0346252178e-01 8.7483893275e-02 -7.7224511281e-02 )	
314	( -1.0346760554e-01 8.7485653964e-02 -7.7223475171e-02 )	
315	( -1.0347263974e-01 8.7487405437e-02 -7.7222396242e-02 )	
316	( -1.0347759940e-01 8.7489138919e-02 -7.7221282056e-02 )	
317	( -1.0348245428e-01 8.7490842936e-02 -7.7220140897e-02 )	
318	( -1.0348717694e-01 8.7492507221e-02 -7.7218980790e-02 )	
319	( -1.0349174128e-01 8.7494121870e-02 -7.7217809711e-02 )	
320	( -1.0349612363e-01 8.7495677949e-02 -7.7216635261e-02 )	
321	( -1.0350030196e-01 8.7497167034e-02 -7.7215464941e-02 )	
322	( -1.0350425704e-01 8.7498581839e-02 -7.7214305832e-02 )	
323	( -1.0350797161e-01 8.7499915729e-02 -7.7213164814e-02 )	
324	( -1.0351143142e-01 8.7501163284e-02 -7.7212048232e-02 )	
325	( -1.0351462432e-01 8.7502319793e-02 -7.7210962141e-02 )	
326	( -1.0351754094e-01 8.7503381634e-02 -7.7209912000e-02 )	
327	( -1.0352014692e-01 8.7504332466e-02 -7.7208902658e-02 )	
328	( -1.0352242073e-01 8.7505162397e-02 -7.7207937791e-02 )	
329	( -1.0352440017e-01 8.7505890575e-02 -7.7207023560e-02 )	
330	( -1.0352608700e-01 8.7506517067e-02 -7.7206162559e-02 )	
331	( -1.0352748207e-01 8.7507041500e-02 -7.7205357818e-02 )	
332	( -1.0352858904e-01 8.7507464803e-02 -7.7204611883e-02 )	
333	( -1.0352941299e-01 8.7507788392e-02 -7.7203926981e-02 )	
334	( -1.0352996107e-01 8.7508014649e-02 -7.7203304810e-02 )	
335	( -1.0353024184e-01 8.7508146508e-02 -7.7202746753e-02 )	
336	( -1.0353026592e-01 8.7508187790e-02 -7.7202253552e-02 )	
337	( -1.0353004458e-01 8.7508142397e-02 -7.7201825559e-02 )	
338	( -1.0352959049e-01 8.7508014706e-02 -7.7201462453e-02 )	
339	( -1.0352891665e-01 8.7507809029e-02 -7.7201163545e-02 )	
340	( -1.0352803731e-01 8.7507530158e-02 -7.7200927588e-02 )	
341	( -1.0352696695e-01 8.7507182879e-02 -7.7200753114e-02 )	
342	( -1.0352572119e-01 8.7506772487e-02 -7.7200638209e-02 )	
343	( -1.0352431562e-01 8.7506304245e-02 -7.7200580829e-02 )	
344	( -1.0352276689e-01 8.7505783912e-02 -7.7200578526e-02 )	
345	( -1.0352109126e-01 8.7505217078e-02 -7.7200628787e-02 )	
346	( -1.0351930590e-01 8.7504609795e-02 -7.7200728699e-02 )	
347	( -1.0351742739e-01 8.7503967821e-02 -7.7200875322e-02 )	
348	( -1.0351547265e-01 8.7503297168e-02 -7.7201065420e-02 )	
349	( -1.0351345791e-01 8.7502603517e-02 -7.7201295741e-02 )	
350	( -1.0351139960e-01 8.7501892748e-02 -7.7201562785e-02 )	
351	( -1.0350931302e-01 8.7501170228e-02 -7.7201863126e-02 )	
352	( -1.0350721356e-01 8.7500441483e-02 -7.7202193130e-02 )	
353	( -1.0350511545e-01 8.7499711541e-02 -7.7202549279e-02 )	
354	( -1.0350303142e-01 8.7498984865e-02 -7.7202928057e-02 )	
355	( -1.0350097688e-01 8.7498267244e-02 -7.7203325703e-02 )	
356	( -1.0349896189e-01 8.7497562058e-02 -7.7203738921e-02 )	
357	( -1.0349699768e-01 8.7496873374e-02 -7.7204164351e-02 )	
358	( -1.0349509467e-01 8.7496204992e-02 -7.7204598642e-02 )	
359	( -1.0349326180e-01 8.7495560122e-02 -7.7205038693e-02 )	
360	( -1.0349150746e-01 8.7494941857e-02 -7.7205481426e-02 )	
361	( -1.0348983868e-01 8.7494352738e-02 -7.7205924015e-02 )	
362	( -1.0348826284e-01 8.7493795605e-02 -7.7206363566e-02 )	
363	( -1.0348678267e-01 8.7493271205e-02 -7.7206797873e-02 )	
364	( -1.0348540451e-01 8.7492782136e-02 -7.7207224281e-02 )	
365	( -1.0348413123e-01 8.7492329414e-02 -7.7207640674e-02 )	
366	( -1.0348296552e-01 8.7491914096e-02 -7.7208044983e-02 )	
367	( -1.0348190887e-01 8.7491536749e-02 -7.7208435414e-02 )	
368	( -1.0348096235e-01 8.7491197846e-02 -7.7208810254e-02 )	
369	( -1.0348012582e-01 8.7490897353e-02 -7.7209168097e-02 )	
370	( -1.0347939880e-01 8.7490635192e-02 -7.7209507603e-02 )	
371	( -1.0347877981e-01 8.7490410844e-02 -7.7209827714e-02 )	
372	( -1.0347826707e-01 8.7490223742e-02 -7.7210127456e-02 )	
373	( -1.0347785788e-01 8.7490072933e-02 -7.7210406125e-02 )	
374	( -1.0347754934e-01 8.7489957454e-02 -7.7210663092e-02 )	
375	( -1.0347733777e-01 8.7489875991e-02 -7.7210897990e-02 )	
376	( -1.0347721941e-01 8.7489827270e-02 -7.7211110512e-02 )	
377	( -1.0347718978e-01 8.7489809709e-02 -7.7211300596e-02 )	
378	( -1.0347724446e-01 8.7489821795e-02 -7.7211468233e-02 )	
379	( -1.0347737841e-01 8.7489861750e-02 -7.7211613639e-02 )	
380	( -1.0347758671e-01 8.7489927891e-02 -7.7211737069e-02 )	
381	( -1.0347786397e-01 8.7490018320e-02 -7.7211838977e-02 )	
382	( -1.0347820496e-01 8.7490131248e-02 -7.7211919842e-02 )	
383	( -1.0347860409e-01 8.7490264708e-02 -7.7211980323e-02 )	
384	( -1.0347905605e-01 8.7490416888e-02 -7.7212021086e-02 )	
385	( -1.0347955521e-01 8.7490585809e-02 -7.7212042954e-02 )	
386	( -1.0348009627e-01 8.7490769664e-02 -7.7212046738e-02 )	
387	( -1.0348067369e-01 8.7490966490e-02 -7.7212033391e-02 )	
388	( -1.0348128228e-01 8.7491174523e-02 -7.7212003837e-02 )	
389	( -1.0348191670e-01 8.7491391866e-02 -7.7211959124e-02 )	
390	( -1.0348257203e-01 8.7491616841e-02 -7.7211900245e-02 )	
391	( -1.0348324321e-01 8.7491847650e-02 -7.7211828309e-02 )	
392	( -1.0348392566e-01 8.7492082716e-02 -7.7211744357e-02 )	
393	( -1.0348461470e-01 8.7492320379e-02 -7.7211649521e-02 )	
394	( -1.0348530619e-01 8.7492559218e-02 -7.7211544846e-02 )	
395	( -1.0348599588e-01 8.7492797712e-02 -7.7211431469e-02 )	
396	( -1.0348668006e-01 8.7493034580e-02 -7.7211310431e-02 )	
397	( -1.0348735498e-01 8.7493268484e-02 -7.7211182837e-02 )	
398	( -1.0348801745e-01 8.7493498322e-02 -7.7211049693e-02 )	
399	( -1.0348866423e-01 8.7493722933e-02 -7.7210912066e-02 )	
400	( -1.0348929264e-01 8.7493941400e-02 -7.7210770905e-02 )	
401	( -1.0348989997e-01 8.7494152739e-02 -7.7210627209e-02 )	
402	( -1.0349048406e-01 8.7494356219e-02 -7.7210481867e-02 )	
403	( -1.0349104273e-01 8.7494551044e-02 -7.7210335803e-02 )	
404	( -1.0349157430e-01 8.7494736651e-02 -7.7210189826e-02 )	
405	( -1.0349207712e-01 8.7494912427e-02 -7.7210044772e-02 )	
406	( -1.0349254998e-01 8.7495077979e-02 -7.7209901365e-02 )	
407	( -1.0349299172e-01 8.7495232863e-02 -7.7209760345e-02 )	
408	( -1.0349340160e-01 8.7495376845e-02 -7.7209622340e-02 )	
409	( -1.0349377887e-01 8.7495509634e-02 -7.7209487992e-02 )	
410	( -1.0349412324e-01 8.7495631144e-02 -7.7209357830e-02 )	
411	( -1.0349443438e-01 8.7495741225e-02 -7.7209232396e-02 )	
412	( -1.0349471235e-01 8.7495839921e-02 -7.7209112115e-02 )	
413	( -1.0349495719e-01 8.7495927208e-02 -7.7208997431e-02 )	
414	( -1.0349516932e-01 8.7496003244e-02 -7.7208888668e-02 )	
415	( -1.0349534909e-01 8.7496068120e-02 -7.7208786168e-02 )	
416	( -1.0349549721e-01 8.7496122091e-02 -7.7208690161e-02 )	
417	( -1.0349561432e-01 8.7496165341e-02 -7.7208600892e-02 )	
418	( -1.0349570139e-01 8.7496198217e-02 -7.7208518498e-02 )	
419	( -1.0349575927e-01 8.7496220983e-02 -7.7208443135e-02 )	
420	( -1.0349578916e-01 8.7496234058e-02 -7.7208374855e-02 )	
421	( -1.0349579212e-01 8.7496237777e-02 -7.7208313727e-02 )	
422	( -1.0349576949e-01 8.7496232615e-02 -7.7208259723e-02 )	
423	( -1.0349572250e-01 8.7496218961e-02 -7.7208212837e-02 )	
424	( -1.0349565262e-01 8.7496197337e-02 -7.7208172968e-02 )	
425	( -1.0349556118e-01 8.7496168169e-02 -7.7208140040e-02 )	
426	( -1.0349544978e-01 8.7496132020e-02 -7.7208113888e-02 )	
427	( -1.0349531979e-01 8.7496089341e-02 -7.7208094376e-02 )	
428	( -1.0349517287e-01 8.7496040710e-02 -7.7208081283e-02 )	
429	( -1.0349501047e-01 8.7495986602e-02 -7.7208074420e-02 )	
430	( -1.0349483424e-01 8.7495927601e-02 -7.7208073518e-02 )	
431	( -1.0349464564e-01 8.7495864191e-02 -7.7208078343e-02 )	
432	( -1.0349444632e-01 8.7495796950e-02 -7.7208088588e-02 )	
433	( -1.0349423774e-01 8.7495726358e-02 -7.7208103983e-02 )	
434	( -1.0349402149e-01 8.7495652985e-02 -7.7208124192e-02 )	
435	( -1.0349379898e-01 8.7495577292e-02 -7.7208148918e-02 )	
436	( -1.0349357177e-01 8.7495499833e-02 -7.7208177803e-02 )	
437	( -1.0349334118e-01 8.7495421047e-02 -7.7208210531e-02 )	
438	( -1.0349310866e-01 8.7495341449e-02 -7.7208246733e-02 )	
439	( -1.0349287547e-01 8.7495261456e-02 -7.7208286083e-02 )	
440	( -1.0349264296e-01 8.7495181556e-02 -7.7208328203e-02 )	
441	( -1.0349241228e-01 8.7495102122e-02 -7.7208372768e-02 )	
442	( -1.0349218466e-01 8.7495023606e-02 -7.7208419400e-02 )	
443	( -1.0349196111e-01 8.7494946339e-02 -7.7208467779e-02 )	
444	( -1.0349174275e-01 8.7494870734e-02 -7.7208517539e-02 )	
445	( -1.0349153046e-01 8.7494797074e-02 -7.7208568370e-02 )	
446	( -1.0349132521e-01 8.7494725723e-02 -7.7208619919e-02 )	
447	( -1.0349112775e-01 8.7494656924e-02 -7.7208671892e-02 )	
448	( -1.0349093889e-01 8.7494590988e-02 -7.7208723960e-02 )	
449	( -1.0349075923e-01 8.7494528108e-02 -7.7208775850e-02 )	
450	( -1.0349058944e-01 8.7494468544e-02 -7.7208827259e-02 )	
451	( -1.0349042997e-01 8.7494412438e-02 -7.7208877942e-02 )	
452	( -1.0349028134e-01 8.7494359998e-02 -7.7208927623e-02 )	
453	( -1.0349014383e-01 8.7494311319e-02 -7.7208976089e-02 )	
454	( -1.0349001784e-01 8.7494266555e-02 -7.7209023097e-02 )	
455	( -1.0348990349e-01 8.7494225751e-02 -7.7209068465e-02 )	
456	( -1.0348980101e-01 8.7494189010e-02 -7.7209111988e-02 )	
457	( -1.0348971041e-01 8.7494156328e-02 -7.7209153518e-02 )	
458	( -1.0348963177e-01 8.7494127759e-02 -7.7209192885e-02 )	
459	( -1.0348956495e-01 8.7494103253e-02 -7.7209229980e-02 )	
460	( -1.0348950992e-01 8.7494082819e-02 -7.7209264668e-02 )	
461	( -1.0348946641e-01 8.7494066363e-02 -7.7209296875e-02 )	
462	( -1.0348943426e-01 8.7494053854e-02 -7.7209326507e-02 )	
463	( -1.0348941311e-01 8.7494045158e-02 -7.7209353522e-02 )	
464	( -1.0348940269e-01 8.7494040205e-02 -7.7209377862e-02 )	
465	( -1.0348940252e-01 8.7494038830e-02 -7.7209399520e-02 )	
466	( -1.0348941226e-01 8.7494040929e-02 -7.7209418470e-02 )	
467	( -1.0348943135e-01 8.7494046307e-02 -7.7209434740e-02 )	
468	( -1.0348945937e-01 8.7494054834e-02 -7.7209448332e-02 )	
469	( -1.0348949571e-01 8.7494066292e-02 -7.7209459304e-02 )	
470	( -1.0348953987e-01 8.7494080528e-02 -7.7209467687e-02 )	
471	( -1.0348959120e-01 8.7494097307e-02 -7.7209473565e-02 )	
472	( -1.0348964916e-01 8.7494116458e-02 -7.7209476994e-02 )	
473	( -1.0348971307e-01 8.7494137738e-02 -7.7209478080e-02 )	
474	( -1.0348978236e-01 8.7494160965e-02 -7.7209476902e-02 )	
475	( -1.0348985636e-01 8.7494185890e-02 -7.7209473582e-02 )	
476	( -1.0348993447e-01 8.7494212326e-02 -7.7209468218e-02 )	
477	( -1.0349001601e-01 8.7494240022e-02 -7.7209460948e-02 )	
478	( -1.0349010042e-01 8.7494268795e-02 -7.7209451881e-02 )	
479	( -1.0349018701e-01 8.7494298397e-02 -7.7209441167e-02 )	
480	( -1.0349027524e-01 8.7494328651e-02 -7.7209428926e-02 )	
481	( -1.0349036448e-01 8.7494359323e-02 -7.7209415311e-02 )	
482	( -1.0349045421e-01 8.7494390242e-02 -7.7209400449e-02 )	
483	( -1.0349054382e-01 8.7494421185e-02 -7.7209384498e-02 )	
484	( -1.0349063285e-01 8.7494452002e-02 -7.7209367585e-02 )	
485	( -1.0349072074e-01 8.7494482484e-02 -7.7209349868e-02 )	
486	( -1.0349080708e-01 8.7494512496e-02 -7.7209331472e-02 )	
487	( -1.0349089138e-01 8.7494541853e-02 -7.7209312550e-02 )	
488	( -1.0349097328e-01 8.7494570440e-02 -7.7209293223e-02 )	
489	( -1.0349105235e-01 8.7494598091e-02 -7.7209273637e-02 )	
490	( -1.0349112830e-01 8.7494624713e-02 -7.7209253905e-02 )	
491	( -1.0349120077e-01 8.7494650165e-02 -7.7209234165e-02 )	
492	( -1.0349126954e-01 8.7494674377e-02 -7.7209214519e-02 )	
493	( -1.0349133431e-01 8.7494697231e-02 -7.7209195093e-02 )	
494	( -1.0349139483e-01 8.7494718634e-02 -7.7209175996e-02 )	
495	( -1.0349145115e-01 8.7494738623e-02 -7.7209157292e-02 )	
496	( -1.0349150295e-01 8.7494757059e-02 -7.7209139096e-02 )	
497	( -1.0349155012e-01 8.7494773902e-02 -7.7209121502e-02 )	
498	( -1.0349159265e-01 8.7494789152e-02 -7.7209104569e-02 )	
499	( -1.0349163044e-01 8.7494802766e-02 -7.7209088382e-02 )	
500	( -1.0349166355e-01 8.7494814764e-02 -7.7209072987e-02 )	
501	( -1.0349169194e-01 8.7494825120e-02 -7.7209058453e-02 )	
502	( -1.0349171570e-01 8.7494833875e-02 -7.7209044811e-02 )	
503	( -1.0349173486e-01 8.7494841023e-02 -7.7209032116e-02 )	
504	( -1.0349174956e-01 8.7494846623e-02 -7.7209020385e-02 )	
505	( -1.0349175987e-01 8.7494850686e-02 -7.7209009655e-02 )	
506	( -1.0349176599e-01 8.7494853285e-02 -7.7208999930e-02 )	
507	( -1.0349176803e-01 8.7494854446e-02 -7.7208991234e-02 )	
508	( -1.0349176620e-01 8.7494854255e-02 -7.7208983558e-02 )	
509	( -1.0349176065e-01 8.7494852750e-02 -7.7208976911e-02 )	
510	( -1.0349175164e-01 8.7494850028e-02 -7.7208971273e-02 )	
511	( -1.0349173933e-01 8.7494846135e-02 -7.7208966641e-02 )	
512	( -1.0349172401e-01 8.7494841176e-02 -7.7208962984e-02 )	
513	( -1.0349170585e-01 8.7494835205e-02 -7.7208960289e-02 )	
514	( -1.0349168514e-01 8.7494828331e-02 -7.7208958516e-02 )	
515	( -1.0349166208e-01 8.7494820613e-02 -7.7208957641e-02 )	
516	( -1.0349163697e-01 8.7494812159e-02 -7.7208957618e-02 )	
517	( -1.0349161001e-01 8.7494803032e-02 -7.7208958417e-02 )	
518	( -1.0349158148e-01 8.7494793342e-02 -7.7208959983e-02 )	
519	( -1.0349155160e-01 8.7494783151e-02 -7.7208962283e-02 )	
520	( -1.0349152063e-01 8.7494772564e-02 -7.7208965256e-02 )	
521	( -1.0349148878e-01 8.7494761641e-02 -7.7208968864e-02 )	
522	( -1.0349145633e-01 8.7494750488e-02 -7.7208973044e-02 )	
523	( -1.0349142344e-01 8.7494739158e-02 -7.7208977757e-02 )	
524	( -1.0349139038e-01 8.7494727748e-02 -7.7208982938e-02 )	
525	( -1.0349135731e-01 8.7494716309e-02 -7.7208988544e-02 )	
526	( -1.0349132446e-01 8.7494704932e-02 -7.7208994514e-02 )	
527	( -1.0349129198e-01 8.7494693660e-02 -7.7209000803e-02 )	
528	( -1.0349126009e-01 8.7494682575e-02 -7.7209007350e-02 )	
529	( -1.0349122890e-01 8.7494671714e-02 -7.7209014116e-02 )	
530	( -1.0349119860e-01 8.7494661149e-02 -7.7209021038e-02 )	
531	( -1.0349116930e-01 8.7494650910e-02 -7.7209028081e-02 )	
532	( -1.0349114115e-01 8.7494641061e-02 -7.7209035186e-02 )	
533	( -1.0349111422e-01 8.7494631621e-02 -7.7209042319e-02 )	
534	( -1.0349108866e-01 8.7494622646e-02 -7.7209049428e-02 )	
535	( -1.0349106450e-01 8.7494614147e-02 -7.7209056482e-02 )	
536	( -1.0349104187e-01 8.7494606169e-02 -7.7209063433e-02 )	
537	( -1.0349102077e-01 8.7494598715e-02 -7.7209070255e-02 )	
538	( -1.0349100131e-01 8.7494591823e-02 -7.7209076905e-02 )	
539	( -1.0349098347e-01 8.7494585487e-02 -7.7209083363e-02 )	
540	( -1.0349096732e-01 8.7494579735e-02 -7.7209089590e-02 )	
541	( -1.0349095283e-01 8.7494574554e-02 -7.7209095571e-02 )	
542	( -1.0349094014e-01 8.7494570004e-02 -7.7209101255e-02 )	
543	( -1.0349092896e-01 8.7494565959e-02 -7.7209106679e-02 )	
544	( -1.0349091951e-01 8.7494562524e-02 -7.7209111781e-02 )	
545	( -1.0349091169e-01 8.7494559652e-02 -7.7209116559e-02 )	
546	( -1.0349090549e-01 8.7494557347e-02 -7.7209120995e-02 )	
547	( -1.0349090083e-01 8.7494555578e-02 -7.7209125089e-02 )	
548	( -1.0349089771e-01 8.7494554344e-02 -7.7209128824e-02 )	
549	( -1.0349089602e-01 8.7494553612e-02 -7.7209132205e-02 )	
550	( -1.0349089575e-01 8.7494553377e-02 -7.7209135221e-02 )	
551	( -1.0349089680e-01 8.7494553599e-02 -7.7209137881e-02 )	
552	( -1.0349089912e-01 8.7494554273e-02 -7.7209140177e-02 )	
553	( -1.0349090262e-01 8.7494555356e-02 -7.7209142122e-02 )	
554	( -1.0349090724e-01 8.7494556839e-02 -7.7209143714e-02 )	
555	( -1.0349091288e-01 8.7494558676e-02 -7.7209144968e-02 )	
556	( -1.0349091948e-01 8.7494560857e-02 -7.7209145885e-02 )	
557	( -1.0349092693e-01 8.7494563337e-02 -7.7209146484e-02 )	
558	( -1.0349093517e-01 8.7494566102e-02 -7.7209146769e-02 )	
559	( -1.0349094410e-01 8.7494569109e-02 -7.7209146760e-02 )	
560	( -1.0349095365e-01 8.7494572343e-02 -7.7209146464e-02 )	
561	( -1.0349096372e-01 8.7494575760e-02 -7.7209145904e-02 )	
562	( -1.0349097424e-01 8.7494579347e-02 -7.7209145087e-02 )	
563	( -1.0349098512e-01 8.7494583060e-02 -7.7209144038e-02 )	
564	( -1.0349099630e-01 8.7494586887e-02 -7.7209142767e-02 )	
565	( -1.0349100767e-01 8.7494590786e-02 -7.7209141299e-02 )	
566	( -1.0349101918e-01 8.7494594746e-02 -7.7209139643e-02 )	
567	( -1.0349103075e-01 8.7494598727e-02 -7.7209137826e-02 )	
568	( -1.0349104232e-01 8.7494602720e-02 -7.7209135858e-02 )	
569	( -1.0349105381e-01 8.7494606688e-02 -7.7209133765e-02 )	
570	( -1.0349106518e-01 8.7494610623e-02 -7.7209131556e-02 )	
571	( -1.0349107634e-01 8.7494614491e-02 -7.7209129257e-02 )	
572	( -1.0349108727e-01 8.7494618287e-02 -7.7209126879e-02 )	
573	( -1.0349109788e-01 8.7494621978e-02 -7.7209124446e-02 )	
574	( -1.0349110817e-01 8.7494625563e-02 -7.7209121966e-02 )	
575	( -1.0349111807e-01 8.7494629013e-02 -7.7209119464e-02 )	
576	( -1.0349112755e-01 8.7494632328e-02 -7.7209116947e-02 )	
577	( -1.0349113656e-01 8.7494635482e-02 -7.7209114437e-02 )	
578	( -1.0349114510e-01 8.7494638479e-02 -7.7209111942e-02 )	
579	( -1.0349115312e-01 8.7494641296e-02 -7.7209109481e-02 )	
580	( -1.0349116056e-01 8.7494643917e-02 -7.7209107066e-02 )	
581	( -1.0349116752e-01 8.7494646378e-02 -7.7209104701e-02 )	
582	( -1.0349117391e-01 8.7494648643e-02 -7.7209102401e-02 )	
583	( -1.0349117971e-01 8.7494650702e-02 -7.7209100181e-02 )	
584	( -1.0349118493e-01 8.7494652567e-02 -7.7209098044e-02 )	
585	( -1.0349118957e-01 8.7494654226e-02 -7.7209096003e-02 )	
586	( -1.0349119363e-01 8.7494655691e-02 -7.7209094059e-02 )	
587	( -1.0349119710e-01 8.7494656950e-02 -7.7209092226e-02 )	
588	( -1.0349120001e-01 8.7494658018e-02 -7.7209090502e-02 )	
589	( -1.0349120236e-01 8.7494658886e-02 -7.7209088898e-02 )	
590	( -1.0349120416e-01 8.7494659570e-02 -7.7209087412e-02 )	
591	( -1.0349120542e-01 8.7494660063e-02 -7.7209086052e-02 )	
592	( -1.0349120618e-01 8.7494660382e-02 -7.7209084815e-02 )	
593	( -1.0349120643e-01 8.7494660522e-02 -7.7209083709e-02 )	
594	( -1.0349120622e-01 8.7494660502e-02 -7.7209082726e-02 )	
595	( -1.0349120554e-01 8.7494660319e-02 -7.7209081874e-02 )	
596	( -1.0349120445e-01 8.7494659990e-02 -7.7209081145e-02 )	
597	( -1.0349120294e-01 8.7494659515e-02 -7.7209080543e-02 )	
598	( -1.0349120107e-01 8.7494658913e-02 -7.7209080061e-02 )	
599	( -1.0349119884e-01 8.7494658183e-02 -7.7209079702e-02 )	
600	( -1.0349119630e-01 8.7494657346e-02 -7.7209079455e-02 )	
601	( -1.0349119346e-01 8.7494656400e-02 -7.7209079323e-02 )	
