# Time           	e423_0           
1	2.7983144404e-17	
2	-7.0101769796e-18	
3	4.7869431330e-19	
4	1.8914908209e-19	
5	-6.3150275910e-20	
6	-4.0350658580e-19	
7	-7.3054198483e-19	
8	-9.3890733325e-19	
9	-1.1234943687e-18	
10	-1.0299012572e-18	
11	-5.9379249606e-19	
12	-2.8223778640e-19	
13	-4.3066326722e-19	
14	-4.4148379118e-19	
15	-4.6114114505e-19	
16	-4.7619454503e-19	
17	-4.9550150995e-19	
18	-5.0899915984e-19	
19	-5.2529319856e-19	
20	-5.3652944644e-19	
21	-5.5119394473e-19	
22	-5.6185571734e-19	
23	-5.7683082507e-19	
24	-5.8846044104e-19	
25	-6.0470782443e-19	
26	-6.1768479870e-19	
27	-6.3472675113e-19	
28	-6.4816007799e-19	
29	-6.6520006092e-19	
30	-6.7863880635e-19	
31	-6.9559333094e-19	
32	-7.0850897866e-19	
33	-7.2491907203e-19	
34	-7.3747071284e-19	
35	-6.1554989706e-19	
36	-2.2310871356e-19	
37	1.0770812764e-19	
38	-7.2809594212e-20	
39	-8.0777208813e-20	
40	-9.4378422139e-20	
41	-1.0385078425e-19	
42	-3.9687292934e-19	
43	-6.3490813854e-19	
44	-8.0448392076e-19	
45	-9.5886673728e-19	
46	-8.8483226809e-19	
47	-8.9599249630e-19	
48	-9.0453902246e-19	
49	-9.1508196884e-19	
50	-9.2345982438e-19	
51	-9.3399987881e-19	
52	-9.4267644447e-19	
53	-9.5319807390e-19	
54	-9.6174681962e-19	
55	-1.0249515648e-18	
56	-1.2753886304e-18	
57	-1.9165534066e-18	
58	-1.7761954388e-18	
59	-1.7411648028e-18	
60	-1.7501050615e-18	
61	-1.7625250642e-18	
62	-1.0600211021e-18	
63	-8.5678417609e-19	
64	-1.0476106968e-18	
65	-1.0318751738e-18	
66	-1.0147486575e-18	
67	-1.0102297779e-18	
68	-9.9522590901e-19	
69	-9.6256479836e-19	
70	-9.4187615117e-19	
71	-9.6055649353e-19	
72	-9.2040777622e-19	
73	-8.8857916958e-19	
74	-8.7449727023e-19	
75	-8.6439791869e-19	
76	-8.8034820544e-19	
77	-9.7545019112e-19	
78	-1.0463508579e-18	
79	-1.1317550812e-18	
80	-1.2298098550e-18	
81	-1.2038051091e-18	
82	-1.2036144201e-18	
83	-1.2114858479e-18	
84	-1.2186366720e-18	
85	-1.2263137698e-18	
86	-1.2334711764e-18	
87	-1.2410046821e-18	
88	-1.2480838589e-18	
89	-1.2555017373e-18	
90	-1.2625104026e-18	
91	-1.2696918916e-18	
92	-1.2764205405e-18	
93	-1.2834713103e-18	
94	-1.2904953304e-18	
95	-1.2976433444e-18	
96	-1.3044612757e-18	
97	-1.3114328843e-18	
98	-1.3180364471e-18	
99	-1.3247628869e-18	
100	-1.3312055659e-18	
101	-1.3377622293e-18	
102	-1.3440825315e-18	
103	-1.3506085918e-18	
104	-1.3569483807e-18	
105	-1.3051339016e-18	
106	-1.1512123200e-18	
107	-1.0690800478e-18	
108	-9.9689500651e-19	
109	-9.3645593904e-19	
110	-8.7985093073e-19	
111	-8.1601380103e-19	
112	-8.6389959086e-19	
113	-8.6688179526e-19	
114	-8.6992224149e-19	
115	-8.7310662597e-19	
116	-8.7612264075e-19	
117	-9.2527187206e-19	
118	-9.9446039828e-19	
119	-1.0402609377e-18	
120	-1.0747361458e-18	
121	-1.1109349914e-18	
122	-1.1471463758e-18	
123	-1.1758472403e-18	
124	-1.2137850942e-18	
125	-1.2632484446e-18	
126	-1.3132340020e-18	
127	-1.3596389347e-18	
128	-1.3905602244e-18	
129	-1.4137870343e-18	
130	-1.4379437318e-18	
131	-1.4590152329e-18	
132	-1.4837689441e-18	
133	-1.4982816936e-18	
134	-1.5086153891e-18	
135	-1.5234557494e-18	
136	-1.5384723648e-18	
137	-1.5358123613e-18	
138	-1.5395708909e-18	
139	-1.5436582956e-18	
140	-1.5476144422e-18	
141	-1.5515809264e-18	
142	-1.5555331594e-18	
143	-1.5595396000e-18	
144	-1.5634700991e-18	
145	-1.5674049268e-18	
146	-1.5712673916e-18	
147	-1.5749376151e-18	
148	-1.5784124259e-18	
149	-1.5817608238e-18	
150	-1.5850097341e-18	
151	-1.5881818463e-18	
152	-1.5912407370e-18	
153	-1.5942654915e-18	
154	-1.5971956142e-18	
155	-1.6001225718e-18	
156	-1.6029763637e-18	
157	-1.6058197695e-18	
158	-1.6086393256e-18	
159	-1.6114359282e-18	
160	-1.6141566277e-18	
161	-1.6168724084e-18	
162	-1.6195158608e-18	
163	-1.6221934665e-18	
164	-1.6247794521e-18	
165	-1.6273469100e-18	
166	-1.6297871976e-18	
167	-1.6322130717e-18	
168	-1.6345780552e-18	
169	-1.6370111908e-18	
170	-1.6392714454e-18	
171	-1.6416090744e-18	
172	-1.6437868629e-18	
173	-1.6460311282e-18	
174	-1.6481176105e-18	
175	-1.6502694812e-18	
176	-1.6522748024e-18	
177	-1.6543335847e-18	
178	-1.6562532988e-18	
179	-1.6582298517e-18	
180	-1.6600932992e-18	
181	-1.6620419880e-18	
182	-1.6639089940e-18	
183	-1.6658259245e-18	
184	-1.6676512232e-18	
185	-1.6695492812e-18	
186	-1.6713570553e-18	
187	-1.6731989719e-18	
188	-1.6749770206e-18	
189	-1.6767915641e-18	
190	-1.6785246420e-18	
191	-1.6802335164e-18	
192	-1.6818699202e-18	
193	-1.6834623962e-18	
194	-1.6849976045e-18	
195	-1.6864734707e-18	
196	-1.6878324289e-18	
197	-1.6891664628e-18	
198	-1.6904458061e-18	
199	-1.6916874243e-18	
200	-1.6928692946e-18	
201	-1.6940146398e-18	
202	-1.6950980864e-18	
203	-1.6961493188e-18	
204	-1.6971392556e-18	
205	-1.6980833978e-18	
206	-1.6989610631e-18	
207	-1.6997877232e-18	
208	-1.7005498511e-18	
209	-1.7012746588e-18	
210	-1.7019464560e-18	
211	-1.7026004262e-18	
212	-1.7032021058e-18	
213	-1.7037515450e-18	
214	-1.7042233338e-18	
215	-1.7046599011e-18	
216	-1.7050346804e-18	
217	-1.7053522783e-18	
218	-1.7056015034e-18	
219	-1.7058134976e-18	
220	-1.7059786709e-18	
221	-1.7061084397e-18	
222	-1.7061538085e-18	
223	-1.7061680686e-18	
224	-1.7061331825e-18	
225	-1.7060498208e-18	
226	-1.7059310927e-18	
227	-1.7057617669e-18	
228	-1.7055360159e-18	
229	-1.7052757181e-18	
230	-1.7049443862e-18	
231	-1.7045652284e-18	
232	-1.7041356414e-18	
233	-1.7036673705e-18	
234	-1.7031526029e-18	
235	-1.7026034223e-18	
236	-1.7020101082e-18	
237	-1.7013589590e-18	
238	-1.7006510462e-18	
239	-1.6999209135e-18	
240	-1.6991340663e-18	
241	-1.6982942027e-18	
242	-1.6973981727e-18	
243	-1.6964551842e-18	
244	-1.6954703656e-18	
245	-1.6944712883e-18	
246	-1.6933883230e-18	
247	-1.6923109643e-18	
248	-1.6911745964e-18	
249	-1.6900176973e-18	
250	-1.6888446314e-18	
251	-1.6876589421e-18	
252	-1.6864260884e-18	
253	-1.6851544602e-18	
254	-1.6838295896e-18	
255	-1.6824678725e-18	
256	-1.6811051370e-18	
257	-1.6797228910e-18	
258	-1.6782759728e-18	
259	-1.6768224271e-18	
260	-1.6753469123e-18	
261	-1.6738049561e-18	
262	-1.6722482763e-18	
263	-1.6706354143e-18	
264	-1.6689892591e-18	
265	-1.6672908263e-18	
266	-1.6655451105e-18	
267	-1.6637745248e-18	
268	-1.6619738155e-18	
269	-1.6601596700e-18	
270	-1.6582507298e-18	
271	-1.6563085319e-18	
272	-1.6543510627e-18	
273	-1.6523564597e-18	
274	-1.6503134726e-18	
275	-1.6482295019e-18	
276	-1.6461303598e-18	
277	-1.6439484230e-18	
278	-1.6417651190e-18	
279	-1.6395613655e-18	
280	-1.6373499232e-18	
281	-1.6350952472e-18	
282	-1.6327982143e-18	
283	-1.6304842918e-18	
284	-1.6281110898e-18	
285	-1.6256691074e-18	
286	-1.6231822901e-18	
287	-1.6206717982e-18	
288	-1.6181430668e-18	
289	-1.6155594978e-18	
290	-1.6129515927e-18	
291	-1.6103197165e-18	
292	-1.6076309032e-18	
293	-1.6049210935e-18	
294	-1.6021579273e-18	
295	-1.5993539353e-18	
296	-1.5964739792e-18	
297	-1.5935570895e-18	
298	-1.5905986017e-18	
299	-1.5876145509e-18	
300	-1.5845931873e-18	
301	-1.5815327913e-18	
302	-1.5784022683e-18	
303	-1.5751912214e-18	
304	-1.5720219916e-18	
305	-1.5688705091e-18	
306	-1.5656750451e-18	
307	-1.5623971626e-18	
308	-1.5590923361e-18	
309	-1.5557020610e-18	
310	-1.5522905109e-18	
311	-1.5488795026e-18	
312	-1.5454175433e-18	
313	-1.5419190111e-18	
314	-1.5383873782e-18	
315	-1.5348144490e-18	
316	-1.5312258323e-18	
317	-1.5276254292e-18	
318	-1.5240318939e-18	
319	-1.5204107409e-18	
320	-1.5167708919e-18	
321	-1.5131168105e-18	
322	-1.5094413820e-18	
323	-1.5057347471e-18	
324	-1.5020241064e-18	
325	-1.4982939038e-18	
326	-1.4945550509e-18	
327	-1.4908383976e-18	
328	-1.4870925518e-18	
329	-1.4833259114e-18	
330	-1.4794743092e-18	
331	-1.4756376826e-18	
332	-1.4718031418e-18	
333	-1.4679869755e-18	
334	-1.4640947201e-18	
335	-1.4602735206e-18	
336	-1.4563709871e-18	
337	-1.4524984856e-18	
338	-1.4485380152e-18	
339	-1.4445882957e-18	
340	-1.4406106517e-18	
341	-1.4367195723e-18	
342	-1.4328379207e-18	
343	-1.4289742035e-18	
344	-1.4250445898e-18	
345	-1.4210824599e-18	
346	-1.4170519981e-18	
347	-1.4130055853e-18	
348	-1.3996001770e-18	
349	-1.3456690190e-18	
350	-1.3203517263e-18	
351	-1.3117500378e-18	
352	-1.2898804389e-18	
353	-1.2644570413e-18	
354	-1.2488929777e-18	
355	-1.2366552031e-18	
356	-1.2276634514e-18	
357	-1.2199639056e-18	
358	-1.2095944469e-18	
359	-1.1977036434e-18	
360	-1.1858834983e-18	
361	-1.1696443321e-18	
362	-1.1528165759e-18	
363	-1.1379532328e-18	
364	-1.1269702930e-18	
365	-1.1047200913e-18	
366	-1.0741493191e-18	
367	-1.0371439185e-18	
368	-9.9389706719e-19	
369	-9.4328386761e-19	
370	-9.0839058317e-19	
371	-8.7132571145e-19	
372	-8.3899799798e-19	
373	-8.0666277235e-19	
374	-7.7220540650e-19	
375	-7.8634567915e-19	
376	-7.8609214241e-19	
377	-7.8398967988e-19	
378	-7.8191332987e-19	
379	-7.7975835584e-19	
380	-7.7772838975e-19	
381	-7.7576508133e-19	
382	-7.7372803842e-19	
383	-7.7176365940e-19	
384	-7.6986774747e-19	
385	-7.6802310842e-19	
386	-7.6623474200e-19	
387	-7.6450072680e-19	
388	-7.6289352107e-19	
389	-7.6134896031e-19	
390	-7.5984114305e-19	
391	-7.5835288313e-19	
392	-7.5689759726e-19	
393	-7.5547921966e-19	
394	-7.5412793074e-19	
395	-7.5286221163e-19	
396	-7.5165987068e-19	
397	-7.5049631935e-19	
398	-7.4938790071e-19	
399	-7.4831782101e-19	
400	-7.4718836256e-19	
401	-7.4607233004e-19	
402	-7.4500570652e-19	
403	-7.4398488731e-19	
404	-7.4300267296e-19	
405	-7.4204153812e-19	
406	-7.4108753789e-19	
407	-7.4011503443e-19	
408	-7.3913391517e-19	
409	-7.3814941668e-19	
410	-7.3717026627e-19	
411	-7.3622246844e-19	
412	-7.3531282726e-19	
413	-7.6950490406e-19	
414	-7.9983841503e-19	
415	-8.3317443007e-19	
416	-8.6879842766e-19	
417	-9.0768770950e-19	
418	-9.5094981409e-19	
419	-9.7372017374e-19	
420	-9.8765540664e-19	
421	-1.0047361898e-18	
422	-1.0230767305e-18	
423	-1.0422779564e-18	
424	-1.0632265012e-18	
425	-1.0845709408e-18	
426	-1.1066195737e-18	
427	-1.1299135897e-18	
428	-1.1550548588e-18	
429	-1.1790767150e-18	
430	-1.1835097335e-18	
431	-1.1733826065e-18	
432	-1.1723116400e-18	
433	-1.1712694478e-18	
434	-1.1702472446e-18	
435	-1.1692663032e-18	
436	-1.1683398801e-18	
437	-1.1674391450e-18	
438	-1.1665642748e-18	
439	-1.1657142658e-18	
440	-1.1648926408e-18	
441	-1.1641086213e-18	
442	-1.1633606782e-18	
443	-1.1626635496e-18	
444	-1.1619855854e-18	
445	-1.1613539673e-18	
446	-1.1607677887e-18	
447	-1.1602731060e-18	
448	-1.1598086181e-18	
449	-1.1593923927e-18	
450	-1.1590104344e-18	
451	-1.1586853948e-18	
452	-1.1583841647e-18	
453	-1.1581290306e-18	
454	-1.1579238755e-18	
455	-1.1577815474e-18	
456	-1.1576898009e-18	
457	-1.1576298762e-18	
458	-1.1576409477e-18	
459	-1.1576964778e-18	
460	-1.1577831377e-18	
461	-1.1579138769e-18	
462	-1.1580970360e-18	
463	-1.1583228355e-18	
464	-1.1585757603e-18	
465	-1.1588397798e-18	
466	-1.1591220984e-18	
467	-1.1594253195e-18	
468	-1.1597475762e-18	
469	-1.1600867576e-18	
470	-1.1604397753e-18	
471	-1.1608051969e-18	
472	-1.1611762607e-18	
473	-1.1615655293e-18	
474	-1.1619677036e-18	
475	-1.1623803488e-18	
476	-1.1627907656e-18	
477	-1.1632086580e-18	
478	-1.1636249525e-18	
479	-1.1640500009e-18	
480	-1.1644931327e-18	
481	-1.1649743768e-18	
482	-1.1654259218e-18	
483	-1.1659086488e-18	
484	-1.1664352160e-18	
485	-1.1669973113e-18	
486	-1.1675883358e-18	
487	-1.1682036006e-18	
488	-1.1688501455e-18	
489	-1.1695381416e-18	
490	-1.1702575569e-18	
491	-1.1709957178e-18	
492	-1.1717510268e-18	
493	-1.1725276983e-18	
494	-1.1733839777e-18	
495	-1.1742850793e-18	
496	-1.1751918488e-18	
497	-1.1761072384e-18	
498	-1.1770544156e-18	
499	-1.1780312954e-18	
500	-1.1790177119e-18	
501	-1.1800217630e-18	
502	-1.1810596927e-18	
503	-1.1820929778e-18	
504	-1.1831806628e-18	
505	-1.1843205163e-18	
506	-1.1854601592e-18	
507	-1.1866323507e-18	
508	-1.1877899896e-18	
509	-1.1889573703e-18	
510	-1.1901619720e-18	
511	-1.1913866080e-18	
512	-1.1926317790e-18	
513	-1.1939114466e-18	
514	-1.1952119825e-18	
515	-1.1965362574e-18	
516	-1.1978746747e-18	
517	-1.1992303940e-18	
518	-1.2005986017e-18	
519	-1.2019782804e-18	
520	-1.2033647912e-18	
521	-1.2047542657e-18	
522	-1.2061490158e-18	
523	-1.2075581773e-18	
524	-1.2089814463e-18	
525	-1.2104147229e-18	
526	-1.2118473031e-18	
527	-1.2133041326e-18	
528	-1.2147768461e-18	
529	-1.2162478895e-18	
530	-1.2177173346e-18	
531	-1.2192061413e-18	
532	-1.2206969757e-18	
533	-1.2221964869e-18	
534	-1.2237000177e-18	
535	-1.2252180735e-18	
536	-1.2267372727e-18	
537	-1.2282666259e-18	
538	-1.2298015384e-18	
539	-1.2313481001e-18	
540	-1.2329160476e-18	
541	-1.2344978264e-18	
542	-1.2361099651e-18	
543	-1.2377322827e-18	
544	-1.2393593981e-18	
545	-1.2409954823e-18	
546	-1.2426316086e-18	
547	-1.2442645529e-18	
548	-1.2458947608e-18	
549	-1.2475258637e-18	
550	-1.2491559758e-18	
551	-1.2507912701e-18	
552	-1.2524257305e-18	
553	-1.2540674364e-18	
554	-1.2557099970e-18	
555	-1.2573547902e-18	
556	-1.2589839028e-18	
557	-1.2605945487e-18	
558	-1.2622045999e-18	
559	-1.2638076297e-18	
560	-1.2588499021e-18	
561	-1.2243711062e-18	
562	-1.1997609669e-18	
563	-1.1765017062e-18	
564	-1.1539960284e-18	
565	-1.1322049049e-18	
566	-1.1097456467e-18	
567	-1.0874653389e-18	
568	-1.0664949346e-18	
569	-1.0466976084e-18	
570	-1.0286108554e-18	
571	-1.0092184660e-18	
572	-9.8970559035e-19	
573	-9.7229050751e-19	
574	-9.5494245564e-19	
575	-9.3851058291e-19	
576	-9.1910253571e-19	
577	-8.8649619513e-19	
578	-8.5113075176e-19	
579	-8.1255498832e-19	
580	-7.7626483234e-19	
581	-7.7378929411e-19	
582	-7.8504868440e-19	
583	-7.8548529540e-19	
584	-7.8599356438e-19	
585	-7.8654002634e-19	
586	-7.8708713339e-19	
587	-7.8763760057e-19	
588	-7.8817804317e-19	
589	-7.8872015670e-19	
590	-7.8925688339e-19	
591	-7.8979898147e-19	
592	-7.9034130066e-19	
593	-7.9088702404e-19	
594	-7.9143219708e-19	
595	-7.9198368803e-19	
596	-7.9253812560e-19	
597	-7.9309973870e-19	
598	-7.9366516204e-19	
599	-7.9424147950e-19	
600	-7.9482628828e-19	
601	-7.9542314231e-19	
602	-7.9602931946e-19	
603	-7.9664815468e-19	
604	-7.9727542182e-19	
605	-7.9791305388e-19	
606	-7.9855834960e-19	
607	-7.9921110051e-19	
608	-7.9986880299e-19	
609	-8.0053172788e-19	
610	-8.0120059714e-19	
611	-8.0187554652e-19	
612	-8.0255501941e-19	
613	-8.0324022442e-19	
614	-8.0392916833e-19	
615	-8.0461977410e-19	
616	-8.0530991761e-19	
617	-8.0599674617e-19	
618	-8.0666644438e-19	
619	-8.0729940895e-19	
620	-8.0791592567e-19	
621	-8.0852833678e-19	
622	-8.0913540583e-19	
623	-8.0973687620e-19	
624	-8.1033242372e-19	
625	-8.1092156079e-19	
626	-8.1150054842e-19	
627	-8.1206972021e-19	
628	-8.1266491695e-19	
629	-8.1327460164e-19	
630	-8.1387388725e-19	
631	-8.1446305724e-19	
632	-8.1504359426e-19	
633	-8.1562085476e-19	
634	-8.1619947571e-19	
635	-8.1680047137e-19	
636	-8.1738325353e-19	
637	-8.1794676222e-19	
638	-8.1849095443e-19	
639	-8.1902190301e-19	
640	-8.1954303101e-19	
641	-8.2005233846e-19	
642	-8.2054849258e-19	
643	-8.2103605252e-19	
644	-8.2150920879e-19	
645	-8.2194693403e-19	
646	-8.2236549802e-19	
647	-8.2277609783e-19	
648	-8.2317565793e-19	
649	-8.2356500034e-19	
650	-8.2394850123e-19	
651	-8.2431884606e-19	
652	-8.2467459688e-19	
653	-8.3490435736e-19	
654	-8.4850372341e-19	
655	-8.5828662301e-19	
656	-8.6761350062e-19	
657	-8.7656132515e-19	
658	-8.8504933151e-19	
659	-8.9312775403e-19	
660	-9.0080656838e-19	
661	-9.0781132748e-19	
662	-9.1424038420e-19	
663	-9.2080121720e-19	
664	-9.2696544738e-19	
665	-9.3288027289e-19	
666	-9.3861345020e-19	
667	-9.4426127996e-19	
668	-9.4985151750e-19	
669	-9.5536278326e-19	
670	-9.6051971371e-19	
671	-9.6453525807e-19	
672	-9.6880412557e-19	
673	-9.7313240932e-19	
674	-9.7732543806e-19	
675	-9.8151237263e-19	
676	-9.8564472727e-19	
677	-9.8966379809e-19	
678	-9.9365545609e-19	
679	-9.9758227040e-19	
680	-1.0015276245e-18	
681	-1.0054996964e-18	
682	-1.0094897785e-18	
683	-1.0135433707e-18	
684	-1.0175850744e-18	
685	-1.0216785885e-18	
686	-1.0257197241e-18	
687	-1.0297409408e-18	
688	-1.0338080279e-18	
689	-1.0373553567e-18	
690	-1.0406434976e-18	
691	-1.0437373727e-18	
692	-1.0467908406e-18	
693	-1.0497551175e-18	
694	-1.0526147346e-18	
695	-1.0553823279e-18	
696	-1.0580732597e-18	
697	-1.0607076050e-18	
698	-1.0632706612e-18	
699	-1.0657477409e-18	
700	-1.0681536507e-18	
701	-1.0703663922e-18	
702	-1.0723755724e-18	
703	-1.0741720044e-18	
704	-1.0758458596e-18	
705	-1.0774715980e-18	
706	-1.0791241367e-18	
707	-1.0813227942e-18	
708	-1.0838990439e-18	
709	-1.0865536782e-18	
710	-1.0891746679e-18	
711	-1.0916980544e-18	
712	-1.0941174597e-18	
713	-1.0964038476e-18	
714	-1.0985908283e-18	
715	-1.1006843377e-18	
716	-1.1026634723e-18	
717	-1.1046199616e-18	
718	-1.1064934512e-18	
719	-1.1082904917e-18	
720	-1.1101080195e-18	
721	-1.1119135664e-18	
722	-1.1137365594e-18	
723	-1.1155189389e-18	
724	-1.1169010574e-18	
725	-1.1183208789e-18	
726	-1.1198798025e-18	
727	-1.1214572515e-18	
728	-1.1230551285e-18	
729	-1.1246358026e-18	
730	-1.1261675594e-18	
731	-1.1278576901e-18	
732	-1.1295504406e-18	
733	-1.1312982222e-18	
734	-1.1329546868e-18	
735	-1.1345575302e-18	
736	-1.1360144471e-18	
737	-1.1374396544e-18	
738	-1.1387064322e-18	
739	-1.1398087471e-18	
740	-1.1407642485e-18	
741	-1.1415716015e-18	
742	-1.1422211745e-18	
743	-1.1427287581e-18	
744	-1.1431368007e-18	
745	-1.1433544104e-18	
746	-1.1433758671e-18	
747	-1.1432346512e-18	
748	-1.1428811889e-18	
749	-1.1422985446e-18	
750	-1.1414868738e-18	
751	-1.1404357372e-18	
752	-1.1392305515e-18	
753	-1.1377700834e-18	
754	-1.1361735571e-18	
755	-1.1344428905e-18	
756	-1.1326554228e-18	
757	-1.1307137599e-18	
758	-1.1285615576e-18	
759	-1.1261883019e-18	
760	-1.1236455396e-18	
761	-1.1209333240e-18	
762	-1.1183224000e-18	
763	-1.1156278779e-18	
764	-1.1128597302e-18	
765	-1.1101190834e-18	
766	-1.1073386280e-18	
767	-1.1045138692e-18	
768	-1.1016796322e-18	
769	-1.0988790797e-18	
770	-1.0960701731e-18	
771	-1.0932343669e-18	
772	-1.0903965913e-18	
773	-1.0875925725e-18	
774	-1.0848209204e-18	
775	-1.0821220184e-18	
776	-1.0794509039e-18	
777	-1.0768269311e-18	
778	-1.0742641950e-18	
779	-1.0717384022e-18	
780	-1.0692301879e-18	
781	-1.0667926669e-18	
782	-1.0651255465e-18	
783	-1.0638997034e-18	
784	-1.0627303219e-18	
785	-1.0615314782e-18	
786	-1.0604192789e-18	
787	-1.0593100297e-18	
788	-1.0582621621e-18	
789	-1.0571138022e-18	
790	-1.0559602890e-18	
791	-1.0547458315e-18	
792	-1.0535075706e-18	
793	-1.0521965464e-18	
794	-1.0507125826e-18	
795	-1.0492692678e-18	
796	-1.0477377180e-18	
797	-1.0461590270e-18	
798	-1.0444307079e-18	
799	-1.0426844043e-18	
800	-1.0408521884e-18	
801	-1.0388048290e-18	
802	-1.0366460404e-18	
803	-1.0344280395e-18	
804	-1.0320450978e-18	
805	-1.0294774361e-18	
806	-1.0266905857e-18	
807	-1.0237138090e-18	
808	-1.0203793485e-18	
809	-1.0169449962e-18	
810	-1.0127822841e-18	
811	-1.0088143568e-18	
812	-1.0046155498e-18	
813	-1.0001816016e-18	
814	-9.9484854597e-19	
815	-9.8653193862e-19	
816	-9.7832879544e-19	
817	-9.6999792086e-19	
818	-9.6067437426e-19	
819	-9.5083873471e-19	
820	-9.4013021510e-19	
821	-9.2886417808e-19	
822	-9.1681938406e-19	
823	-9.0429200627e-19	
824	-8.9148278717e-19	
825	-8.7898196999e-19	
826	-8.6739708935e-19	
827	-8.5517070158e-19	
828	-8.4248000998e-19	
829	-8.2799670093e-19	
830	-8.1429411194e-19	
831	-8.1179221262e-19	
832	-8.1595502194e-19	
833	-8.1574872663e-19	
834	-8.1556042674e-19	
835	-8.1538724361e-19	
836	-8.1521423994e-19	
837	-8.1505816856e-19	
838	-8.1490425795e-19	
839	-8.1475596029e-19	
840	-8.1460048934e-19	
841	-8.1443299109e-19	
842	-8.1425005798e-19	
843	-8.1406940405e-19	
844	-8.1388550302e-19	
845	-8.1370172957e-19	
846	-8.1351265489e-19	
847	-8.1332165490e-19	
848	-8.1312300187e-19	
849	-8.1291651443e-19	
850	-8.1269534210e-19	
851	-8.1246439986e-19	
852	-8.1222265943e-19	
853	-8.1197275098e-19	
854	-8.1171550838e-19	
855	-8.1145375759e-19	
856	-8.1118510499e-19	
857	-8.1090945466e-19	
858	-8.1062493995e-19	
859	-8.1033456833e-19	
860	-8.1003735057e-19	
861	-8.0973164685e-19	
862	-8.0941560924e-19	
863	-8.0909090607e-19	
864	-8.0875761399e-19	
865	-8.0841760894e-19	
866	-8.0807310254e-19	
867	-8.0772813238e-19	
868	-8.0738404167e-19	
869	-8.0703979753e-19	
870	-8.0670162039e-19	
871	-8.0636529159e-19	
872	-8.0603675937e-19	
873	-8.0571333812e-19	
874	-8.0539966155e-19	
875	-8.0509288001e-19	
876	-8.0479582481e-19	
877	-8.0450498196e-19	
878	-8.0422715349e-19	
879	-8.0395771579e-19	
880	-8.0369855962e-19	
881	-8.0344775744e-19	
882	-8.0321049230e-19	
883	-8.0298670473e-19	
884	-8.0277628708e-19	
885	-8.0257696163e-19	
886	-8.0239196665e-19	
887	-8.0222005163e-19	
888	-8.0206158120e-19	
889	-8.0191080717e-19	
890	-8.0176974750e-19	
891	-8.0163667735e-19	
892	-8.0151011351e-19	
893	-8.0138807294e-19	
894	-8.0127138691e-19	
895	-8.0115613348e-19	
896	-8.0104148995e-19	
897	-8.0092646753e-19	
898	-8.0080870497e-19	
899	-8.0068570078e-19	
900	-8.0055692228e-19	
901	-8.0042006616e-19	
902	-8.0027461154e-19	
903	-8.0012040088e-19	
904	-7.9995669275e-19	
905	-7.9978082925e-19	
906	-7.9959303463e-19	
907	-7.9939247005e-19	
908	-7.9917787908e-19	
909	-7.9894958162e-19	
910	-7.9871051683e-19	
911	-7.9846059829e-19	
912	-7.9820035886e-19	
913	-7.9793138071e-19	
914	-7.9765448443e-19	
915	-7.9736964942e-19	
916	-7.9707857789e-19	
917	-7.9678074400e-19	
918	-7.9647721049e-19	
919	-7.9616972962e-19	
920	-7.9585843670e-19	
921	-7.9554368284e-19	
922	-7.9522699539e-19	
923	-7.9490824776e-19	
924	-7.9459407138e-19	
925	-7.9428358687e-19	
926	-7.9397226082e-19	
927	-7.9366081312e-19	
928	-7.9334949731e-19	
929	-7.9304000089e-19	
930	-7.9273230090e-19	
931	-7.9242801594e-19	
932	-7.9213003193e-19	
933	-7.9183818384e-19	
934	-7.9156280212e-19	
935	-7.9130112158e-19	
936	-7.9105087609e-19	
937	-7.9081257153e-19	
938	-7.9058680000e-19	
939	-7.9037377044e-19	
940	-7.9017806807e-19	
941	-7.8999674217e-19	
942	-7.8983610139e-19	
943	-7.8969566466e-19	
944	-7.8957542440e-19	
945	-7.8946686212e-19	
946	-7.8937688529e-19	
947	-7.8929768281e-19	
948	-7.8923145854e-19	
949	-7.8917058033e-19	
950	-7.8911986552e-19	
951	-7.8907322031e-19	
952	-7.8903295362e-19	
953	-7.8899249503e-19	
954	-7.8895621534e-19	
955	-7.8892153968e-19	
956	-7.8888736940e-19	
957	-7.8885007098e-19	
958	-7.8881238006e-19	
959	-7.8877188544e-19	
960	-7.8872990373e-19	
961	-7.8868320249e-19	
962	-7.8863237303e-19	
963	-7.8857800405e-19	
964	-7.8852166050e-19	
965	-7.8846289794e-19	
966	-7.8840309860e-19	
967	-7.8834094367e-19	
968	-7.8827599091e-19	
969	-7.8820720856e-19	
970	-7.8813675804e-19	
971	-7.8806596437e-19	
972	-7.8799563143e-19	
973	-7.8792636009e-19	
974	-7.8785875408e-19	
975	-7.8779171662e-19	
976	-7.8772503651e-19	
977	-7.8766052246e-19	
978	-7.8759889759e-19	
979	-7.8754026267e-19	
980	-7.8748520132e-19	
981	-7.8743411236e-19	
982	-7.8738634850e-19	
983	-7.8734177179e-19	
984	-7.8730379774e-19	
985	-7.8726947116e-19	
986	-7.8724296818e-19	
987	-7.8722155880e-19	
988	-7.8720833899e-19	
989	-7.8720081485e-19	
990	-7.8720246740e-19	
991	-7.8721053506e-19	
992	-7.8722723919e-19	
993	-7.8724955499e-19	
994	-7.8727875443e-19	
995	-7.8731290443e-19	
996	-7.8735384157e-19	
997	-7.8739927232e-19	
998	-7.8745050926e-19	
999	-7.8750525822e-19	
1000	-7.8756452488e-19	
1001	-7.8762598280e-19	
1002	-7.8768990295e-19	
1003	-7.8775437630e-19	
1004	-7.8781872398e-19	
1005	-7.8788022921e-19	
1006	-7.8793945028e-19	
1007	-7.8799418494e-19	
1008	-7.8804401692e-19	
1009	-7.8808740738e-19	
1010	-7.8812424944e-19	
1011	-7.8815276798e-19	
1012	-7.8817248929e-19	
1013	-7.8818250559e-19	
1014	-7.8818318716e-19	
1015	-7.8817351610e-19	
1016	-7.8815391891e-19	
1017	-7.8812410671e-19	
1018	-7.8808418516e-19	
1019	-7.8803362913e-19	
1020	-7.8797350745e-19	
1021	-7.8790441892e-19	
1022	-7.8782773958e-19	
1023	-7.8774319464e-19	
1024	-7.8765103396e-19	
1025	-7.8755192039e-19	
1026	-7.8744867077e-19	
1027	-7.8734246558e-19	
1028	-7.8723485814e-19	
1029	-7.8712600087e-19	
1030	-7.8701724512e-19	
1031	-7.8690860722e-19	
1032	-7.8680016864e-19	
1033	-7.8669301229e-19	
1034	-7.8658852746e-19	
1035	-7.8648879030e-19	
1036	-7.8639545761e-19	
1037	-7.8630823843e-19	
1038	-7.8622718155e-19	
1039	-7.8615274271e-19	
1040	-7.8608508715e-19	
1041	-7.8602474204e-19	
1042	-7.8597275876e-19	
1043	-7.8592903052e-19	
1044	-7.8589448588e-19	
1045	-7.8586911062e-19	
1046	-7.8585281743e-19	
1047	-7.8584601001e-19	
1048	-7.8584686149e-19	
1049	-7.8585437836e-19	
1050	-7.8587021758e-19	
1051	-7.8589349283e-19	
1052	-7.8592238981e-19	
1053	-7.8595550157e-19	
1054	-7.8599142192e-19	
1055	-7.8602899408e-19	
1056	-7.8606627918e-19	
1057	-7.8610190972e-19	
1058	-7.8613459169e-19	
1059	-7.8616353874e-19	
1060	-7.8618843211e-19	
1061	-7.8620824028e-19	
1062	-7.8622239559e-19	
1063	-7.8623095326e-19	
1064	-7.8623378244e-19	
1065	-7.8623011513e-19	
1066	-7.8621992101e-19	
1067	-7.8620327024e-19	
1068	-7.8618017507e-19	
1069	-7.8615032078e-19	
1070	-7.8611402588e-19	
1071	-7.8607191872e-19	
1072	-7.8602433290e-19	
1073	-7.8597106346e-19	
1074	-7.8591298995e-19	
1075	-7.8585128231e-19	
1076	-7.8578630241e-19	
1077	-7.8571880185e-19	
1078	-7.8564905285e-19	
1079	-7.8557757880e-19	
1080	-7.8550516533e-19	
1081	-7.8543222892e-19	
1082	-7.8535958512e-19	
1083	-7.8528725882e-19	
1084	-7.8521634075e-19	
1085	-7.8514812408e-19	
1086	-7.8508250962e-19	
1087	-7.8501993632e-19	
1088	-7.8496121127e-19	
1089	-7.8490650264e-19	
1090	-7.8485593729e-19	
1091	-7.8481027667e-19	
1092	-7.8476923242e-19	
1093	-7.8473295581e-19	
1094	-7.8470221713e-19	
1095	-7.8467736967e-19	
1096	-7.8465846443e-19	
1097	-7.8464517934e-19	
1098	-7.8463805286e-19	
1099	-7.8463722011e-19	
1100	-7.8464236218e-19	
1101	-7.8465302719e-19	
1102	-7.8466891868e-19	
1103	-7.8468987413e-19	
1104	-7.8471536176e-19	
1105	-7.8474432331e-19	
1106	-7.8477617060e-19	
1107	-7.8481036124e-19	
1108	-7.8484610236e-19	
1109	-7.8488206362e-19	
1110	-7.8491714504e-19	
1111	-7.8495061172e-19	
1112	-7.8498202299e-19	
1113	-7.8501078806e-19	
1114	-7.8503569082e-19	
1115	-7.8505610964e-19	
1116	-7.8507192359e-19	
1117	-7.8508295276e-19	
1118	-7.8508906977e-19	
1119	-7.8509031738e-19	
1120	-7.8508651749e-19	
1121	-7.8507771132e-19	
1122	-7.8506390602e-19	
1123	-7.8504515799e-19	
1124	-7.8502177638e-19	
1125	-7.8499417592e-19	
1126	-7.8496245739e-19	
1127	-7.8492691212e-19	
1128	-7.8488852763e-19	
1129	-7.8484832208e-19	
1130	-7.8480633175e-19	
1131	-7.8476265679e-19	
1132	-7.8471784636e-19	
1133	-7.8467274133e-19	
1134	-7.8462758271e-19	
1135	-7.8458274004e-19	
1136	-7.8453901938e-19	
1137	-7.8449673564e-19	
1138	-7.8445591553e-19	
1139	-7.8441703420e-19	
1140	-7.8438064660e-19	
1141	-7.8434743103e-19	
1142	-7.8431754524e-19	
1143	-7.8429130970e-19	
1144	-7.8426904532e-19	
1145	-7.8425086958e-19	
1146	-7.8423678947e-19	
1147	-7.8422684936e-19	
1148	-7.8422102507e-19	
1149	-7.8421960310e-19	
1150	-7.8422254939e-19	
1151	-7.8422967706e-19	
1152	-7.8424079510e-19	
1153	-7.8425607847e-19	
1154	-7.8427505132e-19	
1155	-7.8429771374e-19	
1156	-7.8432327989e-19	
1157	-7.8435077555e-19	
1158	-7.8438010268e-19	
1159	-7.8441102783e-19	
1160	-7.8444271894e-19	
1161	-7.8447443019e-19	
1162	-7.8450532925e-19	
1163	-7.8453524015e-19	
1164	-7.8456305730e-19	
1165	-7.8458764102e-19	
1166	-7.8460910130e-19	
1167	-7.8462777275e-19	
1168	-7.8464319484e-19	
1169	-7.8465477922e-19	
1170	-7.8466265972e-19	
1171	-7.8466694931e-19	
1172	-7.8466746943e-19	
1173	-7.8466417822e-19	
1174	-7.8465725545e-19	
1175	-7.8464685867e-19	
1176	-7.8463321365e-19	
1177	-7.8461675364e-19	
1178	-7.8459722915e-19	
1179	-7.8457525253e-19	
1180	-7.8455184950e-19	
1181	-7.8452707626e-19	
1182	-7.8450071215e-19	
1183	-7.8447325011e-19	
1184	-7.8444538088e-19	
1185	-7.8441787150e-19	
1186	-7.8439072754e-19	
1187	-7.8436404836e-19	
1188	-7.8433831409e-19	
1189	-7.8431396673e-19	
1190	-7.8429133906e-19	
1191	-7.8427067629e-19	
1192	-7.8425240897e-19	
1193	-7.8423685064e-19	
1194	-7.8422379041e-19	
1195	-7.8421336214e-19	
1196	-7.8420614736e-19	
1197	-7.8420231230e-19	
1198	-7.8420174764e-19	
1199	-7.8420462138e-19	
1200	-7.8421093751e-19	
1201	-7.8422053219e-19	
1202	-7.8423340147e-19	
1203	-7.8424946401e-19	
1204	-7.8426846651e-19	
1205	-7.8429024971e-19	
1206	-7.8431459806e-19	
1207	-7.8434128209e-19	
1208	-7.8436983831e-19	
1209	-7.8439965303e-19	
1210	-7.8443048493e-19	
1211	-7.8446202778e-19	
1212	-7.8449365496e-19	
1213	-7.8452451860e-19	
1214	-7.8455410617e-19	
1215	-7.8458219159e-19	
1216	-7.8460849403e-19	
1217	-7.8463250647e-19	
1218	-7.8465375325e-19	
1219	-7.8467217802e-19	
1220	-7.8468793233e-19	
1221	-7.8470080205e-19	
1222	-7.8471038092e-19	
1223	-7.8471669634e-19	
1224	-7.8472003209e-19	
1225	-7.8472042913e-19	
1226	-7.8471803906e-19	
1227	-7.8471304650e-19	
1228	-7.8470563510e-19	
1229	-7.8469595716e-19	
1230	-7.8468412075e-19	
1231	-7.8467044338e-19	
1232	-7.8465541904e-19	
1233	-7.8463922498e-19	
1234	-7.8462167001e-19	
1235	-7.8460308067e-19	
1236	-7.8458391408e-19	
1237	-7.8456449473e-19	
1238	-7.8454497811e-19	
1239	-7.8452582806e-19	
1240	-7.8450720579e-19	
1241	-7.8448923751e-19	
1242	-7.8447200148e-19	
1243	-7.8445584749e-19	
1244	-7.8444101946e-19	
1245	-7.8442772346e-19	
1246	-7.8441620771e-19	
1247	-7.8440653401e-19	
1248	-7.8439864449e-19	
1249	-7.8439268826e-19	
1250	-7.8438890909e-19	
1251	-7.8438731141e-19	
1252	-7.8438767586e-19	
1253	-7.8438979596e-19	
1254	-7.8439368404e-19	
1255	-7.8439932372e-19	
1256	-7.8440663298e-19	
1257	-7.8441530785e-19	
1258	-7.8442509459e-19	
1259	-7.8443583673e-19	
1260	-7.8444725519e-19	
1261	-7.8445916073e-19	
1262	-7.8447125651e-19	
1263	-7.8448336086e-19	
1264	-7.8449510748e-19	
1265	-7.8450609264e-19	
1266	-7.8451596146e-19	
1267	-7.8452457651e-19	
1268	-7.8453159158e-19	
1269	-7.8453682091e-19	
1270	-7.8454029853e-19	
1271	-7.8454196104e-19	
1272	-7.8454164658e-19	
1273	-7.8453934075e-19	
1274	-7.8453509436e-19	
1275	-7.8452890947e-19	
1276	-7.8452073135e-19	
1277	-7.8451058323e-19	
1278	-7.8449836782e-19	
1279	-7.8448425459e-19	
1280	-7.8446836755e-19	
1281	-7.8445093808e-19	
1282	-7.8443215747e-19	
1283	-7.8441230458e-19	
1284	-7.8439163586e-19	
1285	-7.8437032061e-19	
1286	-7.8434846270e-19	
1287	-7.8432623524e-19	
1288	-7.8430395033e-19	
1289	-7.8428189895e-19	
1290	-7.8426017549e-19	
1291	-7.8423905246e-19	
1292	-7.8421867575e-19	
1293	-7.8419923567e-19	
1294	-7.8418096397e-19	
1295	-7.8416402318e-19	
1296	-7.8414857409e-19	
1297	-7.8413483066e-19	
1298	-7.8412285330e-19	
1299	-7.8411269333e-19	
1300	-7.8410445720e-19	
1301	-7.8409818728e-19	
1302	-7.8409397023e-19	
1303	-7.8409175546e-19	
1304	-7.8409142604e-19	
1305	-7.8409293045e-19	
1306	-7.8409620676e-19	
1307	-7.8410111991e-19	
1308	-7.8410737128e-19	
1309	-7.8411479385e-19	
1310	-7.8412334560e-19	
1311	-7.8413284193e-19	
1312	-7.8414317216e-19	
1313	-7.8415418393e-19	
1314	-7.8416558810e-19	
1315	-7.8417712993e-19	
1316	-7.8418856939e-19	
1317	-7.8419972786e-19	
1318	-7.8421043327e-19	
1319	-7.8422055761e-19	
1320	-7.8422991798e-19	
1321	-7.8423843817e-19	
1322	-7.8424601528e-19	
1323	-7.8425258583e-19	
1324	-7.8425808791e-19	
1325	-7.8426246197e-19	
1326	-7.8426565610e-19	
1327	-7.8426764574e-19	
1328	-7.8426836010e-19	
1329	-7.8426775171e-19	
1330	-7.8426581568e-19	
1331	-7.8426275558e-19	
1332	-7.8425867876e-19	
1333	-7.8425362206e-19	
1334	-7.8424782316e-19	
1335	-7.8424142579e-19	
1336	-7.8423447792e-19	
1337	-7.8422716650e-19	
1338	-7.8421971910e-19	
1339	-7.8421230107e-19	
1340	-7.8420491570e-19	
1341	-7.8419767864e-19	
1342	-7.8419071145e-19	
1343	-7.8418417232e-19	
1344	-7.8417816448e-19	
1345	-7.8417280063e-19	
1346	-7.8416823907e-19	
1347	-7.8416459556e-19	
1348	-7.8416190263e-19	
1349	-7.8416023175e-19	
1350	-7.8415965924e-19	
1351	-7.8416024826e-19	
1352	-7.8416202212e-19	
1353	-7.8416502333e-19	
1354	-7.8416920488e-19	
1355	-7.8417446606e-19	
1356	-7.8418068805e-19	
1357	-7.8418789495e-19	
1358	-7.8419601135e-19	
1359	-7.8420491176e-19	
1360	-7.8421444168e-19	
1361	-7.8422450792e-19	
1362	-7.8423498427e-19	
1363	-7.8424573239e-19	
1364	-7.8425665232e-19	
1365	-7.8426760056e-19	
1366	-7.8427843269e-19	
1367	-7.8428905653e-19	
1368	-7.8429929701e-19	
1369	-7.8430905510e-19	
1370	-7.8431823522e-19	
1371	-7.8432672419e-19	
1372	-7.8433445077e-19	
1373	-7.8434138183e-19	
1374	-7.8434741658e-19	
1375	-7.8435254526e-19	
1376	-7.8435672081e-19	
1377	-7.8435989224e-19	
1378	-7.8436205400e-19	
1379	-7.8436320114e-19	
1380	-7.8436330104e-19	
1381	-7.8436236028e-19	
1382	-7.8436043615e-19	
1383	-7.8435764737e-19	
1384	-7.8435411122e-19	
1385	-7.8434990608e-19	
1386	-7.8434509200e-19	
1387	-7.8433980289e-19	
1388	-7.8433413936e-19	
1389	-7.8432819528e-19	
1390	-7.8432206697e-19	
1391	-7.8431587531e-19	
1392	-7.8430973897e-19	
1393	-7.8430376107e-19	
1394	-7.8429801691e-19	
1395	-7.8429259867e-19	
1396	-7.8428755299e-19	
1397	-7.8428294171e-19	
1398	-7.8427885849e-19	
1399	-7.8427535981e-19	
1400	-7.8427248144e-19	
1401	-7.8427028042e-19	
1402	-7.8426879488e-19	
1403	-7.8426808147e-19	
1404	-7.8426811159e-19	
1405	-7.8426885928e-19	
1406	-7.8427029462e-19	
1407	-7.8427240107e-19	
1408	-7.8427517415e-19	
1409	-7.8427860988e-19	
1410	-7.8428262837e-19	
1411	-7.8428710848e-19	
1412	-7.8429192180e-19	
1413	-7.8429701914e-19	
1414	-7.8430235498e-19	
1415	-7.8430785138e-19	
1416	-7.8431340507e-19	
1417	-7.8431895619e-19	
1418	-7.8432440441e-19	
1419	-7.8432967950e-19	
1420	-7.8433468766e-19	
1421	-7.8433936391e-19	
1422	-7.8434364031e-19	
1423	-7.8434749922e-19	
1424	-7.8435088723e-19	
1425	-7.8435376196e-19	
1426	-7.8435608258e-19	
1427	-7.8435784062e-19	
1428	-7.8435900571e-19	
1429	-7.8435955112e-19	
1430	-7.8435943729e-19	
1431	-7.8435865716e-19	
1432	-7.8435722452e-19	
1433	-7.8435521763e-19	
1434	-7.8435269031e-19	
1435	-7.8434975270e-19	
1436	-7.8434648658e-19	
1437	-7.8434289202e-19	
1438	-7.8433902381e-19	
1439	-7.8433498606e-19	
1440	-7.8433083528e-19	
1441	-7.8432664754e-19	
1442	-7.8432245106e-19	
1443	-7.8431830534e-19	
1444	-7.8431427080e-19	
1445	-7.8431042592e-19	
1446	-7.8430683487e-19	
1447	-7.8430356119e-19	
1448	-7.8430062097e-19	
1449	-7.8429806395e-19	
1450	-7.8429591738e-19	
1451	-7.8429421206e-19	
1452	-7.8429295519e-19	
1453	-7.8429216795e-19	
1454	-7.8429185275e-19	
1455	-7.8429203145e-19	
1456	-7.8429267410e-19	
1457	-7.8429377561e-19	
1458	-7.8429534498e-19	
1459	-7.8429738081e-19	
1460	-7.8429981706e-19	
1461	-7.8430261045e-19	
1462	-7.8430570300e-19	
1463	-7.8430903461e-19	
1464	-7.8431254087e-19	
1465	-7.8431619041e-19	
1466	-7.8431990355e-19	
1467	-7.8432362622e-19	
1468	-7.8432730664e-19	
1469	-7.8433092229e-19	
1470	-7.8433441130e-19	
1471	-7.8433772131e-19	
1472	-7.8434078785e-19	
1473	-7.8434357964e-19	
1474	-7.8434604568e-19	
1475	-7.8434815676e-19	
1476	-7.8434987886e-19	
1477	-7.8435120671e-19	
1478	-7.8435212415e-19	
1479	-7.8435262404e-19	
1480	-7.8435268957e-19	
1481	-7.8435231013e-19	
1482	-7.8435148176e-19	
1483	-7.8435024831e-19	
1484	-7.8434863308e-19	
1485	-7.8434668986e-19	
1486	-7.8434443995e-19	
1487	-7.8434191492e-19	
1488	-7.8433913790e-19	
1489	-7.8433615968e-19	
1490	-7.8433302389e-19	
1491	-7.8432978568e-19	
1492	-7.8432648653e-19	
1493	-7.8432318947e-19	
1494	-7.8431992287e-19	
1495	-7.8431672529e-19	
1496	-7.8431362755e-19	
1497	-7.8431068365e-19	
1498	-7.8430791630e-19	
1499	-7.8430536800e-19	
1500	-7.8430305712e-19	
1501	-7.8430100652e-19	
1502	-7.8429922384e-19	
1503	-7.8429772726e-19	
1504	-7.8429651504e-19	
1505	-7.8429561330e-19	
1506	-7.8429501988e-19	
1507	-7.8429474524e-19	
1508	-7.8429477829e-19	
1509	-7.8429510964e-19	
1510	-7.8429571698e-19	
1511	-7.8429659172e-19	
1512	-7.8429769118e-19	
1513	-7.8429898962e-19	
1514	-7.8430044934e-19	
1515	-7.8430205397e-19	
1516	-7.8430376466e-19	
1517	-7.8430554988e-19	
1518	-7.8430735973e-19	
1519	-7.8430916793e-19	
1520	-7.8431092734e-19	
1521	-7.8431261602e-19	
1522	-7.8431419459e-19	
1523	-7.8431564255e-19	
1524	-7.8431692453e-19	
1525	-7.8431802342e-19	
1526	-7.8431890840e-19	
1527	-7.8431957271e-19	
1528	-7.8431999599e-19	
1529	-7.8432017988e-19	
1530	-7.8432011921e-19	
1531	-7.8431981651e-19	
1532	-7.8431924999e-19	
1533	-7.8431843434e-19	
1534	-7.8431737363e-19	
1535	-7.8431609261e-19	
1536	-7.8431460548e-19	
1537	-7.8431295018e-19	
1538	-7.8431114936e-19	
1539	-7.8430922339e-19	
1540	-7.8430718322e-19	
1541	-7.8430506053e-19	
1542	-7.8430287290e-19	
1543	-7.8430066520e-19	
1544	-7.8429846582e-19	
1545	-7.8429632055e-19	
1546	-7.8429424776e-19	
1547	-7.8429227464e-19	
1548	-7.8429041438e-19	
1549	-7.8428869396e-19	
1550	-7.8428712575e-19	
1551	-7.8428573759e-19	
1552	-7.8428453434e-19	
1553	-7.8428353330e-19	
1554	-7.8428273039e-19	
1555	-7.8428213387e-19	
1556	-7.8428174271e-19	
1557	-7.8428157277e-19	
1558	-7.8428161313e-19	
1559	-7.8428186838e-19	
1560	-7.8428232524e-19	
1561	-7.8428298088e-19	
1562	-7.8428381239e-19	
1563	-7.8428480392e-19	
1564	-7.8428592876e-19	
1565	-7.8428717404e-19	
1566	-7.8428850987e-19	
1567	-7.8428992389e-19	
1568	-7.8429138690e-19	
1569	-7.8429288730e-19	
1570	-7.8429439240e-19	
1571	-7.8429588475e-19	
1572	-7.8429733553e-19	
1573	-7.8429873258e-19	
1574	-7.8430004647e-19	
1575	-7.8430126801e-19	
1576	-7.8430237445e-19	
1577	-7.8430336070e-19	
1578	-7.8430420588e-19	
1579	-7.8430490952e-19	
1580	-7.8430545940e-19	
1581	-7.8430586078e-19	
1582	-7.8430610405e-19	
1583	-7.8430619347e-19	
1584	-7.8430612046e-19	
1585	-7.8430589992e-19	
1586	-7.8430553859e-19	
1587	-7.8430506034e-19	
1588	-7.8430446780e-19	
1589	-7.8430378056e-19	
1590	-7.8430300816e-19	
1591	-7.8430217743e-19	
1592	-7.8430129322e-19	
1593	-7.8430037849e-19	
1594	-7.8429943766e-19	
1595	-7.8429849887e-19	
1596	-7.8429757758e-19	
1597	-7.8429670041e-19	
1598	-7.8429587625e-19	
1599	-7.8429512744e-19	
1600	-7.8429446033e-19	
1601	-7.8429389578e-19	
1602	-7.8429343137e-19	
1603	-7.8429307889e-19	
1604	-7.8429283821e-19	
1605	-7.8429272401e-19	
1606	-7.8429273114e-19	
1607	-7.8429286718e-19	
1608	-7.8429312804e-19	
1609	-7.8429352085e-19	
1610	-7.8429403488e-19	
1611	-7.8429467203e-19	
1612	-7.8429541655e-19	
1613	-7.8429626416e-19	
1614	-7.8429719227e-19	
1615	-7.8429820041e-19	
1616	-7.8429926916e-19	
1617	-7.8430039456e-19	
1618	-7.8430155533e-19	
1619	-7.8430274573e-19	
1620	-7.8430394304e-19	
1621	-7.8430513888e-19	
1622	-7.8430631165e-19	
1623	-7.8430745494e-19	
1624	-7.8430854713e-19	
1625	-7.8430958358e-19	
1626	-7.8431054613e-19	
1627	-7.8431143212e-19	
1628	-7.8431222514e-19	
1629	-7.8431292525e-19	
1630	-7.8431351978e-19	
1631	-7.8431401304e-19	
1632	-7.8431439426e-19	
1633	-7.8431467001e-19	
1634	-7.8431483459e-19	
1635	-7.8431489657e-19	
1636	-7.8431485123e-19	
1637	-7.8431471296e-19	
1638	-7.8431448438e-19	
1639	-7.8431417851e-19	
1640	-7.8431379242e-19	
1641	-7.8431334369e-19	
1642	-7.8431283583e-19	
1643	-7.8431228933e-19	
1644	-7.8431170663e-19	
1645	-7.8431110734e-19	
1646	-7.8431049538e-19	
1647	-7.8430988987e-19	
1648	-7.8430929409e-19	
1649	-7.8430872633e-19	
1650	-7.8430818868e-19	
1651	-7.8430769586e-19	
1652	-7.8430724819e-19	
1653	-7.8430686006e-19	
1654	-7.8430653132e-19	
1655	-7.8430627472e-19	
1656	-7.8430608785e-19	
1657	-7.8430598103e-19	
1658	-7.8430594940e-19	
1659	-7.8430599921e-19	
1660	-7.8430612286e-19	
1661	-7.8430632563e-19	
1662	-7.8430659619e-19	
1663	-7.8430693722e-19	
1664	-7.8430733733e-19	
1665	-7.8430779590e-19	
1666	-7.8430829799e-19	
1667	-7.8430884343e-19	
1668	-7.8430941724e-19	
1669	-7.8431001896e-19	
1670	-7.8431063298e-19	
1671	-7.8431125735e-19	
1672	-7.8431187662e-19	
1673	-7.8431248898e-19	
1674	-7.8431307896e-19	
1675	-7.8431364559e-19	
1676	-7.8431417476e-19	
1677	-7.8431466644e-19	
1678	-7.8431510773e-19	
1679	-7.8431550017e-19	
1680	-7.8431583234e-19	
1681	-7.8431610860e-19	
1682	-7.8431631912e-19	
1683	-7.8431646873e-19	
1684	-7.8431654993e-19	
1685	-7.8431656994e-19	
1686	-7.8431652464e-19	
1687	-7.8431642289e-19	
1688	-7.8431625962e-19	
1689	-7.8431604610e-19	
1690	-7.8431578084e-19	
1691	-7.8431547490e-19	
1692	-7.8431512768e-19	
1693	-7.8431475165e-19	
1694	-7.8431434647e-19	
1695	-7.8431392579e-19	
1696	-7.8431349010e-19	
1697	-7.8431305380e-19	
1698	-7.8431261611e-19	
1699	-7.8431218997e-19	
1700	-7.8431177459e-19	
1701	-7.8431138358e-19	
1702	-7.8431101606e-19	
1703	-7.8431068394e-19	
1704	-7.8431038489e-19	
1705	-7.8431012952e-19	
1706	-7.8430991421e-19	
1707	-7.8430974848e-19	
1708	-7.8430962729e-19	
1709	-7.8430955845e-19	
1710	-7.8430953538e-19	
1711	-7.8430956405e-19	
1712	-7.8430963571e-19	
1713	-7.8430975452e-19	
1714	-7.8430991188e-19	
1715	-7.8431011114e-19	
1716	-7.8431034307e-19	
1717	-7.8431060836e-19	
1718	-7.8431089573e-19	
1719	-7.8431120601e-19	
1720	-7.8431152757e-19	
1721	-7.8431186169e-19	
1722	-7.8431219706e-19	
1723	-7.8431253515e-19	
1724	-7.8431286389e-19	
1725	-7.8431318476e-19	
1726	-7.8431348575e-19	
1727	-7.8431376895e-19	
1728	-7.8431402336e-19	
1729	-7.8431425196e-19	
1730	-7.8431444489e-19	
1731	-7.8431460583e-19	
1732	-7.8431472565e-19	
1733	-7.8431480942e-19	
1734	-7.8431484938e-19	
1735	-7.8431485157e-19	
1736	-7.8431480936e-19	
1737	-7.8431472995e-19	
1738	-7.8431460869e-19	
1739	-7.8431445448e-19	
1740	-7.8431426288e-19	
1741	-7.8431404226e-19	
1742	-7.8431378957e-19	
1743	-7.8431351480e-19	
1744	-7.8431321609e-19	
1745	-7.8431290405e-19	
1746	-7.8431257617e-19	
1747	-7.8431224262e-19	
1748	-7.8431190121e-19	
1749	-7.8431156300e-19	
1750	-7.8431122594e-19	
1751	-7.8431090071e-19	
1752	-7.8431058477e-19	
1753	-7.8431028815e-19	
1754	-7.8431000788e-19	
1755	-7.8430975342e-19	
1756	-7.8430952091e-19	
1757	-7.8430931896e-19	
1758	-7.8430914301e-19	
1759	-7.8430900070e-19	
1760	-7.8430888676e-19	
1761	-7.8430880761e-19	
1762	-7.8430875619e-19	
1763	-7.8430873872e-19	
1764	-7.8430874771e-19	
1765	-7.8430878826e-19	
1766	-7.8430885217e-19	
1767	-7.8430894388e-19	
1768	-7.8430905456e-19	
1769	-7.8430918697e-19	
1770	-7.8430933170e-19	
1771	-7.8430949267e-19	
1772	-7.8430966022e-19	
1773	-7.8430983754e-19	
1774	-7.8431001531e-19	
1775	-7.8431019664e-19	
1776	-7.8431037228e-19	
1777	-7.8431054518e-19	
1778	-7.8431070637e-19	
1779	-7.8431085920e-19	
1780	-7.8431099519e-19	
1781	-7.8431111823e-19	
1782	-7.8431122052e-19	
1783	-7.8431130656e-19	
1784	-7.8431136919e-19	
1785	-7.8431141346e-19	
1786	-7.8431143304e-19	
1787	-7.8431143388e-19	
1788	-7.8431141047e-19	
1789	-7.8431137000e-19	
1790	-7.8431130698e-19	
1791	-7.8431122812e-19	
1792	-7.8431112909e-19	
1793	-7.8431101771e-19	
1794	-7.8431089048e-19	
1795	-7.8431075548e-19	
1796	-7.8431060892e-19	
1797	-7.8431045897e-19	
1798	-7.8431030236e-19	
1799	-7.8431014739e-19	
1800	-7.8430999078e-19	
1801	-7.8430984107e-19	
1802	-7.8430969472e-19	
1803	-7.8430955993e-19	
1804	-7.8430943299e-19	
1805	-7.8430932177e-19	
1806	-7.8430922218e-19	
1807	-7.8430914166e-19	
1808	-7.8430907557e-19	
1809	-7.8430903065e-19	
1810	-7.8430900161e-19	
1811	-7.8430899486e-19	
1812	-7.8430900477e-19	
1813	-7.8430903702e-19	
1814	-7.8430908533e-19	
1815	-7.8430915496e-19	
1816	-7.8430923922e-19	
1817	-7.8430934257e-19	
1818	-7.8430945781e-19	
1819	-7.8430958922e-19	
1820	-7.8430972947e-19	
1821	-7.8430988248e-19	
1822	-7.8431004057e-19	
1823	-7.8431020719e-19	
1824	-7.8431037457e-19	
1825	-7.8431054656e-19	
1826	-7.8431071518e-19	
1827	-7.8431088421e-19	
1828	-7.8431104598e-19	
1829	-7.8431120444e-19	
1830	-7.8431135207e-19	
1831	-7.8431149308e-19	
1832	-7.8431162023e-19	
1833	-7.8431173800e-19	
1834	-7.8431183965e-19	
1835	-7.8431193012e-19	
1836	-7.8431200325e-19	
1837	-7.8431206442e-19	
1838	-7.8431210753e-19	
1839	-7.8431213846e-19	
1840	-7.8431215160e-19	
1841	-7.8431215304e-19	
1842	-7.8431213780e-19	
1843	-7.8431211243e-19	
1844	-7.8431207241e-19	
1845	-7.8431202445e-19	
1846	-7.8431196455e-19	
1847	-7.8431189949e-19	
1848	-7.8431182534e-19	
1849	-7.8431174899e-19	
1850	-7.8431166640e-19	
1851	-7.8431158471e-19	
1852	-7.8431149989e-19	
1853	-7.8431141902e-19	
1854	-7.8431133801e-19	
1855	-7.8431126380e-19	
1856	-7.8431119214e-19	
1857	-7.8431112972e-19	
1858	-7.8431107205e-19	
1859	-7.8431102553e-19	
1860	-7.8431098539e-19	
1861	-7.8431095772e-19	
1862	-7.8431093742e-19	
1863	-7.8431093027e-19	
1864	-7.8431093075e-19	
1865	-7.8431094434e-19	
1866	-7.8431096522e-19	
1867	-7.8431099845e-19	
1868	-7.8431103795e-19	
1869	-7.8431108847e-19	
1870	-7.8431114385e-19	
1871	-7.8431120845e-19	
1872	-7.8431127581e-19	
1873	-7.8431135029e-19	
1874	-7.8431142538e-19	
1875	-7.8431150535e-19	
1876	-7.8431158368e-19	
1877	-7.8431166458e-19	
1878	-7.8431174138e-19	
1879	-7.8431181831e-19	
1880	-7.8431188887e-19	
1881	-7.8431195743e-19	
1882	-7.8431201767e-19	
1883	-7.8431207413e-19	
1884	-7.8431212075e-19	
1885	-7.8431216230e-19	
1886	-7.8431219287e-19	
1887	-7.8431221745e-19	
1888	-7.8431223038e-19	
1889	-7.8431223690e-19	
1890	-7.8431223170e-19	
1891	-7.8431222034e-19	
1892	-7.8431219776e-19	
1893	-7.8431216970e-19	
1894	-7.8431213135e-19	
1895	-7.8431208862e-19	
1896	-7.8431203698e-19	
1897	-7.8431198248e-19	
1898	-7.8431192070e-19	
1899	-7.8431185778e-19	
1900	-7.8431178945e-19	
1901	-7.8431172185e-19	
1902	-7.8431165072e-19	
1903	-7.8431158225e-19	
1904	-7.8431151218e-19	
1905	-7.8431144664e-19	
1906	-7.8431138132e-19	
1907	-7.8431132221e-19	
1908	-7.8431126488e-19	
1909	-7.8431121520e-19	
1910	-7.8431116856e-19	
1911	-7.8431113065e-19	
1912	-7.8431109665e-19	
1913	-7.8431107210e-19	
1914	-7.8431105196e-19	
1915	-7.8431104152e-19	
1916	-7.8431103555e-19	
1917	-7.8431103910e-19	
1918	-7.8431104677e-19	
1919	-7.8431106342e-19	
1920	-7.8431108353e-19	
1921	-7.8431111170e-19	
1922	-7.8431114230e-19	
1923	-7.8431117975e-19	
1924	-7.8431121836e-19	
1925	-7.8431126245e-19	
1926	-7.8431130632e-19	
1927	-7.8431135428e-19	
1928	-7.8431140053e-19	
1929	-7.8431144937e-19	
1930	-7.8431149503e-19	
1931	-7.8431154182e-19	
1932	-7.8431158407e-19	
1933	-7.8431162615e-19	
1934	-7.8431166249e-19	
1935	-7.8431169759e-19	
1936	-7.8431172601e-19	
1937	-7.8431175240e-19	
1938	-7.8431177140e-19	
1939	-7.8431178786e-19	
1940	-7.8431179664e-19	
1941	-7.8431180272e-19	
1942	-7.8431180111e-19	
1943	-7.8431179692e-19	
1944	-7.8431178536e-19	
1945	-7.8431177165e-19	
1946	-7.8431175116e-19	
1947	-7.8431172922e-19	
1948	-7.8431170134e-19	
1949	-7.8431167290e-19	
1950	-7.8431163958e-19	
1951	-7.8431160676e-19	
1952	-7.8431157009e-19	
1953	-7.8431153504e-19	
1954	-7.8431149730e-19	
1955	-7.8431146234e-19	
1956	-7.8431142584e-19	
1957	-7.8431139321e-19	
1958	-7.8431136009e-19	
1959	-7.8431133181e-19	
1960	-7.8431130394e-19	
1961	-7.8431128171e-19	
1962	-7.8431126060e-19	
1963	-7.8431124573e-19	
1964	-7.8431123243e-19	
1965	-7.8431122574e-19	
1966	-7.8431122086e-19	
1967	-7.8431122268e-19	
1968	-7.8431122628e-19	
1969	-7.8431123640e-19	
1970	-7.8431124806e-19	
1971	-7.8431126584e-19	
1972	-7.8431128469e-19	
1973	-7.8431130907e-19	
1974	-7.8431133385e-19	
1975	-7.8431136340e-19	
1976	-7.8431139256e-19	
1977	-7.8431142562e-19	
1978	-7.8431145743e-19	
1979	-7.8431149225e-19	
1980	-7.8431152490e-19	
1981	-7.8431155962e-19	
1982	-7.8431159128e-19	
1983	-7.8431162414e-19	
1984	-7.8431165312e-19	
1985	-7.8431168253e-19	
1986	-7.8431170736e-19	
1987	-7.8431173199e-19	
1988	-7.8431175149e-19	
1989	-7.8431177034e-19	
1990	-7.8431178369e-19	
1991	-7.8431179611e-19	
1992	-7.8431180285e-19	
1993	-7.8431180861e-19	
1994	-7.8431180873e-19	
1995	-7.8431180798e-19	
1996	-7.8431180183e-19	
1997	-7.8431179510e-19	
1998	-7.8431178335e-19	
1999	-7.8431177148e-19	
2000	-7.8431175515e-19	
2001	-7.8431173926e-19	
2002	-7.8431171956e-19	
2003	-7.8431170095e-19	
2004	-7.8431167921e-19	
2005	-7.8431165927e-19	
2006	-7.8431163692e-19	
2007	-7.8431161708e-19	
2008	-7.8431159554e-19	
2009	-7.8431157717e-19	
2010	-7.8431155773e-19	
2011	-7.8431154205e-19	
2012	-7.8431152585e-19	
2013	-7.8431151388e-19	
2014	-7.8431150181e-19	
2015	-7.8431149432e-19	
2016	-7.8431148698e-19	
2017	-7.8431148443e-19	
2018	-7.8431148218e-19	
2019	-7.8431148474e-19	
2020	-7.8431148754e-19	
2021	-7.8431149504e-19	
2022	-7.8431150262e-19	
2023	-7.8431151463e-19	
2024	-7.8431152643e-19	
2025	-7.8431154225e-19	
2026	-7.8431155744e-19	
2027	-7.8431157620e-19	
2028	-7.8431159385e-19	
2029	-7.8431161454e-19	
2030	-7.8431163357e-19	
2031	-7.8431165507e-19	
2032	-7.8431167436e-19	
2033	-7.8431169555e-19	
2034	-7.8431171399e-19	
2035	-7.8431173382e-19	
2036	-7.8431175040e-19	
2037	-7.8431176792e-19	
2038	-7.8431178178e-19	
2039	-7.8431179620e-19	
2040	-7.8431180665e-19	
2041	-7.8431181742e-19	
2042	-7.8431182401e-19	
2043	-7.8431183076e-19	
2044	-7.8431183326e-19	
2045	-7.8431183590e-19	
2046	-7.8431183436e-19	
2047	-7.8431183305e-19	
2048	-7.8431182771e-19	
2049	-7.8431182282e-19	
2050	-7.8431181417e-19	
2051	-7.8431180625e-19	
2052	-7.8431179493e-19	
2053	-7.8431178471e-19	
2054	-7.8431177148e-19	
2055	-7.8431175977e-19	
2056	-7.8431174550e-19	
2057	-7.8431173318e-19	
2058	-7.8431171876e-19	
2059	-7.8431170673e-19	
2060	-7.8431169302e-19	
2061	-7.8431168210e-19	
2062	-7.8431166991e-19	
2063	-7.8431166085e-19	
2064	-7.8431165083e-19	
2065	-7.8431164424e-19	
2066	-7.8431163694e-19	
2067	-7.8431163325e-19	
2068	-7.8431162899e-19	
2069	-7.8431162845e-19	
2070	-7.8431162742e-19	
2071	-7.8431163011e-19	
2072	-7.8431163224e-19	
2073	-7.8431163800e-19	
2074	-7.8431164308e-19	
2075	-7.8431165161e-19	
2076	-7.8431165926e-19	
2077	-7.8431167008e-19	
2078	-7.8431167976e-19	
2079	-7.8431169229e-19	
2080	-7.8431170338e-19	
2081	-7.8431171697e-19	
2082	-7.8431172877e-19	
2083	-7.8431174272e-19	
2084	-7.8431175451e-19	
2085	-7.8431176809e-19	
2086	-7.8431177918e-19	
2087	-7.8431179174e-19	
2088	-7.8431180150e-19	
2089	-7.8431181243e-19	
2090	-7.8431182032e-19	
2091	-7.8431182915e-19	
2092	-7.8431183475e-19	
2093	-7.8431184114e-19	
2094	-7.8431184416e-19	
2095	-7.8431184791e-19	
2096	-7.8431184825e-19	
2097	-7.8431184929e-19	
2098	-7.8431184697e-19	
2099	-7.8431184541e-19	
2100	-7.8431184061e-19	
2101	-7.8431183672e-19	
2102	-7.8431182977e-19	
2103	-7.8431182389e-19	
2104	-7.8431181517e-19	
2105	-7.8431180776e-19	
2106	-7.8431179778e-19	
2107	-7.8431178938e-19	
2108	-7.8431177867e-19	
2109	-7.8431176982e-19	
2110	-7.8431175896e-19	
2111	-7.8431175022e-19	
2112	-7.8431173973e-19	
2113	-7.8431173162e-19	
2114	-7.8431172201e-19	
2115	-7.8431171498e-19	
2116	-7.8431170666e-19	
2117	-7.8431170110e-19	
2118	-7.8431169439e-19	
2119	-7.8431169055e-19	
2120	-7.8431168567e-19	
2121	-7.8431168371e-19	
2122	-7.8431168073e-19	
2123	-7.8431168068e-19	
2124	-7.8431167959e-19	
2125	-7.8431168136e-19	
2126	-7.8431168201e-19	
2127	-7.8431168541e-19	
2128	-7.8431168755e-19	
2129	-7.8431169229e-19	
2130	-7.8431169560e-19	
2131	-7.8431170132e-19	
2132	-7.8431170542e-19	
2133	-7.8431171170e-19	
2134	-7.8431171617e-19	
2135	-7.8431172260e-19	
2136	-7.8431172701e-19	
2137	-7.8431173316e-19	
2138	-7.8431173709e-19	
2139	-7.8431174256e-19	
2140	-7.8431174565e-19	
2141	-7.8431175011e-19	
2142	-7.8431175204e-19	
2143	-7.8431175522e-19	
2144	-7.8431175576e-19	
2145	-7.8431175747e-19	
2146	-7.8431175649e-19	
2147	-7.8431175663e-19	
2148	-7.8431175408e-19	
2149	-7.8431175267e-19	
2150	-7.8431174860e-19	
2151	-7.8431174573e-19	
2152	-7.8431174028e-19	
2153	-7.8431173613e-19	
2154	-7.8431172953e-19	
2155	-7.8431172434e-19	
2156	-7.8431171686e-19	
2157	-7.8431171096e-19	
2158	-7.8431170293e-19	
2159	-7.8431169664e-19	
2160	-7.8431168842e-19	
2161	-7.8431168211e-19	
2162	-7.8431167406e-19	
2163	-7.8431166808e-19	
2164	-7.8431166052e-19	
2165	-7.8431165520e-19	
2166	-7.8431164845e-19	
2167	-7.8431164406e-19	
2168	-7.8431163836e-19	
2169	-7.8431163513e-19	
2170	-7.8431163068e-19	
2171	-7.8431162876e-19	
2172	-7.8431162566e-19	
2173	-7.8431162512e-19	
2174	-7.8431162342e-19	
2175	-7.8431162426e-19	
2176	-7.8431162392e-19	
2177	-7.8431162606e-19	
2178	-7.8431162696e-19	
2179	-7.8431163025e-19	
2180	-7.8431163221e-19	
2181	-7.8431163646e-19	
2182	-7.8431163926e-19	
2183	-7.8431164421e-19	
2184	-7.8431164759e-19	
2185	-7.8431165297e-19	
2186	-7.8431165664e-19	
2187	-7.8431166217e-19	
2188	-7.8431166585e-19	
2189	-7.8431167124e-19	
2190	-7.8431167466e-19	
2191	-7.8431167966e-19	
2192	-7.8431168257e-19	
2193	-7.8431168696e-19	
2194	-7.8431168916e-19	
2195	-7.8431169276e-19	
2196	-7.8431169412e-19	
2197	-7.8431169680e-19	
2198	-7.8431169721e-19	
2199	-7.8431169892e-19	
2200	-7.8431169836e-19	
2201	-7.8431169910e-19	
2202	-7.8431169759e-19	
2203	-7.8431169743e-19	
2204	-7.8431169507e-19	
2205	-7.8431169412e-19	
2206	-7.8431169105e-19	
2207	-7.8431168946e-19	
2208	-7.8431168585e-19	
2209	-7.8431168382e-19	
2210	-7.8431167988e-19	
2211	-7.8431167761e-19	
2212	-7.8431167356e-19	
2213	-7.8431167129e-19	
2214	-7.8431166734e-19	
2215	-7.8431166527e-19	
2216	-7.8431166164e-19	
2217	-7.8431165998e-19	
2218	-7.8431165683e-19	
2219	-7.8431165574e-19	
2220	-7.8431165324e-19	
2221	-7.8431165285e-19	
2222	-7.8431165110e-19	
2223	-7.8431165150e-19	
2224	-7.8431165056e-19	
2225	-7.8431165178e-19	
2226	-7.8431165167e-19	
2227	-7.8431165370e-19	
2228	-7.8431165438e-19	
2229	-7.8431165715e-19	
2230	-7.8431165854e-19	
2231	-7.8431166196e-19	
2232	-7.8431166394e-19	
2233	-7.8431166788e-19	
2234	-7.8431167030e-19	
2235	-7.8431167459e-19	
2236	-7.8431167729e-19	
2237	-7.8431168177e-19	
2238	-7.8431168456e-19	
2239	-7.8431168903e-19	
2240	-7.8431169174e-19	
2241	-7.8431169605e-19	
2242	-7.8431169851e-19	
2243	-7.8431170249e-19	
2244	-7.8431170455e-19	
