# Time           	e423_0           
1	2.3982307510e+01	
2	1.0135043595e+00	
3	2.9262168823e-01	
4	2.0691875220e-01	
5	1.7383547025e-01	
6	1.7294557656e-01	
7	1.8032970570e-01	
8	1.7790002802e-01	
9	1.7640631287e-01	
10	1.7709555360e-01	
11	1.7594742707e-01	
12	1.7336416684e-01	
13	1.7171220551e-01	
14	1.7160102771e-01	
15	1.7172447590e-01	
16	1.7220702494e-01	
17	1.7280950621e-01	
18	1.7376474700e-01	
19	1.7498819473e-01	
20	1.7650248750e-01	
21	1.7831754407e-01	
22	1.8017780910e-01	
23	1.8192513701e-01	
24	1.8346371049e-01	
25	1.8501747779e-01	
26	1.8645575926e-01	
27	1.8796334475e-01	
28	1.8930541122e-01	
29	1.9015428802e-01	
30	1.9048822777e-01	
31	1.9068468515e-01	
32	1.9071679155e-01	
33	1.9046895944e-01	
34	1.8993767666e-01	
35	1.8921161937e-01	
36	1.8814092895e-01	
37	1.8688368538e-01	
38	1.8556555033e-01	
39	1.8432370514e-01	
40	1.8307743293e-01	
41	1.8191438154e-01	
42	1.8062926623e-01	
43	1.7930150954e-01	
44	1.7803250552e-01	
45	1.7685970105e-01	
46	1.7569256666e-01	
47	1.7462780616e-01	
48	1.7358480733e-01	
49	1.7259201848e-01	
50	1.7154106638e-01	
51	1.7053976544e-01	
52	1.6952156389e-01	
53	1.6855599123e-01	
54	1.6762504431e-01	
55	1.6678215302e-01	
56	1.6587501127e-01	
57	1.6500000402e-01	
58	1.6411196915e-01	
59	1.6328024414e-01	
60	1.6245028321e-01	
61	1.6175861433e-01	
62	1.6084631494e-01	
63	1.6011399640e-01	
64	1.5922056756e-01	
65	1.5860697720e-01	
66	1.5765575090e-01	
67	1.5698757300e-01	
68	1.5608888402e-01	
69	1.5550837491e-01	
70	1.5455891996e-01	
71	1.5395635634e-01	
72	1.5302522443e-01	
73	1.5244580988e-01	
74	1.5153063430e-01	
75	1.5091214497e-01	
76	1.5003518989e-01	
77	1.4939130485e-01	
78	1.4854838045e-01	
79	1.4789585088e-01	
80	1.4713527266e-01	
81	1.4644512899e-01	
82	1.4568504177e-01	
83	1.4495305838e-01	
84	1.4416610720e-01	
85	1.4338148513e-01	
86	1.4256039090e-01	
87	1.4174811390e-01	
88	1.4091698106e-01	
89	1.4008005029e-01	
90	1.3919155178e-01	
91	1.3832948310e-01	
92	1.3743647805e-01	
93	1.3652674410e-01	
94	1.3558013798e-01	
95	1.3463563269e-01	
96	1.3369407647e-01	
97	1.3277267534e-01	
98	1.3189330804e-01	
99	1.3105256063e-01	
100	1.3022191870e-01	
101	1.2940211266e-01	
102	1.2858772675e-01	
103	1.2777973045e-01	
104	1.2695192959e-01	
105	1.2613949761e-01	
106	1.2532359138e-01	
107	1.2451338278e-01	
108	1.2371428797e-01	
109	1.2293395965e-01	
110	1.2213430921e-01	
111	1.2132095770e-01	
112	1.2045355954e-01	
113	1.1962688547e-01	
114	1.1876665113e-01	
115	1.1790962932e-01	
116	1.1704753221e-01	
117	1.1619639264e-01	
118	1.1532444822e-01	
119	1.1448902000e-01	
120	1.1364047541e-01	
121	1.1280515212e-01	
122	1.1196502623e-01	
123	1.1114511137e-01	
124	1.1029934789e-01	
125	1.0945684638e-01	
126	1.0859260527e-01	
127	1.0775779674e-01	
128	1.0694124016e-01	
129	1.0613877230e-01	
130	1.0532156567e-01	
131	1.0451528686e-01	
132	1.0371614398e-01	
133	1.0293239277e-01	
134	1.0214010360e-01	
135	1.0137515388e-01	
136	1.0061261388e-01	
137	9.9871721510e-02	
138	9.9119702349e-02	
139	9.8372027252e-02	
140	9.7604132635e-02	
141	9.6893408474e-02	
142	9.6169773361e-02	
143	9.5454325383e-02	
144	9.4737956614e-02	
145	9.4060074781e-02	
146	9.3382525240e-02	
147	9.2721660500e-02	
148	9.2053212963e-02	
149	9.1393242502e-02	
150	9.0741005784e-02	
151	9.0141567057e-02	
152	8.9520360424e-02	
153	8.8923305688e-02	
154	8.8312379358e-02	
155	8.7707786649e-02	
156	8.7096233847e-02	
157	8.6482630612e-02	
158	8.5875120672e-02	
159	8.5281333543e-02	
160	8.4720121418e-02	
161	8.4184404435e-02	
162	8.3650123749e-02	
163	8.3111768538e-02	
164	8.2558438612e-02	
165	8.1991941359e-02	
166	8.1413971535e-02	
167	8.0829019237e-02	
168	8.0296286193e-02	
169	7.9800314650e-02	
170	7.9261044510e-02	
171	7.8714590834e-02	
172	7.8218054502e-02	
173	7.7753772899e-02	
174	7.7254188281e-02	
175	7.6777526793e-02	
176	7.6335332347e-02	
177	7.5913171130e-02	
178	7.5482675299e-02	
179	7.5054907981e-02	
180	7.4622600307e-02	
181	7.4205209983e-02	
182	7.3757767911e-02	
183	7.3336592999e-02	
184	7.2922972355e-02	
185	7.2521816111e-02	
186	7.2103839926e-02	
187	7.1712535405e-02	
188	7.1368370233e-02	
189	7.1074651439e-02	
190	7.0701819214e-02	
191	7.0323222377e-02	
192	6.9936237780e-02	
193	6.9556640698e-02	
194	6.9185352065e-02	
195	6.8812841615e-02	
196	6.8431580831e-02	
197	6.8122115369e-02	
198	6.7883721514e-02	
199	6.7606490498e-02	
200	6.7278164881e-02	
201	6.6978026161e-02	
202	6.6670159522e-02	
203	6.6372006465e-02	
204	6.6116099389e-02	
205	6.5881167599e-02	
206	6.5643313151e-02	
207	6.5408705219e-02	
208	6.5167338586e-02	
209	6.4957637081e-02	
210	6.4762387434e-02	
211	6.4586625904e-02	
212	6.4385356815e-02	
213	6.4201536502e-02	
214	6.4055591428e-02	
215	6.4021342287e-02	
216	6.3894604841e-02	
217	6.3762619530e-02	
218	6.3615924626e-02	
219	6.3512347746e-02	
220	6.3404761354e-02	
221	6.3348373003e-02	
222	6.3266506269e-02	
223	6.3257991438e-02	
224	6.3356453235e-02	
225	6.3330932707e-02	
226	6.3289389021e-02	
227	6.3254829998e-02	
228	6.3214773871e-02	
229	6.3185180192e-02	
230	6.3226265091e-02	
231	6.3243996868e-02	
232	6.3264333491e-02	
233	6.3297859552e-02	
234	6.3311667507e-02	
235	6.3320598713e-02	
236	6.3297996361e-02	
237	6.3295615494e-02	
238	6.3356096278e-02	
239	6.3485331100e-02	
240	6.3508065198e-02	
241	6.3513667966e-02	
242	6.3520294301e-02	
243	6.3562893387e-02	
244	6.3628720872e-02	
245	6.3702966729e-02	
246	6.3729987232e-02	
247	6.3935401142e-02	
248	6.4102450664e-02	
249	6.4292579528e-02	
250	6.4397120184e-02	
251	6.4547275990e-02	
252	6.4651694427e-02	
253	6.4714980426e-02	
254	6.4919762107e-02	
255	6.5076518457e-02	
256	6.5203272448e-02	
257	6.5336643799e-02	
258	6.5462234188e-02	
259	6.5562651657e-02	
260	6.5658371496e-02	
261	6.5825014902e-02	
262	6.6051120252e-02	
263	6.6177717868e-02	
264	6.6253470505e-02	
265	6.6311236923e-02	
266	6.6377376167e-02	
267	6.6483868886e-02	
268	6.6582494878e-02	
269	6.6666163880e-02	
270	6.6718398739e-02	
271	6.6881503583e-02	
272	6.7093383110e-02	
273	6.7255447395e-02	
274	6.7368816450e-02	
275	6.7491658385e-02	
276	6.7621841429e-02	
277	6.7740966545e-02	
278	6.7964584011e-02	
279	6.8126932498e-02	
280	6.8286485859e-02	
281	6.8345107915e-02	
282	6.8493401034e-02	
283	6.8604684751e-02	
284	6.8758934290e-02	
285	6.8961411453e-02	
286	6.9140165748e-02	
287	6.9319262194e-02	
288	6.9472123017e-02	
289	6.9621140233e-02	
290	6.9747836403e-02	
291	6.9874605057e-02	
292	7.0064753713e-02	
293	7.0304146784e-02	
294	7.0475737457e-02	
295	7.0623594948e-02	
296	7.0761035330e-02	
297	7.0903510234e-02	
298	7.1064452758e-02	
299	7.1245152442e-02	
300	7.1401047396e-02	
301	7.1582063410e-02	
302	7.1720532448e-02	
303	7.1943101624e-02	
304	7.2200876615e-02	
305	7.2404077925e-02	
306	7.2613911731e-02	
307	7.2811024794e-02	
308	7.2989668349e-02	
309	7.3176174979e-02	
310	7.3355825342e-02	
311	7.3602752282e-02	
312	7.3814098233e-02	
313	7.4026114041e-02	
314	7.4173839372e-02	
315	7.4348718790e-02	
316	7.4476527530e-02	
317	7.4625126648e-02	
318	7.4719243918e-02	
319	7.4879530713e-02	
320	7.5007641729e-02	
321	7.5092128910e-02	
322	7.5191736194e-02	
323	7.5287175831e-02	
324	7.5347852975e-02	
325	7.5425177229e-02	
326	7.5488067961e-02	
327	7.5558880096e-02	
328	7.5624491848e-02	
329	7.5678061859e-02	
330	7.5769358457e-02	
331	7.5880202505e-02	
332	7.6028666103e-02	
333	7.6150090501e-02	
334	7.6255863356e-02	
335	7.6367243232e-02	
336	7.6472643318e-02	
337	7.6604664058e-02	
338	7.6718573416e-02	
339	7.6824053773e-02	
340	7.6890666480e-02	
341	7.6963145185e-02	
342	7.6993133378e-02	
343	7.6982614737e-02	
344	7.6951574709e-02	
345	7.6852730603e-02	
346	7.6719208245e-02	
347	7.6571926140e-02	
348	7.6405160101e-02	
349	7.6227500528e-02	
350	7.6016197360e-02	
351	7.5788574989e-02	
352	7.5521845411e-02	
353	7.5208823878e-02	
354	7.4870491828e-02	
355	7.4519934329e-02	
356	7.4136437365e-02	
357	7.3761494339e-02	
358	7.3388754626e-02	
359	7.3023275383e-02	
360	7.2656869094e-02	
361	7.2325567790e-02	
362	7.2022393479e-02	
363	7.1764953570e-02	
364	7.1510748304e-02	
365	7.1307654780e-02	
366	7.1120465073e-02	
367	7.0986723290e-02	
368	7.0893518084e-02	
369	7.0836018568e-02	
370	7.0819387435e-02	
371	7.0845508060e-02	
372	7.0894088581e-02	
373	7.0996328750e-02	
374	7.1135954490e-02	
375	7.1331285770e-02	
376	7.1568253167e-02	
377	7.1850004802e-02	
378	7.2175950176e-02	
379	7.2584651775e-02	
380	7.3033923797e-02	
381	7.3515845264e-02	
382	7.4046669939e-02	
383	7.4600651408e-02	
384	7.5187376353e-02	
385	7.5811129439e-02	
386	7.6439504877e-02	
387	7.7087800539e-02	
388	7.7756290630e-02	
389	7.8453563818e-02	
390	7.9154946158e-02	
391	7.9863837658e-02	
392	8.0544014170e-02	
393	8.1179722232e-02	
394	8.1741897607e-02	
395	8.2252226129e-02	
396	8.2697688994e-02	
397	8.3095274714e-02	
398	8.3451214302e-02	
399	8.3783226803e-02	
400	8.4030998086e-02	
401	8.4219665586e-02	
402	8.4305281917e-02	
403	8.4350465519e-02	
404	8.4334221790e-02	
405	8.4215795978e-02	
406	8.3977027915e-02	
407	8.3683980634e-02	
408	8.3370697621e-02	
409	8.3026836917e-02	
410	8.2622149794e-02	
411	8.2192794787e-02	
412	8.1730277172e-02	
413	8.1286417222e-02	
414	8.0842596984e-02	
415	8.0423489118e-02	
416	8.0022423267e-02	
417	7.9647163325e-02	
418	7.9279164770e-02	
419	7.8965791268e-02	
420	7.8680879950e-02	
421	7.8432893196e-02	
422	7.8244524916e-02	
423	7.8119101111e-02	
424	7.8028772155e-02	
425	7.7998271355e-02	
426	7.8030712701e-02	
427	7.8112813681e-02	
428	7.8211991590e-02	
429	7.8320040854e-02	
430	7.8464570792e-02	
431	7.8635457408e-02	
432	7.8816912356e-02	
433	7.9009117899e-02	
434	7.9199378149e-02	
435	7.9397376545e-02	
436	7.9560489495e-02	
437	7.9741788442e-02	
438	7.9923273004e-02	
439	8.0113090355e-02	
440	8.0296820328e-02	
441	8.0481413324e-02	
442	8.0657193397e-02	
443	8.0856001180e-02	
444	8.1059748476e-02	
445	8.1275957622e-02	
446	8.1487314896e-02	
447	8.1705931169e-02	
448	8.1924148709e-02	
449	8.2148151301e-02	
450	8.2389893968e-02	
451	8.2633931313e-02	
452	8.2863664847e-02	
453	8.3104927729e-02	
454	8.3347311337e-02	
455	8.3581128458e-02	
456	8.3790783178e-02	
457	8.4007872510e-02	
458	8.4202673399e-02	
459	8.4391881351e-02	
460	8.4579955743e-02	
461	8.4745090283e-02	
462	8.4863959622e-02	
463	8.4961662228e-02	
464	8.5028522896e-02	
465	8.5095353342e-02	
466	8.5136262243e-02	
467	8.5156009563e-02	
468	8.5147935178e-02	
469	8.5119014031e-02	
470	8.5089155208e-02	
471	8.5076402713e-02	
472	8.5060302003e-02	
473	8.5054382732e-02	
474	8.5045618602e-02	
475	8.5010826469e-02	
476	8.4958968028e-02	
477	8.4954024988e-02	
478	8.4957009747e-02	
479	8.4980786262e-02	
480	8.4995068810e-02	
481	8.5014742930e-02	
482	8.5097845806e-02	
483	8.5218815958e-02	
484	8.5329622450e-02	
485	8.5443115675e-02	
486	8.5561517677e-02	
487	8.5698264700e-02	
488	8.5853104315e-02	
489	8.6047504004e-02	
490	8.6272972842e-02	
491	8.6522360270e-02	
492	8.6769064339e-02	
493	8.7050995616e-02	
494	8.7312599351e-02	
495	8.7538361106e-02	
496	8.7784503039e-02	
497	8.8038289984e-02	
498	8.8319388171e-02	
499	8.8579441771e-02	
500	8.8814101380e-02	
501	8.9077243722e-02	
502	8.9353572606e-02	
503	8.9676343382e-02	
504	9.0000081945e-02	
505	9.0285048337e-02	
506	9.0593837120e-02	
507	9.0898192351e-02	
508	9.1194443213e-02	
509	9.1486913114e-02	
510	9.1766757895e-02	
511	9.2025245535e-02	
512	9.2271885852e-02	
513	9.2527587214e-02	
514	9.2787613208e-02	
515	9.3026487790e-02	
516	9.3240841154e-02	
517	9.3441726890e-02	
518	9.3617275253e-02	
519	9.3774119304e-02	
520	9.3904279931e-02	
521	9.4030119341e-02	
522	9.4140142111e-02	
523	9.4236211283e-02	
524	9.4304222914e-02	
525	9.4354606370e-02	
526	9.4390846655e-02	
527	9.4410026316e-02	
528	9.4396629792e-02	
529	9.4367234640e-02	
530	9.4335638891e-02	
531	9.4284975830e-02	
532	9.4214403085e-02	
533	9.4138993353e-02	
534	9.4046070282e-02	
535	9.3963395012e-02	
536	9.3879448196e-02	
537	9.3812966680e-02	
538	9.3738446104e-02	
539	9.3649848635e-02	
540	9.3562156608e-02	
541	9.3464569421e-02	
542	9.3364532234e-02	
543	9.3267371269e-02	
544	9.3153381138e-02	
545	9.3048807357e-02	
546	9.2944837521e-02	
547	9.2843737855e-02	
548	9.2735041685e-02	
549	9.2628937195e-02	
550	9.2520708358e-02	
551	9.2394970345e-02	
552	9.2245477482e-02	
553	9.2082611592e-02	
554	9.1910248292e-02	
555	9.1731725349e-02	
556	9.1550842847e-02	
557	9.1370661994e-02	
558	9.1171142099e-02	
559	9.0941399392e-02	
560	9.0689287371e-02	
561	9.0431327436e-02	
562	9.0163673944e-02	
563	8.9880290614e-02	
564	8.9588735032e-02	
565	8.9293906595e-02	
566	8.8994904684e-02	
567	8.8698060461e-02	
568	8.8394581784e-02	
569	8.8087849099e-02	
570	8.7777192179e-02	
571	8.7462316032e-02	
572	8.7151075563e-02	
573	8.6855521064e-02	
574	8.6580813196e-02	
575	8.6331097132e-02	
576	8.6079935214e-02	
577	8.5841904407e-02	
578	8.5616475878e-02	
579	8.5424963437e-02	
580	8.5253843286e-02	
581	8.5095583230e-02	
582	8.4940242665e-02	
583	8.4805733366e-02	
584	8.4687344831e-02	
585	8.4581938688e-02	
586	8.4498563827e-02	
587	8.4439706129e-02	
588	8.4399141854e-02	
589	8.4386119220e-02	
590	8.4401212862e-02	
591	8.4430091187e-02	
592	8.4468492339e-02	
593	8.4538591698e-02	
594	8.4620967156e-02	
595	8.4726814781e-02	
596	8.4841285702e-02	
597	8.4958668483e-02	
598	8.5083737945e-02	
599	8.5220013208e-02	
600	8.5355178978e-02	
601	8.5494108953e-02	
602	8.5640490430e-02	
603	8.5768241063e-02	
604	8.5896081370e-02	
605	8.6033594854e-02	
606	8.6158969658e-02	
607	8.6288762227e-02	
608	8.6393246955e-02	
609	8.6502103354e-02	
610	8.6591595909e-02	
611	8.6678213790e-02	
612	8.6742614851e-02	
613	8.6798930922e-02	
614	8.6825315729e-02	
615	8.6848184723e-02	
616	8.6819756505e-02	
617	8.6783554625e-02	
618	8.6735184193e-02	
619	8.6674918300e-02	
620	8.6600741181e-02	
621	8.6503090136e-02	
622	8.6366095671e-02	
623	8.6209468955e-02	
624	8.6051822015e-02	
625	8.5868432609e-02	
626	8.5685121106e-02	
627	8.5488471885e-02	
628	8.5276296242e-02	
629	8.5050994956e-02	
630	8.4813092852e-02	
631	8.4556238265e-02	
632	8.4289915153e-02	
633	8.4012649142e-02	
634	8.3723603988e-02	
635	8.3436740066e-02	
636	8.3152818827e-02	
637	8.2860171067e-02	
638	8.2560565132e-02	
639	8.2268160766e-02	
640	8.1962039037e-02	
641	8.1671478308e-02	
642	8.1394869641e-02	
643	8.1128119040e-02	
644	8.0857193951e-02	
645	8.0591824957e-02	
646	8.0341354372e-02	
647	8.0085977160e-02	
648	7.9823378286e-02	
649	7.9570254458e-02	
650	7.9331325614e-02	
651	7.9105463888e-02	
652	7.8897981169e-02	
653	7.8714303963e-02	
654	7.8544868483e-02	
655	7.8405042792e-02	
656	7.8282584240e-02	
657	7.8180854103e-02	
658	7.8105777793e-02	
659	7.8064556235e-02	
660	7.8044464890e-02	
661	7.8066498316e-02	
662	7.8103568817e-02	
663	7.8156447416e-02	
664	7.8235526877e-02	
665	7.8331161867e-02	
666	7.8441021570e-02	
667	7.8558803556e-02	
668	7.8675208834e-02	
669	7.8793451925e-02	
670	7.8910392474e-02	
671	7.9025487153e-02	
672	7.9124960481e-02	
673	7.9208260350e-02	
674	7.9272284624e-02	
675	7.9322636455e-02	
676	7.9355899957e-02	
677	7.9397924426e-02	
678	7.9429698866e-02	
679	7.9463256492e-02	
680	7.9483082776e-02	
681	7.9492798710e-02	
682	7.9488460534e-02	
683	7.9474640177e-02	
684	7.9442285896e-02	
685	7.9396319927e-02	
686	7.9334589276e-02	
687	7.9264378633e-02	
688	7.9179125161e-02	
689	7.9081117822e-02	
690	7.8974751591e-02	
691	7.8879370389e-02	
692	7.8769460315e-02	
693	7.8660452803e-02	
694	7.8554852871e-02	
695	7.8460863513e-02	
696	7.8366513409e-02	
697	7.8274223928e-02	
698	7.8176104518e-02	
699	7.8077918732e-02	
700	7.7967031320e-02	
701	7.7874818623e-02	
702	7.7787233974e-02	
703	7.7714560565e-02	
704	7.7656222638e-02	
705	7.7618659759e-02	
706	7.7589335016e-02	
707	7.7569266509e-02	
708	7.7550605786e-02	
709	7.7532807191e-02	
710	7.7518462566e-02	
711	7.7516436416e-02	
712	7.7518606639e-02	
713	7.7524200293e-02	
714	7.7524501537e-02	
715	7.7530800323e-02	
716	7.7538140064e-02	
717	7.7551711013e-02	
718	7.7566292440e-02	
719	7.7592000164e-02	
720	7.7620392648e-02	
721	7.7658851592e-02	
722	7.7687360295e-02	
723	7.7730524528e-02	
724	7.7764744016e-02	
725	7.7803940464e-02	
726	7.7848951213e-02	
727	7.7884857968e-02	
728	7.7915663180e-02	
729	7.7955430107e-02	
730	7.7995084847e-02	
731	7.8019650763e-02	
732	7.8043804014e-02	
733	7.8072322169e-02	
734	7.8097935535e-02	
735	7.8129268598e-02	
736	7.8168542293e-02	
737	7.8207444397e-02	
738	7.8255882050e-02	
739	7.8317365622e-02	
740	7.8386114357e-02	
741	7.8466978121e-02	
742	7.8551921213e-02	
743	7.8642934589e-02	
744	7.8729749746e-02	
745	7.8818418361e-02	
746	7.8914766734e-02	
747	7.9025006207e-02	
748	7.9139485851e-02	
749	7.9264410469e-02	
750	7.9401096989e-02	
751	7.9542304459e-02	
752	7.9674995368e-02	
753	7.9822155567e-02	
754	7.9966153495e-02	
755	8.0111710195e-02	
756	8.0248356426e-02	
757	8.0389163153e-02	
758	8.0529845524e-02	
759	8.0680640687e-02	
760	8.0826205159e-02	
761	8.0957873443e-02	
762	8.1058675982e-02	
763	8.1178329368e-02	
764	8.1285536434e-02	
765	8.1373143762e-02	
766	8.1443258069e-02	
767	8.1501582714e-02	
768	8.1532275880e-02	
769	8.1530400082e-02	
770	8.1510672537e-02	
771	8.1486992323e-02	
772	8.1441895829e-02	
773	8.1381296833e-02	
774	8.1309605742e-02	
775	8.1208593092e-02	
776	8.1090484572e-02	
777	8.0959303355e-02	
778	8.0812631569e-02	
779	8.0658210733e-02	
780	8.0481070679e-02	
781	8.0297382037e-02	
782	8.0097174215e-02	
783	7.9890133067e-02	
784	7.9664023574e-02	
785	7.9439606145e-02	
786	7.9188722814e-02	
787	7.8944371292e-02	
788	7.8678280757e-02	
789	7.8419799201e-02	
790	7.8134905675e-02	
791	7.7850953319e-02	
792	7.7555107709e-02	
793	7.7258171902e-02	
794	7.6998099161e-02	
795	7.6713367584e-02	
796	7.6429923890e-02	
797	7.6130470218e-02	
798	7.5842376253e-02	
799	7.5548820329e-02	
800	7.5252739809e-02	
801	7.4958911359e-02	
802	7.4650605312e-02	
803	7.4336009403e-02	
804	7.4022007359e-02	
805	7.3707146730e-02	
806	7.3394321732e-02	
807	7.3070915241e-02	
808	7.2788734218e-02	
809	7.2516844497e-02	
810	7.2261331967e-02	
811	7.2021009236e-02	
812	7.1789527446e-02	
813	7.1584954079e-02	
814	7.1476094937e-02	
815	7.1404655153e-02	
816	7.1420711598e-02	
817	7.1519137521e-02	
818	7.1732935610e-02	
819	7.2013939852e-02	
820	7.2392177502e-02	
821	7.2836478577e-02	
822	7.3382416855e-02	
823	7.4003870247e-02	
824	7.4674876763e-02	
825	7.5392791244e-02	
826	7.6104043571e-02	
827	7.6829868866e-02	
828	7.7550728163e-02	
829	7.8276014193e-02	
830	7.9012873268e-02	
831	7.9740031701e-02	
832	8.0443599445e-02	
833	8.1111823585e-02	
834	8.1748578232e-02	
835	8.2326818820e-02	
836	8.2838776180e-02	
837	8.3291786191e-02	
838	8.3689159920e-02	
839	8.4023239391e-02	
840	8.4293687157e-02	
841	8.4517660813e-02	
842	8.4692626492e-02	
843	8.4844985459e-02	
844	8.4949842050e-02	
845	8.5062991564e-02	
846	8.5157881072e-02	
847	8.5223369336e-02	
848	8.5278427381e-02	
849	8.5284237428e-02	
850	8.5247124375e-02	
851	8.5204127867e-02	
852	8.5139461549e-02	
853	8.5070663937e-02	
854	8.5001405682e-02	
855	8.4925148529e-02	
856	8.4821764150e-02	
857	8.4703506425e-02	
858	8.4583075562e-02	
859	8.4466071979e-02	
860	8.4338671666e-02	
861	8.4196698140e-02	
862	8.4034863696e-02	
863	8.3887878386e-02	
864	8.3733506297e-02	
865	8.3584061449e-02	
866	8.3442327587e-02	
867	8.3309701518e-02	
868	8.3167460166e-02	
869	8.3035766628e-02	
870	8.2924868404e-02	
871	8.2820667466e-02	
872	8.2729964000e-02	
873	8.2652839745e-02	
874	8.2581476154e-02	
875	8.2539350190e-02	
876	8.2497021288e-02	
877	8.2461895857e-02	
878	8.2452945238e-02	
879	8.2458927355e-02	
880	8.2478206293e-02	
881	8.2507574703e-02	
882	8.2542897995e-02	
883	8.2588884542e-02	
884	8.2643429321e-02	
885	8.2714176617e-02	
886	8.2793648639e-02	
887	8.2869322221e-02	
888	8.2953379538e-02	
889	8.3031623538e-02	
890	8.3100973094e-02	
891	8.3141798040e-02	
892	8.3158588832e-02	
893	8.3162015049e-02	
894	8.3139197727e-02	
895	8.3082518857e-02	
896	8.3012301113e-02	
897	8.2914044805e-02	
898	8.2776560684e-02	
899	8.2602832939e-02	
900	8.2401384439e-02	
901	8.2179651377e-02	
902	8.1950199857e-02	
903	8.1704541114e-02	
904	8.1450614728e-02	
905	8.1193767995e-02	
906	8.0940318727e-02	
907	8.0675993622e-02	
908	8.0391053591e-02	
909	8.0119962233e-02	
910	7.9852522149e-02	
911	7.9594829953e-02	
912	7.9357638083e-02	
913	7.9135959205e-02	
914	7.8928228088e-02	
915	7.8738732063e-02	
916	7.8556254366e-02	
917	7.8393422100e-02	
918	7.8251373816e-02	
919	7.8132918445e-02	
920	7.8021614149e-02	
921	7.7932061068e-02	
922	7.7859095126e-02	
923	7.7806666265e-02	
924	7.7779904173e-02	
925	7.7759121402e-02	
926	7.7766619718e-02	
927	7.7784420989e-02	
928	7.7811777121e-02	
929	7.7863108204e-02	
930	7.7921454850e-02	
931	7.8009718485e-02	
932	7.8124321030e-02	
933	7.8272131736e-02	
934	7.8441328652e-02	
935	7.8626014674e-02	
936	7.8813279994e-02	
937	7.9022810266e-02	
938	7.9250233842e-02	
939	7.9504533532e-02	
940	7.9775217562e-02	
941	8.0074594309e-02	
942	8.0393529655e-02	
943	8.0725495228e-02	
944	8.1064985560e-02	
945	8.1409704242e-02	
946	8.1759560258e-02	
947	8.2115321809e-02	
948	8.2454828510e-02	
949	8.2785239462e-02	
950	8.3101741580e-02	
951	8.3396717653e-02	
952	8.3669139565e-02	
953	8.3913929910e-02	
954	8.4146219257e-02	
955	8.4356459973e-02	
956	8.4534744500e-02	
957	8.4699523017e-02	
958	8.4844960854e-02	
959	8.4983005203e-02	
960	8.5093825008e-02	
961	8.5184730322e-02	
962	8.5272198348e-02	
963	8.5349658622e-02	
964	8.5418295050e-02	
965	8.5481592157e-02	
966	8.5534411073e-02	
967	8.5577820339e-02	
968	8.5605577011e-02	
969	8.5627076694e-02	
970	8.5647786166e-02	
971	8.5667467364e-02	
972	8.5682748703e-02	
973	8.5698880957e-02	
974	8.5713296962e-02	
975	8.5721096382e-02	
976	8.5726934007e-02	
977	8.5736383721e-02	
978	8.5746044199e-02	
979	8.5757997261e-02	
980	8.5774025751e-02	
981	8.5795176950e-02	
982	8.5817251978e-02	
983	8.5840363251e-02	
984	8.5864521179e-02	
985	8.5894647930e-02	
986	8.5923596786e-02	
987	8.5949445611e-02	
988	8.5968093844e-02	
989	8.5994498031e-02	
990	8.6023739767e-02	
991	8.6056823699e-02	
992	8.6087804941e-02	
993	8.6116595784e-02	
994	8.6140557366e-02	
995	8.6165691044e-02	
996	8.6181566168e-02	
997	8.6196788652e-02	
998	8.6205875708e-02	
999	8.6208257279e-02	
1000	8.6202327198e-02	
1001	8.6185800006e-02	
1002	8.6157998637e-02	
1003	8.6116983427e-02	
1004	8.6055858244e-02	
1005	8.5985815520e-02	
1006	8.5900453577e-02	
1007	8.5798844801e-02	
1008	8.5681799101e-02	
1009	8.5554550632e-02	
1010	8.5417801695e-02	
1011	8.5271866092e-02	
1012	8.5119539884e-02	
1013	8.4959400295e-02	
1014	8.4789730245e-02	
1015	8.4612765684e-02	
1016	8.4432100295e-02	
1017	8.4248321744e-02	
1018	8.4053349255e-02	
1019	8.3858081820e-02	
1020	8.3664180834e-02	
1021	8.3482662576e-02	
1022	8.3307923850e-02	
1023	8.3138889978e-02	
1024	8.2973961066e-02	
1025	8.2826271684e-02	
1026	8.2692654642e-02	
1027	8.2579924440e-02	
1028	8.2484690511e-02	
1029	8.2410078690e-02	
1030	8.2352891551e-02	
1031	8.2314733023e-02	
1032	8.2295914553e-02	
1033	8.2296856789e-02	
1034	8.2318785001e-02	
1035	8.2360547481e-02	
1036	8.2415996244e-02	
1037	8.2487918432e-02	
1038	8.2578976166e-02	
1039	8.2681111263e-02	
1040	8.2787912950e-02	
1041	8.2909430645e-02	
1042	8.3038120258e-02	
1043	8.3185499389e-02	
1044	8.3336777603e-02	
1045	8.3495359003e-02	
1046	8.3657137366e-02	
1047	8.3818337041e-02	
1048	8.3972949748e-02	
1049	8.4130075254e-02	
1050	8.4277861617e-02	
1051	8.4420494128e-02	
1052	8.4555415507e-02	
1053	8.4677334125e-02	
1054	8.4787183656e-02	
1055	8.4877150429e-02	
1056	8.4945813294e-02	
1057	8.4993877438e-02	
1058	8.5017816506e-02	
1059	8.5027365370e-02	
1060	8.5025648961e-02	
1061	8.5010936388e-02	
1062	8.4980567949e-02	
1063	8.4944899074e-02	
1064	8.4898373781e-02	
1065	8.4845166824e-02	
1066	8.4784626374e-02	
1067	8.4718242503e-02	
1068	8.4646134257e-02	
1069	8.4572758597e-02	
1070	8.4495442392e-02	
1071	8.4420037008e-02	
1072	8.4339635169e-02	
1073	8.4258680384e-02	
1074	8.4181405883e-02	
1075	8.4107855523e-02	
1076	8.4039744595e-02	
1077	8.3975070131e-02	
1078	8.3910101450e-02	
1079	8.3860009373e-02	
1080	8.3813268329e-02	
1081	8.3779429200e-02	
1082	8.3746996781e-02	
1083	8.3718242132e-02	
1084	8.3704143152e-02	
1085	8.3698700024e-02	
1086	8.3697149550e-02	
1087	8.3704949659e-02	
1088	8.3721481915e-02	
1089	8.3745149399e-02	
1090	8.3777397086e-02	
1091	8.3815133567e-02	
1092	8.3850664853e-02	
1093	8.3896162623e-02	
1094	8.3945495973e-02	
1095	8.4004892343e-02	
1096	8.4067981617e-02	
1097	8.4138366812e-02	
1098	8.4211890951e-02	
1099	8.4291376978e-02	
1100	8.4369895788e-02	
1101	8.4450207420e-02	
1102	8.4526868991e-02	
1103	8.4604347549e-02	
1104	8.4673541657e-02	
1105	8.4737426155e-02	
1106	8.4794799772e-02	
1107	8.4846653810e-02	
1108	8.4886345976e-02	
1109	8.4913215126e-02	
1110	8.4924366122e-02	
1111	8.4925476575e-02	
1112	8.4919808164e-02	
1113	8.4902099990e-02	
1114	8.4871373892e-02	
1115	8.4833752328e-02	
1116	8.4790528796e-02	
1117	8.4740108573e-02	
1118	8.4682519690e-02	
1119	8.4622775218e-02	
1120	8.4558864651e-02	
1121	8.4495023907e-02	
1122	8.4428764150e-02	
1123	8.4364618220e-02	
1124	8.4301835604e-02	
1125	8.4239930549e-02	
1126	8.4177535853e-02	
1127	8.4117237649e-02	
1128	8.4062336672e-02	
1129	8.4014823149e-02	
1130	8.3974242805e-02	
1131	8.3943681290e-02	
1132	8.3916683899e-02	
1133	8.3894395723e-02	
1134	8.3876776429e-02	
1135	8.3866013053e-02	
1136	8.3862690496e-02	
1137	8.3865983291e-02	
1138	8.3875550115e-02	
1139	8.3889224719e-02	
1140	8.3909097644e-02	
1141	8.3939395193e-02	
1142	8.3970767552e-02	
1143	8.4007322422e-02	
1144	8.4047538210e-02	
1145	8.4091583550e-02	
1146	8.4139643112e-02	
1147	8.4191093560e-02	
1148	8.4245927777e-02	
1149	8.4306171778e-02	
1150	8.4367967422e-02	
1151	8.4430986213e-02	
1152	8.4494428770e-02	
1153	8.4559585276e-02	
1154	8.4621158382e-02	
1155	8.4680082485e-02	
1156	8.4736277799e-02	
1157	8.4786303683e-02	
1158	8.4829066774e-02	
1159	8.4865874432e-02	
1160	8.4892947404e-02	
1161	8.4906608987e-02	
1162	8.4911996635e-02	
1163	8.4914401688e-02	
1164	8.4905244452e-02	
1165	8.4885965289e-02	
1166	8.4857018625e-02	
1167	8.4826335957e-02	
1168	8.4788876015e-02	
1169	8.4745947525e-02	
1170	8.4698067739e-02	
1171	8.4648645655e-02	
1172	8.4595829056e-02	
1173	8.4544239350e-02	
1174	8.4491630896e-02	
1175	8.4440518331e-02	
1176	8.4390041101e-02	
1177	8.4340723403e-02	
1178	8.4290324444e-02	
1179	8.4248552476e-02	
1180	8.4211702435e-02	
1181	8.4174358214e-02	
1182	8.4141963888e-02	
1183	8.4112793831e-02	
1184	8.4089222031e-02	
1185	8.4072652165e-02	
1186	8.4057144281e-02	
1187	8.4047953274e-02	
1188	8.4042470814e-02	
1189	8.4043304584e-02	
1190	8.4047660379e-02	
1191	8.4058248123e-02	
1192	8.4077002494e-02	
1193	8.4100979095e-02	
1194	8.4124622982e-02	
1195	8.4151008860e-02	
1196	8.4179411536e-02	
1197	8.4211188226e-02	
1198	8.4245434171e-02	
1199	8.4286178647e-02	
1200	8.4327825480e-02	
1201	8.4372008374e-02	
1202	8.4416610804e-02	
1203	8.4462024736e-02	
1204	8.4506983681e-02	
1205	8.4552238233e-02	
1206	8.4594925161e-02	
1207	8.4637604328e-02	
1208	8.4675142840e-02	
1209	8.4711453497e-02	
1210	8.4739750343e-02	
1211	8.4763212122e-02	
1212	8.4777076909e-02	
1213	8.4786014987e-02	
1214	8.4789602454e-02	
1215	8.4787587820e-02	
1216	8.4777968599e-02	
1217	8.4760903631e-02	
1218	8.4738447852e-02	
1219	8.4715454446e-02	
1220	8.4688220540e-02	
1221	8.4657518229e-02	
1222	8.4622039557e-02	
1223	8.4587145392e-02	
1224	8.4550774402e-02	
1225	8.4515597748e-02	
1226	8.4480432889e-02	
1227	8.4447046342e-02	
1228	8.4412715617e-02	
1229	8.4381207632e-02	
1230	8.4349814903e-02	
1231	8.4321388313e-02	
1232	8.4294498881e-02	
1233	8.4268786839e-02	
1234	8.4244408734e-02	
1235	8.4224179499e-02	
1236	8.4207182098e-02	
1237	8.4192638529e-02	
1238	8.4183013968e-02	
1239	8.4178285653e-02	
1240	8.4176888431e-02	
1241	8.4178551305e-02	
1242	8.4180236391e-02	
1243	8.4186397286e-02	
1244	8.4195422851e-02	
1245	8.4209715755e-02	
1246	8.4227268351e-02	
1247	8.4246735447e-02	
1248	8.4266769116e-02	
1249	8.4289956930e-02	
1250	8.4314761107e-02	
1251	8.4343163706e-02	
1252	8.4371991395e-02	
1253	8.4402181433e-02	
1254	8.4431444600e-02	
1255	8.4461537068e-02	
1256	8.4490522356e-02	
1257	8.4519288179e-02	
1258	8.4545787335e-02	
1259	8.4571336838e-02	
1260	8.4594007489e-02	
1261	8.4613437975e-02	
1262	8.4629796149e-02	
1263	8.4642697098e-02	
1264	8.4648994306e-02	
1265	8.4652028659e-02	
1266	8.4649285377e-02	
1267	8.4644015006e-02	
1268	8.4634277201e-02	
1269	8.4622853003e-02	
1270	8.4607968361e-02	
1271	8.4590950842e-02	
1272	8.4570778543e-02	
1273	8.4549702821e-02	
1274	8.4526206961e-02	
1275	8.4502555275e-02	
1276	8.4479112563e-02	
1277	8.4455734925e-02	
1278	8.4431866190e-02	
1279	8.4408035636e-02	
1280	8.4383445772e-02	
1281	8.4360570482e-02	
1282	8.4338266268e-02	
1283	8.4318212865e-02	
1284	8.4299130940e-02	
1285	8.4282629432e-02	
1286	8.4266180865e-02	
1287	8.4253137962e-02	
1288	8.4242637749e-02	
1289	8.4235067817e-02	
1290	8.4229233060e-02	
1291	8.4226773833e-02	
1292	8.4224894522e-02	
1293	8.4227002998e-02	
1294	8.4231604326e-02	
1295	8.4240279020e-02	
1296	8.4251162369e-02	
1297	8.4265877102e-02	
1298	8.4281742430e-02	
1299	8.4300920864e-02	
1300	8.4320804652e-02	
1301	8.4342949618e-02	
1302	8.4365172308e-02	
1303	8.4389023012e-02	
1304	8.4413476449e-02	
1305	8.4439270480e-02	
1306	8.4464244729e-02	
1307	8.4489347145e-02	
1308	8.4512096825e-02	
1309	8.4534909315e-02	
1310	8.4555165295e-02	
1311	8.4575185900e-02	
1312	8.4592559259e-02	
1313	8.4608177442e-02	
1314	8.4620016807e-02	
1315	8.4628988984e-02	
1316	8.4634415205e-02	
1317	8.4637680488e-02	
1318	8.4637329087e-02	
1319	8.4635613823e-02	
1320	8.4631688555e-02	
1321	8.4626510747e-02	
1322	8.4618286426e-02	
1323	8.4609372972e-02	
1324	8.4598136893e-02	
1325	8.4586340350e-02	
1326	8.4572722088e-02	
1327	8.4559258981e-02	
1328	8.4544372019e-02	
1329	8.4529543363e-02	
1330	8.4513572758e-02	
1331	8.4498739626e-02	
1332	8.4483375017e-02	
1333	8.4469155199e-02	
1334	8.4454986957e-02	
1335	8.4441601682e-02	
1336	8.4428532608e-02	
1337	8.4417276715e-02	
1338	8.4407128975e-02	
1339	8.4399244297e-02	
1340	8.4392170504e-02	
1341	8.4387555383e-02	
1342	8.4383759952e-02	
1343	8.4382666010e-02	
1344	8.4382281955e-02	
1345	8.4384247735e-02	
1346	8.4387299501e-02	
1347	8.4392916508e-02	
1348	8.4399388616e-02	
1349	8.4408091485e-02	
1350	8.4417374110e-02	
1351	8.4428732912e-02	
1352	8.4440567919e-02	
1353	8.4454018033e-02	
1354	8.4467132143e-02	
1355	8.4481116624e-02	
1356	8.4494475813e-02	
1357	8.4508625735e-02	
1358	8.4521980326e-02	
1359	8.4535464465e-02	
1360	8.4547314971e-02	
1361	8.4558776454e-02	
1362	8.4567816438e-02	
1363	8.4576106083e-02	
1364	8.4581739070e-02	
1365	8.4586325855e-02	
1366	8.4588418402e-02	
1367	8.4589308334e-02	
1368	8.4587583402e-02	
1369	8.4585241011e-02	
1370	8.4580720603e-02	
1371	8.4575457352e-02	
1372	8.4568609528e-02	
1373	8.4561111885e-02	
1374	8.4551562321e-02	
1375	8.4541852213e-02	
1376	8.4530476625e-02	
1377	8.4519155668e-02	
1378	8.4506280569e-02	
1379	8.4493787711e-02	
1380	8.4480351063e-02	
1381	8.4467670572e-02	
1382	8.4453936552e-02	
1383	8.4441267294e-02	
1384	8.4428347408e-02	
1385	8.4416513111e-02	
1386	8.4404563942e-02	
1387	8.4394385991e-02	
1388	8.4384482922e-02	
1389	8.4376346145e-02	
1390	8.4368520442e-02	
1391	8.4362616667e-02	
1392	8.4357213570e-02	
1393	8.4353867816e-02	
1394	8.4351174553e-02	
1395	8.4350782174e-02	
1396	8.4350594836e-02	
1397	8.4352427138e-02	
1398	8.4354883675e-02	
1399	8.4359307231e-02	
1400	8.4364245610e-02	
1401	8.4370940902e-02	
1402	8.4377907167e-02	
1403	8.4386497787e-02	
1404	8.4394925544e-02	
1405	8.4404674851e-02	
1406	8.4414091774e-02	
1407	8.4424475118e-02	
1408	8.4434244627e-02	
1409	8.4444708353e-02	
1410	8.4454280474e-02	
1411	8.4464195752e-02	
1412	8.4472664030e-02	
1413	8.4481156182e-02	
1414	8.4488190280e-02	
1415	8.4494644312e-02	
1416	8.4499473017e-02	
1417	8.4503924871e-02	
1418	8.4506702473e-02	
1419	8.4509229935e-02	
1420	8.4509962720e-02	
1421	8.4510357268e-02	
1422	8.4509126944e-02	
1423	8.4507912268e-02	
1424	8.4505183489e-02	
1425	8.4502289658e-02	
1426	8.4498187716e-02	
1427	8.4494200799e-02	
1428	8.4488935694e-02	
1429	8.4483837320e-02	
1430	8.4477524336e-02	
1431	8.4471748908e-02	
1432	8.4465176321e-02	
1433	8.4459215732e-02	
1434	8.4452628199e-02	
1435	8.4447123807e-02	
1436	8.4441271931e-02	
1437	8.4436394470e-02	
1438	8.4431291697e-02	
1439	8.4427305307e-02	
1440	8.4423215324e-02	
1441	8.4420440139e-02	
1442	8.4417651531e-02	
1443	8.4416470307e-02	
1444	8.4415404861e-02	
1445	8.4415785874e-02	
1446	8.4416273174e-02	
1447	8.4418134844e-02	
1448	8.4420052619e-02	
1449	8.4423198586e-02	
1450	8.4426261829e-02	
1451	8.4430647557e-02	
1452	8.4434894520e-02	
1453	8.4440151940e-02	
1454	8.4445199518e-02	
1455	8.4451226469e-02	
1456	8.4456851772e-02	
1457	8.4463292726e-02	
1458	8.4469126486e-02	
1459	8.4475571820e-02	
1460	8.4481210748e-02	
1461	8.4487239169e-02	
1462	8.4492271013e-02	
1463	8.4497341268e-02	
1464	8.4501218992e-02	
1465	8.4505172098e-02	
1466	8.4507777449e-02	
1467	8.4510317821e-02	
1468	8.4511555752e-02	
1469	8.4512733567e-02	
1470	8.4512555191e-02	
1471	8.4512304195e-02	
1472	8.4510723683e-02	
1473	8.4509125087e-02	
1474	8.4506247716e-02	
1475	8.4503351252e-02	
1476	8.4499283280e-02	
1477	8.4495526334e-02	
1478	8.4490784554e-02	
1479	8.4486302221e-02	
1480	8.4480901031e-02	
1481	8.4475937823e-02	
1482	8.4470220847e-02	
1483	8.4465064094e-02	
1484	8.4459278357e-02	
1485	8.4454192823e-02	
1486	8.4448647941e-02	
1487	8.4443945195e-02	
1488	8.4438901054e-02	
1489	8.4434805066e-02	
1490	8.4430476817e-02	
1491	8.4427170738e-02	
1492	8.4423687157e-02	
1493	8.4421396027e-02	
1494	8.4419030456e-02	
1495	8.4417817303e-02	
1496	8.4416578385e-02	
1497	8.4416553373e-02	
1498	8.4416447950e-02	
1499	8.4417493170e-02	
1500	8.4418426757e-02	
1501	8.4420453082e-02	
1502	8.4422295136e-02	
1503	8.4425079426e-02	
1504	8.4427629928e-02	
1505	8.4431143142e-02	
1506	8.4434329297e-02	
1507	8.4438323340e-02	
1508	8.4441879029e-02	
1509	8.4446120176e-02	
1510	8.4449789589e-02	
1511	8.4453973610e-02	
1512	8.4457427787e-02	
1513	8.4461306563e-02	
1514	8.4464372978e-02	
1515	8.4467766055e-02	
1516	8.4470233345e-02	
1517	8.4472950474e-02	
1518	8.4474699130e-02	
1519	8.4476639633e-02	
1520	8.4477587171e-02	
1521	8.4478706139e-02	
1522	8.4478811623e-02	
1523	8.4479083096e-02	
1524	8.4478362626e-02	
1525	8.4477849633e-02	
1526	8.4476398638e-02	
1527	8.4475179317e-02	
1528	8.4473084798e-02	
1529	8.4471342358e-02	
1530	8.4468887601e-02	
1531	8.4466810154e-02	
1532	8.4464017411e-02	
1533	8.4461705539e-02	
1534	8.4458743068e-02	
1535	8.4456341909e-02	
1536	8.4453403533e-02	
1537	8.4451103091e-02	
1538	8.4448333570e-02	
1539	8.4446294282e-02	
1540	8.4443854348e-02	
1541	8.4442235607e-02	
1542	8.4440322729e-02	
1543	8.4439273035e-02	
1544	8.4437949896e-02	
1545	8.4437517096e-02	
1546	8.4436841267e-02	
1547	8.4437077113e-02	
1548	8.4437052020e-02	
1549	8.4437910457e-02	
1550	8.4438509864e-02	
1551	8.4439961575e-02	
1552	8.4441120849e-02	
1553	8.4443101241e-02	
1554	8.4444745439e-02	
1555	8.4447161075e-02	
1556	8.4449177963e-02	
1557	8.4451877248e-02	
1558	8.4454101395e-02	
1559	8.4456961005e-02	
1560	8.4459281014e-02	
1561	8.4462139825e-02	
1562	8.4464387139e-02	
1563	8.4467099441e-02	
1564	8.4469127139e-02	
1565	8.4471548127e-02	
1566	8.4473227125e-02	
1567	8.4475245963e-02	
1568	8.4476480169e-02	
1569	8.4478022512e-02	
1570	8.4478756902e-02	
1571	8.4479774024e-02	
1572	8.4479972768e-02	
1573	8.4480440800e-02	
1574	8.4480091788e-02	
1575	8.4480018320e-02	
1576	8.4479159001e-02	
1577	8.4478613471e-02	
1578	8.4477317335e-02	
1579	8.4476367188e-02	
1580	8.4474699584e-02	
1581	8.4473437328e-02	
1582	8.4471523100e-02	
1583	8.4470055887e-02	
1584	8.4467999509e-02	
1585	8.4466445809e-02	
1586	8.4464353609e-02	
1587	8.4462822478e-02	
1588	8.4460798037e-02	
1589	8.4459374810e-02	
1590	8.4457521009e-02	
1591	8.4456321925e-02	
1592	8.4454738865e-02	
1593	8.4453848703e-02	
1594	8.4452614524e-02	
1595	8.4452097781e-02	
1596	8.4451255742e-02	
1597	8.4451151084e-02	
1598	8.4450726665e-02	
1599	8.4451036026e-02	
1600	8.4451017693e-02	
1601	8.4451718730e-02	
1602	8.4452088779e-02	
1603	8.4453155208e-02	
1604	8.4453859595e-02	
1605	8.4455234496e-02	
1606	8.4456212632e-02	
1607	8.4457814059e-02	
1608	8.4458978611e-02	
1609	8.4460720715e-02	
1610	8.4461982736e-02	
1611	8.4463772718e-02	
1612	8.4465037276e-02	
1613	8.4466780983e-02	
1614	8.4467954674e-02	
1615	8.4469564928e-02	
1616	8.4470564648e-02	
1617	8.4471960608e-02	
1618	8.4472714238e-02	
1619	8.4473833132e-02	
1620	8.4474288597e-02	
1621	8.4475088703e-02	
1622	8.4475209786e-02	
1623	8.4475663037e-02	
1624	8.4475437848e-02	
1625	8.4475550793e-02	
1626	8.4474994410e-02	
1627	8.4474785301e-02	
1628	8.4473923063e-02	
1629	8.4473420420e-02	
1630	8.4472295541e-02	
1631	8.4471550963e-02	
1632	8.4470211280e-02	
1633	8.4469293422e-02	
1634	8.4467819740e-02	
1635	8.4466799899e-02	
1636	8.4465253744e-02	
1637	8.4464201120e-02	
1638	8.4462662257e-02	
1639	8.4461645387e-02	
1640	8.4460177268e-02	
1641	8.4459259137e-02	
1642	8.4457924552e-02	
1643	8.4457172148e-02	
1644	8.4456032678e-02	
1645	8.4455494969e-02	
1646	8.4454585212e-02	
1647	8.4454290545e-02	
1648	8.4453638275e-02	
1649	8.4453606883e-02	
1650	8.4453221929e-02	
1651	8.4453455294e-02	
1652	8.4453327972e-02	
1653	8.4453802446e-02	
1654	8.4453909936e-02	
1655	8.4454607614e-02	
1656	8.4454916000e-02	
1657	8.4455795707e-02	
1658	8.4456265275e-02	
1659	8.4457274376e-02	
1660	8.4457849401e-02	
1661	8.4458935191e-02	
1662	8.4459560082e-02	
1663	8.4460665070e-02	
1664	8.4461281534e-02	
1665	8.4462348596e-02	
1666	8.4462905554e-02	
1667	8.4463884931e-02	
1668	8.4464330993e-02	
1669	8.4465180686e-02	
1670	8.4465477245e-02	
1671	8.4466160186e-02	
1672	8.4466277243e-02	
1673	8.4466770266e-02	
1674	8.4466693836e-02	
1675	8.4466986883e-02	
1676	8.4466710631e-02	
1677	8.4466808857e-02	
1678	8.4466347031e-02	
1679	8.4466262846e-02	
1680	8.4465633271e-02	
1681	8.4465390937e-02	
1682	8.4464619397e-02	
1683	8.4464253740e-02	
1684	8.4463376916e-02	
1685	8.4462925301e-02	
1686	8.4461987334e-02	
1687	8.4461496731e-02	
1688	8.4460542312e-02	
1689	8.4460053440e-02	
1690	8.4459123078e-02	
1691	8.4458678497e-02	
1692	8.4457814543e-02	
1693	8.4457454177e-02	
1694	8.4456690328e-02	
1695	8.4456442804e-02	
1696	8.4455807595e-02	
1697	8.4455700557e-02	
1698	8.4455215013e-02	
1699	8.4455261523e-02	
1700	8.4454935050e-02	
1701	8.4455139997e-02	
1702	8.4454975162e-02	
1703	8.4455338407e-02	
1704	8.4455325334e-02	
1705	8.4455829389e-02	
1706	8.4455952541e-02	
1707	8.4456581016e-02	
1708	8.4456813753e-02	
1709	8.4457536201e-02	
1710	8.4457849131e-02	
1711	8.4458633677e-02	
1712	8.4458992653e-02	
1713	8.4459804193e-02	
1714	8.4460173925e-02	
1715	8.4460977768e-02	
1716	8.4461323480e-02	
1717	8.4462084838e-02	
1718	8.4462373674e-02	
1719	8.4463062728e-02	
1720	8.4463268918e-02	
1721	8.4463861270e-02	
1722	8.4463960980e-02	
1723	8.4464438792e-02	
1724	8.4464418272e-02	
1725	8.4464770499e-02	
1726	8.4464622726e-02	
1727	8.4464844752e-02	
1728	8.4464570213e-02	
1729	8.4464667641e-02	
1730	8.4464274095e-02	
1731	8.4464257617e-02	
1732	8.4463761172e-02	
1733	8.4463647599e-02	
1734	8.4463065083e-02	
1735	8.4462877747e-02	
1736	8.4462233373e-02	
1737	8.4461997004e-02	
1738	8.4461320564e-02	
1739	8.4461064870e-02	
1740	8.4460384146e-02	
1741	8.4460135870e-02	
1742	8.4459477119e-02	
1743	8.4459262467e-02	
1744	8.4458650631e-02	
1745	8.4458493159e-02	
1746	8.4457949499e-02	
1747	8.4457867155e-02	
1748	8.4457406909e-02	
1749	8.4457414069e-02	
1750	8.4457049435e-02	
1751	8.4457154108e-02	
1752	8.4456888135e-02	
1753	8.4457089514e-02	
1754	8.4456922587e-02	
1755	8.4457219940e-02	
1756	8.4457145978e-02	
1757	8.4457529993e-02	
1758	8.4457536652e-02	
1759	8.4457993633e-02	
1760	8.4458066962e-02	
1761	8.4458578542e-02	
1762	8.4458698359e-02	
1763	8.4459244840e-02	
1764	8.4459390411e-02	
1765	8.4459950939e-02	
1766	8.4460100676e-02	
1767	8.4460653489e-02	
1768	8.4460786718e-02	
1769	8.4461312353e-02	
1770	8.4461410669e-02	
1771	8.4461892014e-02	
1772	8.4461939179e-02	
1773	8.4462361927e-02	
1774	8.4462346085e-02	
1775	8.4462700304e-02	
1776	8.4462613897e-02	
1777	8.4462894006e-02	
1778	8.4462733719e-02	
1779	8.4462938876e-02	
1780	8.4462706188e-02	
1781	8.4462840001e-02	
1782	8.4462540585e-02	
1783	8.4462611499e-02	
1784	8.4462254481e-02	
1785	8.4462272004e-02	
1786	8.4461870811e-02	
1787	8.4461850279e-02	
1788	8.4461419763e-02	
1789	8.4461376581e-02	
1790	8.4460932566e-02	
1791	8.4460882963e-02	
1792	8.4460441931e-02	
1793	8.4460402035e-02	
1794	8.4459979630e-02	
1795	8.4459964241e-02	
1796	8.4459574220e-02	
1797	8.4459596455e-02	
1798	8.4459250473e-02	
1799	8.4459320159e-02	
1800	8.4459026414e-02	
1801	8.4459150575e-02	
1802	8.4458914439e-02	
1803	8.4459096240e-02	
1804	8.4458919490e-02	
1805	8.4459158792e-02	
1806	8.4459039220e-02	
1807	8.4459332445e-02	
1808	8.4459264478e-02	
1809	8.4459605186e-02	
1810	8.4459581776e-02	
1811	8.4459959945e-02	
1812	8.4459969875e-02	
1813	8.4460374378e-02	
1814	8.4460405494e-02	
1815	8.4460823611e-02	
1816	8.4460862983e-02	
1817	8.4461281646e-02	
1818	8.4461316211e-02	
1819	8.4461722688e-02	
1820	8.4461740034e-02	
1821	8.4462122465e-02	
1822	8.4462111624e-02	
1823	8.4462459976e-02	
1824	8.4462411768e-02	
1825	8.4462718210e-02	
1826	8.4462626080e-02	
1827	8.4462885430e-02	
1828	8.4462745584e-02	
1829	8.4462955315e-02	
1830	8.4462766860e-02	
1831	8.4462927328e-02	
1832	8.4462692135e-02	
1833	8.4462806961e-02	
1834	8.4462529182e-02	
1835	8.4462602876e-02	
1836	8.4462289614e-02	
1837	8.4462330701e-02	
1838	8.4461990244e-02	
1839	8.4462007827e-02	
1840	8.4461649773e-02	
1841	8.4461653841e-02	
1842	8.4461288448e-02	
1843	8.4461289353e-02	
1844	8.4460926937e-02	
1845	8.4460934665e-02	
1846	8.4460584871e-02	
1847	8.4460608750e-02	
1848	8.4460280316e-02	
1849	8.4460328155e-02	
1850	8.4460027969e-02	
1851	8.4460105880e-02	
1852	8.4459838957e-02	
1853	8.4459950927e-02	
1854	8.4459720368e-02	
1855	8.4459868407e-02	
1856	8.4459675114e-02	
1857	8.4459858884e-02	
1858	8.4459701484e-02	
1859	8.4459918620e-02	
1860	8.4459793519e-02	
1861	8.4460039987e-02	
1862	8.4459942828e-02	
1863	8.4460212552e-02	
1864	8.4460136423e-02	
1865	8.4460422596e-02	
1866	8.4460360240e-02	
1867	8.4460655319e-02	
1868	8.4460598933e-02	
1869	8.4460895102e-02	
1870	8.4460837030e-02	
1871	8.4461126712e-02	
1872	8.4461059673e-02	
1873	8.4461336164e-02	
1874	8.4461253653e-02	
1875	8.4461511014e-02	
1876	8.4461408036e-02	
1877	8.4461641943e-02	
1878	8.4461514869e-02	
1879	8.4461722449e-02	
1880	8.4461569280e-02	
1881	8.4461749401e-02	
1882	8.4461569875e-02	
1883	8.4461723060e-02	
1884	8.4461518529e-02	
1885	8.4461646953e-02	
1886	8.4461420539e-02	
1887	8.4461527568e-02	
1888	8.4461282874e-02	
1889	8.4461373498e-02	
1890	8.4461116010e-02	
1891	8.4461195610e-02	
1892	8.4460931015e-02	
1893	8.4461005551e-02	
1894	8.4460739880e-02	
1895	8.4460815390e-02	
1896	8.4460554602e-02	
1897	8.4460636829e-02	
1898	8.4460386345e-02	
1899	8.4460480526e-02	
1900	8.4460245168e-02	
1901	8.4460355475e-02	
1902	8.4460139006e-02	
1903	8.4460268614e-02	
1904	8.4460073459e-02	
1905	8.4460224256e-02	
1906	8.4460051736e-02	
1907	8.4460224315e-02	
1908	8.4460074331e-02	
1909	8.4460267932e-02	
1910	8.4460139123e-02	
1911	8.4460351551e-02	
1912	8.4460241500e-02	
1913	8.4460470154e-02	
1914	8.4460375067e-02	
1915	8.4460615741e-02	
1916	8.4460531408e-02	
1917	8.4460779595e-02	
1918	8.4460701288e-02	
1919	8.4460952121e-02	
1920	8.4460874917e-02	
1921	8.4461123464e-02	
1922	8.4461042568e-02	
1923	8.4461284222e-02	
1924	8.4461195192e-02	
1925	8.4461425719e-02	
1926	8.4461324674e-02	
1927	8.4461540721e-02	
1928	8.4461424712e-02	
1929	8.4461623749e-02	
1930	8.4461490790e-02	
1931	8.4461671286e-02	
1932	8.4461520372e-02	
1933	8.4461681922e-02	
1934	8.4461513181e-02	
1935	8.4461656385e-02	
1936	8.4461471100e-02	
1937	8.4461597458e-02	
1938	8.4461397327e-02	
1939	8.4461509486e-02	
1940	8.4461297550e-02	
1941	8.4461398597e-02	
1942	8.4461178215e-02	
1943	8.4461271777e-02	
1944	8.4461046701e-02	
1945	8.4461136627e-02	
1946	8.4460910769e-02	
1947	8.4461000928e-02	
1948	8.4460778036e-02	
1949	8.4460872170e-02	
1950	8.4460655876e-02	
1951	8.4460757177e-02	
1952	8.4460550377e-02	
1953	8.4460661581e-02	
1954	8.4460466675e-02	
1955	8.4460589790e-02	
1956	8.4460408351e-02	
1957	8.4460544524e-02	
1958	8.4460377354e-02	
1959	8.4460526971e-02	
1960	8.4460374026e-02	
1961	8.4460536641e-02	
1962	8.4460397062e-02	
1963	8.4460571337e-02	
1964	8.4460443660e-02	
1965	8.4460627972e-02	
1966	8.4460509888e-02	
1967	8.4460701681e-02	
1968	8.4460590618e-02	
1969	8.4460787160e-02	
1970	8.4460680235e-02	
1971	8.4460878566e-02	
1972	8.4460772819e-02	
1973	8.4460969976e-02	
1974	8.4460862571e-02	
1975	8.4461055762e-02	
1976	8.4460943879e-02	
1977	8.4461130645e-02	
1978	8.4461012124e-02	
1979	8.4461190450e-02	
1980	8.4461063532e-02	
1981	8.4461231944e-02	
1982	8.4461095471e-02	
1983	8.4461253116e-02	
1984	8.4461106570e-02	
1985	8.4461253268e-02	
1986	8.4461096774e-02	
1987	8.4461232957e-02	
1988	8.4461067260e-02	
1989	8.4461194046e-02	
1990	8.4461020390e-02	
1991	8.4461139105e-02	
1992	8.4460959313e-02	
1993	8.4461072035e-02	
1994	8.4460888143e-02	
1995	8.4460997052e-02	
1996	8.4460811330e-02	
1997	8.4460918736e-02	
1998	8.4460733514e-02	
1999	8.4460841689e-02	
2000	8.4460659236e-02	
2001	8.4460770433e-02	
2002	8.4460592747e-02	
2003	8.4460708795e-02	
2004	8.4460537603e-02	
2005	8.4460660032e-02	
2006	8.4460496659e-02	
2007	8.4460626547e-02	
2008	8.4460471833e-02	
2009	8.4460609775e-02	
2010	8.4460464018e-02	
2011	8.4460610069e-02	
2012	8.4460473108e-02	
2013	8.4460626854e-02	
2014	8.4460498025e-02	
2015	8.4460658510e-02	
2016	8.4460536776e-02	
2017	8.4460702891e-02	
2018	8.4460586725e-02	
2019	8.4460756804e-02	
2020	8.4460644537e-02	
2021	8.4460816817e-02	
2022	8.4460706631e-02	
2023	8.4460879301e-02	
2024	8.4460769315e-02	
2025	8.4460940427e-02	
2026	8.4460828875e-02	
2027	8.4460996782e-02	
2028	8.4460882049e-02	
2029	8.4461045256e-02	
2030	8.4460925988e-02	
2031	8.4461083304e-02	
2032	8.4460958484e-02	
2033	8.4461109083e-02	
2034	8.4460978080e-02	
2035	8.4461121536e-02	
2036	8.4460984121e-02	
2037	8.4461120409e-02	
2038	8.4460976764e-02	
2039	8.4461106262e-02	
2040	8.4460957000e-02	
2041	8.4461080402e-02	
2042	8.4460926298e-02	
2043	8.4461044716e-02	
2044	8.4460887006e-02	
2045	8.4461001701e-02	
2046	8.4460841733e-02	
2047	8.4460954123e-02	
2048	8.4460793367e-02	
2049	8.4460904914e-02	
2050	8.4460744872e-02	
2051	8.4460857104e-02	
2052	8.4460699169e-02	
2053	8.4460813394e-02	
2054	8.4460658842e-02	
2055	8.4460776240e-02	
2056	8.4460626131e-02	
2057	8.4460747631e-02	
2058	8.4460602750e-02	
2059	8.4460728987e-02	
2060	8.4460589811e-02	
2061	8.4460721106e-02	
2062	8.4460587787e-02	
2063	8.4460724132e-02	
2064	8.4460596503e-02	
2065	8.4460737579e-02	
2066	8.4460615168e-02	
2067	8.4460760316e-02	
2068	8.4460642418e-02	
2069	8.4460790898e-02	
2070	8.4460676517e-02	
2071	8.4460827239e-02	
2072	8.4460715280e-02	
2073	8.4460867101e-02	
2074	8.4460756395e-02	
2075	8.4460908149e-02	
2076	8.4460797485e-02	
2077	8.4460947941e-02	
2078	8.4460836220e-02	
2079	8.4460984342e-02	
2080	8.4460870538e-02	
2081	8.4461015390e-02	
2082	8.4460898663e-02	
2083	8.4461039510e-02	
2084	8.4460919241e-02	
2085	8.4461055585e-02	
2086	8.4460931398e-02	
2087	8.4461062998e-02	
2088	8.4460934774e-02	
2089	8.4461061642e-02	
2090	8.4460929524e-02	
2091	8.4461051924e-02	
2092	8.4460916287e-02	
2093	8.4461034710e-02	
2094	8.4460896173e-02	
2095	8.4461011273e-02	
2096	8.4460870512e-02	
2097	8.4460983151e-02	
2098	8.4460841053e-02	
2099	8.4460952147e-02	
2100	8.4460809701e-02	
2101	8.4460920151e-02	
2102	8.4460778254e-02	
2103	8.4460888990e-02	
2104	8.4460748534e-02	
2105	8.4460860404e-02	
2106	8.4460722179e-02	
2107	8.4460835910e-02	
2108	8.4460700564e-02	
2109	8.4460816722e-02	
2110	8.4460684732e-02	
2111	8.4460803699e-02	
2112	8.4460675342e-02	
2113	8.4460797301e-02	
2114	8.4460672658e-02	
2115	8.4460797586e-02	
2116	8.4460676531e-02	
2117	8.4460804213e-02	
2118	8.4460686438e-02	
2119	8.4460816482e-02	
2120	8.4460701516e-02	
2121	8.4460833389e-02	
2122	8.4460720632e-02	
2123	8.4460853689e-02	
2124	8.4460742460e-02	
2125	8.4460875991e-02	
2126	8.4460765561e-02	
2127	8.4460898832e-02	
2128	8.4460788475e-02	
2129	8.4460920778e-02	
2130	8.4460809810e-02	
2131	8.4460940499e-02	
2132	8.4460828319e-02	
2133	8.4460956848e-02	
2134	8.4460842968e-02	
2135	8.4460968921e-02	
2136	8.4460852996e-02	
2137	8.4460976103e-02	
2138	8.4460857943e-02	
2139	8.4460978097e-02	
2140	8.4460857669e-02	
2141	8.4460974924e-02	
2142	8.4460852358e-02	
2143	8.4460966919e-02	
2144	8.4460842488e-02	
2145	8.4460954697e-02	
2146	8.4460828799e-02	
2147	8.4460939108e-02	
2148	8.4460812236e-02	
2149	8.4460921179e-02	
2150	8.4460793893e-02	
2151	8.4460902048e-02	
2152	8.4460774938e-02	
2153	8.4460882894e-02	
2154	8.4460756541e-02	
2155	8.4460864867e-02	
2156	8.4460739813e-02	
2157	8.4460849020e-02	
2158	8.4460725736e-02	
2159	8.4460836249e-02	
2160	8.4460715112e-02	
2161	8.4460827249e-02	
2162	8.4460708512e-02	
2163	8.4460822477e-02	
2164	8.4460706275e-02	
2165	8.4460822135e-02	
2166	8.4460708468e-02	
2167	8.4460826161e-02	
2168	8.4460714903e-02	
2169	8.4460834243e-02	
2170	8.4460725154e-02	
2171	8.4460845854e-02	
2172	8.4460738589e-02	
2173	8.4460860271e-02	
2174	8.4460754414e-02	
2175	8.4460876638e-02	
2176	8.4460771724e-02	
2177	8.4460894010e-02	
2178	8.4460789557e-02	
2179	8.4460911420e-02	
2180	8.4460806950e-02	
2181	8.4460927929e-02	
2182	8.4460823002e-02	
2183	8.4460942673e-02	
2184	8.4460836910e-02	
2185	8.4460954934e-02	
2186	8.4460848022e-02	
2187	8.4460964145e-02	
2188	8.4460855873e-02	
2189	8.4460969937e-02	
2190	8.4460860201e-02	
2191	8.4460972143e-02	
2192	8.4460860939e-02	
2193	8.4460970816e-02	
2194	8.4460858242e-02	
2195	8.4460966202e-02	
2196	8.4460852442e-02	
2197	8.4460958719e-02	
2198	8.4460844041e-02	
2199	8.4460948943e-02	
2200	8.4460833673e-02	
2201	8.4460937548e-02	
2202	8.4460822052e-02	
2203	8.4460925276e-02	
2204	8.4460809936e-02	
2205	8.4460912882e-02	
2206	8.4460798077e-02	
2207	8.4460901121e-02	
2208	8.4460787185e-02	
2209	8.4460890633e-02	
2210	8.4460777873e-02	
2211	8.4460882003e-02	
2212	8.4460770643e-02	
2213	8.4460875651e-02	
2214	8.4460765850e-02	
2215	8.4460871847e-02	
2216	8.4460763694e-02	
2217	8.4460870719e-02	
2218	8.4460764195e-02	
2219	8.4460872204e-02	
2220	8.4460767222e-02	
2221	8.4460876100e-02	
2222	8.4460772499e-02	
2223	8.4460882058e-02	
2224	8.4460779618e-02	
2225	8.4460889622e-02	
2226	8.4460788084e-02	
2227	8.4460898253e-02	
2228	8.4460797326e-02	
2229	8.4460907366e-02	
2230	8.4460806754e-02	
2231	8.4460916371e-02	
2232	8.4460815781e-02	
2233	8.4460924696e-02	
2234	8.4460823867e-02	
2235	8.4460931835e-02	
2236	8.4460830552e-02	
2237	8.4460937353e-02	
2238	8.4460835447e-02	
2239	8.4460940962e-02	
2240	8.4460838309e-02	
2241	8.4460942459e-02	
2242	8.4460839014e-02	
2243	8.4460941789e-02	
2244	8.4460837570e-02	
