# Time           	e423_0           
1	-4.5741202600e+01	
2	-2.1068548232e+00	
3	-9.4055171246e-01	
4	-7.9849021754e-01	
5	-7.0023990418e-01	
6	-6.7907241753e-01	
7	-6.9133551925e-01	
8	-6.9382980029e-01	
9	-7.0247135960e-01	
10	-6.9635921285e-01	
11	-6.8568743962e-01	
12	-6.8101371188e-01	
13	-6.8631489235e-01	
14	-6.9569832129e-01	
15	-7.0481648080e-01	
16	-7.1432042808e-01	
17	-7.2347930337e-01	
18	-7.3347697480e-01	
19	-7.4391108793e-01	
20	-7.5524651536e-01	
21	-7.6721141050e-01	
22	-7.7964199985e-01	
23	-7.9195592662e-01	
24	-8.0372093610e-01	
25	-8.1550387696e-01	
26	-8.2732320322e-01	
27	-8.3929347125e-01	
28	-8.5087299397e-01	
29	-8.6094416970e-01	
30	-8.6967537165e-01	
31	-8.7789762863e-01	
32	-8.8542199906e-01	
33	-8.9211187632e-01	
34	-8.9839350726e-01	
35	-9.0366559473e-01	
36	-9.0797554632e-01	
37	-9.1191588769e-01	
38	-9.1546381049e-01	
39	-9.1887687850e-01	
40	-9.2228671801e-01	
41	-9.2580263083e-01	
42	-9.2922633360e-01	
43	-9.3235237541e-01	
44	-9.3563862488e-01	
45	-9.3897211389e-01	
46	-9.4232591240e-01	
47	-9.4573145119e-01	
48	-9.4918364926e-01	
49	-9.5253279382e-01	
50	-9.5584758329e-01	
51	-9.5920679684e-01	
52	-9.6270117905e-01	
53	-9.6625320417e-01	
54	-9.6991722745e-01	
55	-9.7376026528e-01	
56	-9.7769184200e-01	
57	-9.8160631958e-01	
58	-9.8545204317e-01	
59	-9.8929056808e-01	
60	-9.9320470228e-01	
61	-9.9724261882e-01	
62	-1.0008952031e+00	
63	-1.0047278432e+00	
64	-1.0082996459e+00	
65	-1.0122425730e+00	
66	-1.0156590026e+00	
67	-1.0194385397e+00	
68	-1.0228571816e+00	
69	-1.0266549208e+00	
70	-1.0299110028e+00	
71	-1.0336431531e+00	
72	-1.0368262115e+00	
73	-1.0404878930e+00	
74	-1.0436062173e+00	
75	-1.0471297987e+00	
76	-1.0502280736e+00	
77	-1.0536172927e+00	
78	-1.0567090777e+00	
79	-1.0599664688e+00	
80	-1.0630642631e+00	
81	-1.0662076099e+00	
82	-1.0692508484e+00	
83	-1.0722697483e+00	
84	-1.0752019173e+00	
85	-1.0780615608e+00	
86	-1.0808515744e+00	
87	-1.0836050639e+00	
88	-1.0863214077e+00	
89	-1.0889220942e+00	
90	-1.0914402344e+00	
91	-1.0939410135e+00	
92	-1.0963862428e+00	
93	-1.0987694498e+00	
94	-1.1010664845e+00	
95	-1.1032749514e+00	
96	-1.1054521895e+00	
97	-1.1076000107e+00	
98	-1.1098375721e+00	
99	-1.1120674540e+00	
100	-1.1142976976e+00	
101	-1.1165015162e+00	
102	-1.1187391109e+00	
103	-1.1209392104e+00	
104	-1.1230759618e+00	
105	-1.1251764418e+00	
106	-1.1272481958e+00	
107	-1.1292725565e+00	
108	-1.1313071478e+00	
109	-1.1333569961e+00	
110	-1.1353428824e+00	
111	-1.1372357029e+00	
112	-1.1390134524e+00	
113	-1.1407555411e+00	
114	-1.1424515285e+00	
115	-1.1441075724e+00	
116	-1.1457581563e+00	
117	-1.1473439680e+00	
118	-1.1489202106e+00	
119	-1.1504793440e+00	
120	-1.1519761008e+00	
121	-1.1534495636e+00	
122	-1.1549069210e+00	
123	-1.1563130785e+00	
124	-1.1576478009e+00	
125	-1.1589053513e+00	
126	-1.1601060452e+00	
127	-1.1613117821e+00	
128	-1.1625024838e+00	
129	-1.1636131514e+00	
130	-1.1646775842e+00	
131	-1.1656687316e+00	
132	-1.1666460304e+00	
133	-1.1675881595e+00	
134	-1.1684825037e+00	
135	-1.1693663535e+00	
136	-1.1702290790e+00	
137	-1.1710733581e+00	
138	-1.1718873144e+00	
139	-1.1726737411e+00	
140	-1.1734043177e+00	
141	-1.1741873754e+00	
142	-1.1749293963e+00	
143	-1.1756372527e+00	
144	-1.1763261162e+00	
145	-1.1770287643e+00	
146	-1.1777090071e+00	
147	-1.1783606456e+00	
148	-1.1789741733e+00	
149	-1.1795193009e+00	
150	-1.1800708090e+00	
151	-1.1806865732e+00	
152	-1.1812291683e+00	
153	-1.1817650943e+00	
154	-1.1822594853e+00	
155	-1.1827303382e+00	
156	-1.1831593004e+00	
157	-1.1835207386e+00	
158	-1.1838797813e+00	
159	-1.1842193286e+00	
160	-1.1846198093e+00	
161	-1.1850290851e+00	
162	-1.1854354475e+00	
163	-1.1857870492e+00	
164	-1.1860997531e+00	
165	-1.1863377494e+00	
166	-1.1865160351e+00	
167	-1.1866232246e+00	
168	-1.1868805766e+00	
169	-1.1871591186e+00	
170	-1.1873451871e+00	
171	-1.1874646196e+00	
172	-1.1877003934e+00	
173	-1.1879314844e+00	
174	-1.1880930745e+00	
175	-1.1882619022e+00	
176	-1.1884863170e+00	
177	-1.1886951801e+00	
178	-1.1888723062e+00	
179	-1.1890160021e+00	
180	-1.1891470972e+00	
181	-1.1892681825e+00	
182	-1.1893111687e+00	
183	-1.1893682168e+00	
184	-1.1894552330e+00	
185	-1.1895499251e+00	
186	-1.1895588142e+00	
187	-1.1895369011e+00	
188	-1.1896263255e+00	
189	-1.1897234851e+00	
190	-1.1896628780e+00	
191	-1.1895292125e+00	
192	-1.1893427870e+00	
193	-1.1891272023e+00	
194	-1.1889469803e+00	
195	-1.1886740843e+00	
196	-1.1883313830e+00	
197	-1.1881403070e+00	
198	-1.1880676935e+00	
199	-1.1878661032e+00	
200	-1.1875718368e+00	
201	-1.1872686538e+00	
202	-1.1869145798e+00	
203	-1.1865598522e+00	
204	-1.1862688288e+00	
205	-1.1859472799e+00	
206	-1.1855774562e+00	
207	-1.1851603469e+00	
208	-1.1847308979e+00	
209	-1.1843093625e+00	
210	-1.1838566486e+00	
211	-1.1834640168e+00	
212	-1.1830088272e+00	
213	-1.1824926357e+00	
214	-1.1820012430e+00	
215	-1.1816991252e+00	
216	-1.1811725230e+00	
217	-1.1805319588e+00	
218	-1.1798115583e+00	
219	-1.1791575646e+00	
220	-1.1784978630e+00	
221	-1.1778995614e+00	
222	-1.1771171130e+00	
223	-1.1764977534e+00	
224	-1.1761079596e+00	
225	-1.1754009676e+00	
226	-1.1747102647e+00	
227	-1.1739535899e+00	
228	-1.1731625514e+00	
229	-1.1723789218e+00	
230	-1.1716319859e+00	
231	-1.1707881804e+00	
232	-1.1699295807e+00	
233	-1.1690571426e+00	
234	-1.1681400305e+00	
235	-1.1671769659e+00	
236	-1.1661563304e+00	
237	-1.1650809282e+00	
238	-1.1640797814e+00	
239	-1.1632272797e+00	
240	-1.1620795211e+00	
241	-1.1607981366e+00	
242	-1.1594963908e+00	
243	-1.1581894208e+00	
244	-1.1569241142e+00	
245	-1.1556908817e+00	
246	-1.1541842010e+00	
247	-1.1532109686e+00	
248	-1.1520602187e+00	
249	-1.1510008513e+00	
250	-1.1498238791e+00	
251	-1.1487273809e+00	
252	-1.1474402466e+00	
253	-1.1460233659e+00	
254	-1.1448291182e+00	
255	-1.1434995496e+00	
256	-1.1421618547e+00	
257	-1.1408509886e+00	
258	-1.1394083467e+00	
259	-1.1379553450e+00	
260	-1.1365136041e+00	
261	-1.1351084323e+00	
262	-1.1338952592e+00	
263	-1.1323227919e+00	
264	-1.1306216956e+00	
265	-1.1288035383e+00	
266	-1.1269738713e+00	
267	-1.1252656981e+00	
268	-1.1235871187e+00	
269	-1.1218974112e+00	
270	-1.1199218280e+00	
271	-1.1182665965e+00	
272	-1.1167334277e+00	
273	-1.1150089653e+00	
274	-1.1131705891e+00	
275	-1.1113042981e+00	
276	-1.1094868904e+00	
277	-1.1074219572e+00	
278	-1.1057498825e+00	
279	-1.1039647231e+00	
280	-1.1022479166e+00	
281	-1.1002230116e+00	
282	-1.0983557944e+00	
283	-1.0964463900e+00	
284	-1.0945403853e+00	
285	-1.0926028223e+00	
286	-1.0906218783e+00	
287	-1.0886383215e+00	
288	-1.0866523574e+00	
289	-1.0845420879e+00	
290	-1.0824174622e+00	
291	-1.0803089715e+00	
292	-1.0782567598e+00	
293	-1.0763667807e+00	
294	-1.0742188942e+00	
295	-1.0719878932e+00	
296	-1.0696206886e+00	
297	-1.0672350651e+00	
298	-1.0649077525e+00	
299	-1.0626860954e+00	
300	-1.0604206691e+00	
301	-1.0581781659e+00	
302	-1.0557574113e+00	
303	-1.0534217356e+00	
304	-1.0512874959e+00	
305	-1.0490284234e+00	
306	-1.0467821353e+00	
307	-1.0444063360e+00	
308	-1.0421000336e+00	
309	-1.0395556957e+00	
310	-1.0371122215e+00	
311	-1.0349576553e+00	
312	-1.0326162106e+00	
313	-1.0302410672e+00	
314	-1.0277235982e+00	
315	-1.0252626920e+00	
316	-1.0227710615e+00	
317	-1.0203371718e+00	
318	-1.0178667207e+00	
319	-1.0154421944e+00	
320	-1.0128911838e+00	
321	-1.0102497995e+00	
322	-1.0076406798e+00	
323	-1.0049820213e+00	
324	-1.0022917755e+00	
325	-9.9958751818e-01	
326	-9.9685637528e-01	
327	-9.9411960116e-01	
328	-9.9136585715e-01	
329	-9.8863421529e-01	
330	-9.8593332606e-01	
331	-9.8343654962e-01	
332	-9.8108032327e-01	
333	-9.7854335726e-01	
334	-9.7595889011e-01	
335	-9.7338218600e-01	
336	-9.7082997068e-01	
337	-9.6834114282e-01	
338	-9.6579393778e-01	
339	-9.6321959969e-01	
340	-9.6058604556e-01	
341	-9.5811255966e-01	
342	-9.5561651235e-01	
343	-9.5306331829e-01	
344	-9.5050248705e-01	
345	-9.4783366956e-01	
346	-9.4508853332e-01	
347	-9.4226252293e-01	
348	-9.3936279068e-01	
349	-9.3634001824e-01	
350	-9.3337285571e-01	
351	-9.3039232386e-01	
352	-9.2729370490e-01	
353	-9.2404320261e-01	
354	-9.2074804112e-01	
355	-9.1739480781e-01	
356	-9.1398263224e-01	
357	-9.1058097615e-01	
358	-9.0717493468e-01	
359	-9.0384553373e-01	
360	-9.0055839181e-01	
361	-8.9728276325e-01	
362	-8.9409712841e-01	
363	-8.9101054481e-01	
364	-8.8794467440e-01	
365	-8.8499298538e-01	
366	-8.8207943643e-01	
367	-8.7928326469e-01	
368	-8.7663622391e-01	
369	-8.7405514746e-01	
370	-8.7158783333e-01	
371	-8.6931675060e-01	
372	-8.6717400966e-01	
373	-8.6521436818e-01	
374	-8.6337990433e-01	
375	-8.6170384911e-01	
376	-8.6017311450e-01	
377	-8.5875584158e-01	
378	-8.5749557774e-01	
379	-8.5645407941e-01	
380	-8.5556305388e-01	
381	-8.5478043611e-01	
382	-8.5415197044e-01	
383	-8.5362939929e-01	
384	-8.5324467224e-01	
385	-8.5299161069e-01	
386	-8.5284106260e-01	
387	-8.5276859217e-01	
388	-8.5280450379e-01	
389	-8.5294547922e-01	
390	-8.5314674070e-01	
391	-8.5341625065e-01	
392	-8.5367402741e-01	
393	-8.5386347002e-01	
394	-8.5397733886e-01	
395	-8.5401969324e-01	
396	-8.5396443322e-01	
397	-8.5383327069e-01	
398	-8.5364435784e-01	
399	-8.5343421585e-01	
400	-8.5306770176e-01	
401	-8.5259706406e-01	
402	-8.5193073275e-01	
403	-8.5118835223e-01	
404	-8.5032057902e-01	
405	-8.4926579957e-01	
406	-8.4800971012e-01	
407	-8.4659643338e-01	
408	-8.4512665980e-01	
409	-8.4356584145e-01	
410	-8.4190161969e-01	
411	-8.4013189151e-01	
412	-8.3827038740e-01	
413	-8.3644451891e-01	
414	-8.3464134115e-01	
415	-8.3289274211e-01	
416	-8.3124367740e-01	
417	-8.2969094140e-01	
418	-8.2817163587e-01	
419	-8.2675263995e-01	
420	-8.2543530015e-01	
421	-8.2422785908e-01	
422	-8.2318156401e-01	
423	-8.2230009652e-01	
424	-8.2155491356e-01	
425	-8.2096261192e-01	
426	-8.2054831736e-01	
427	-8.2026927767e-01	
428	-8.2008263307e-01	
429	-8.1993496106e-01	
430	-8.1991543184e-01	
431	-8.2004107759e-01	
432	-8.2023937896e-01	
433	-8.2047745868e-01	
434	-8.2072744531e-01	
435	-8.2099660909e-01	
436	-8.2129519821e-01	
437	-8.2162840952e-01	
438	-8.2197055857e-01	
439	-8.2232490181e-01	
440	-8.2269828896e-01	
441	-8.2308801561e-01	
442	-8.2352644657e-01	
443	-8.2402170933e-01	
444	-8.2455736470e-01	
445	-8.2513199526e-01	
446	-8.2576501029e-01	
447	-8.2649607718e-01	
448	-8.2722197670e-01	
449	-8.2797150640e-01	
450	-8.2877836604e-01	
451	-8.2962020992e-01	
452	-8.3044674714e-01	
453	-8.3131120491e-01	
454	-8.3224576850e-01	
455	-8.3324135000e-01	
456	-8.3423617209e-01	
457	-8.3518086006e-01	
458	-8.3620088693e-01	
459	-8.3717865088e-01	
460	-8.3814126855e-01	
461	-8.3907280084e-01	
462	-8.3997145501e-01	
463	-8.4083496925e-01	
464	-8.4166036980e-01	
465	-8.4239995562e-01	
466	-8.4309074917e-01	
467	-8.4372638239e-01	
468	-8.4431132731e-01	
469	-8.4483900260e-01	
470	-8.4536507013e-01	
471	-8.4589482162e-01	
472	-8.4641903313e-01	
473	-8.4699720157e-01	
474	-8.4757452352e-01	
475	-8.4805200543e-01	
476	-8.4845806351e-01	
477	-8.4894364570e-01	
478	-8.4941183099e-01	
479	-8.4988991542e-01	
480	-8.5037498144e-01	
481	-8.5091403017e-01	
482	-8.5144465106e-01	
483	-8.5211435828e-01	
484	-8.5287215528e-01	
485	-8.5367674305e-01	
486	-8.5454048290e-01	
487	-8.5544635352e-01	
488	-8.5643177757e-01	
489	-8.5756159346e-01	
490	-8.5879286459e-01	
491	-8.6004323680e-01	
492	-8.6127155650e-01	
493	-8.6257328801e-01	
494	-8.6403147862e-01	
495	-8.6543156373e-01	
496	-8.6681192074e-01	
497	-8.6817908507e-01	
498	-8.6964928572e-01	
499	-8.7107076214e-01	
500	-8.7238502276e-01	
501	-8.7373787078e-01	
502	-8.7515727595e-01	
503	-8.7658996128e-01	
504	-8.7815334984e-01	
505	-8.7970655293e-01	
506	-8.8122600840e-01	
507	-8.8278110931e-01	
508	-8.8420587498e-01	
509	-8.8560945108e-01	
510	-8.8707375364e-01	
511	-8.8848241122e-01	
512	-8.8989512343e-01	
513	-8.9138642113e-01	
514	-8.9290139054e-01	
515	-8.9438560481e-01	
516	-8.9583033676e-01	
517	-8.9725191553e-01	
518	-8.9862414988e-01	
519	-8.9993685420e-01	
520	-9.0118329691e-01	
521	-9.0240422132e-01	
522	-9.0358970936e-01	
523	-9.0475957873e-01	
524	-9.0591771897e-01	
525	-9.0704189269e-01	
526	-9.0811901174e-01	
527	-9.0921419450e-01	
528	-9.1026275445e-01	
529	-9.1124819527e-01	
530	-9.1222659334e-01	
531	-9.1321653798e-01	
532	-9.1417887835e-01	
533	-9.1512704402e-01	
534	-9.1605906333e-01	
535	-9.1701786163e-01	
536	-9.1795861649e-01	
537	-9.1892752772e-01	
538	-9.1989496306e-01	
539	-9.2084535084e-01	
540	-9.2182203312e-01	
541	-9.2277555305e-01	
542	-9.2373441355e-01	
543	-9.2469885243e-01	
544	-9.2565149934e-01	
545	-9.2662568451e-01	
546	-9.2761222784e-01	
547	-9.2859434243e-01	
548	-9.2956956462e-01	
549	-9.3055605971e-01	
550	-9.3157314859e-01	
551	-9.3255458243e-01	
552	-9.3347556304e-01	
553	-9.3435039829e-01	
554	-9.3517327744e-01	
555	-9.3594322872e-01	
556	-9.3669474577e-01	
557	-9.3740473584e-01	
558	-9.3810194158e-01	
559	-9.3872715463e-01	
560	-9.3925511848e-01	
561	-9.3975342298e-01	
562	-9.4021592976e-01	
563	-9.4069287404e-01	
564	-9.4115212010e-01	
565	-9.4156721693e-01	
566	-9.4195082647e-01	
567	-9.4229569666e-01	
568	-9.4261511146e-01	
569	-9.4289808460e-01	
570	-9.4316221281e-01	
571	-9.4339492947e-01	
572	-9.4363018274e-01	
573	-9.4389179173e-01	
574	-9.4420776160e-01	
575	-9.4453280891e-01	
576	-9.4481110296e-01	
577	-9.4507506465e-01	
578	-9.4535968846e-01	
579	-9.4570007371e-01	
580	-9.4612722043e-01	
581	-9.4659290435e-01	
582	-9.4711912528e-01	
583	-9.4762407279e-01	
584	-9.4815075438e-01	
585	-9.4869133134e-01	
586	-9.4922787394e-01	
587	-9.4978988818e-01	
588	-9.5039578927e-01	
589	-9.5108094573e-01	
590	-9.5183735704e-01	
591	-9.5261413443e-01	
592	-9.5339290863e-01	
593	-9.5422699008e-01	
594	-9.5508831730e-01	
595	-9.5599209797e-01	
596	-9.5690939117e-01	
597	-9.5784024340e-01	
598	-9.5879868802e-01	
599	-9.5977425184e-01	
600	-9.6075740584e-01	
601	-9.6174655361e-01	
602	-9.6276897516e-01	
603	-9.6375177880e-01	
604	-9.6473886329e-01	
605	-9.6574167796e-01	
606	-9.6673081627e-01	
607	-9.6772764006e-01	
608	-9.6868236241e-01	
609	-9.6963745771e-01	
610	-9.7056370618e-01	
611	-9.7148010154e-01	
612	-9.7235627164e-01	
613	-9.7320790934e-01	
614	-9.7400827278e-01	
615	-9.7478526233e-01	
616	-9.7546837139e-01	
617	-9.7613025198e-01	
618	-9.7677261183e-01	
619	-9.7738348160e-01	
620	-9.7796417150e-01	
621	-9.7849850719e-01	
622	-9.7895289260e-01	
623	-9.7936841474e-01	
624	-9.7978126360e-01	
625	-9.8013332283e-01	
626	-9.8048699358e-01	
627	-9.8079656199e-01	
628	-9.8107301766e-01	
629	-9.8131317109e-01	
630	-9.8152111957e-01	
631	-9.8168386651e-01	
632	-9.8181873941e-01	
633	-9.8191025780e-01	
634	-9.8197086346e-01	
635	-9.8201672434e-01	
636	-9.8206006898e-01	
637	-9.8206296412e-01	
638	-9.8203897788e-01	
639	-9.8201415171e-01	
640	-9.8194873420e-01	
641	-9.8189309667e-01	
642	-9.8185208638e-01	
643	-9.8181095204e-01	
644	-9.8175089583e-01	
645	-9.8167670684e-01	
646	-9.8161888018e-01	
647	-9.8153422541e-01	
648	-9.8142522606e-01	
649	-9.8132249525e-01	
650	-9.8123023295e-01	
651	-9.8114476121e-01	
652	-9.8108346639e-01	
653	-9.8105026798e-01	
654	-9.8103110639e-01	
655	-9.8105645527e-01	
656	-9.8112301735e-01	
657	-9.8122412309e-01	
658	-9.8137321906e-01	
659	-9.8158343632e-01	
660	-9.8184225545e-01	
661	-9.8218228282e-01	
662	-9.8255573484e-01	
663	-9.8295520590e-01	
664	-9.8342019173e-01	
665	-9.8391935937e-01	
666	-9.8445559079e-01	
667	-9.8501434298e-01	
668	-9.8558130009e-01	
669	-9.8615050663e-01	
670	-9.8672267838e-01	
671	-9.8728053155e-01	
672	-9.8781118857e-01	
673	-9.8830166587e-01	
674	-9.8875966683e-01	
675	-9.8917884956e-01	
676	-9.8955526975e-01	
677	-9.8992729271e-01	
678	-9.9027412537e-01	
679	-9.9059827594e-01	
680	-9.9088395523e-01	
681	-9.9113121200e-01	
682	-9.9134420106e-01	
683	-9.9151990500e-01	
684	-9.9165421773e-01	
685	-9.9174489092e-01	
686	-9.9180527755e-01	
687	-9.9184045899e-01	
688	-9.9183949938e-01	
689	-9.9180080991e-01	
690	-9.9174053337e-01	
691	-9.9168504838e-01	
692	-9.9159213934e-01	
693	-9.9148810428e-01	
694	-9.9139056012e-01	
695	-9.9130388478e-01	
696	-9.9121745992e-01	
697	-9.9112385040e-01	
698	-9.9101776037e-01	
699	-9.9089812078e-01	
700	-9.9074982608e-01	
701	-9.9062395231e-01	
702	-9.9051124136e-01	
703	-9.9042488178e-01	
704	-9.9036661714e-01	
705	-9.9034258859e-01	
706	-9.9033485885e-01	
707	-9.9033786000e-01	
708	-9.9034397734e-01	
709	-9.9034363283e-01	
710	-9.9035096632e-01	
711	-9.9037664464e-01	
712	-9.9040874125e-01	
713	-9.9043732331e-01	
714	-9.9044861972e-01	
715	-9.9045304729e-01	
716	-9.9045299061e-01	
717	-9.9043541891e-01	
718	-9.9040965849e-01	
719	-9.9038898685e-01	
720	-9.9034576327e-01	
721	-9.9029417550e-01	
722	-9.9020458930e-01	
723	-9.9013531994e-01	
724	-9.9010976357e-01	
725	-9.9008244741e-01	
726	-9.9003286458e-01	
727	-9.8992994078e-01	
728	-9.8980003295e-01	
729	-9.8966360621e-01	
730	-9.8951497785e-01	
731	-9.8928650057e-01	
732	-9.8902913378e-01	
733	-9.8874104740e-01	
734	-9.8843707925e-01	
735	-9.8812497916e-01	
736	-9.8783826525e-01	
737	-9.8752948014e-01	
738	-9.8723154221e-01	
739	-9.8695367151e-01	
740	-9.8669850871e-01	
741	-9.8646815622e-01	
742	-9.8625019295e-01	
743	-9.8603637147e-01	
744	-9.8580800633e-01	
745	-9.8556664848e-01	
746	-9.8533479847e-01	
747	-9.8512044166e-01	
748	-9.8492455618e-01	
749	-9.8475327227e-01	
750	-9.8462852638e-01	
751	-9.8452887985e-01	
752	-9.8442202690e-01	
753	-9.8436361805e-01	
754	-9.8431104460e-01	
755	-9.8426308884e-01	
756	-9.8419077271e-01	
757	-9.8412911726e-01	
758	-9.8409366539e-01	
759	-9.8411176853e-01	
760	-9.8414540770e-01	
761	-9.8417246961e-01	
762	-9.8411929689e-01	
763	-9.8411745379e-01	
764	-9.8409521733e-01	
765	-9.8402448194e-01	
766	-9.8393126743e-01	
767	-9.8382073518e-01	
768	-9.8366781489e-01	
769	-9.8345649064e-01	
770	-9.8321714006e-01	
771	-9.8296944150e-01	
772	-9.8269056923e-01	
773	-9.8238032809e-01	
774	-9.8204780941e-01	
775	-9.8165365412e-01	
776	-9.8123272682e-01	
777	-9.8078395758e-01	
778	-9.8029859083e-01	
779	-9.7978426274e-01	
780	-9.7923340242e-01	
781	-9.7866458460e-01	
782	-9.7805406893e-01	
783	-9.7742521147e-01	
784	-9.7675517296e-01	
785	-9.7608736886e-01	
786	-9.7536601474e-01	
787	-9.7464006322e-01	
788	-9.7385729349e-01	
789	-9.7307693773e-01	
790	-9.7224980871e-01	
791	-9.7141056271e-01	
792	-9.7053866902e-01	
793	-9.6964544591e-01	
794	-9.6881109677e-01	
795	-9.6790840047e-01	
796	-9.6698908317e-01	
797	-9.6601483049e-01	
798	-9.6504710021e-01	
799	-9.6403314351e-01	
800	-9.6298532662e-01	
801	-9.6192185282e-01	
802	-9.6081106158e-01	
803	-9.5964720753e-01	
804	-9.5845041962e-01	
805	-9.5722299309e-01	
806	-9.5597605989e-01	
807	-9.5468419002e-01	
808	-9.5344201885e-01	
809	-9.5219659942e-01	
810	-9.5095929004e-01	
811	-9.4972656942e-01	
812	-9.4851129579e-01	
813	-9.4732923084e-01	
814	-9.4634542791e-01	
815	-9.4543876127e-01	
816	-9.4471413887e-01	
817	-9.4414404015e-01	
818	-9.4381965135e-01	
819	-9.4367146629e-01	
820	-9.4375085700e-01	
821	-9.4399626048e-01	
822	-9.4447312920e-01	
823	-9.4514948601e-01	
824	-9.4598482779e-01	
825	-9.4692579085e-01	
826	-9.4791340944e-01	
827	-9.4897029748e-01	
828	-9.5004475047e-01	
829	-9.5112941664e-01	
830	-9.5227408874e-01	
831	-9.5342148416e-01	
832	-9.5454446069e-01	
833	-9.5561193613e-01	
834	-9.5662778441e-01	
835	-9.5751223131e-01	
836	-9.5825959455e-01	
837	-9.5888667145e-01	
838	-9.5938665777e-01	
839	-9.5974158172e-01	
840	-9.5994437191e-01	
841	-9.6002681084e-01	
842	-9.6000022032e-01	
843	-9.5990771197e-01	
844	-9.5970826877e-01	
845	-9.5950208536e-01	
846	-9.5925133712e-01	
847	-9.5894857865e-01	
848	-9.5862378771e-01	
849	-9.5822255577e-01	
850	-9.5775375887e-01	
851	-9.5726839145e-01	
852	-9.5674645365e-01	
853	-9.5621216118e-01	
854	-9.5568820771e-01	
855	-9.5515273786e-01	
856	-9.5456793034e-01	
857	-9.5394773517e-01	
858	-9.5332441931e-01	
859	-9.5270547833e-01	
860	-9.5206603555e-01	
861	-9.5138229042e-01	
862	-9.5065968667e-01	
863	-9.4995483327e-01	
864	-9.4923329451e-01	
865	-9.4851989869e-01	
866	-9.4785473830e-01	
867	-9.4721338451e-01	
868	-9.4660142275e-01	
869	-9.4601932251e-01	
870	-9.4549134921e-01	
871	-9.4499852719e-01	
872	-9.4455841320e-01	
873	-9.4416059482e-01	
874	-9.4380119070e-01	
875	-9.4350876972e-01	
876	-9.4322627374e-01	
877	-9.4296803616e-01	
878	-9.4276601433e-01	
879	-9.4260541357e-01	
880	-9.4246880643e-01	
881	-9.4235526718e-01	
882	-9.4229531080e-01	
883	-9.4225896213e-01	
884	-9.4224737636e-01	
885	-9.4227492546e-01	
886	-9.4234031148e-01	
887	-9.4239922298e-01	
888	-9.4249362785e-01	
889	-9.4258159749e-01	
890	-9.4265761475e-01	
891	-9.4268641963e-01	
892	-9.4267418883e-01	
893	-9.4262757735e-01	
894	-9.4253093347e-01	
895	-9.4235758968e-01	
896	-9.4215249091e-01	
897	-9.4189038874e-01	
898	-9.4154249864e-01	
899	-9.4110431645e-01	
900	-9.4059780272e-01	
901	-9.4001881825e-01	
902	-9.3941626238e-01	
903	-9.3876093486e-01	
904	-9.3806676285e-01	
905	-9.3733915151e-01	
906	-9.3659823505e-01	
907	-9.3581202118e-01	
908	-9.3497634811e-01	
909	-9.3415722611e-01	
910	-9.3333783616e-01	
911	-9.3253047116e-01	
912	-9.3176570211e-01	
913	-9.3102331069e-01	
914	-9.3030712522e-01	
915	-9.2963325091e-01	
916	-9.2897649178e-01	
917	-9.2835280209e-01	
918	-9.2777489106e-01	
919	-9.2724718480e-01	
920	-9.2674418008e-01	
921	-9.2628175903e-01	
922	-9.2585674201e-01	
923	-9.2547806303e-01	
924	-9.2515898700e-01	
925	-9.2485337425e-01	
926	-9.2460977006e-01	
927	-9.2438510973e-01	
928	-9.2419056307e-01	
929	-9.2403432008e-01	
930	-9.2390950327e-01	
931	-9.2384458383e-01	
932	-9.2383286292e-01	
933	-9.2389460791e-01	
934	-9.2401411816e-01	
935	-9.2417110068e-01	
936	-9.2435440893e-01	
937	-9.2458183492e-01	
938	-9.2485838161e-01	
939	-9.2519640618e-01	
940	-9.2558290790e-01	
941	-9.2602850784e-01	
942	-9.2653121046e-01	
943	-9.2709897635e-01	
944	-9.2769535054e-01	
945	-9.2830325946e-01	
946	-9.2893912894e-01	
947	-9.2958867778e-01	
948	-9.3021211291e-01	
949	-9.3081186585e-01	
950	-9.3139083714e-01	
951	-9.3192435948e-01	
952	-9.3241558006e-01	
953	-9.3284697132e-01	
954	-9.3323913162e-01	
955	-9.3357530326e-01	
956	-9.3384688587e-01	
957	-9.3408101202e-01	
958	-9.3427695859e-01	
959	-9.3444772515e-01	
960	-9.3456033648e-01	
961	-9.3462354055e-01	
962	-9.3468313150e-01	
963	-9.3471534423e-01	
964	-9.3473289237e-01	
965	-9.3473787524e-01	
966	-9.3472656490e-01	
967	-9.3470172203e-01	
968	-9.3465172995e-01	
969	-9.3459468878e-01	
970	-9.3454322232e-01	
971	-9.3449038206e-01	
972	-9.3443783558e-01	
973	-9.3439080594e-01	
974	-9.3434759999e-01	
975	-9.3428931755e-01	
976	-9.3424353079e-01	
977	-9.3420663541e-01	
978	-9.3418155757e-01	
979	-9.3416985473e-01	
980	-9.3417681779e-01	
981	-9.3420181996e-01	
982	-9.3424154769e-01	
983	-9.3428495453e-01	
984	-9.3434279941e-01	
985	-9.3441972845e-01	
986	-9.3451026917e-01	
987	-9.3460236728e-01	
988	-9.3468965831e-01	
989	-9.3479537143e-01	
990	-9.3491702602e-01	
991	-9.3505007324e-01	
992	-9.3518719141e-01	
993	-9.3532387309e-01	
994	-9.3546044827e-01	
995	-9.3560173875e-01	
996	-9.3573295057e-01	
997	-9.3586394994e-01	
998	-9.3598764715e-01	
999	-9.3609726525e-01	
1000	-9.3619356442e-01	
1001	-9.3626379100e-01	
1002	-9.3631201102e-01	
1003	-9.3632731858e-01	
1004	-9.3630183388e-01	
1005	-9.3625011266e-01	
1006	-9.3616064742e-01	
1007	-9.3602679548e-01	
1008	-9.3585256063e-01	
1009	-9.3563982605e-01	
1010	-9.3539333285e-01	
1011	-9.3511053243e-01	
1012	-9.3480364707e-01	
1013	-9.3446417879e-01	
1014	-9.3409404099e-01	
1015	-9.3369376698e-01	
1016	-9.3327518837e-01	
1017	-9.3283532499e-01	
1018	-9.3236492441e-01	
1019	-9.3188250382e-01	
1020	-9.3139643810e-01	
1021	-9.3092406365e-01	
1022	-9.3046124455e-01	
1023	-9.3000195085e-01	
1024	-9.2954998017e-01	
1025	-9.2912761244e-01	
1026	-9.2873268657e-01	
1027	-9.2837807727e-01	
1028	-9.2806295623e-01	
1029	-9.2779026374e-01	
1030	-9.2755840907e-01	
1031	-9.2736228769e-01	
1032	-9.2720774245e-01	
1033	-9.2709506286e-01	
1034	-9.2703468889e-01	
1035	-9.2701507442e-01	
1036	-9.2703245404e-01	
1037	-9.2708719512e-01	
1038	-9.2719541830e-01	
1039	-9.2733116185e-01	
1040	-9.2748891046e-01	
1041	-9.2768109161e-01	
1042	-9.2790534775e-01	
1043	-9.2817013018e-01	
1044	-9.2845042182e-01	
1045	-9.2875011557e-01	
1046	-9.2906997323e-01	
1047	-9.2939027970e-01	
1048	-9.2970611282e-01	
1049	-9.3003008282e-01	
1050	-9.3034431501e-01	
1051	-9.3064806718e-01	
1052	-9.3094278340e-01	
1053	-9.3120870307e-01	
1054	-9.3145498843e-01	
1055	-9.3165712134e-01	
1056	-9.3181869242e-01	
1057	-9.3193004975e-01	
1058	-9.3199039929e-01	
1059	-9.3200873534e-01	
1060	-9.3199576320e-01	
1061	-9.3194346592e-01	
1062	-9.3185200042e-01	
1063	-9.3173739876e-01	
1064	-9.3159651876e-01	
1065	-9.3143186021e-01	
1066	-9.3124893585e-01	
1067	-9.3104679673e-01	
1068	-9.3083056419e-01	
1069	-9.3060677406e-01	
1070	-9.3037773437e-01	
1071	-9.3014955426e-01	
1072	-9.2991413497e-01	
1073	-9.2967676218e-01	
1074	-9.2945098465e-01	
1075	-9.2923225325e-01	
1076	-9.2902858285e-01	
1077	-9.2883489887e-01	
1078	-9.2864784720e-01	
1079	-9.2848853903e-01	
1080	-9.2834229879e-01	
1081	-9.2822468016e-01	
1082	-9.2811556063e-01	
1083	-9.2801763809e-01	
1084	-9.2795063210e-01	
1085	-9.2790231956e-01	
1086	-9.2786805265e-01	
1087	-9.2785484357e-01	
1088	-9.2786331516e-01	
1089	-9.2788949656e-01	
1090	-9.2794088254e-01	
1091	-9.2800611349e-01	
1092	-9.2807736568e-01	
1093	-9.2817000123e-01	
1094	-9.2827673009e-01	
1095	-9.2840430987e-01	
1096	-9.2854698235e-01	
1097	-9.2870835600e-01	
1098	-9.2888374483e-01	
1099	-9.2907300989e-01	
1100	-9.2926804551e-01	
1101	-9.2946810560e-01	
1102	-9.2966804661e-01	
1103	-9.2986921916e-01	
1104	-9.3005914071e-01	
1105	-9.3023674756e-01	
1106	-9.3040224258e-01	
1107	-9.3055365532e-01	
1108	-9.3068048301e-01	
1109	-9.3077962106e-01	
1110	-9.3084251520e-01	
1111	-9.3087613777e-01	
1112	-9.3089079640e-01	
1113	-9.3087055129e-01	
1114	-9.3081749003e-01	
1115	-9.3073941563e-01	
1116	-9.3064076955e-01	
1117	-9.3051645703e-01	
1118	-9.3037369710e-01	
1119	-9.3021798845e-01	
1120	-9.3005071075e-01	
1121	-9.2987702110e-01	
1122	-9.2969661789e-01	
1123	-9.2951509660e-01	
1124	-9.2933532054e-01	
1125	-9.2915387674e-01	
1126	-9.2897382169e-01	
1127	-9.2879833716e-01	
1128	-9.2863654398e-01	
1129	-9.2848842862e-01	
1130	-9.2835790406e-01	
1131	-9.2824766519e-01	
1132	-9.2814952851e-01	
1133	-9.2805890893e-01	
1134	-9.2798294329e-01	
1135	-9.2792177455e-01	
1136	-9.2787886118e-01	
1137	-9.2784917885e-01	
1138	-9.2783818599e-01	
1139	-9.2783650746e-01	
1140	-9.2785233888e-01	
1141	-9.2789169881e-01	
1142	-9.2794153534e-01	
1143	-9.2800236493e-01	
1144	-9.2807676998e-01	
1145	-9.2816221439e-01	
1146	-9.2826327121e-01	
1147	-9.2837351421e-01	
1148	-9.2849503942e-01	
1149	-9.2862952683e-01	
1150	-9.2877322511e-01	
1151	-9.2892205084e-01	
1152	-9.2907789648e-01	
1153	-9.2923740689e-01	
1154	-9.2939555937e-01	
1155	-9.2954907037e-01	
1156	-9.2970062454e-01	
1157	-9.2983858424e-01	
1158	-9.2996388812e-01	
1159	-9.3007571128e-01	
1160	-9.3016760839e-01	
1161	-9.3022723490e-01	
1162	-9.3026822158e-01	
1163	-9.3029669335e-01	
1164	-9.3029995175e-01	
1165	-9.3027546493e-01	
1166	-9.3022629583e-01	
1167	-9.3016428231e-01	
1168	-9.3008640905e-01	
1169	-9.2999108639e-01	
1170	-9.2988289744e-01	
1171	-9.2976504696e-01	
1172	-9.2964043955e-01	
1173	-9.2951462986e-01	
1174	-9.2938714602e-01	
1175	-9.2925901349e-01	
1176	-9.2913255340e-01	
1177	-9.2900674854e-01	
1178	-9.2888253691e-01	
1179	-9.2877239183e-01	
1180	-9.2867541985e-01	
1181	-9.2857705732e-01	
1182	-9.2849200622e-01	
1183	-9.2841328437e-01	
1184	-9.2834941112e-01	
1185	-9.2829906157e-01	
1186	-9.2825444482e-01	
1187	-9.2822162759e-01	
1188	-9.2820111634e-01	
1189	-9.2819359528e-01	
1190	-9.2819750156e-01	
1191	-9.2821416247e-01	
1192	-9.2825157119e-01	
1193	-9.2830240939e-01	
1194	-9.2835898908e-01	
1195	-9.2842292353e-01	
1196	-9.2849347001e-01	
1197	-9.2857191786e-01	
1198	-9.2866057139e-01	
1199	-9.2876313185e-01	
1200	-9.2887268539e-01	
1201	-9.2898814441e-01	
1202	-9.2911003173e-01	
1203	-9.2923448102e-01	
1204	-9.2936173135e-01	
1205	-9.2948821085e-01	
1206	-9.2961364262e-01	
1207	-9.2973754002e-01	
1208	-9.2985375092e-01	
1209	-9.2996544500e-01	
1210	-9.3006173820e-01	
1211	-9.3014405127e-01	
1212	-9.3020710169e-01	
1213	-9.3025495241e-01	
1214	-9.3029076313e-01	
1215	-9.3030903964e-01	
1216	-9.3030896327e-01	
1217	-9.3028776852e-01	
1218	-9.3025327344e-01	
1219	-9.3021085248e-01	
1220	-9.3015843170e-01	
1221	-9.3009338682e-01	
1222	-9.3001731437e-01	
1223	-9.2993701770e-01	
1224	-9.2985291978e-01	
1225	-9.2976719693e-01	
1226	-9.2968180338e-01	
1227	-9.2959633267e-01	
1228	-9.2950922916e-01	
1229	-9.2942413272e-01	
1230	-9.2934019556e-01	
1231	-9.2926003654e-01	
1232	-9.2918470411e-01	
1233	-9.2911014965e-01	
1234	-9.2904005512e-01	
1235	-9.2897555817e-01	
1236	-9.2891997524e-01	
1237	-9.2886788319e-01	
1238	-9.2882752619e-01	
1239	-9.2879569886e-01	
1240	-9.2877340624e-01	
1241	-9.2875691996e-01	
1242	-9.2874393962e-01	
1243	-9.2873850077e-01	
1244	-9.2874132624e-01	
1245	-9.2875374198e-01	
1246	-9.2877652643e-01	
1247	-9.2880356674e-01	
1248	-9.2883544057e-01	
1249	-9.2887405112e-01	
1250	-9.2891910871e-01	
1251	-9.2897099104e-01	
1252	-9.2902751480e-01	
1253	-9.2908649762e-01	
1254	-9.2914745293e-01	
1255	-9.2920949691e-01	
1256	-9.2927212531e-01	
1257	-9.2933350542e-01	
1258	-9.2939255013e-01	
1259	-9.2944801616e-01	
1260	-9.2949908472e-01	
1261	-9.2954165742e-01	
1262	-9.2957927207e-01	
1263	-9.2960731189e-01	
1264	-9.2962241889e-01	
1265	-9.2962702494e-01	
1266	-9.2962008063e-01	
1267	-9.2960394261e-01	
1268	-9.2957825176e-01	
1269	-9.2954540995e-01	
1270	-9.2950524550e-01	
1271	-9.2945724499e-01	
1272	-9.2940333324e-01	
1273	-9.2934424489e-01	
1274	-9.2928071240e-01	
1275	-9.2921352509e-01	
1276	-9.2914654052e-01	
1277	-9.2907656458e-01	
1278	-9.2900693486e-01	
1279	-9.2893462779e-01	
1280	-9.2886245171e-01	
1281	-9.2879216658e-01	
1282	-9.2872487377e-01	
1283	-9.2866074178e-01	
1284	-9.2860084093e-01	
1285	-9.2854505152e-01	
1286	-9.2849235044e-01	
1287	-9.2844555236e-01	
1288	-9.2840657851e-01	
1289	-9.2837307929e-01	
1290	-9.2834620837e-01	
1291	-9.2832585862e-01	
1292	-9.2830996237e-01	
1293	-9.2830130386e-01	
1294	-9.2830100811e-01	
1295	-9.2830882783e-01	
1296	-9.2832473674e-01	
1297	-9.2834827222e-01	
1298	-9.2837770141e-01	
1299	-9.2841417289e-01	
1300	-9.2845606101e-01	
1301	-9.2850272768e-01	
1302	-9.2855326939e-01	
1303	-9.2860723848e-01	
1304	-9.2866592987e-01	
1305	-9.2872728938e-01	
1306	-9.2878993019e-01	
1307	-9.2885242772e-01	
1308	-9.2891301811e-01	
1309	-9.2897235879e-01	
1310	-9.2902878233e-01	
1311	-9.2908308273e-01	
1312	-9.2913356274e-01	
1313	-9.2917861011e-01	
1314	-9.2921744687e-01	
1315	-9.2924845718e-01	
1316	-9.2927310463e-01	
1317	-9.2929063265e-01	
1318	-9.2930143974e-01	
1319	-9.2930623168e-01	
1320	-9.2930677021e-01	
1321	-9.2930202410e-01	
1322	-9.2929182898e-01	
1323	-9.2927719231e-01	
1324	-9.2925813282e-01	
1325	-9.2923494689e-01	
1326	-9.2920856454e-01	
1327	-9.2917968703e-01	
1328	-9.2914856623e-01	
1329	-9.2911497675e-01	
1330	-9.2908027564e-01	
1331	-9.2904543397e-01	
1332	-9.2901083795e-01	
1333	-9.2897668147e-01	
1334	-9.2894416371e-01	
1335	-9.2891154798e-01	
1336	-9.2888117258e-01	
1337	-9.2885285088e-01	
1338	-9.2882845885e-01	
1339	-9.2880724679e-01	
1340	-9.2878981368e-01	
1341	-9.2877629286e-01	
1342	-9.2876661821e-01	
1343	-9.2876154611e-01	
1344	-9.2876022140e-01	
1345	-9.2876284023e-01	
1346	-9.2876999125e-01	
1347	-9.2878154444e-01	
1348	-9.2879742576e-01	
1349	-9.2881730555e-01	
1350	-9.2884087886e-01	
1351	-9.2886795769e-01	
1352	-9.2889871612e-01	
1353	-9.2893215821e-01	
1354	-9.2896745764e-01	
1355	-9.2900393556e-01	
1356	-9.2904139695e-01	
1357	-9.2907949132e-01	
1358	-9.2911811215e-01	
1359	-9.2915583692e-01	
1360	-9.2919212820e-01	
1361	-9.2922608999e-01	
1362	-9.2925676003e-01	
1363	-9.2928414058e-01	
1364	-9.2930748772e-01	
1365	-9.2932670954e-01	
1366	-9.2934182534e-01	
1367	-9.2935229551e-01	
1368	-9.2935837104e-01	
1369	-9.2936077948e-01	
1370	-9.2935935098e-01	
1371	-9.2935377840e-01	
1372	-9.2934542814e-01	
1373	-9.2933330666e-01	
1374	-9.2931773657e-01	
1375	-9.2929932476e-01	
1376	-9.2927808734e-01	
1377	-9.2925445375e-01	
1378	-9.2922846581e-01	
1379	-9.2920095473e-01	
1380	-9.2917235317e-01	
1381	-9.2914312109e-01	
1382	-9.2911284228e-01	
1383	-9.2908262977e-01	
1384	-9.2905307938e-01	
1385	-9.2902401215e-01	
1386	-9.2899604003e-01	
1387	-9.2896987856e-01	
1388	-9.2894564499e-01	
1389	-9.2892355695e-01	
1390	-9.2890377207e-01	
1391	-9.2888653288e-01	
1392	-9.2887200903e-01	
1393	-9.2886043500e-01	
1394	-9.2885203175e-01	
1395	-9.2884716625e-01	
1396	-9.2884477067e-01	
1397	-9.2884540591e-01	
1398	-9.2884933657e-01	
1399	-9.2885626794e-01	
1400	-9.2886628609e-01	
1401	-9.2887897406e-01	
1402	-9.2889436099e-01	
1403	-9.2891212477e-01	
1404	-9.2893172933e-01	
1405	-9.2895307876e-01	
1406	-9.2897570622e-01	
1407	-9.2899934695e-01	
1408	-9.2902362792e-01	
1409	-9.2904820950e-01	
1410	-9.2907273423e-01	
1411	-9.2909661734e-01	
1412	-9.2911924010e-01	
1413	-9.2914051029e-01	
1414	-9.2916023017e-01	
1415	-9.2917721808e-01	
1416	-9.2919211292e-01	
1417	-9.2920448223e-01	
1418	-9.2921457069e-01	
1419	-9.2922225419e-01	
1420	-9.2922731281e-01	
1421	-9.2922972604e-01	
1422	-9.2922973770e-01	
1423	-9.2922771459e-01	
1424	-9.2922349298e-01	
1425	-9.2921691991e-01	
1426	-9.2920870201e-01	
1427	-9.2919875801e-01	
1428	-9.2918709544e-01	
1429	-9.2917386832e-01	
1430	-9.2915925353e-01	
1431	-9.2914386731e-01	
1432	-9.2912794927e-01	
1433	-9.2911154202e-01	
1434	-9.2909503437e-01	
1435	-9.2907906037e-01	
1436	-9.2906361548e-01	
1437	-9.2904870855e-01	
1438	-9.2903472299e-01	
1439	-9.2902170539e-01	
1440	-9.2900993345e-01	
1441	-9.2899957973e-01	
1442	-9.2899076164e-01	
1443	-9.2898399639e-01	
1444	-9.2897912134e-01	
1445	-9.2897609306e-01	
1446	-9.2897501410e-01	
1447	-9.2897574458e-01	
1448	-9.2897837487e-01	
1449	-9.2898258636e-01	
1450	-9.2898846935e-01	
1451	-9.2899608643e-01	
1452	-9.2900525436e-01	
1453	-9.2901564817e-01	
1454	-9.2902740355e-01	
1455	-9.2904014934e-01	
1456	-9.2905383823e-01	
1457	-9.2906817086e-01	
1458	-9.2908297496e-01	
1459	-9.2909795589e-01	
1460	-9.2911292457e-01	
1461	-9.2912751091e-01	
1462	-9.2914158380e-01	
1463	-9.2915454766e-01	
1464	-9.2916649704e-01	
1465	-9.2917723203e-01	
1466	-9.2918648883e-01	
1467	-9.2919411504e-01	
1468	-9.2920029535e-01	
1469	-9.2920480581e-01	
1470	-9.2920765524e-01	
1471	-9.2920871893e-01	
1472	-9.2920809073e-01	
1473	-9.2920574381e-01	
1474	-9.2920180802e-01	
1475	-9.2919614149e-01	
1476	-9.2918904729e-01	
1477	-9.2918081753e-01	
1478	-9.2917157545e-01	
1479	-9.2916113686e-01	
1480	-9.2914976366e-01	
1481	-9.2913766315e-01	
1482	-9.2912503270e-01	
1483	-9.2911194435e-01	
1484	-9.2909863354e-01	
1485	-9.2908521186e-01	
1486	-9.2907199258e-01	
1487	-9.2905900993e-01	
1488	-9.2904651499e-01	
1489	-9.2903458371e-01	
1490	-9.2902345765e-01	
1491	-9.2901311870e-01	
1492	-9.2900375216e-01	
1493	-9.2899556420e-01	
1494	-9.2898859850e-01	
1495	-9.2898281075e-01	
1496	-9.2897843376e-01	
1497	-9.2897540917e-01	
1498	-9.2897372980e-01	
1499	-9.2897329624e-01	
1500	-9.2897414859e-01	
1501	-9.2897619233e-01	
1502	-9.2897940108e-01	
1503	-9.2898353548e-01	
1504	-9.2898873029e-01	
1505	-9.2899484542e-01	
1506	-9.2900181379e-01	
1507	-9.2900940414e-01	
1508	-9.2901757609e-01	
1509	-9.2902608074e-01	
1510	-9.2903485958e-01	
1511	-9.2904358420e-01	
1512	-9.2905223129e-01	
1513	-9.2906056571e-01	
1514	-9.2906856328e-01	
1515	-9.2907601294e-01	
1516	-9.2908283092e-01	
1517	-9.2908889124e-01	
1518	-9.2909417714e-01	
1519	-9.2909851923e-01	
1520	-9.2910198705e-01	
1521	-9.2910444257e-01	
1522	-9.2910592707e-01	
1523	-9.2910635464e-01	
1524	-9.2910582896e-01	
1525	-9.2910431082e-01	
1526	-9.2910191696e-01	
1527	-9.2909855719e-01	
1528	-9.2909444910e-01	
1529	-9.2908963844e-01	
1530	-9.2908440012e-01	
1531	-9.2907852050e-01	
1532	-9.2907223993e-01	
1533	-9.2906556128e-01	
1534	-9.2905864326e-01	
1535	-9.2905152458e-01	
1536	-9.2904442461e-01	
1537	-9.2903733568e-01	
1538	-9.2903045133e-01	
1539	-9.2902380601e-01	
1540	-9.2901754396e-01	
1541	-9.2901175265e-01	
1542	-9.2900659121e-01	
1543	-9.2900203479e-01	
1544	-9.2899820100e-01	
1545	-9.2899508313e-01	
1546	-9.2899278778e-01	
1547	-9.2899129871e-01	
1548	-9.2899060830e-01	
1549	-9.2899069410e-01	
1550	-9.2899161705e-01	
1551	-9.2899327613e-01	
1552	-9.2899571543e-01	
1553	-9.2899884870e-01	
1554	-9.2900267258e-01	
1555	-9.2900708440e-01	
1556	-9.2901205186e-01	
1557	-9.2901742504e-01	
1558	-9.2902317816e-01	
1559	-9.2902922093e-01	
1560	-9.2903548421e-01	
1561	-9.2904181237e-01	
1562	-9.2904817589e-01	
1563	-9.2905442336e-01	
1564	-9.2906052006e-01	
1565	-9.2906632429e-01	
1566	-9.2907181148e-01	
1567	-9.2907685393e-01	
1568	-9.2908145020e-01	
1569	-9.2908550743e-01	
1570	-9.2908903052e-01	
1571	-9.2909192489e-01	
1572	-9.2909424413e-01	
1573	-9.2909588393e-01	
1574	-9.2909691489e-01	
1575	-9.2909725995e-01	
1576	-9.2909702562e-01	
1577	-9.2909616990e-01	
1578	-9.2909479786e-01	
1579	-9.2909285961e-01	
1580	-9.2909046511e-01	
1581	-9.2908763858e-01	
1582	-9.2908448882e-01	
1583	-9.2908099629e-01	
1584	-9.2907732245e-01	
1585	-9.2907343980e-01	
1586	-9.2906949112e-01	
1587	-9.2906548190e-01	
1588	-9.2906151570e-01	
1589	-9.2905760124e-01	
1590	-9.2905388170e-01	
1591	-9.2905034883e-01	
1592	-9.2904713068e-01	
1593	-9.2904420862e-01	
1594	-9.2904170948e-01	
1595	-9.2903958740e-01	
1596	-9.2903794562e-01	
1597	-9.2903674881e-01	
1598	-9.2903606361e-01	
1599	-9.2903584286e-01	
1600	-9.2903613327e-01	
1601	-9.2903687471e-01	
1602	-9.2903813405e-01	
1603	-9.2903981269e-01	
1604	-9.2904194648e-01	
1605	-9.2904445703e-01	
1606	-9.2904734639e-01	
1607	-9.2905051218e-01	
1608	-9.2905396660e-01	
1609	-9.2905759958e-01	
1610	-9.2906141750e-01	
1611	-9.2906530428e-01	
1612	-9.2906926379e-01	
1613	-9.2907317706e-01	
1614	-9.2907705076e-01	
1615	-9.2908077437e-01	
1616	-9.2908435164e-01	
1617	-9.2908767381e-01	
1618	-9.2909076036e-01	
1619	-9.2909351140e-01	
1620	-9.2909595765e-01	
1621	-9.2909800451e-01	
1622	-9.2909968709e-01	
1623	-9.2910093476e-01	
1624	-9.2910179942e-01	
1625	-9.2910222592e-01	
1626	-9.2910227018e-01	
1627	-9.2910188729e-01	
1628	-9.2910114224e-01	
1629	-9.2909999317e-01	
1630	-9.2909853486e-01	
1631	-9.2909671431e-01	
1632	-9.2909463772e-01	
1633	-9.2909228790e-01	
1634	-9.2908977205e-01	
1635	-9.2908705893e-01	
1636	-9.2908423824e-01	
1637	-9.2908132189e-01	
1638	-9.2907839197e-01	
1639	-9.2907544037e-01	
1640	-9.2907256110e-01	
1641	-9.2906973886e-01	
1642	-9.2906707450e-01	
1643	-9.2906455131e-01	
1644	-9.2906226296e-01	
1645	-9.2906017555e-01	
1646	-9.2905836464e-01	
1647	-9.2905680417e-01	
1648	-9.2905556389e-01	
1649	-9.2905460373e-01	
1650	-9.2905398058e-01	
1651	-9.2905364899e-01	
1652	-9.2905364809e-01	
1653	-9.2905392201e-01	
1654	-9.2905451989e-01	
1655	-9.2905537154e-01	
1656	-9.2905649935e-01	
1657	-9.2905784748e-01	
1658	-9.2905942800e-01	
1659	-9.2906116458e-01	
1660	-9.2906307582e-01	
1661	-9.2906508130e-01	
1662	-9.2906719612e-01	
1663	-9.2906933599e-01	
1664	-9.2907151639e-01	
1665	-9.2907365441e-01	
1666	-9.2907577331e-01	
1667	-9.2907777892e-01	
1668	-9.2907970150e-01	
1669	-9.2908146517e-01	
1670	-9.2908308753e-01	
1671	-9.2908450392e-01	
1672	-9.2908573737e-01	
1673	-9.2908673510e-01	
1674	-9.2908752463e-01	
1675	-9.2908805474e-01	
1676	-9.2908836565e-01	
1677	-9.2908842147e-01	
1678	-9.2908826544e-01	
1679	-9.2908785671e-01	
1680	-9.2908725700e-01	
1681	-9.2908642343e-01	
1682	-9.2908542624e-01	
1683	-9.2908423718e-01	
1684	-9.2908292124e-01	
1685	-9.2908145497e-01	
1686	-9.2907991408e-01	
1687	-9.2907828034e-01	
1688	-9.2907661974e-01	
1689	-9.2907491096e-01	
1690	-9.2907322650e-01	
1691	-9.2907154823e-01	
1692	-9.2906994583e-01	
1693	-9.2906840001e-01	
1694	-9.2906697053e-01	
1695	-9.2906563696e-01	
1696	-9.2906445871e-01	
1697	-9.2906341285e-01	
1698	-9.2906254916e-01	
1699	-9.2906183754e-01	
1700	-9.2906132568e-01	
1701	-9.2906097956e-01	
1702	-9.2906084609e-01	
1703	-9.2906087875e-01	
1704	-9.2906111249e-01	
1705	-9.2906149846e-01	
1706	-9.2906207577e-01	
1707	-9.2906278605e-01	
1708	-9.2906365629e-01	
1709	-9.2906463049e-01	
1710	-9.2906573241e-01	
1711	-9.2906690196e-01	
1712	-9.2906816080e-01	
1713	-9.2906944732e-01	
1714	-9.2907078208e-01	
1715	-9.2907210280e-01	
1716	-9.2907342861e-01	
1717	-9.2907469938e-01	
1718	-9.2907593569e-01	
1719	-9.2907708066e-01	
1720	-9.2907815821e-01	
1721	-9.2907910999e-01	
1722	-9.2907996396e-01	
1723	-9.2908067062e-01	
1724	-9.2908125798e-01	
1725	-9.2908168128e-01	
1726	-9.2908197285e-01	
1727	-9.2908209101e-01	
1728	-9.2908207510e-01	
1729	-9.2908188861e-01	
1730	-9.2908157225e-01	
1731	-9.2908109535e-01	
1732	-9.2908050676e-01	
1733	-9.2907977100e-01	
1734	-9.2907894234e-01	
1735	-9.2907799519e-01	
1736	-9.2907697966e-01	
1737	-9.2907587640e-01	
1738	-9.2907473986e-01	
1739	-9.2907354799e-01	
1740	-9.2907235540e-01	
1741	-9.2907113936e-01	
1742	-9.2906995570e-01	
1743	-9.2906878141e-01	
1744	-9.2906767046e-01	
1745	-9.2906659981e-01	
1746	-9.2906561890e-01	
1747	-9.2906470228e-01	
1748	-9.2906389645e-01	
1749	-9.2906317683e-01	
1750	-9.2906258432e-01	
1751	-9.2906209079e-01	
1752	-9.2906173024e-01	
1753	-9.2906147280e-01	
1754	-9.2906135434e-01	
1755	-9.2906133914e-01	
1756	-9.2906145771e-01	
1757	-9.2906167200e-01	
1758	-9.2906200689e-01	
1759	-9.2906242554e-01	
1760	-9.2906294997e-01	
1761	-9.2906353596e-01	
1762	-9.2906420761e-01	
1763	-9.2906491763e-01	
1764	-9.2906569014e-01	
1765	-9.2906647677e-01	
1766	-9.2906729967e-01	
1767	-9.2906811061e-01	
1768	-9.2906893280e-01	
1769	-9.2906971970e-01	
1770	-9.2907049489e-01	
1771	-9.2907121204e-01	
1772	-9.2907189524e-01	
1773	-9.2907250307e-01	
1774	-9.2907306018e-01	
1775	-9.2907352812e-01	
1776	-9.2907393314e-01	
1777	-9.2907423998e-01	
1778	-9.2907447734e-01	
1779	-9.2907461295e-01	
1780	-9.2907467805e-01	
1781	-9.2907464309e-01	
1782	-9.2907454198e-01	
1783	-9.2907434881e-01	
1784	-9.2907409660e-01	
1785	-9.2907376244e-01	
1786	-9.2907338496e-01	
1787	-9.2907294093e-01	
1788	-9.2907247018e-01	
1789	-9.2907195018e-01	
1790	-9.2907142131e-01	
1791	-9.2907086231e-01	
1792	-9.2907031380e-01	
1793	-9.2906975429e-01	
1794	-9.2906922406e-01	
1795	-9.2906870096e-01	
1796	-9.2906822473e-01	
1797	-9.2906777293e-01	
1798	-9.2906738222e-01	
1799	-9.2906702919e-01	
1800	-9.2906674832e-01	
1801	-9.2906651584e-01	
1802	-9.2906636320e-01	
1803	-9.2906626490e-01	
1804	-9.2906625044e-01	
1805	-9.2906629166e-01	
1806	-9.2906641606e-01	
1807	-9.2906659395e-01	
1808	-9.2906684960e-01	
1809	-9.2906715379e-01	
1810	-9.2906752825e-01	
1811	-9.2906793966e-01	
1812	-9.2906841055e-01	
1813	-9.2906890561e-01	
1814	-9.2906944638e-01	
1815	-9.2906999702e-01	
1816	-9.2907057844e-01	
1817	-9.2907115412e-01	
1818	-9.2907174509e-01	
1819	-9.2907231498e-01	
1820	-9.2907288454e-01	
1821	-9.2907341859e-01	
1822	-9.2907393820e-01	
1823	-9.2907440945e-01	
1824	-9.2907485361e-01	
1825	-9.2907523938e-01	
1826	-9.2907558832e-01	
1827	-9.2907587161e-01	
1828	-9.2907611147e-01	
1829	-9.2907628138e-01	
1830	-9.2907640498e-01	
1831	-9.2907645734e-01	
1832	-9.2907646412e-01	
1833	-9.2907640256e-01	
1834	-9.2907629799e-01	
1835	-9.2907612924e-01	
1836	-9.2907592594e-01	
1837	-9.2907566635e-01	
1838	-9.2907538117e-01	
1839	-9.2907504985e-01	
1840	-9.2907470351e-01	
1841	-9.2907432239e-01	
1842	-9.2907393800e-01	
1843	-9.2907353104e-01	
1844	-9.2907313290e-01	
1845	-9.2907272443e-01	
1846	-9.2907233627e-01	
1847	-9.2907194989e-01	
1848	-9.2907159457e-01	
1849	-9.2907125106e-01	
1850	-9.2907094768e-01	
1851	-9.2907066441e-01	
1852	-9.2907042799e-01	
1853	-9.2907021808e-01	
1854	-9.2907005972e-01	
1855	-9.2906993153e-01	
1856	-9.2906985700e-01	
1857	-9.2906981358e-01	
1858	-9.2906982338e-01	
1859	-9.2906986267e-01	
1860	-9.2906995177e-01	
1861	-9.2907006719e-01	
1862	-9.2907022795e-01	
1863	-9.2907040791e-01	
1864	-9.2907062642e-01	
1865	-9.2907085658e-01	
1866	-9.2907111718e-01	
1867	-9.2907138070e-01	
1868	-9.2907166559e-01	
1869	-9.2907194444e-01	
1870	-9.2907223530e-01	
1871	-9.2907251095e-01	
1872	-9.2907278972e-01	
1873	-9.2907304500e-01	
1874	-9.2907329446e-01	
1875	-9.2907351338e-01	
1876	-9.2907371964e-01	
1877	-9.2907388957e-01	
1878	-9.2907404146e-01	
1879	-9.2907415290e-01	
1880	-9.2907424287e-01	
1881	-9.2907429022e-01	
1882	-9.2907431475e-01	
1883	-9.2907429643e-01	
1884	-9.2907425603e-01	
1885	-9.2907417452e-01	
1886	-9.2907407405e-01	
1887	-9.2907393517e-01	
1888	-9.2907378138e-01	
1889	-9.2907359507e-01	
1890	-9.2907339939e-01	
1891	-9.2907317719e-01	
1892	-9.2907295224e-01	
1893	-9.2907270775e-01	
1894	-9.2907246758e-01	
1895	-9.2907221529e-01	
1896	-9.2907197446e-01	
1897	-9.2907172879e-01	
1898	-9.2907150118e-01	
1899	-9.2907127593e-01	
1900	-9.2907107468e-01	
1901	-9.2907088161e-01	
1902	-9.2907071771e-01	
1903	-9.2907056653e-01	
1904	-9.2907044808e-01	
1905	-9.2907034577e-01	
1906	-9.2907027850e-01	
1907	-9.2907022905e-01	
1908	-9.2907021532e-01	
1909	-9.2907021949e-01	
1910	-9.2907025852e-01	
1911	-9.2907031355e-01	
1912	-9.2907040178e-01	
1913	-9.2907050334e-01	
1914	-9.2907063386e-01	
1915	-9.2907077371e-01	
1916	-9.2907093791e-01	
1917	-9.2907110645e-01	
1918	-9.2907129401e-01	
1919	-9.2907148039e-01	
1920	-9.2907167994e-01	
1921	-9.2907187255e-01	
1922	-9.2907207250e-01	
1923	-9.2907226008e-01	
1924	-9.2907244922e-01	
1925	-9.2907262066e-01	
1926	-9.2907278855e-01	
1927	-9.2907293455e-01	
1928	-9.2907307274e-01	
1929	-9.2907318559e-01	
1930	-9.2907328752e-01	
1931	-9.2907336171e-01	
1932	-9.2907342308e-01	
1933	-9.2907345563e-01	
1934	-9.2907347472e-01	
1935	-9.2907346508e-01	
1936	-9.2907344295e-01	
1937	-9.2907339294e-01	
1938	-9.2907333209e-01	
1939	-9.2907324621e-01	
1940	-9.2907315222e-01	
1941	-9.2907303648e-01	
1942	-9.2907291628e-01	
1943	-9.2907277832e-01	
1944	-9.2907264010e-01	
1945	-9.2907248854e-01	
1946	-9.2907234118e-01	
1947	-9.2907218513e-01	
1948	-9.2907203759e-01	
1949	-9.2907188620e-01	
1950	-9.2907174756e-01	
1951	-9.2907160909e-01	
1952	-9.2907148706e-01	
1953	-9.2907136889e-01	
1954	-9.2907127024e-01	
1955	-9.2907117836e-01	
1956	-9.2907110808e-01	
1957	-9.2907104651e-01	
1958	-9.2907100791e-01	
1959	-9.2907097898e-01	
1960	-9.2907097335e-01	
1961	-9.2907097733e-01	
1962	-9.2907100398e-01	
1963	-9.2907103902e-01	
1964	-9.2907109559e-01	
1965	-9.2907115881e-01	
1966	-9.2907124088e-01	
1967	-9.2907132710e-01	
1968	-9.2907142926e-01	
1969	-9.2907153247e-01	
1970	-9.2907164827e-01	
1971	-9.2907176170e-01	
1972	-9.2907188416e-01	
1973	-9.2907200071e-01	
1974	-9.2907212286e-01	
1975	-9.2907223554e-01	
1976	-9.2907235008e-01	
1977	-9.2907245238e-01	
1978	-9.2907255346e-01	
1979	-9.2907263970e-01	
1980	-9.2907272216e-01	
1981	-9.2907278779e-01	
1982	-9.2907284779e-01	
1983	-9.2907288962e-01	
1984	-9.2907292476e-01	
1985	-9.2907294118e-01	
1986	-9.2907295059e-01	
1987	-9.2907294151e-01	
1988	-9.2907292588e-01	
1989	-9.2907289287e-01	
1990	-9.2907285425e-01	
1991	-9.2907279969e-01	
1992	-9.2907274159e-01	
1993	-9.2907266968e-01	
1994	-9.2907259647e-01	
1995	-9.2907251199e-01	
1996	-9.2907242878e-01	
1997	-9.2907233709e-01	
1998	-9.2907224941e-01	
1999	-9.2907215602e-01	
2000	-9.2907206949e-01	
2001	-9.2907198013e-01	
2002	-9.2907189998e-01	
2003	-9.2907181959e-01	
2004	-9.2907175060e-01	
2005	-9.2907168356e-01	
2006	-9.2907162972e-01	
2007	-9.2907157949e-01	
2008	-9.2907154375e-01	
2009	-9.2907151269e-01	
2010	-9.2907149673e-01	
2011	-9.2907148597e-01	
2012	-9.2907149039e-01	
2013	-9.2907149987e-01	
2014	-9.2907152401e-01	
2015	-9.2907155235e-01	
2016	-9.2907159450e-01	
2017	-9.2907163973e-01	
2018	-9.2907169697e-01	
2019	-9.2907175567e-01	
2020	-9.2907182447e-01	
2021	-9.2907189281e-01	
2022	-9.2907196909e-01	
2023	-9.2907204290e-01	
2024	-9.2907212223e-01	
2025	-9.2907219680e-01	
2026	-9.2907227477e-01	
2027	-9.2907234592e-01	
2028	-9.2907241835e-01	
2029	-9.2907248208e-01	
2030	-9.2907254521e-01	
2031	-9.2907259810e-01	
2032	-9.2907264888e-01	
2033	-9.2907268825e-01	
2034	-9.2907272445e-01	
2035	-9.2907274853e-01	
2036	-9.2907276885e-01	
2037	-9.2907277681e-01	
2038	-9.2907278090e-01	
2039	-9.2907277289e-01	
2040	-9.2907276149e-01	
2041	-9.2907273853e-01	
2042	-9.2907271291e-01	
2043	-9.2907267701e-01	
2044	-9.2907263960e-01	
2045	-9.2907259333e-01	
2046	-9.2907254701e-01	
2047	-9.2907249348e-01	
2048	-9.2907244155e-01	
2049	-9.2907238414e-01	
2050	-9.2907233015e-01	
2051	-9.2907227254e-01	
2052	-9.2907221994e-01	
2053	-9.2907216547e-01	
2054	-9.2907211757e-01	
2055	-9.2907206939e-01	
2056	-9.2907202914e-01	
2057	-9.2907198991e-01	
2058	-9.2907195966e-01	
2059	-9.2907193143e-01	
2060	-9.2907191290e-01	
2061	-9.2907189700e-01	
2062	-9.2907189113e-01	
2063	-9.2907188814e-01	
2064	-9.2907189511e-01	
2065	-9.2907190482e-01	
2066	-9.2907192406e-01	
2067	-9.2907194541e-01	
2068	-9.2907197566e-01	
2069	-9.2907200729e-01	
2070	-9.2907204660e-01	
2071	-9.2907208621e-01	
2072	-9.2907213221e-01	
2073	-9.2907217727e-01	
2074	-9.2907222729e-01	
2075	-9.2907227506e-01	
2076	-9.2907232625e-01	
2077	-9.2907237370e-01	
2078	-9.2907242327e-01	
2079	-9.2907246778e-01	
2080	-9.2907251303e-01	
2081	-9.2907255207e-01	
2082	-9.2907259068e-01	
2083	-9.2907262211e-01	
2084	-9.2907265219e-01	
2085	-9.2907267439e-01	
2086	-9.2907269459e-01	
2087	-9.2907270652e-01	
2088	-9.2907271610e-01	
2089	-9.2907271730e-01	
2090	-9.2907271614e-01	
2091	-9.2907270681e-01	
2092	-9.2907269540e-01	
2093	-9.2907267631e-01	
2094	-9.2907265576e-01	
2095	-9.2907262817e-01	
2096	-9.2907259983e-01	
2097	-9.2907256555e-01	
2098	-9.2907253136e-01	
2099	-9.2907249240e-01	
2100	-9.2907245467e-01	
2101	-9.2907241321e-01	
2102	-9.2907237407e-01	
2103	-9.2907233241e-01	
2104	-9.2907229413e-01	
2105	-9.2907225445e-01	
2106	-9.2907221913e-01	
2107	-9.2907218342e-01	
2108	-9.2907215291e-01	
2109	-9.2907212285e-01	
2110	-9.2907209863e-01	
2111	-9.2907207548e-01	
2112	-9.2907205860e-01	
2113	-9.2907204318e-01	
2114	-9.2907203423e-01	
2115	-9.2907202687e-01	
2116	-9.2907202593e-01	
2117	-9.2907202648e-01	
2118	-9.2907203317e-01	
2119	-9.2907204101e-01	
2120	-9.2907205449e-01	
2121	-9.2907206862e-01	
2122	-9.2907208769e-01	
2123	-9.2907210675e-01	
2124	-9.2907212995e-01	
2125	-9.2907215235e-01	
2126	-9.2907217800e-01	
2127	-9.2907220203e-01	
2128	-9.2907222838e-01	
2129	-9.2907225228e-01	
2130	-9.2907227761e-01	
2131	-9.2907229971e-01	
2132	-9.2907232243e-01	
2133	-9.2907234123e-01	
2134	-9.2907235995e-01	
2135	-9.2907237422e-01	
2136	-9.2907238785e-01	
2137	-9.2907239666e-01	
2138	-9.2907240448e-01	
2139	-9.2907240727e-01	
2140	-9.2907240890e-01	
2141	-9.2907240550e-01	
2142	-9.2907240097e-01	
2143	-9.2907239160e-01	
2144	-9.2907238131e-01	
2145	-9.2907236655e-01	
2146	-9.2907235124e-01	
2147	-9.2907233197e-01	
2148	-9.2907231266e-01	
2149	-9.2907229002e-01	
2150	-9.2907226794e-01	
2151	-9.2907224325e-01	
2152	-9.2907221977e-01	
2153	-9.2907219443e-01	
2154	-9.2907217098e-01	
2155	-9.2907214640e-01	
2156	-9.2907212436e-01	
2157	-9.2907210189e-01	
2158	-9.2907208253e-01	
2159	-9.2907206334e-01	
2160	-9.2907204776e-01	
2161	-9.2907203281e-01	
2162	-9.2907202182e-01	
2163	-9.2907201184e-01	
2164	-9.2907200601e-01	
2165	-9.2907200138e-01	
2166	-9.2907200095e-01	
2167	-9.2907200176e-01	
2168	-9.2907200667e-01	
2169	-9.2907201268e-01	
2170	-9.2907202256e-01	
2171	-9.2907203328e-01	
2172	-9.2907204747e-01	
2173	-9.2907206214e-01	
2174	-9.2907207978e-01	
2175	-9.2907209745e-01	
2176	-9.2907211751e-01	
2177	-9.2907213707e-01	
2178	-9.2907215841e-01	
2179	-9.2907217871e-01	
2180	-9.2907220017e-01	
2181	-9.2907222005e-01	
2182	-9.2907224051e-01	
2183	-9.2907225884e-01	
2184	-9.2907227726e-01	
2185	-9.2907229311e-01	
2186	-9.2907230860e-01	
2187	-9.2907232118e-01	
2188	-9.2907233306e-01	
2189	-9.2907234180e-01	
2190	-9.2907234963e-01	
2191	-9.2907235421e-01	
2192	-9.2907235778e-01	
2193	-9.2907235813e-01	
2194	-9.2907235752e-01	
2195	-9.2907235381e-01	
2196	-9.2907234928e-01	
2197	-9.2907234192e-01	
2198	-9.2907233399e-01	
2199	-9.2907232360e-01	
2200	-9.2907231295e-01	
2201	-9.2907230029e-01	
2202	-9.2907228774e-01	
2203	-9.2907227365e-01	
2204	-9.2907226010e-01	
2205	-9.2907224549e-01	
2206	-9.2907223186e-01	
2207	-9.2907221767e-01	
2208	-9.2907220483e-01	
2209	-9.2907219187e-01	
2210	-9.2907218064e-01	
2211	-9.2907216968e-01	
2212	-9.2907216073e-01	
2213	-9.2907215235e-01	
2214	-9.2907214621e-01	
2215	-9.2907214084e-01	
2216	-9.2907213784e-01	
2217	-9.2907213571e-01	
2218	-9.2907213598e-01	
2219	-9.2907213711e-01	
2220	-9.2907214059e-01	
2221	-9.2907214484e-01	
2222	-9.2907215125e-01	
2223	-9.2907215828e-01	
2224	-9.2907216720e-01	
2225	-9.2907217652e-01	
2226	-9.2907218740e-01	
2227	-9.2907219840e-01	
2228	-9.2907221058e-01	
2229	-9.2907222257e-01	
2230	-9.2907223534e-01	
2231	-9.2907224759e-01	
2232	-9.2907226023e-01	
2233	-9.2907227204e-01	
2234	-9.2907228385e-01	
2235	-9.2907229456e-01	
2236	-9.2907230495e-01	
2237	-9.2907231395e-01	
2238	-9.2907232241e-01	
2239	-9.2907232927e-01	
2240	-9.2907233539e-01	
2241	-9.2907233981e-01	
2242	-9.2907234337e-01	
2243	-9.2907234518e-01	
2244	-9.2907234610e-01	
