# Time           	totalLift        	frontLift        	rearLift         	drag             	side             	Xmoment          	Ymoment          	Zmoment          
1	-2.8935991481e+00	-7.0503626414e-01	-2.1885628840e+00	1.2347550065e+00	0.0000000000e+00	-3.5095420427e+00	1.8544082748e+00	-1.4975898131e+00
2	-9.6740090675e-01	-2.7330886150e-01	-6.9409204525e-01	3.4267299827e-01	0.0000000000e+00	-1.1733256683e+00	5.2597897969e-01	-4.1561572034e-01
3	-5.5260319296e-01	-1.7160049313e-01	-3.8100269983e-01	1.5927710438e-01	0.0000000000e+00	-6.7023248188e-01	2.6175275839e-01	-1.9318145522e-01
4	-5.1347792523e-01	-1.6284212700e-01	-3.5063579823e-01	1.3817130978e-01	0.0000000000e+00	-6.2277885579e-01	2.3474208903e-01	-1.6758299817e-01
5	-5.3349733454e-01	-1.7058480600e-01	-3.6291252854e-01	1.3858167506e-01	0.0000000000e+00	-6.4705967530e-01	2.4040965318e-01	-1.6808071543e-01
6	-5.6339088420e-01	-1.8056607335e-01	-3.8282481085e-01	1.4396395239e-01	0.0000000000e+00	-6.8331648351e-01	2.5282342188e-01	-1.7460868548e-01
7	-5.9188096613e-01	-1.9033009769e-01	-4.0155086843e-01	1.4875958207e-01	0.0000000000e+00	-7.1787107632e-01	2.6402596342e-01	-1.8042513175e-01
8	-6.1782499025e-01	-1.9953413607e-01	-4.1829085418e-01	1.5225929457e-01	0.0000000000e+00	-7.4933764744e-01	2.7344589764e-01	-1.8466980681e-01
9	-6.4260945338e-01	-2.0853601837e-01	-4.3407343500e-01	1.5455744008e-01	0.0000000000e+00	-7.7939782886e-01	2.8192177079e-01	-1.8745714462e-01
10	-6.6677388678e-01	-2.1749299385e-01	-4.4928089293e-01	1.5602837619e-01	0.0000000000e+00	-8.0870599859e-01	2.8973487385e-01	-1.8924118998e-01
11	-6.8947106236e-01	-2.2601646292e-01	-4.6345459944e-01	1.5730265616e-01	0.0000000000e+00	-8.3623458423e-01	2.9679767064e-01	-1.9078671819e-01
12	-7.1450378372e-01	-2.3558362287e-01	-4.7892016085e-01	1.5862727494e-01	0.0000000000e+00	-8.6659586911e-01	3.0417067247e-01	-1.9239330053e-01
13	-7.3690664100e-01	-2.4433500214e-01	-4.9257163886e-01	1.5891822215e-01	0.0000000000e+00	-8.9376748670e-01	3.1029579591e-01	-1.9274617991e-01
14	-7.5588057301e-01	-2.5193989765e-01	-5.0394067536e-01	1.5855964258e-01	0.0000000000e+00	-9.1678028449e-01	3.1500097214e-01	-1.9231127168e-01
15	-7.7333029212e-01	-2.5900408712e-01	-5.1432620500e-01	1.5798386018e-01	0.0000000000e+00	-9.3794441944e-01	3.1915264734e-01	-1.9161292598e-01
16	-7.8958027547e-01	-2.6565931518e-01	-5.2392096029e-01	1.5714433970e-01	0.0000000000e+00	-9.5765343815e-01	3.2282705638e-01	-1.9059470186e-01
17	-8.0509753922e-01	-2.7207516251e-01	-5.3302237671e-01	1.5615787052e-01	0.0000000000e+00	-9.7647376769e-01	3.2618401775e-01	-1.8939824897e-01
18	-8.1930074329e-01	-2.7805484705e-01	-5.4124589625e-01	1.5497701316e-01	0.0000000000e+00	-9.9370032164e-01	3.2898881150e-01	-1.8796602967e-01
19	-8.3265272170e-01	-2.8374787214e-01	-5.4890484956e-01	1.5359248386e-01	0.0000000000e+00	-1.0098944547e+00	3.3144622178e-01	-1.8628678402e-01
20	-8.4461143348e-01	-2.8895743679e-01	-5.5565399669e-01	1.5197993587e-01	0.0000000000e+00	-1.0243987449e+00	3.3337069987e-01	-1.8433098272e-01
21	-8.5603271475e-01	-2.9386782729e-01	-5.6216488745e-01	1.5053166165e-01	0.0000000000e+00	-1.0382512050e+00	3.3537132520e-01	-1.8257442315e-01
22	-8.6660023045e-01	-2.9843271613e-01	-5.6816751432e-01	1.4905462176e-01	0.0000000000e+00	-1.0510681637e+00	3.3716849773e-01	-1.8078297475e-01
23	-8.7654543550e-01	-3.0276846495e-01	-5.7377697055e-01	1.4750362888e-01	0.0000000000e+00	-1.0631303442e+00	3.3876063199e-01	-1.7890183143e-01
24	-8.8534349508e-01	-3.0671147778e-01	-5.7863201730e-01	1.4576238029e-01	0.0000000000e+00	-1.0738011933e+00	3.3990067441e-01	-1.7678993381e-01
25	-8.9235265754e-01	-3.1003746979e-01	-5.8231518776e-01	1.4372422918e-01	0.0000000000e+00	-1.0823023537e+00	3.4034714746e-01	-1.7431793384e-01
26	-8.9787514759e-01	-3.1284925411e-01	-5.8502589349e-01	1.4145631108e-01	0.0000000000e+00	-1.0890003827e+00	3.4022079923e-01	-1.7156725778e-01
27	-9.0177808078e-01	-3.1510362020e-01	-5.8667446059e-01	1.3897547606e-01	0.0000000000e+00	-1.0937341096e+00	3.3946355049e-01	-1.6855834246e-01
28	-9.0425449800e-01	-3.1686419104e-01	-5.8739030696e-01	1.3630251373e-01	0.0000000000e+00	-1.0967376667e+00	3.3815764489e-01	-1.6531640285e-01
29	-9.0551460203e-01	-3.1819627714e-01	-5.8731832489e-01	1.3351273310e-01	0.0000000000e+00	-1.0982660014e+00	3.3640255969e-01	-1.6193277855e-01
30	-9.0555852469e-01	-3.1909076299e-01	-5.8646776170e-01	1.3061889415e-01	0.0000000000e+00	-1.0983192736e+00	3.3422124838e-01	-1.5842294566e-01
31	-9.0447749501e-01	-3.1957196313e-01	-5.8490553189e-01	1.2765757042e-01	0.0000000000e+00	-1.0970081317e+00	3.3166696095e-01	-1.5483126291e-01
32	-9.0211107454e-01	-3.1960012893e-01	-5.8251094561e-01	1.2456545428e-01	0.0000000000e+00	-1.0941379857e+00	3.2863852084e-01	-1.5108094677e-01
33	-8.9882196660e-01	-3.1926886173e-01	-5.7955310487e-01	1.2147975659e-01	0.0000000000e+00	-1.0901487453e+00	3.2535530393e-01	-1.4733841533e-01
34	-8.9461609316e-01	-3.1853677880e-01	-5.7607931436e-01	1.1854335168e-01	0.0000000000e+00	-1.0850475931e+00	3.2192816944e-01	-1.4377695572e-01
35	-8.9021819664e-01	-3.1758428317e-01	-5.7263391347e-01	1.1602868248e-01	0.0000000000e+00	-1.0797135430e+00	3.1881203787e-01	-1.4072700415e-01
36	-8.8597389764e-01	-3.1651362753e-01	-5.6946027011e-01	1.1399067765e-01	0.0000000000e+00	-1.0745657858e+00	3.1618330323e-01	-1.3825518160e-01
37	-8.8174761198e-01	-3.1534477761e-01	-5.6640283436e-01	1.1225802450e-01	0.0000000000e+00	-1.0694398764e+00	3.1382257094e-01	-1.3615370908e-01
38	-8.7724968000e-01	-3.1406300360e-01	-5.6318667640e-01	1.1056584558e-01	0.0000000000e+00	-1.0639844969e+00	3.1140459100e-01	-1.3410132631e-01
39	-8.7212389963e-01	-3.1256014795e-01	-5.5956375168e-01	1.0883748504e-01	0.0000000000e+00	-1.0577676228e+00	3.0875450465e-01	-1.3200506014e-01
40	-8.6694452580e-01	-3.1095231882e-01	-5.5599220699e-01	1.0736923885e-01	0.0000000000e+00	-1.0514857471e+00	3.0629986021e-01	-1.3022427729e-01
41	-8.6141655298e-01	-3.0918358657e-01	-5.5223296641e-01	1.0599272890e-01	0.0000000000e+00	-1.0447810682e+00	3.0381172479e-01	-1.2855475803e-01
42	-8.5555871282e-01	-3.0726501532e-01	-5.4829369750e-01	1.0469213091e-01	0.0000000000e+00	-1.0376763052e+00	3.0128585272e-01	-1.2697730963e-01
43	-8.4915429480e-01	-3.0515410626e-01	-5.4400018854e-01	1.0333028632e-01	0.0000000000e+00	-1.0299086175e+00	2.9855760285e-01	-1.2532557744e-01
44	-8.4215782285e-01	-3.0283720130e-01	-5.3932062155e-01	1.0190266713e-01	0.0000000000e+00	-1.0214228490e+00	2.9560427531e-01	-1.2359406961e-01
45	-8.3482652737e-01	-3.0037788122e-01	-5.3444864616e-01	1.0052850291e-01	0.0000000000e+00	-1.0125309852e+00	2.9258845618e-01	-1.2192739540e-01
46	-8.2740787623e-01	-2.9783649904e-01	-5.2957137719e-01	9.9318031290e-02	0.0000000000e+00	-1.0035331708e+00	2.8966859769e-01	-1.2045925803e-01
47	-8.1977199543e-01	-2.9520305316e-01	-5.2456894227e-01	9.8146365402e-02	0.0000000000e+00	-9.9427188636e-01	2.8670736140e-01	-1.1903818673e-01
48	-8.1221271571e-01	-2.9256885964e-01	-5.1964385607e-01	9.7112511322e-02	0.0000000000e+00	-9.8510350863e-01	2.8384374553e-01	-1.1778426240e-01
49	-8.0478055522e-01	-2.8994679447e-01	-5.1483376075e-01	9.6228415642e-02	0.0000000000e+00	-9.7608930923e-01	2.8110870784e-01	-1.1671197464e-01
50	-7.9751773356e-01	-2.8735937931e-01	-5.1015835425e-01	9.5455070485e-02	0.0000000000e+00	-9.6728049479e-01	2.7849871867e-01	-1.1577401219e-01
51	-7.9046390280e-01	-2.8482449871e-01	-5.0563940409e-01	9.4776667354e-02	0.0000000000e+00	-9.5872515787e-01	2.7601863172e-01	-1.1495120150e-01
52	-7.8407652452e-01	-2.8248855812e-01	-5.0158796640e-01	9.4304816785e-02	0.0000000000e+00	-9.5097813713e-01	2.7387426036e-01	-1.1437891097e-01
53	-7.7796320529e-01	-2.8022973135e-01	-4.9773347394e-01	9.3930926223e-02	0.0000000000e+00	-9.4356351273e-01	2.7187967823e-01	-1.1392543259e-01
54	-7.7228867317e-01	-2.7808546700e-01	-4.9420320618e-01	9.3731362024e-02	0.0000000000e+00	-9.3668107739e-01	2.7014717398e-01	-1.1368338837e-01
55	-7.6691330996e-01	-2.7604209967e-01	-4.9087121028e-01	9.3590104890e-02	0.0000000000e+00	-9.3016149322e-01	2.6853638826e-01	-1.1351206269e-01
56	-7.6180662624e-01	-2.7408062596e-01	-4.8772600028e-01	9.3513335858e-02	0.0000000000e+00	-9.2396778072e-01	2.6705671789e-01	-1.1341895230e-01
57	-7.5728690756e-01	-2.7227849631e-01	-4.8500841125e-01	9.3628098975e-02	0.0000000000e+00	-9.1848597695e-01	2.6591239368e-01	-1.1355814434e-01
58	-7.5307616415e-01	-2.7056808009e-01	-4.8250808407e-01	9.3853090742e-02	0.0000000000e+00	-9.1337891814e-01	2.6492500498e-01	-1.1383102874e-01
59	-7.4868541852e-01	-2.6883804538e-01	-4.7984737314e-01	9.3950802508e-02	0.0000000000e+00	-9.0805354112e-01	2.6376165970e-01	-1.1394953982e-01
60	-7.4431235007e-01	-2.6714183385e-01	-4.7717051622e-01	9.3988630417e-02	0.0000000000e+00	-9.0274960412e-01	2.6253585296e-01	-1.1399541992e-01
61	-7.3995520525e-01	-2.6546182716e-01	-4.7449337809e-01	9.3996746544e-02	0.0000000000e+00	-8.9746498033e-01	2.6128943866e-01	-1.1400526368e-01
62	-7.3591184658e-01	-2.6386922184e-01	-4.7204262474e-01	9.4114193415e-02	0.0000000000e+00	-8.9256093643e-01	2.6021675363e-01	-1.1414771076e-01
63	-7.3202443478e-01	-2.6233654330e-01	-4.6968789149e-01	9.4245220623e-02	0.0000000000e+00	-8.8784603487e-01	2.5918918524e-01	-1.1430662893e-01
64	-7.2832594362e-01	-2.6087004769e-01	-4.6745589594e-01	9.4401387931e-02	0.0000000000e+00	-8.8336026833e-01	2.5823231031e-01	-1.1449603863e-01
65	-7.2483227590e-01	-2.5947218784e-01	-4.6536008806e-01	9.4598233121e-02	0.0000000000e+00	-8.7912292476e-01	2.5735987528e-01	-1.1473478506e-01
66	-7.2152614677e-01	-2.5814264208e-01	-4.6338350469e-01	9.4817113356e-02	0.0000000000e+00	-8.7511303997e-01	2.5655107826e-01	-1.1500025700e-01
67	-7.1835797284e-01	-2.5686907533e-01	-4.6148889751e-01	9.5034344400e-02	0.0000000000e+00	-8.7127047609e-01	2.5577477773e-01	-1.1526372870e-01
68	-7.1532702484e-01	-2.5565236271e-01	-4.5967466213e-01	9.5250172518e-02	0.0000000000e+00	-8.6759434858e-01	2.5502787427e-01	-1.1552549884e-01
69	-7.1237550147e-01	-2.5448132658e-01	-4.5789417489e-01	9.5430694528e-02	0.0000000000e+00	-8.6401455233e-01	2.5426606038e-01	-1.1574444747e-01
70	-7.0956181019e-01	-2.5336732265e-01	-4.5619448754e-01	9.5602575703e-02	0.0000000000e+00	-8.6060192766e-01	2.5353395611e-01	-1.1595291595e-01
71	-7.0679231076e-01	-2.5228180566e-01	-4.5451050510e-01	9.5751849478e-02	0.0000000000e+00	-8.5724290169e-01	2.5278587429e-01	-1.1613396473e-01
72	-7.0413107565e-01	-2.5123908471e-01	-4.5289199093e-01	9.5901354151e-02	0.0000000000e+00	-8.5401518560e-01	2.5206613277e-01	-1.1631529355e-01
73	-7.0167033344e-01	-2.5026184261e-01	-4.5140849083e-01	9.6082514228e-02	0.0000000000e+00	-8.5103064013e-01	2.5143331028e-01	-1.1653501608e-01
74	-6.9939482800e-01	-2.4935302957e-01	-4.5004179843e-01	9.6275823188e-02	0.0000000000e+00	-8.4827076165e-01	2.5086096108e-01	-1.1676947354e-01
75	-6.9730264625e-01	-2.4851118481e-01	-4.4879146144e-01	9.6482993087e-02	0.0000000000e+00	-8.4573322987e-01	2.5035034579e-01	-1.1702074244e-01
76	-6.9542634435e-01	-2.4774669997e-01	-4.4767964437e-01	9.6709026931e-02	0.0000000000e+00	-8.4345753096e-01	2.4991618050e-01	-1.1729489074e-01
77	-6.9382626258e-01	-2.4708623462e-01	-4.4674002797e-01	9.6949211074e-02	0.0000000000e+00	-8.4151684950e-01	2.4956724169e-01	-1.1758620142e-01
78	-6.9247324087e-01	-2.4652114795e-01	-4.4595209292e-01	9.7195260901e-02	0.0000000000e+00	-8.3987581827e-01	2.4928868120e-01	-1.1788462638e-01
79	-6.9139776395e-01	-2.4605928154e-01	-4.4533848241e-01	9.7468787445e-02	0.0000000000e+00	-8.3857141110e-01	2.4909900108e-01	-1.1821637686e-01
80	-6.9057718789e-01	-2.4569370648e-01	-4.4488348141e-01	9.7755806316e-02	0.0000000000e+00	-8.3757616399e-01	2.4898721866e-01	-1.1856449170e-01
81	-6.9004179291e-01	-2.4542884078e-01	-4.4461295213e-01	9.8066358797e-02	0.0000000000e+00	-8.3692680273e-01	2.4898013919e-01	-1.1894114960e-01
82	-6.8974600143e-01	-2.4525021981e-01	-4.4449578162e-01	9.8392950727e-02	0.0000000000e+00	-8.3656804792e-01	2.4905695227e-01	-1.1933726118e-01
83	-6.8964910982e-01	-2.4514976190e-01	-4.4449934792e-01	9.8717045342e-02	0.0000000000e+00	-8.3645053157e-01	2.4918698253e-01	-1.1973034385e-01
84	-6.8978434705e-01	-2.4513462083e-01	-4.4464972622e-01	9.9057950893e-02	0.0000000000e+00	-8.3661455593e-01	2.4939388174e-01	-1.2014381589e-01
85	-6.9018374532e-01	-2.4521201356e-01	-4.4497173176e-01	9.9429331419e-02	0.0000000000e+00	-8.3709897169e-01	2.4969964774e-01	-1.2059424994e-01
86	-6.9077241645e-01	-2.4536267424e-01	-4.4540974222e-01	9.9797348676e-02	0.0000000000e+00	-8.3781294967e-01	2.5005883498e-01	-1.2104060480e-01
87	-6.9161276123e-01	-2.4559882180e-01	-4.4601393943e-01	1.0019767615e-01	0.0000000000e+00	-8.3883217355e-01	2.5051889704e-01	-1.2152614755e-01
88	-6.9267945416e-01	-2.4591358430e-01	-4.4676586986e-01	1.0062284884e-01	0.0000000000e+00	-8.4012592693e-01	2.5106535695e-01	-1.2204182417e-01
89	-6.9394877626e-01	-2.4629875254e-01	-4.4765002372e-01	1.0106796379e-01	0.0000000000e+00	-8.4166544193e-01	2.5168908898e-01	-1.2258168805e-01
90	-6.9537553674e-01	-2.4674685015e-01	-4.4862868659e-01	1.0150163078e-01	0.0000000000e+00	-8.4339590825e-01	2.5235229554e-01	-1.2310766710e-01
91	-6.9696539937e-01	-2.4725574444e-01	-4.4970965494e-01	1.0193424479e-01	0.0000000000e+00	-8.4532419530e-01	2.5306738813e-01	-1.2363236902e-01
92	-6.9867439721e-01	-2.4781528382e-01	-4.5085911339e-01	1.0234478859e-01	0.0000000000e+00	-8.4739697714e-01	2.5380478696e-01	-1.2413030279e-01
93	-7.0053116497e-01	-2.4843131018e-01	-4.5209985479e-01	1.0274836229e-01	0.0000000000e+00	-8.4964898378e-01	2.5458568076e-01	-1.2461978277e-01
94	-7.0255822387e-01	-2.4911007209e-01	-4.5344815179e-01	1.0315598215e-01	0.0000000000e+00	-8.5210753042e-01	2.5542259963e-01	-1.2511417021e-01
95	-7.0473610003e-01	-2.4984535098e-01	-4.5489074905e-01	1.0356331868e-01	0.0000000000e+00	-8.5474899785e-01	2.5630674758e-01	-1.2560821398e-01
96	-7.0700918264e-01	-2.5062215603e-01	-4.5638702661e-01	1.0395319264e-01	0.0000000000e+00	-8.5750593777e-01	2.5720608824e-01	-1.2608107805e-01
97	-7.0936733490e-01	-2.5143662936e-01	-4.5793070554e-01	1.0432476420e-01	0.0000000000e+00	-8.6036605560e-01	2.5811759522e-01	-1.2653174379e-01
98	-7.1182124516e-01	-2.5228957655e-01	-4.5953166861e-01	1.0468955093e-01	0.0000000000e+00	-8.6334231484e-01	2.5905261507e-01	-1.2697418046e-01
99	-7.1430468710e-01	-2.5316384644e-01	-4.6114084066e-01	1.0502079197e-01	0.0000000000e+00	-8.6635439200e-01	2.5997124277e-01	-1.2737593077e-01
100	-7.1680450094e-01	-2.5405323633e-01	-4.6275126461e-01	1.0531962268e-01	0.0000000000e+00	-8.6938632605e-01	2.6087253535e-01	-1.2773837177e-01
101	-7.1935575538e-01	-2.5496258926e-01	-4.6439316612e-01	1.0561290372e-01	0.0000000000e+00	-8.7248065053e-01	2.6178822108e-01	-1.2809408176e-01
102	-7.2192628314e-01	-2.5588483641e-01	-4.6604144672e-01	1.0588712989e-01	0.0000000000e+00	-8.7559835094e-01	2.6269576289e-01	-1.2842668079e-01
103	-7.2449190286e-01	-2.5681196864e-01	-4.6767993422e-01	1.0613571346e-01	0.0000000000e+00	-8.7871009857e-01	2.6358495697e-01	-1.2872817884e-01
104	-7.2702677931e-01	-2.5773625648e-01	-4.6929052283e-01	1.0635192781e-01	0.0000000000e+00	-8.8178455879e-01	2.6444283293e-01	-1.2899041742e-01
105	-7.2944734142e-01	-2.5863704791e-01	-4.7081029351e-01	1.0650157777e-01	0.0000000000e+00	-8.8472037127e-01	2.6521655701e-01	-1.2917192246e-01
106	-7.3185112535e-01	-2.5953270589e-01	-4.7231841946e-01	1.0663892413e-01	0.0000000000e+00	-8.8763583410e-01	2.6598214196e-01	-1.2933850491e-01
107	-7.3421041390e-01	-2.6041566510e-01	-4.7379474880e-01	1.0675491688e-01	0.0000000000e+00	-8.9049733010e-01	2.6672385462e-01	-1.2947918833e-01
108	-7.3651177964e-01	-2.6128100287e-01	-4.7523077676e-01	1.0684860393e-01	0.0000000000e+00	-8.9328857359e-01	2.6743721737e-01	-1.2959281798e-01
109	-7.3875528142e-01	-2.6212668461e-01	-4.7662859681e-01	1.0692576445e-01	0.0000000000e+00	-8.9600963599e-01	2.6812739025e-01	-1.2968640318e-01
110	-7.4092692730e-01	-2.6294809862e-01	-4.7797882868e-01	1.0698446878e-01	0.0000000000e+00	-8.9864354695e-01	2.6878841258e-01	-1.2975760356e-01
111	-7.4300952685e-01	-2.6374013957e-01	-4.7926938729e-01	1.0702008349e-01	0.0000000000e+00	-9.0116945684e-01	2.6941155965e-01	-1.2980079934e-01
112	-7.4500283100e-01	-2.6450305070e-01	-4.8049978030e-01	1.0703193867e-01	0.0000000000e+00	-9.0358706354e-01	2.6999591200e-01	-1.2981517807e-01
113	-7.4689720294e-01	-2.6523288911e-01	-4.8166431383e-01	1.0702306877e-01	0.0000000000e+00	-9.0588467894e-01	2.7053928089e-01	-1.2980442008e-01
114	-7.4867826257e-01	-2.6592456248e-01	-4.8275370008e-01	1.0699298427e-01	0.0000000000e+00	-9.0804486193e-01	2.7103642200e-01	-1.2976793168e-01
115	-7.5035065594e-01	-2.6657769998e-01	-4.8377295596e-01	1.0694874951e-01	0.0000000000e+00	-9.1007324753e-01	2.7149406996e-01	-1.2971428094e-01
116	-7.5190464048e-01	-2.6718933677e-01	-4.8471530371e-01	1.0688737854e-01	0.0000000000e+00	-9.1195801933e-01	2.7190745868e-01	-1.2963984630e-01
117	-7.5331965088e-01	-2.6775455530e-01	-4.8556509559e-01	1.0680385260e-01	0.0000000000e+00	-9.1367423441e-01	2.7226317536e-01	-1.2953854070e-01
118	-7.5460751978e-01	-2.6827548000e-01	-4.8633203978e-01	1.0670179303e-01	0.0000000000e+00	-9.1523624415e-01	2.7257069972e-01	-1.2941475633e-01
119	-7.5576707351e-01	-2.6875110496e-01	-4.8701596855e-01	1.0658212551e-01	0.0000000000e+00	-9.1664262505e-01	2.7283107949e-01	-1.2926961591e-01
120	-7.5679595638e-01	-2.6918022138e-01	-4.8761573500e-01	1.0644668392e-01	0.0000000000e+00	-9.1789051997e-01	2.7304439202e-01	-1.2910534369e-01
121	-7.5769259258e-01	-2.6956215316e-01	-4.8813043942e-01	1.0629655502e-01	0.0000000000e+00	-9.1897801768e-01	2.7321035783e-01	-1.2892325777e-01
122	-7.5845793842e-01	-2.6989690180e-01	-4.8856103662e-01	1.0613344729e-01	0.0000000000e+00	-9.1990627804e-01	2.7333016852e-01	-1.2872543029e-01
123	-7.5909587120e-01	-2.7018525843e-01	-4.8891061277e-01	1.0596033435e-01	0.0000000000e+00	-9.2068000370e-01	2.7340669293e-01	-1.2851546784e-01
124	-7.5960967350e-01	-2.7042800323e-01	-4.8918167027e-01	1.0577846408e-01	0.0000000000e+00	-9.2130317598e-01	2.7344208381e-01	-1.2829488395e-01
125	-7.5999674887e-01	-2.7062439748e-01	-4.8937235138e-01	1.0558784448e-01	0.0000000000e+00	-9.2177264573e-01	2.7343494238e-01	-1.2806368831e-01
126	-7.6027186664e-01	-2.7077717844e-01	-4.8949468820e-01	1.0539704808e-01	0.0000000000e+00	-9.2210632616e-01	2.7339688721e-01	-1.2783227824e-01
127	-7.6041263086e-01	-2.7088229845e-01	-4.8953033241e-01	1.0519396864e-01	0.0000000000e+00	-9.2227705401e-01	2.7331004245e-01	-1.2758597051e-01
128	-7.6043471324e-01	-2.7094341261e-01	-4.8949130063e-01	1.0498507166e-01	0.0000000000e+00	-9.2230383692e-01	2.7318486001e-01	-1.2733260690e-01
129	-7.6034430977e-01	-2.7096212467e-01	-4.8938218510e-01	1.0477332152e-01	0.0000000000e+00	-9.2219418982e-01	2.7302507554e-01	-1.2707578279e-01
130	-7.6013723030e-01	-2.7093751453e-01	-4.8919971577e-01	1.0455713208e-01	0.0000000000e+00	-9.2194303060e-01	2.7282775155e-01	-1.2681357441e-01
131	-7.5984900078e-01	-2.7087800929e-01	-4.8897099149e-01	1.0435479488e-01	0.0000000000e+00	-9.2159344740e-01	2.7261622774e-01	-1.2656816692e-01
132	-7.5947501938e-01	-2.7078441786e-01	-4.8869060152e-01	1.0415733911e-01	0.0000000000e+00	-9.2113985885e-01	2.7238272957e-01	-1.2632867994e-01
133	-7.5899700915e-01	-2.7065385939e-01	-4.8834314976e-01	1.0395323088e-01	0.0000000000e+00	-9.2056009749e-01	2.7211161296e-01	-1.2608112443e-01
134	-7.5844188704e-01	-2.7049273385e-01	-4.8794915318e-01	1.0375518146e-01	0.0000000000e+00	-9.1988680990e-01	2.7182052417e-01	-1.2584091743e-01
135	-7.5781210423e-01	-2.7030256387e-01	-4.8750954036e-01	1.0355971702e-01	0.0000000000e+00	-9.1912296905e-01	2.7150872061e-01	-1.2560384566e-01
136	-7.5712084514e-01	-2.7008691239e-01	-4.8703393275e-01	1.0337192975e-01	0.0000000000e+00	-9.1828456583e-01	2.7118377546e-01	-1.2537608525e-01
137	-7.5637845664e-01	-2.6984889549e-01	-4.8652956115e-01	1.0319321172e-01	0.0000000000e+00	-9.1738414959e-01	2.7085083208e-01	-1.2515932460e-01
138	-7.5560317082e-01	-2.6959376106e-01	-4.8600940976e-01	1.0302888594e-01	0.0000000000e+00	-9.1644383339e-01	2.7051956088e-01	-1.2496001980e-01
139	-7.5478159050e-01	-2.6931915995e-01	-4.8546243055e-01	1.0286998205e-01	0.0000000000e+00	-9.1544736824e-01	2.7017908825e-01	-1.2476729100e-01
140	-7.5392624621e-01	-2.6902905010e-01	-4.8489719610e-01	1.0272047784e-01	0.0000000000e+00	-9.1440995200e-01	2.6983518251e-01	-1.2458596273e-01
141	-7.5304368619e-01	-2.6872564220e-01	-4.8431804399e-01	1.0258134200e-01	0.0000000000e+00	-9.1333952679e-01	2.6949050223e-01	-1.2441720989e-01
142	-7.5212423097e-01	-2.6840770513e-01	-4.8371652585e-01	1.0244537036e-01	0.0000000000e+00	-9.1222435272e-01	2.6913602590e-01	-1.2425229479e-01
143	-7.5117966235e-01	-2.6807851375e-01	-4.8310114860e-01	1.0231764844e-01	0.0000000000e+00	-9.1107871951e-01	2.6877829357e-01	-1.2409738548e-01
144	-7.5019676688e-01	-2.6773671304e-01	-4.8246005384e-01	1.0218619287e-01	0.0000000000e+00	-9.0988660104e-01	2.6840417600e-01	-1.2393794776e-01
145	-7.4917784168e-01	-2.6738306722e-01	-4.8179477446e-01	1.0205166897e-01	0.0000000000e+00	-9.0865078341e-01	2.6801463404e-01	-1.2377478857e-01
146	-7.4814177512e-01	-2.6702244417e-01	-4.8111933095e-01	1.0192114364e-01	0.0000000000e+00	-9.0739417565e-01	2.6762110848e-01	-1.2361647911e-01
147	-7.4712625625e-01	-2.6666349997e-01	-4.8046275629e-01	1.0180816368e-01	0.0000000000e+00	-9.0616248945e-01	2.6724907040e-01	-1.2347944979e-01
148	-7.4613732783e-01	-2.6630885971e-01	-4.7982846812e-01	1.0171188504e-01	0.0000000000e+00	-9.0496305383e-01	2.6689951052e-01	-1.2336267690e-01
149	-7.4516952028e-01	-2.6595869333e-01	-4.7921082695e-01	1.0162762651e-01	0.0000000000e+00	-9.0378923495e-01	2.6656516702e-01	-1.2326048277e-01
150	-7.4423746295e-01	-2.6561689447e-01	-4.7862056848e-01	1.0156051128e-01	0.0000000000e+00	-9.0265877624e-01	2.6625459250e-01	-1.2317908113e-01
151	-7.4334719434e-01	-2.6528553674e-01	-4.7806165759e-01	1.0151216379e-01	0.0000000000e+00	-9.0157900154e-01	2.6597015106e-01	-1.2312044220e-01
152	-7.4249343365e-01	-2.6496442335e-01	-4.7752901030e-01	1.0147807103e-01	0.0000000000e+00	-9.0054350600e-01	2.6570573370e-01	-1.2307909232e-01
153	-7.4167508231e-01	-2.6465432392e-01	-4.7702075839e-01	1.0145528480e-01	0.0000000000e+00	-8.9955095718e-01	2.6545804308e-01	-1.2305145573e-01
154	-7.4089122792e-01	-2.6435576962e-01	-4.7653545830e-01	1.0144148629e-01	0.0000000000e+00	-8.9860024846e-01	2.6522461085e-01	-1.2303472000e-01
155	-7.4013737809e-01	-2.6406840993e-01	-4.7606896816e-01	1.0143191232e-01	0.0000000000e+00	-8.9768593119e-01	2.6500069779e-01	-1.2302310809e-01
156	-7.3941204288e-01	-2.6379227114e-01	-4.7561977174e-01	1.0142494976e-01	0.0000000000e+00	-8.9680619827e-01	2.6478437575e-01	-1.2301466344e-01
157	-7.3873238310e-01	-2.6353092417e-01	-4.7520145893e-01	1.0142730207e-01	0.0000000000e+00	-8.9598186344e-01	2.6458816845e-01	-1.2301751648e-01
158	-7.3809779488e-01	-2.6328489486e-01	-4.7481290002e-01	1.0143721427e-01	0.0000000000e+00	-8.9521219428e-01	2.6441000644e-01	-1.2302953863e-01
159	-7.3750859598e-01	-2.6305468562e-01	-4.7445391036e-01	1.0145353042e-01	0.0000000000e+00	-8.9449757618e-01	2.6424903092e-01	-1.2304932790e-01
160	-7.3697320632e-01	-2.6284231223e-01	-4.7413089409e-01	1.0147947914e-01	0.0000000000e+00	-8.9384822137e-01	2.6411072733e-01	-1.2308080017e-01
161	-7.3649296225e-01	-2.6264841137e-01	-4.7384455088e-01	1.0151454742e-01	0.0000000000e+00	-8.9326575066e-01	2.6399517440e-01	-1.2312333322e-01
162	-7.3606582433e-01	-2.6247273087e-01	-4.7359309346e-01	1.0155740431e-01	0.0000000000e+00	-8.9274769049e-01	2.6390045324e-01	-1.2317531279e-01
163	-7.3568766726e-01	-2.6231453761e-01	-4.7337312965e-01	1.0160568808e-01	0.0000000000e+00	-8.9228903741e-01	2.6382324004e-01	-1.2323387444e-01
164	-7.3535926500e-01	-2.6217408713e-01	-4.7318517787e-01	1.0165936132e-01	0.0000000000e+00	-8.9189073016e-01	2.6376386343e-01	-1.2329897277e-01
165	-7.3508318247e-01	-2.6205195462e-01	-4.7303122785e-01	1.0171942408e-01	0.0000000000e+00	-8.9155587961e-01	2.6372409154e-01	-1.2337182073e-01
166	-7.3485874557e-01	-2.6194803662e-01	-4.7291070895e-01	1.0178506128e-01	0.0000000000e+00	-8.9128366820e-01	2.6370334042e-01	-1.2345142973e-01
167	-7.3468925650e-01	-2.6186325917e-01	-4.7282599733e-01	1.0185770484e-01	0.0000000000e+00	-8.9107810101e-01	2.6370342269e-01	-1.2353953648e-01
168	-7.3457458161e-01	-2.6179774477e-01	-4.7277683685e-01	1.0193583058e-01	0.0000000000e+00	-8.9093901598e-01	2.6372386510e-01	-1.2363429237e-01
169	-7.3451048023e-01	-2.6175044193e-01	-4.7276003831e-01	1.0201788359e-01	0.0000000000e+00	-8.9086126973e-01	2.6376199548e-01	-1.2373381150e-01
170	-7.3449380499e-01	-2.6172065798e-01	-4.7277314701e-01	1.0210284202e-01	0.0000000000e+00	-8.9084104493e-01	2.6381561129e-01	-1.2383685452e-01
171	-7.3452375457e-01	-2.6170826729e-01	-4.7281548728e-01	1.0219005901e-01	0.0000000000e+00	-8.9087736969e-01	2.6388402498e-01	-1.2394263686e-01
172	-7.3459626832e-01	-2.6171190379e-01	-4.7288436453e-01	1.0227875948e-01	0.0000000000e+00	-8.9096531900e-01	2.6396557593e-01	-1.2405021847e-01
173	-7.3470812970e-01	-2.6173063098e-01	-4.7297749872e-01	1.0236768500e-01	0.0000000000e+00	-8.9110099163e-01	2.6405858467e-01	-1.2415807302e-01
174	-7.3485866048e-01	-2.6176408264e-01	-4.7309457784e-01	1.0245728804e-01	0.0000000000e+00	-8.9128356499e-01	2.6416311900e-01	-1.2426674931e-01
175	-7.3505456130e-01	-2.6181365537e-01	-4.7324090593e-01	1.0255212152e-01	0.0000000000e+00	-8.9152116603e-01	2.6428406319e-01	-1.2438176942e-01
176	-7.3528067995e-01	-2.6187538563e-01	-4.7340529432e-01	1.0264513181e-01	0.0000000000e+00	-8.9179541719e-01	2.6441238586e-01	-1.2449457825e-01
177	-7.3553157988e-01	-2.6194801363e-01	-4.7358356625e-01	1.0273420137e-01	0.0000000000e+00	-8.9209972466e-01	2.6454444078e-01	-1.2460260751e-01
178	-7.3580631903e-01	-2.6203103566e-01	-4.7377528337e-01	1.0281941067e-01	0.0000000000e+00	-8.9243294586e-01	2.6468030964e-01	-1.2470595480e-01
179	-7.3610295922e-01	-2.6212355071e-01	-4.7397940851e-01	1.0290096666e-01	0.0000000000e+00	-8.9279273006e-01	2.6481982225e-01	-1.2480487111e-01
180	-7.3642035549e-01	-2.6222485656e-01	-4.7419549893e-01	1.0298005685e-01	0.0000000000e+00	-8.9317768854e-01	2.6496330296e-01	-1.2490079675e-01
181	-7.3675667150e-01	-2.6233456472e-01	-4.7442210678e-01	1.0305554185e-01	0.0000000000e+00	-8.9358559410e-01	2.6510942758e-01	-1.2499234978e-01
182	-7.3710796769e-01	-2.6245126827e-01	-4.7465669943e-01	1.0312688510e-01	0.0000000000e+00	-8.9401166858e-01	2.6525678895e-01	-1.2507887944e-01
183	-7.3747473846e-01	-2.6257468049e-01	-4.7490005797e-01	1.0319546095e-01	0.0000000000e+00	-8.9445651161e-01	2.6540672184e-01	-1.2516205262e-01
184	-7.3785576157e-01	-2.6270414484e-01	-4.7515161673e-01	1.0326172022e-01	0.0000000000e+00	-8.9491864080e-01	2.6555933986e-01	-1.2524241610e-01
185	-7.3824661123e-01	-2.6283838044e-01	-4.7540823079e-01	1.0332424392e-01	0.0000000000e+00	-8.9539268826e-01	2.6571231294e-01	-1.2531824884e-01
186	-7.3864700097e-01	-2.6297700067e-01	-4.7567000030e-01	1.0338392012e-01	0.0000000000e+00	-8.9587830654e-01	2.6586624953e-01	-1.2539062794e-01
187	-7.3905258007e-01	-2.6311870601e-01	-4.7593387406e-01	1.0343983850e-01	0.0000000000e+00	-8.9637021880e-01	2.6601896006e-01	-1.2545844933e-01
188	-7.3945889557e-01	-2.6326217485e-01	-4.7619672072e-01	1.0349060970e-01	0.0000000000e+00	-8.9686302421e-01	2.6616818234e-01	-1.2552002789e-01
189	-7.3986331276e-01	-2.6340641940e-01	-4.7645689336e-01	1.0353603028e-01	0.0000000000e+00	-8.9735352724e-01	2.6631309245e-01	-1.2557511687e-01
190	-7.4026417324e-01	-2.6355073469e-01	-4.7671343855e-01	1.0357638060e-01	0.0000000000e+00	-8.9783971646e-01	2.6645337982e-01	-1.2562405631e-01
191	-7.4066068218e-01	-2.6369451691e-01	-4.7696616527e-01	1.0361233825e-01	0.0000000000e+00	-8.9832062785e-01	2.6658956045e-01	-1.2566766806e-01
192	-7.4105160178e-01	-2.6383716034e-01	-4.7721444144e-01	1.0364427045e-01	0.0000000000e+00	-8.9879476013e-01	2.6672160137e-01	-1.2570639746e-01
193	-7.4143449686e-01	-2.6397781942e-01	-4.7745667744e-01	1.0367189275e-01	0.0000000000e+00	-8.9925915976e-01	2.6684857252e-01	-1.2573989956e-01
194	-7.4180125710e-01	-2.6411446288e-01	-4.7768679422e-01	1.0369166903e-01	0.0000000000e+00	-8.9970399003e-01	2.6696541418e-01	-1.2576388549e-01
195	-7.4215730680e-01	-2.6424783071e-01	-4.7790947609e-01	1.0370769740e-01	0.0000000000e+00	-9.0013582987e-01	2.6707705673e-01	-1.2578332572e-01
196	-7.4250276195e-01	-2.6437769793e-01	-4.7812506403e-01	1.0372060213e-01	0.0000000000e+00	-9.0055481996e-01	2.6718420763e-01	-1.2579897740e-01
197	-7.4283345633e-01	-2.6450288506e-01	-4.7833057126e-01	1.0372903798e-01	0.0000000000e+00	-9.0095590724e-01	2.6728460775e-01	-1.2580920895e-01
198	-7.4315181550e-01	-2.6462376817e-01	-4.7852804733e-01	1.0373489324e-01	0.0000000000e+00	-9.0134203360e-01	2.6738034895e-01	-1.2581631058e-01
199	-7.4345533380e-01	-2.6473961180e-01	-4.7871572200e-01	1.0373752297e-01	0.0000000000e+00	-9.0171016001e-01	2.6747013775e-01	-1.2581950009e-01
200	-7.4374315135e-01	-2.6485004392e-01	-4.7889310742e-01	1.0373721573e-01	0.0000000000e+00	-9.0205924352e-01	2.6755382937e-01	-1.2581912745e-01
201	-7.4401496139e-01	-2.6495484578e-01	-4.7906011562e-01	1.0373444868e-01	0.0000000000e+00	-9.0238891212e-01	2.6763158730e-01	-1.2581577139e-01
202	-7.4426928085e-01	-2.6505355848e-01	-4.7921572236e-01	1.0372904814e-01	0.0000000000e+00	-9.0269736702e-01	2.6770270485e-01	-1.2580922127e-01
203	-7.4450498454e-01	-2.6514579197e-01	-4.7935919257e-01	1.0372092027e-01	0.0000000000e+00	-9.0298324352e-01	2.6776675076e-01	-1.2579936327e-01
204	-7.4472142131e-01	-2.6523129459e-01	-4.7949012672e-01	1.0371011758e-01	0.0000000000e+00	-9.0324575188e-01	2.6782354016e-01	-1.2578626108e-01
205	-7.4491778959e-01	-2.6530978546e-01	-4.7960800412e-01	1.0369667603e-01	0.0000000000e+00	-9.0348391988e-01	2.6787277332e-01	-1.2576995831e-01
206	-7.4509369063e-01	-2.6538108658e-01	-4.7971260405e-01	1.0368071170e-01	0.0000000000e+00	-9.0369726391e-01	2.6791439683e-01	-1.2575059575e-01
207	-7.4524902376e-01	-2.6544511131e-01	-4.7980391245e-01	1.0366242340e-01	0.0000000000e+00	-9.0388566186e-01	2.6794850143e-01	-1.2572841452e-01
208	-7.4538350238e-01	-2.6550175758e-01	-4.7988174480e-01	1.0364187941e-01	0.0000000000e+00	-9.0404876613e-01	2.6797498403e-01	-1.2570349746e-01
209	-7.4549729192e-01	-2.6555102248e-01	-4.7994626944e-01	1.0361932226e-01	0.0000000000e+00	-9.0418677735e-01	2.6799405870e-01	-1.2567613871e-01
210	-7.4559057377e-01	-2.6559292904e-01	-4.7999764473e-01	1.0359492456e-01	0.0000000000e+00	-9.0429991555e-01	2.6800589461e-01	-1.2564654762e-01
211	-7.4566391789e-01	-2.6562760364e-01	-4.8003631425e-01	1.0356900703e-01	0.0000000000e+00	-9.0438887198e-01	2.6801088826e-01	-1.2561511318e-01
212	-7.4571731213e-01	-2.6565507564e-01	-4.8006223649e-01	1.0354151483e-01	0.0000000000e+00	-9.0445363194e-01	2.6800895106e-01	-1.2558176888e-01
213	-7.4575122810e-01	-2.6567546322e-01	-4.8007576488e-01	1.0351267773e-01	0.0000000000e+00	-9.0449476740e-01	2.6800037708e-01	-1.2554679341e-01
214	-7.4576631509e-01	-2.6568895018e-01	-4.8007736491e-01	1.0348274421e-01	0.0000000000e+00	-9.0451306586e-01	2.6798551841e-01	-1.2551048811e-01
215	-7.4576343462e-01	-2.6569580082e-01	-4.8006763380e-01	1.0345197371e-01	0.0000000000e+00	-9.0450957224e-01	2.6796479122e-01	-1.2547316769e-01
216	-7.4574342574e-01	-2.6569627301e-01	-4.8004715274e-01	1.0342059269e-01	0.0000000000e+00	-9.0448530419e-01	2.6793859966e-01	-1.2543510678e-01
217	-7.4570735393e-01	-2.6569067678e-01	-4.8001667715e-01	1.0338893653e-01	0.0000000000e+00	-9.0444155399e-01	2.6790750047e-01	-1.2539671216e-01
218	-7.4565598902e-01	-2.6567928436e-01	-4.7997670466e-01	1.0335708893e-01	0.0000000000e+00	-9.0437925535e-01	2.6787177537e-01	-1.2535808535e-01
219	-7.4559023481e-01	-2.6566239873e-01	-4.7992783609e-01	1.0332520820e-01	0.0000000000e+00	-9.0429950444e-01	2.6783179670e-01	-1.2531941837e-01
220	-7.4551089294e-01	-2.6564026158e-01	-4.7987063137e-01	1.0329347929e-01	0.0000000000e+00	-9.0420327355e-01	2.6778796224e-01	-1.2528093553e-01
221	-7.4541912203e-01	-2.6561330029e-01	-4.7980582173e-01	1.0326205080e-01	0.0000000000e+00	-9.0409196791e-01	2.6774065180e-01	-1.2524281704e-01
222	-7.4531560591e-01	-2.6558172873e-01	-4.7973387718e-01	1.0323114138e-01	0.0000000000e+00	-9.0396641695e-01	2.6769018556e-01	-1.2520532812e-01
223	-7.4520124322e-01	-2.6554590754e-01	-4.7965533568e-01	1.0320070215e-01	0.0000000000e+00	-9.0382771056e-01	2.6763678517e-01	-1.2516840947e-01
224	-7.4507778376e-01	-2.6550635967e-01	-4.7957142409e-01	1.0317118673e-01	0.0000000000e+00	-9.0367797105e-01	2.6758133052e-01	-1.2513261129e-01
225	-7.4494551945e-01	-2.6546329227e-01	-4.7948222718e-01	1.0314224360e-01	0.0000000000e+00	-9.0351755243e-01	2.6752366865e-01	-1.2509750721e-01
226	-7.4480469067e-01	-2.6541690047e-01	-4.7938779020e-01	1.0311366554e-01	0.0000000000e+00	-9.0334674628e-01	2.6746361217e-01	-1.2506284591e-01
227	-7.4465823100e-01	-2.6536796302e-01	-4.7929026798e-01	1.0308659409e-01	0.0000000000e+00	-9.0316911063e-01	2.6740288120e-01	-1.2503001193e-01
228	-7.4450758945e-01	-2.6531695125e-01	-4.7919063819e-01	1.0306131625e-01	0.0000000000e+00	-9.0298640292e-01	2.6734210868e-01	-1.2499935334e-01
229	-7.4435193951e-01	-2.6526385131e-01	-4.7908808820e-01	1.0303680938e-01	0.0000000000e+00	-9.0279762073e-01	2.6728029612e-01	-1.2496962984e-01
230	-7.4419265998e-01	-2.6520909924e-01	-4.7898356073e-01	1.0301336110e-01	0.0000000000e+00	-9.0260443632e-01	2.6721807686e-01	-1.2494119027e-01
231	-7.4403084590e-01	-2.6515307356e-01	-4.7887777234e-01	1.0299112085e-01	0.0000000000e+00	-9.0240817787e-01	2.6715587347e-01	-1.2491421588e-01
232	-7.4386769432e-01	-2.6509617513e-01	-4.7877151918e-01	1.0297028545e-01	0.0000000000e+00	-9.0221029720e-01	2.6709418007e-01	-1.2488894537e-01
233	-7.4370497194e-01	-2.6503896286e-01	-4.7866600908e-01	1.0295123503e-01	0.0000000000e+00	-9.0201293710e-01	2.6703380777e-01	-1.2486583980e-01
234	-7.4354335155e-01	-2.6498172804e-01	-4.7856162351e-01	1.0293388379e-01	0.0000000000e+00	-9.0181691355e-01	2.6697486934e-01	-1.2484479511e-01
235	-7.4338362537e-01	-2.6492476258e-01	-4.7845886278e-01	1.0291830563e-01	0.0000000000e+00	-9.0162318743e-01	2.6691762525e-01	-1.2482590093e-01
236	-7.4322684800e-01	-2.6486843988e-01	-4.7835840812e-01	1.0290456456e-01	0.0000000000e+00	-9.0143303782e-01	2.6686246030e-01	-1.2480923487e-01
237	-7.4307340949e-01	-2.6481296515e-01	-4.7826044434e-01	1.0289247804e-01	0.0000000000e+00	-9.0124693778e-01	2.6680934899e-01	-1.2479457557e-01
238	-7.4292394245e-01	-2.6475858017e-01	-4.7816536228e-01	1.0288205293e-01	0.0000000000e+00	-9.0106565460e-01	2.6675847763e-01	-1.2478193133e-01
239	-7.4277919758e-01	-2.6470556235e-01	-4.7807363523e-01	1.0287331000e-01	0.0000000000e+00	-9.0089009876e-01	2.6671009110e-01	-1.2477132735e-01
240	-7.4263985327e-01	-2.6465416129e-01	-4.7798569198e-01	1.0286628847e-01	0.0000000000e+00	-9.0072109308e-01	2.6666441336e-01	-1.2476281118e-01
241	-7.4250572389e-01	-2.6460444042e-01	-4.7790128347e-01	1.0286052733e-01	0.0000000000e+00	-9.0055841240e-01	2.6662105381e-01	-1.2475582370e-01
242	-7.4237740838e-01	-2.6455659967e-01	-4.7782080871e-01	1.0285609607e-01	0.0000000000e+00	-9.0040278313e-01	2.6658026131e-01	-1.2475044919e-01
243	-7.4225592716e-01	-2.6451092427e-01	-4.7774500288e-01	1.0285330448e-01	0.0000000000e+00	-9.0025544294e-01	2.6654259827e-01	-1.2474706337e-01
244	-7.4214192278e-01	-2.6446763365e-01	-4.7767428913e-01	1.0285222770e-01	0.0000000000e+00	-9.0011717115e-01	2.6650831935e-01	-1.2474575738e-01
245	-7.4203581603e-01	-2.6442689779e-01	-4.7760891824e-01	1.0285281519e-01	0.0000000000e+00	-8.9998847810e-01	2.6647752557e-01	-1.2474646993e-01
246	-7.4193809373e-01	-2.6438888991e-01	-4.7754920382e-01	1.0285508173e-01	0.0000000000e+00	-8.9986995424e-01	2.6645039238e-01	-1.2474921894e-01
247	-7.4184898938e-01	-2.6435372177e-01	-4.7749526761e-01	1.0285894452e-01	0.0000000000e+00	-8.9976188279e-01	2.6642693230e-01	-1.2475390398e-01
248	-7.4176868923e-01	-2.6432148632e-01	-4.7744720291e-01	1.0286432100e-01	0.0000000000e+00	-8.9966448963e-01	2.6640714574e-01	-1.2476042491e-01
249	-7.4169735464e-01	-2.6429226518e-01	-4.7740508946e-01	1.0287114884e-01	0.0000000000e+00	-8.9957797048e-01	2.6639103035e-01	-1.2476870615e-01
250	-7.4163507223e-01	-2.6426611539e-01	-4.7736895685e-01	1.0287935256e-01	0.0000000000e+00	-8.9950243040e-01	2.6637855183e-01	-1.2477865615e-01
251	-7.4158183647e-01	-2.6424306814e-01	-4.7733876833e-01	1.0288882706e-01	0.0000000000e+00	-8.9943786266e-01	2.6636962524e-01	-1.2479014743e-01
252	-7.4153755576e-01	-2.6422312131e-01	-4.7731443445e-01	1.0289946096e-01	0.0000000000e+00	-8.9938415619e-01	2.6636414143e-01	-1.2480304491e-01
253	-7.4150390434e-01	-2.6420665469e-01	-4.7729724965e-01	1.0291216013e-01	0.0000000000e+00	-8.9934334159e-01	2.6636324371e-01	-1.2481844727e-01
254	-7.4147890952e-01	-2.6419327711e-01	-4.7728563241e-01	1.0292568410e-01	0.0000000000e+00	-8.9931302628e-01	2.6636544413e-01	-1.2483485000e-01
255	-7.4146239549e-01	-2.6418295281e-01	-4.7727944269e-01	1.0293989056e-01	0.0000000000e+00	-8.9929299701e-01	2.6637061235e-01	-1.2485208051e-01
256	-7.4145437869e-01	-2.6417569515e-01	-4.7727868354e-01	1.0295479406e-01	0.0000000000e+00	-8.9928327372e-01	2.6637873549e-01	-1.2487015643e-01
257	-7.4145470471e-01	-2.6417144717e-01	-4.7728325754e-01	1.0297037632e-01	0.0000000000e+00	-8.9928366913e-01	2.6638976295e-01	-1.2488905558e-01
258	-7.4146314399e-01	-2.6417015204e-01	-4.7729299195e-01	1.0298657956e-01	0.0000000000e+00	-8.9929390484e-01	2.6640354988e-01	-1.2490870791e-01
259	-7.4147931296e-01	-2.6417165780e-01	-4.7730765516e-01	1.0300332928e-01	0.0000000000e+00	-8.9931351560e-01	2.6641999670e-01	-1.2492902304e-01
260	-7.4150283686e-01	-2.6417589470e-01	-4.7732694216e-01	1.0302042295e-01	0.0000000000e+00	-8.9934204689e-01	2.6643880933e-01	-1.2494975533e-01
261	-7.4153315393e-01	-2.6418272468e-01	-4.7735042924e-01	1.0303764348e-01	0.0000000000e+00	-8.9937881736e-01	2.6645963070e-01	-1.2497064150e-01
262	-7.4156980129e-01	-2.6419199936e-01	-4.7737780193e-01	1.0305487268e-01	0.0000000000e+00	-8.9942326563e-01	2.6648225322e-01	-1.2499153817e-01
263	-7.4161250377e-01	-2.6420361235e-01	-4.7740889142e-01	1.0307204193e-01	0.0000000000e+00	-8.9947505792e-01	2.6650659883e-01	-1.2501236214e-01
264	-7.4166031302e-01	-2.6421731690e-01	-4.7744299612e-01	1.0308883984e-01	0.0000000000e+00	-8.9953304404e-01	2.6653209903e-01	-1.2503273572e-01
265	-7.4171282310e-01	-2.6423295871e-01	-4.7747986439e-01	1.0310528502e-01	0.0000000000e+00	-8.9959673162e-01	2.6655863209e-01	-1.2505268148e-01
266	-7.4177020576e-01	-2.6425051859e-01	-4.7751968717e-01	1.0312152065e-01	0.0000000000e+00	-8.9966632898e-01	2.6658646072e-01	-1.2507237309e-01
267	-7.4183167370e-01	-2.6426977828e-01	-4.7756189542e-01	1.0313734021e-01	0.0000000000e+00	-8.9974088123e-01	2.6661514642e-01	-1.2509156007e-01
268	-7.4189675460e-01	-2.6429056933e-01	-4.7760618527e-01	1.0315270390e-01	0.0000000000e+00	-8.9981981550e-01	2.6664451994e-01	-1.2511019413e-01
269	-7.4196503503e-01	-2.6431274748e-01	-4.7765228755e-01	1.0316755373e-01	0.0000000000e+00	-8.9990263037e-01	2.6667442509e-01	-1.2512820496e-01
270	-7.4203458595e-01	-2.6433583678e-01	-4.7769874916e-01	1.0318100954e-01	0.0000000000e+00	-8.9998698617e-01	2.6670364048e-01	-1.2514452502e-01
271	-7.4210622265e-01	-2.6435991286e-01	-4.7774630980e-01	1.0319379045e-01	0.0000000000e+00	-9.0007387175e-01	2.6673299618e-01	-1.2516002652e-01
272	-7.4217937971e-01	-2.6438478027e-01	-4.7779459944e-01	1.0320577809e-01	0.0000000000e+00	-9.0016260131e-01	2.6676227396e-01	-1.2517456590e-01
273	-7.4225388873e-01	-2.6441033336e-01	-4.7784355537e-01	1.0321708538e-01	0.0000000000e+00	-9.0025297060e-01	2.6679152751e-01	-1.2518828010e-01
274	-7.4233007866e-01	-2.6443658159e-01	-4.7789349708e-01	1.0322807320e-01	0.0000000000e+00	-9.0034537863e-01	2.6682114436e-01	-1.2520160683e-01
275	-7.4240551726e-01	-2.6446295131e-01	-4.7794256595e-01	1.0323761062e-01	0.0000000000e+00	-9.0043687538e-01	2.6684951830e-01	-1.2521317443e-01
276	-7.4248140486e-01	-2.6448960269e-01	-4.7799180217e-01	1.0324664036e-01	0.0000000000e+00	-9.0052891672e-01	2.6687774936e-01	-1.2522412628e-01
277	-7.4255709073e-01	-2.6451635192e-01	-4.7804073881e-01	1.0325494874e-01	0.0000000000e+00	-9.0062071337e-01	2.6690548362e-01	-1.2523420321e-01
278	-7.4263186134e-01	-2.6454298371e-01	-4.7808887763e-01	1.0326238910e-01	0.0000000000e+00	-9.0071139995e-01	2.6693236741e-01	-1.2524322735e-01
279	-7.4270534574e-01	-2.6456935348e-01	-4.7813599226e-01	1.0326896701e-01	0.0000000000e+00	-9.0080052653e-01	2.6695829847e-01	-1.2525120546e-01
280	-7.4277713470e-01	-2.6459531147e-01	-4.7818182323e-01	1.0327465791e-01	0.0000000000e+00	-9.0088759677e-01	2.6698313970e-01	-1.2525810775e-01
281	-7.4284690239e-01	-2.6462073373e-01	-4.7822616866e-01	1.0327946891e-01	0.0000000000e+00	-9.0097221549e-01	2.6700679367e-01	-1.2526394283e-01
282	-7.4291430952e-01	-2.6464549229e-01	-4.7826881723e-01	1.0328339804e-01	0.0000000000e+00	-9.0105397116e-01	2.6702915618e-01	-1.2526870833e-01
283	-7.4297905805e-01	-2.6466947099e-01	-4.7830958706e-01	1.0328645423e-01	0.0000000000e+00	-9.0113250232e-01	2.6705014508e-01	-1.2527241508e-01
284	-7.4304089617e-01	-2.6469256991e-01	-4.7834832625e-01	1.0328864823e-01	0.0000000000e+00	-9.0120750354e-01	2.6706969543e-01	-1.2527507610e-01
285	-7.4309963492e-01	-2.6471470347e-01	-4.7838493145e-01	1.0329002807e-01	0.0000000000e+00	-9.0127874566e-01	2.6708778497e-01	-1.2527674966e-01
286	-7.4315527074e-01	-2.6473584067e-01	-4.7841943007e-01	1.0329069193e-01	0.0000000000e+00	-9.0134622434e-01	2.6710448674e-01	-1.2527755484e-01
287	-7.4320733541e-01	-2.6475583625e-01	-4.7845149915e-01	1.0329054208e-01	0.0000000000e+00	-9.0140937169e-01	2.6711957863e-01	-1.2527737309e-01
288	-7.4325570551e-01	-2.6477462645e-01	-4.7848107907e-01	1.0328963168e-01	0.0000000000e+00	-9.0146803805e-01	2.6713306577e-01	-1.2527626889e-01
289	-7.4330032589e-01	-2.6479216807e-01	-4.7850815782e-01	1.0328802964e-01	0.0000000000e+00	-9.0152215650e-01	2.6714498718e-01	-1.2527432584e-01
290	-7.4334114023e-01	-2.6480842225e-01	-4.7853271798e-01	1.0328578919e-01	0.0000000000e+00	-9.0157165874e-01	2.6715536967e-01	-1.2527160848e-01
291	-7.4337808445e-01	-2.6482335107e-01	-4.7855473338e-01	1.0328295436e-01	0.0000000000e+00	-9.0161646705e-01	2.6716422789e-01	-1.2526817021e-01
292	-7.4341114439e-01	-2.6483693687e-01	-4.7857420752e-01	1.0327956855e-01	0.0000000000e+00	-9.0165656426e-01	2.6717158831e-01	-1.2526406369e-01
293	-7.4344029416e-01	-2.6484915762e-01	-4.7859113655e-01	1.0327567309e-01	0.0000000000e+00	-9.0169191897e-01	2.6717747366e-01	-1.2525933903e-01
294	-7.4346552496e-01	-2.6485999927e-01	-4.7860552569e-01	1.0327130938e-01	0.0000000000e+00	-9.0172252049e-01	2.6718190803e-01	-1.2525404643e-01
295	-7.4348685621e-01	-2.6486945710e-01	-4.7861739911e-01	1.0326652272e-01	0.0000000000e+00	-9.0174839240e-01	2.6718492752e-01	-1.2524824087e-01
296	-7.4350431144e-01	-2.6487753068e-01	-4.7862678076e-01	1.0326135155e-01	0.0000000000e+00	-9.0176956321e-01	2.6718656260e-01	-1.2524196894e-01
297	-7.4351791911e-01	-2.6488422368e-01	-4.7863369543e-01	1.0325582681e-01	0.0000000000e+00	-9.0178606747e-01	2.6718683968e-01	-1.2523526819e-01
298	-7.4352773005e-01	-2.6488954739e-01	-4.7863818266e-01	1.0324998233e-01	0.0000000000e+00	-9.0179796680e-01	2.6718579409e-01	-1.2522817963e-01
299	-7.4353381602e-01	-2.6489352025e-01	-4.7864029578e-01	1.0324385451e-01	0.0000000000e+00	-9.0180534826e-01	2.6718346941e-01	-1.2522074742e-01
300	-7.4353627096e-01	-2.6489616808e-01	-4.7864010287e-01	1.0323748305e-01	0.0000000000e+00	-9.0180832576e-01	2.6717991849e-01	-1.2521301971e-01
301	-7.4353520597e-01	-2.6489752311e-01	-4.7863768287e-01	1.0323090815e-01	0.0000000000e+00	-9.0180703408e-01	2.6717519970e-01	-1.2520504525e-01
302	-7.4353074694e-01	-2.6489762317e-01	-4.7863312378e-01	1.0322416973e-01	0.0000000000e+00	-9.0180162588e-01	2.6716937576e-01	-1.2519687246e-01
303	-7.4352303415e-01	-2.6489651170e-01	-4.7862652245e-01	1.0321730712e-01	0.0000000000e+00	-9.0179227132e-01	2.6716251344e-01	-1.2518854905e-01
304	-7.4351222243e-01	-2.6489423664e-01	-4.7861798579e-01	1.0321036035e-01	0.0000000000e+00	-9.0177915817e-01	2.6715468643e-01	-1.2518012356e-01
305	-7.4349847369e-01	-2.6489085046e-01	-4.7860762323e-01	1.0320336652e-01	0.0000000000e+00	-9.0176248282e-01	2.6714596596e-01	-1.2517164100e-01
306	-7.4348195759e-01	-2.6488641020e-01	-4.7859554739e-01	1.0319636004e-01	0.0000000000e+00	-9.0174245103e-01	2.6713642149e-01	-1.2516314308e-01
307	-7.4346285784e-01	-2.6488097644e-01	-4.7858188140e-01	1.0318937673e-01	0.0000000000e+00	-9.0171928564e-01	2.6712613121e-01	-1.2515467328e-01
308	-7.4344136597e-01	-2.6487461305e-01	-4.7856675293e-01	1.0318245156e-01	0.0000000000e+00	-9.0169321893e-01	2.6711517486e-01	-1.2514627399e-01
309	-7.4341767938e-01	-2.6486738656e-01	-4.7855029282e-01	1.0317561805e-01	0.0000000000e+00	-9.0166449031e-01	2.6710363282e-01	-1.2513798588e-01
310	-7.4339199997e-01	-2.6485936574e-01	-4.7853263423e-01	1.0316890801e-01	0.0000000000e+00	-9.0163334468e-01	2.6709158560e-01	-1.2512984751e-01
311	-7.4336440780e-01	-2.6485059430e-01	-4.7851381350e-01	1.0316228364e-01	0.0000000000e+00	-9.0159987913e-01	2.6707902401e-01	-1.2512181305e-01
312	-7.4333519250e-01	-2.6484115907e-01	-4.7849403343e-01	1.0315582565e-01	0.0000000000e+00	-9.0156444496e-01	2.6706609295e-01	-1.2511398039e-01
313	-7.4330514633e-01	-2.6483126428e-01	-4.7847388204e-01	1.0314985337e-01	0.0000000000e+00	-9.0152800303e-01	2.6705327220e-01	-1.2510673683e-01
314	-7.4327412193e-01	-2.6482092070e-01	-4.7845320122e-01	1.0314415872e-01	0.0000000000e+00	-9.0149037465e-01	2.6704035065e-01	-1.2509982999e-01
315	-7.4324201971e-01	-2.6481012947e-01	-4.7843189024e-01	1.0313862431e-01	0.0000000000e+00	-9.0145143903e-01	2.6702720096e-01	-1.2509311751e-01
316	-7.4320922952e-01	-2.6479899599e-01	-4.7841023354e-01	1.0313338563e-01	0.0000000000e+00	-9.0141166900e-01	2.6701404694e-01	-1.2508676369e-01
317	-7.4317587021e-01	-2.6478757600e-01	-4.7838829422e-01	1.0312840982e-01	0.0000000000e+00	-9.0137120870e-01	2.6700089777e-01	-1.2508072872e-01
318	-7.4314241656e-01	-2.6477599874e-01	-4.7836641783e-01	1.0312386729e-01	0.0000000000e+00	-9.0133063397e-01	2.6698802386e-01	-1.2507521925e-01
319	-7.4310896943e-01	-2.6476432103e-01	-4.7834464840e-01	1.0311969574e-01	0.0000000000e+00	-9.0129006715e-01	2.6697540922e-01	-1.2507015972e-01
320	-7.4307567370e-01	-2.6475260094e-01	-4.7832307277e-01	1.0311589222e-01	0.0000000000e+00	-9.0124968396e-01	2.6696308979e-01	-1.2506554658e-01
321	-7.4304266195e-01	-2.6474089392e-01	-4.7830176803e-01	1.0311244362e-01	0.0000000000e+00	-9.0120964520e-01	2.6695109263e-01	-1.2506136389e-01
322	-7.4301011266e-01	-2.6472926521e-01	-4.7828084745e-01	1.0310936160e-01	0.0000000000e+00	-9.0117016734e-01	2.6693947779e-01	-1.2505762582e-01
323	-7.4297819409e-01	-2.6471777680e-01	-4.7826041730e-01	1.0310665594e-01	0.0000000000e+00	-9.0113145446e-01	2.6692830062e-01	-1.2505434422e-01
324	-7.4294705693e-01	-2.6470648619e-01	-4.7824057074e-01	1.0310432777e-01	0.0000000000e+00	-9.0109368932e-01	2.6691760568e-01	-1.2505152046e-01
325	-7.4291687791e-01	-2.6469545670e-01	-4.7822142121e-01	1.0310238986e-01	0.0000000000e+00	-9.0105708628e-01	2.6690745564e-01	-1.2504917005e-01
326	-7.4288783003e-01	-2.6468475031e-01	-4.7820307971e-01	1.0310085405e-01	0.0000000000e+00	-9.0102185514e-01	2.6689791175e-01	-1.2504730731e-01
327	-7.4285997562e-01	-2.6467440058e-01	-4.7818557505e-01	1.0309969024e-01	0.0000000000e+00	-9.0098807154e-01	2.6688896809e-01	-1.2504589577e-01
328	-7.4283343336e-01	-2.6466445270e-01	-4.7816898067e-01	1.0309889750e-01	0.0000000000e+00	-9.0095587939e-01	2.6688065996e-01	-1.2504493429e-01
329	-7.4280831094e-01	-2.6465494902e-01	-4.7815336192e-01	1.0309847024e-01	0.0000000000e+00	-9.0092540931e-01	2.6687301612e-01	-1.2504441608e-01
330	-7.4278469757e-01	-2.6464592672e-01	-4.7813877085e-01	1.0309839695e-01	0.0000000000e+00	-9.0089676950e-01	2.6686605517e-01	-1.2504432719e-01
331	-7.4276266827e-01	-2.6463741829e-01	-4.7812524997e-01	1.0309866349e-01	0.0000000000e+00	-9.0087005096e-01	2.6685978960e-01	-1.2504465047e-01
332	-7.4274228521e-01	-2.6462945188e-01	-4.7811283333e-01	1.0309925429e-01	0.0000000000e+00	-9.0084532908e-01	2.6685422681e-01	-1.2504536702e-01
333	-7.4272359936e-01	-2.6462205153e-01	-4.7810154783e-01	1.0310015320e-01	0.0000000000e+00	-9.0082266569e-01	2.6684937037e-01	-1.2504645728e-01
334	-7.4270665143e-01	-2.6461523745e-01	-4.7809141398e-01	1.0310134375e-01	0.0000000000e+00	-9.0080211016e-01	2.6684522066e-01	-1.2504790126e-01
335	-7.4269147207e-01	-2.6460902608e-01	-4.7808244599e-01	1.0310280894e-01	0.0000000000e+00	-9.0078369965e-01	2.6684177488e-01	-1.2504967833e-01
336	-7.4267808162e-01	-2.6460343006e-01	-4.7807465157e-01	1.0310453100e-01	0.0000000000e+00	-9.0076745887e-01	2.6683902689e-01	-1.2505176696e-01
337	-7.4266649034e-01	-2.6459845829e-01	-4.7806803205e-01	1.0310649156e-01	0.0000000000e+00	-9.0075340022e-01	2.6683696720e-01	-1.2505414484e-01
338	-7.4265669848e-01	-2.6459411602e-01	-4.7806258247e-01	1.0310867158e-01	0.0000000000e+00	-9.0074152403e-01	2.6683558306e-01	-1.2505678891e-01
339	-7.4264869677e-01	-2.6459040491e-01	-4.7805829186e-01	1.0311105166e-01	0.0000000000e+00	-9.0073181904e-01	2.6683485870e-01	-1.2505967563e-01
340	-7.4264246652e-01	-2.6458732314e-01	-4.7805514338e-01	1.0311361202e-01	0.0000000000e+00	-9.0072426260e-01	2.6683477529e-01	-1.2506278100e-01
341	-7.4263797891e-01	-2.6458486529e-01	-4.7805311362e-01	1.0311633189e-01	0.0000000000e+00	-9.0071881974e-01	2.6683531041e-01	-1.2506607983e-01
342	-7.4263519699e-01	-2.6458302273e-01	-4.7805217426e-01	1.0311919079e-01	0.0000000000e+00	-9.0071544565e-01	2.6683643941e-01	-1.2506954728e-01
343	-7.4263407518e-01	-2.6458178366e-01	-4.7805229152e-01	1.0312216795e-01	0.0000000000e+00	-9.0071408504e-01	2.6683813482e-01	-1.2507315817e-01
344	-7.4263455973e-01	-2.6458113322e-01	-4.7805342651e-01	1.0312524236e-01	0.0000000000e+00	-9.0071467273e-01	2.6684036662e-01	-1.2507688702e-01
345	-7.4263658923e-01	-2.6458105363e-01	-4.7805553560e-01	1.0312839304e-01	0.0000000000e+00	-9.0071713424e-01	2.6684310247e-01	-1.2508070836e-01
346	-7.4264009589e-01	-2.6458152458e-01	-4.7805857131e-01	1.0313159934e-01	0.0000000000e+00	-9.0072138734e-01	2.6684630842e-01	-1.2508459716e-01
347	-7.4264500566e-01	-2.6458252329e-01	-4.7806248237e-01	1.0313484093e-01	0.0000000000e+00	-9.0072734223e-01	2.6684994885e-01	-1.2508852878e-01
348	-7.4265123927e-01	-2.6458402484e-01	-4.7806721443e-01	1.0313809802e-01	0.0000000000e+00	-9.0073490274e-01	2.6685398698e-01	-1.2509247919e-01
349	-7.4265871285e-01	-2.6458600236e-01	-4.7807271049e-01	1.0314135152e-01	0.0000000000e+00	-9.0074396719e-01	2.6685838517e-01	-1.2509642524e-01
350	-7.4266733862e-01	-2.6458842728e-01	-4.7807891134e-01	1.0314458298e-01	0.0000000000e+00	-9.0075442907e-01	2.6686310507e-01	-1.2510034456e-01
351	-7.4267702552e-01	-2.6459126956e-01	-4.7808575595e-01	1.0314777481e-01	0.0000000000e+00	-9.0076617795e-01	2.6686810798e-01	-1.2510421581e-01
352	-7.4268767989e-01	-2.6459449792e-01	-4.7809318197e-01	1.0315091029e-01	0.0000000000e+00	-9.0077910026e-01	2.6687335507e-01	-1.2510801873e-01
353	-7.4269920696e-01	-2.6459807986e-01	-4.7810112710e-01	1.0315397427e-01	0.0000000000e+00	-9.0079308102e-01	2.6687880905e-01	-1.2511173491e-01
354	-7.4271150929e-01	-2.6460198233e-01	-4.7810952695e-01	1.0315695177e-01	0.0000000000e+00	-9.0080800208e-01	2.6688443077e-01	-1.2511534622e-01
355	-7.4272448859e-01	-2.6460617196e-01	-4.7811831663e-01	1.0315982854e-01	0.0000000000e+00	-9.0082374421e-01	2.6689018084e-01	-1.2511883535e-01
356	-7.4273803955e-01	-2.6461061300e-01	-4.7812742655e-01	1.0316258785e-01	0.0000000000e+00	-9.0084017968e-01	2.6689601695e-01	-1.2512218201e-01
357	-7.4275202356e-01	-2.6461526252e-01	-4.7813676104e-01	1.0316519549e-01	0.0000000000e+00	-9.0085714038e-01	2.6690187314e-01	-1.2512534473e-01
358	-7.4276649336e-01	-2.6462011879e-01	-4.7814637457e-01	1.0316771914e-01	0.0000000000e+00	-9.0087469028e-01	2.6690781972e-01	-1.2512840557e-01
359	-7.4278128344e-01	-2.6462513436e-01	-4.7815614908e-01	1.0317010733e-01	0.0000000000e+00	-9.0089262863e-01	2.6691376839e-01	-1.2513130212e-01
360	-7.4279628084e-01	-2.6463027083e-01	-4.7816601001e-01	1.0317234475e-01	0.0000000000e+00	-9.0091081844e-01	2.6691967397e-01	-1.2513401581e-01
361	-7.4281140090e-01	-2.6463549627e-01	-4.7817590463e-01	1.0317442775e-01	0.0000000000e+00	-9.0092915701e-01	2.6692551044e-01	-1.2513654221e-01
362	-7.4282655527e-01	-2.6464077862e-01	-4.7818577665e-01	1.0317634970e-01	0.0000000000e+00	-9.0094753720e-01	2.6693124754e-01	-1.2513887327e-01
363	-7.4284165617e-01	-2.6464608611e-01	-4.7819557006e-01	1.0317810417e-01	0.0000000000e+00	-9.0096585254e-01	2.6693685493e-01	-1.2514100120e-01
364	-7.4285662011e-01	-2.6465138806e-01	-4.7820523204e-01	1.0317968655e-01	0.0000000000e+00	-9.0098400175e-01	2.6694230498e-01	-1.2514292041e-01
365	-7.4287140160e-01	-2.6465666218e-01	-4.7821473942e-01	1.0318111218e-01	0.0000000000e+00	-9.0100192970e-01	2.6694759656e-01	-1.2514464951e-01
366	-7.4288594267e-01	-2.6466188471e-01	-4.7822405796e-01	1.0318238586e-01	0.0000000000e+00	-9.0101956603e-01	2.6695271656e-01	-1.2514619431e-01
367	-7.4290004661e-01	-2.6466700263e-01	-4.7823304397e-01	1.0318343651e-01	0.0000000000e+00	-9.0103667219e-01	2.6695755167e-01	-1.2514746860e-01
368	-7.4291372026e-01	-2.6467200376e-01	-4.7824171650e-01	1.0318431128e-01	0.0000000000e+00	-9.0105325648e-01	2.6696214093e-01	-1.2514852958e-01
369	-7.4292691663e-01	-2.6467686780e-01	-4.7825004882e-01	1.0318501638e-01	0.0000000000e+00	-9.0106926187e-01	2.6696647628e-01	-1.2514938477e-01
370	-7.4293957921e-01	-2.6468157302e-01	-4.7825800620e-01	1.0318555339e-01	0.0000000000e+00	-9.0108461986e-01	2.6697054148e-01	-1.2515003609e-01
371	-7.4295166087e-01	-2.6468609993e-01	-4.7826556094e-01	1.0318592671e-01	0.0000000000e+00	-9.0109927326e-01	2.6697432626e-01	-1.2515048888e-01
372	-7.4296311829e-01	-2.6469043058e-01	-4.7827268771e-01	1.0318614078e-01	0.0000000000e+00	-9.0111316957e-01	2.6697782142e-01	-1.2515074852e-01
373	-7.4297391052e-01	-2.6469454819e-01	-4.7827936233e-01	1.0318619970e-01	0.0000000000e+00	-9.0112625906e-01	2.6698101768e-01	-1.2515081998e-01
374	-7.4298400176e-01	-2.6469843774e-01	-4.7828556402e-01	1.0318610850e-01	0.0000000000e+00	-9.0113849837e-01	2.6698390784e-01	-1.2515070937e-01
375	-7.4299336186e-01	-2.6470208613e-01	-4.7829127573e-01	1.0318587314e-01	0.0000000000e+00	-9.0114985090e-01	2.6698648701e-01	-1.2515042390e-01
376	-7.4300196571e-01	-2.6470548200e-01	-4.7829648371e-01	1.0318550010e-01	0.0000000000e+00	-9.0116028619e-01	2.6698875214e-01	-1.2514997146e-01
377	-7.4300979300e-01	-2.6470861576e-01	-4.7830117723e-01	1.0318499628e-01	0.0000000000e+00	-9.0116977963e-01	2.6699070184e-01	-1.2514936039e-01
378	-7.4301682808e-01	-2.6471147953e-01	-4.7830534855e-01	1.0318436885e-01	0.0000000000e+00	-9.0117831223e-01	2.6699233627e-01	-1.2514859941e-01
379	-7.4302306009e-01	-2.6471406714e-01	-4.7830899294e-01	1.0318362538e-01	0.0000000000e+00	-9.0118587081e-01	2.6699365725e-01	-1.2514769768e-01
380	-7.4302848283e-01	-2.6471637414e-01	-4.7831210868e-01	1.0318277376e-01	0.0000000000e+00	-9.0119244785e-01	2.6699466817e-01	-1.2514666477e-01
381	-7.4303309477e-01	-2.6471839777e-01	-4.7831469699e-01	1.0318182217e-01	0.0000000000e+00	-9.0119804151e-01	2.6699537403e-01	-1.2514551063e-01
382	-7.4303689877e-01	-2.6472013688e-01	-4.7831676189e-01	1.0318077908e-01	0.0000000000e+00	-9.0120265525e-01	2.6699578126e-01	-1.2514424550e-01
383	-7.4303990215e-01	-2.6472159196e-01	-4.7831831019e-01	1.0317965313e-01	0.0000000000e+00	-9.0120629794e-01	2.6699589778e-01	-1.2514287988e-01
384	-7.4304211660e-01	-2.6472276499e-01	-4.7831935161e-01	1.0317845331e-01	0.0000000000e+00	-9.0120898376e-01	2.6699573327e-01	-1.2514142466e-01
385	-7.4304355747e-01	-2.6472365917e-01	-4.7831989829e-01	1.0317718887e-01	0.0000000000e+00	-9.0121073134e-01	2.6699529890e-01	-1.2513989107e-01
386	-7.4304424405e-01	-2.6472428017e-01	-4.7831996388e-01	1.0317586792e-01	0.0000000000e+00	-9.0121156407e-01	2.6699460464e-01	-1.2513828894e-01
387	-7.4304419616e-01	-2.6472463322e-01	-4.7831956294e-01	1.0317449919e-01	0.0000000000e+00	-9.0121150598e-01	2.6699366215e-01	-1.2513662885e-01
388	-7.4304344167e-01	-2.6472472621e-01	-4.7831871546e-01	1.0317309239e-01	0.0000000000e+00	-9.0121059089e-01	2.6699248656e-01	-1.2513492259e-01
389	-7.4304200981e-01	-2.6472456809e-01	-4.7831744172e-01	1.0317165590e-01	0.0000000000e+00	-9.0120885424e-01	2.6699109204e-01	-1.2513318032e-01
390	-7.4303996400e-01	-2.6472417529e-01	-4.7831578871e-01	1.0317021604e-01	0.0000000000e+00	-9.0120637295e-01	2.6698951678e-01	-1.2513143398e-01
391	-7.4303734170e-01	-2.6472355991e-01	-4.7831378178e-01	1.0316878120e-01	0.0000000000e+00	-9.0120319246e-01	2.6698777734e-01	-1.2512969371e-01
392	-7.4303409732e-01	-2.6472271669e-01	-4.7831138063e-01	1.0316731366e-01	0.0000000000e+00	-9.0119925747e-01	2.6698582993e-01	-1.2512791378e-01
393	-7.4303031303e-01	-2.6472166584e-01	-4.7830864720e-01	1.0316585010e-01	0.0000000000e+00	-9.0119466764e-01	2.6698372670e-01	-1.2512613868e-01
394	-7.4302603996e-01	-2.6472042309e-01	-4.7830561686e-01	1.0316440299e-01	0.0000000000e+00	-9.0118948498e-01	2.6698149221e-01	-1.2512438354e-01
395	-7.4302131978e-01	-2.6471900259e-01	-4.7830231718e-01	1.0316297974e-01	0.0000000000e+00	-9.0118376004e-01	2.6697914324e-01	-1.2512265733e-01
396	-7.4301619734e-01	-2.6471741922e-01	-4.7829877812e-01	1.0316158828e-01	0.0000000000e+00	-9.0117754723e-01	2.6697669863e-01	-1.2512096968e-01
397	-7.4301071757e-01	-2.6471568813e-01	-4.7829502944e-01	1.0316023567e-01	0.0000000000e+00	-9.0117090101e-01	2.6697417664e-01	-1.2511932914e-01
398	-7.4300492358e-01	-2.6471382429e-01	-4.7829109928e-01	1.0315892760e-01	0.0000000000e+00	-9.0116387368e-01	2.6697159374e-01	-1.2511774263e-01
399	-7.4299885843e-01	-2.6471184282e-01	-4.7828701562e-01	1.0315766940e-01	0.0000000000e+00	-9.0115651749e-01	2.6696896600e-01	-1.2511621660e-01
400	-7.4299256546e-01	-2.6470975895e-01	-4.7828280652e-01	1.0315646614e-01	0.0000000000e+00	-9.0114888497e-01	2.6696630946e-01	-1.2511475721e-01
401	-7.4298608775e-01	-2.6470758796e-01	-4.7827849979e-01	1.0315532246e-01	0.0000000000e+00	-9.0114102839e-01	2.6696363979e-01	-1.2511337009e-01
402	-7.4297946784e-01	-2.6470534506e-01	-4.7827412278e-01	1.0315424249e-01	0.0000000000e+00	-9.0113299934e-01	2.6696097215e-01	-1.2511206023e-01
403	-7.4297274734e-01	-2.6470304525e-01	-4.7826970209e-01	1.0315322977e-01	0.0000000000e+00	-9.0112484829e-01	2.6695832105e-01	-1.2511083194e-01
404	-7.4296596683e-01	-2.6470070329e-01	-4.7826526355e-01	1.0315228731e-01	0.0000000000e+00	-9.0111662445e-01	2.6695570033e-01	-1.2510968886e-01
405	-7.4295916574e-01	-2.6469833362e-01	-4.7826083213e-01	1.0315141761e-01	0.0000000000e+00	-9.0110837566e-01	2.6695312314e-01	-1.2510863403e-01
406	-7.4295238223e-01	-2.6469595032e-01	-4.7825643191e-01	1.0315062273e-01	0.0000000000e+00	-9.0110014819e-01	2.6695060199e-01	-1.2510766995e-01
407	-7.4294564738e-01	-2.6469356586e-01	-4.7825208153e-01	1.0314990116e-01	0.0000000000e+00	-9.0109197973e-01	2.6694814459e-01	-1.2510679479e-01
408	-7.4293899092e-01	-2.6469119209e-01	-4.7824779883e-01	1.0314925160e-01	0.0000000000e+00	-9.0108390635e-01	2.6694575843e-01	-1.2510600695e-01
409	-7.4293247113e-01	-2.6468884677e-01	-4.7824362436e-01	1.0314868873e-01	0.0000000000e+00	-9.0107599873e-01	2.6694347199e-01	-1.2510532428e-01
410	-7.4292610661e-01	-2.6468653963e-01	-4.7823956698e-01	1.0314820433e-01	0.0000000000e+00	-9.0106827944e-01	2.6694128419e-01	-1.2510473676e-01
411	-7.4291992376e-01	-2.6468428131e-01	-4.7823564245e-01	1.0314779694e-01	0.0000000000e+00	-9.0106078047e-01	2.6693920142e-01	-1.2510424265e-01
412	-7.4291395029e-01	-2.6468208247e-01	-4.7823186782e-01	1.0314746615e-01	0.0000000000e+00	-9.0105353547e-01	2.6693723169e-01	-1.2510384146e-01
413	-7.4290821117e-01	-2.6467995300e-01	-4.7822825817e-01	1.0314721088e-01	0.0000000000e+00	-9.0104657470e-01	2.6693538147e-01	-1.2510353184e-01
414	-7.4290272932e-01	-2.6467790207e-01	-4.7822482726e-01	1.0314702976e-01	0.0000000000e+00	-9.0103992596e-01	2.6693365649e-01	-1.2510331217e-01
415	-7.4289752601e-01	-2.6467593821e-01	-4.7822158779e-01	1.0314692130e-01	0.0000000000e+00	-9.0103361505e-01	2.6693206198e-01	-1.2510318063e-01
416	-7.4289262021e-01	-2.6467406919e-01	-4.7821855102e-01	1.0314688364e-01	0.0000000000e+00	-9.0102766499e-01	2.6693060229e-01	-1.2510313495e-01
417	-7.4288802851e-01	-2.6467230194e-01	-4.7821572657e-01	1.0314691454e-01	0.0000000000e+00	-9.0102209588e-01	2.6692928079e-01	-1.2510317242e-01
418	-7.4288376510e-01	-2.6467064258e-01	-4.7821312252e-01	1.0314701143e-01	0.0000000000e+00	-9.0101692494e-01	2.6692809993e-01	-1.2510328993e-01
419	-7.4287984189e-01	-2.6466909641e-01	-4.7821074548e-01	1.0314717149e-01	0.0000000000e+00	-9.0101216662e-01	2.6692706133e-01	-1.2510348407e-01
420	-7.4287626850e-01	-2.6466766794e-01	-4.7820860056e-01	1.0314739169e-01	0.0000000000e+00	-9.0100783258e-01	2.6692616577e-01	-1.2510375114e-01
421	-7.4287305226e-01	-2.6466636084e-01	-4.7820669142e-01	1.0314766875e-01	0.0000000000e+00	-9.0100393172e-01	2.6692541322e-01	-1.2510408718e-01
422	-7.4287019831e-01	-2.6466517801e-01	-4.7820502030e-01	1.0314799923e-01	0.0000000000e+00	-9.0100047027e-01	2.6692480286e-01	-1.2510448800e-01
423	-7.4286770954e-01	-2.6466412154e-01	-4.7820358800e-01	1.0314837946e-01	0.0000000000e+00	-9.0099745172e-01	2.6692433307e-01	-1.2510494917e-01
424	-7.4286558664e-01	-2.6466319272e-01	-4.7820239392e-01	1.0314880562e-01	0.0000000000e+00	-9.0099487694e-01	2.6692400150e-01	-1.2510546605e-01
425	-7.4286382831e-01	-2.6466239212e-01	-4.7820143620e-01	1.0314927379e-01	0.0000000000e+00	-9.0099274433e-01	2.6692380510e-01	-1.2510603387e-01
426	-7.4286243121e-01	-2.6466171954e-01	-4.7820071167e-01	1.0314977992e-01	0.0000000000e+00	-9.0099104984e-01	2.6692374017e-01	-1.2510664774e-01
427	-7.4286139013e-01	-2.6466117411e-01	-4.7820021602e-01	1.0315031991e-01	0.0000000000e+00	-9.0098978714e-01	2.6692380240e-01	-1.2510730268e-01
428	-7.4286069802e-01	-2.6466075426e-01	-4.7819994377e-01	1.0315088957e-01	0.0000000000e+00	-9.0098894771e-01	2.6692398689e-01	-1.2510799360e-01
429	-7.4286034623e-01	-2.6466045780e-01	-4.7819988843e-01	1.0315148474e-01	0.0000000000e+00	-9.0098852103e-01	2.6692428829e-01	-1.2510871545e-01
430	-7.4286032445e-01	-2.6466028193e-01	-4.7820004251e-01	1.0315210122e-01	0.0000000000e+00	-9.0098849462e-01	2.6692470073e-01	-1.2510946316e-01
431	-7.4286062091e-01	-2.6466022329e-01	-4.7820039763e-01	1.0315273483e-01	0.0000000000e+00	-9.0098885419e-01	2.6692521793e-01	-1.2511023164e-01
432	-7.4286122258e-01	-2.6466027798e-01	-4.7820094460e-01	1.0315338147e-01	0.0000000000e+00	-9.0098958393e-01	2.6692583328e-01	-1.2511101593e-01
433	-7.4286211515e-01	-2.6466044163e-01	-4.7820167352e-01	1.0315403709e-01	0.0000000000e+00	-9.0099066649e-01	2.6692653986e-01	-1.2511181111e-01
434	-7.4286328328e-01	-2.6466070944e-01	-4.7820257384e-01	1.0315469776e-01	0.0000000000e+00	-9.0099208328e-01	2.6692733049e-01	-1.2511261241e-01
435	-7.4286469884e-01	-2.6466107369e-01	-4.7820362515e-01	1.0315535323e-01	0.0000000000e+00	-9.0099380016e-01	2.6692818933e-01	-1.2511340740e-01
436	-7.4286636135e-01	-2.6466153207e-01	-4.7820482927e-01	1.0315600975e-01	0.0000000000e+00	-9.0099581655e-01	2.6692912150e-01	-1.2511420367e-01
437	-7.4286825150e-01	-2.6466207865e-01	-4.7820617285e-01	1.0315666218e-01	0.0000000000e+00	-9.0099810905e-01	2.6693011774e-01	-1.2511499498e-01
438	-7.4287034612e-01	-2.6466270634e-01	-4.7820763978e-01	1.0315730454e-01	0.0000000000e+00	-9.0100064955e-01	2.6693116679e-01	-1.2511577408e-01
439	-7.4287262555e-01	-2.6466340855e-01	-4.7820921700e-01	1.0315793337e-01	0.0000000000e+00	-9.0100341418e-01	2.6693226055e-01	-1.2511653677e-01
440	-7.4287507014e-01	-2.6466417860e-01	-4.7821089154e-01	1.0315854555e-01	0.0000000000e+00	-9.0100637914e-01	2.6693339117e-01	-1.2511727926e-01
441	-7.4287765986e-01	-2.6466500965e-01	-4.7821265021e-01	1.0315913811e-01	0.0000000000e+00	-9.0100952011e-01	2.6693455069e-01	-1.2511799795e-01
442	-7.4288037493e-01	-2.6466589484e-01	-4.7821448009e-01	1.0315970846e-01	0.0000000000e+00	-9.0101281313e-01	2.6693573156e-01	-1.2511868970e-01
443	-7.4288319582e-01	-2.6466682730e-01	-4.7821636852e-01	1.0316025429e-01	0.0000000000e+00	-9.0101623448e-01	2.6693692652e-01	-1.2511935173e-01
444	-7.4288610307e-01	-2.6466780015e-01	-4.7821830292e-01	1.0316077350e-01	0.0000000000e+00	-9.0101976058e-01	2.6693812847e-01	-1.2511998145e-01
445	-7.4288907742e-01	-2.6466880651e-01	-4.7822027091e-01	1.0316126416e-01	0.0000000000e+00	-9.0102336806e-01	2.6693933050e-01	-1.2512057656e-01
446	-7.4289209994e-01	-2.6466983959e-01	-4.7822226035e-01	1.0316172461e-01	0.0000000000e+00	-9.0102703397e-01	2.6694052596e-01	-1.2512113502e-01
447	-7.4289515215e-01	-2.6467089268e-01	-4.7822425947e-01	1.0316215341e-01	0.0000000000e+00	-9.0103073589e-01	2.6694170849e-01	-1.2512165510e-01
448	-7.4289821611e-01	-2.6467195923e-01	-4.7822625688e-01	1.0316254937e-01	0.0000000000e+00	-9.0103445205e-01	2.6694287207e-01	-1.2512213535e-01
449	-7.4290127446e-01	-2.6467303283e-01	-4.7822824162e-01	1.0316291154e-01	0.0000000000e+00	-9.0103816141e-01	2.6694401099e-01	-1.2512257461e-01
450	-7.4290431049e-01	-2.6467410729e-01	-4.7823020320e-01	1.0316323917e-01	0.0000000000e+00	-9.0104184370e-01	2.6694511989e-01	-1.2512297198e-01
451	-7.4290730823e-01	-2.6467517661e-01	-4.7823213162e-01	1.0316353175e-01	0.0000000000e+00	-9.0104547955e-01	2.6694619376e-01	-1.2512332684e-01
452	-7.4291025249e-01	-2.6467623505e-01	-4.7823401743e-01	1.0316378897e-01	0.0000000000e+00	-9.0104905053e-01	2.6694722797e-01	-1.2512363881e-01
453	-7.4291312891e-01	-2.6467727714e-01	-4.7823585177e-01	1.0316401071e-01	0.0000000000e+00	-9.0105253925e-01	2.6694821828e-01	-1.2512390776e-01
454	-7.4291592405e-01	-2.6467829770e-01	-4.7823762635e-01	1.0316419709e-01	0.0000000000e+00	-9.0105592937e-01	2.6694916082e-01	-1.2512413381e-01
455	-7.4291862538e-01	-2.6467929183e-01	-4.7823933355e-01	1.0316434839e-01	0.0000000000e+00	-9.0105920571e-01	2.6695005215e-01	-1.2512431731e-01
456	-7.4292122135e-01	-2.6468025499e-01	-4.7824096636e-01	1.0316446507e-01	0.0000000000e+00	-9.0106235427e-01	2.6695088922e-01	-1.2512445883e-01
457	-7.4292370140e-01	-2.6468118295e-01	-4.7824251845e-01	1.0316454777e-01	0.0000000000e+00	-9.0106536224e-01	2.6695166938e-01	-1.2512455914e-01
458	-7.4292605603e-01	-2.6468207185e-01	-4.7824398418e-01	1.0316459731e-01	0.0000000000e+00	-9.0106821808e-01	2.6695239041e-01	-1.2512461922e-01
459	-7.4292827674e-01	-2.6468291818e-01	-4.7824535856e-01	1.0316461463e-01	0.0000000000e+00	-9.0107091150e-01	2.6695305047e-01	-1.2512464022e-01
460	-7.4293035609e-01	-2.6468371878e-01	-4.7824663731e-01	1.0316460083e-01	0.0000000000e+00	-9.0107343348e-01	2.6695364816e-01	-1.2512462348e-01
461	-7.4293228773e-01	-2.6468447089e-01	-4.7824781684e-01	1.0316455713e-01	0.0000000000e+00	-9.0107577629e-01	2.6695418244e-01	-1.2512457048e-01
462	-7.4293406633e-01	-2.6468517210e-01	-4.7824889423e-01	1.0316448488e-01	0.0000000000e+00	-9.0107793348e-01	2.6695465266e-01	-1.2512448285e-01
463	-7.4293568760e-01	-2.6468582037e-01	-4.7824986723e-01	1.0316438553e-01	0.0000000000e+00	-9.0107989987e-01	2.6695505858e-01	-1.2512436236e-01
464	-7.4293714830e-01	-2.6468641404e-01	-4.7825073426e-01	1.0316426063e-01	0.0000000000e+00	-9.0108167150e-01	2.6695540028e-01	-1.2512421087e-01
465	-7.4293844621e-01	-2.6468695181e-01	-4.7825149440e-01	1.0316411181e-01	0.0000000000e+00	-9.0108324568e-01	2.6695567823e-01	-1.2512403037e-01
466	-7.4293958006e-01	-2.6468743274e-01	-4.7825214732e-01	1.0316394076e-01	0.0000000000e+00	-9.0108462089e-01	2.6695589321e-01	-1.2512382291e-01
467	-7.4294054958e-01	-2.6468785625e-01	-4.7825269333e-01	1.0316374926e-01	0.0000000000e+00	-9.0108579678e-01	2.6695604635e-01	-1.2512359065e-01
468	-7.4294135538e-01	-2.6468822208e-01	-4.7825313330e-01	1.0316353912e-01	0.0000000000e+00	-9.0108677411e-01	2.6695613903e-01	-1.2512333577e-01
469	-7.4294199900e-01	-2.6468853031e-01	-4.7825346869e-01	1.0316331217e-01	0.0000000000e+00	-9.0108755473e-01	2.6695617298e-01	-1.2512306052e-01
470	-7.4294248280e-01	-2.6468878134e-01	-4.7825370145e-01	1.0316307030e-01	0.0000000000e+00	-9.0108814152e-01	2.6695615014e-01	-1.2512276716e-01
471	-7.4294280996e-01	-2.6468897589e-01	-4.7825383407e-01	1.0316281540e-01	0.0000000000e+00	-9.0108853832e-01	2.6695607273e-01	-1.2512245800e-01
472	-7.4294298438e-01	-2.6468911492e-01	-4.7825386945e-01	1.0316254935e-01	0.0000000000e+00	-9.0108874986e-01	2.6695594316e-01	-1.2512213532e-01
473	-7.4294301070e-01	-2.6468919972e-01	-4.7825381098e-01	1.0316227403e-01	0.0000000000e+00	-9.0108878179e-01	2.6695576408e-01	-1.2512180140e-01
474	-7.4294289421e-01	-2.6468923179e-01	-4.7825366242e-01	1.0316199133e-01	0.0000000000e+00	-9.0108864050e-01	2.6695553828e-01	-1.2512145851e-01
475	-7.4294264077e-01	-2.6468921289e-01	-4.7825342788e-01	1.0316170306e-01	0.0000000000e+00	-9.0108833312e-01	2.6695526873e-01	-1.2512110888e-01
476	-7.4294225682e-01	-2.6468914500e-01	-4.7825311182e-01	1.0316141104e-01	0.0000000000e+00	-9.0108786743e-01	2.6695495853e-01	-1.2512075470e-01
477	-7.4294174925e-01	-2.6468903027e-01	-4.7825271898e-01	1.0316111702e-01	0.0000000000e+00	-9.0108725183e-01	2.6695461089e-01	-1.2512039810e-01
478	-7.4294112543e-01	-2.6468887107e-01	-4.7825225436e-01	1.0316082271e-01	0.0000000000e+00	-9.0108649521e-01	2.6695422910e-01	-1.2512004114e-01
479	-7.4294039307e-01	-2.6468866992e-01	-4.7825172315e-01	1.0316052975e-01	0.0000000000e+00	-9.0108560697e-01	2.6695381654e-01	-1.2511968582e-01
480	-7.4293956022e-01	-2.6468842946e-01	-4.7825113076e-01	1.0316023973e-01	0.0000000000e+00	-9.0108459683e-01	2.6695337663e-01	-1.2511933406e-01
481	-7.4293863518e-01	-2.6468815247e-01	-4.7825048271e-01	1.0315995413e-01	0.0000000000e+00	-9.0108347488e-01	2.6695291281e-01	-1.2511898767e-01
482	-7.4293762646e-01	-2.6468784182e-01	-4.7824978464e-01	1.0315967438e-01	0.0000000000e+00	-9.0108225143e-01	2.6695242852e-01	-1.2511864837e-01
483	-7.4293654272e-01	-2.6468750048e-01	-4.7824904224e-01	1.0315940183e-01	0.0000000000e+00	-9.0108093701e-01	2.6695192721e-01	-1.2511831780e-01
484	-7.4293539274e-01	-2.6468713146e-01	-4.7824826128e-01	1.0315913771e-01	0.0000000000e+00	-9.0107954224e-01	2.6695141228e-01	-1.2511799747e-01
485	-7.4293418533e-01	-2.6468673782e-01	-4.7824744750e-01	1.0315888320e-01	0.0000000000e+00	-9.0107807782e-01	2.6695088710e-01	-1.2511768878e-01
486	-7.4293292929e-01	-2.6468632267e-01	-4.7824660663e-01	1.0315863934e-01	0.0000000000e+00	-9.0107655441e-01	2.6695035495e-01	-1.2511739301e-01
487	-7.4293163338e-01	-2.6468588907e-01	-4.7824574431e-01	1.0315840711e-01	0.0000000000e+00	-9.0107498265e-01	2.6694981904e-01	-1.2511711134e-01
488	-7.4293030626e-01	-2.6468544013e-01	-4.7824486613e-01	1.0315818736e-01	0.0000000000e+00	-9.0107337304e-01	2.6694928249e-01	-1.2511684482e-01
489	-7.4292895645e-01	-2.6468497890e-01	-4.7824397754e-01	1.0315798086e-01	0.0000000000e+00	-9.0107173589e-01	2.6694874830e-01	-1.2511659437e-01
490	-7.4292759226e-01	-2.6468450839e-01	-4.7824308387e-01	1.0315778828e-01	0.0000000000e+00	-9.0107008132e-01	2.6694821936e-01	-1.2511636079e-01
491	-7.4292622181e-01	-2.6468403154e-01	-4.7824219026e-01	1.0315761017e-01	0.0000000000e+00	-9.0106841915e-01	2.6694769840e-01	-1.2511614476e-01
492	-7.4292485293e-01	-2.6468355125e-01	-4.7824130168e-01	1.0315744699e-01	0.0000000000e+00	-9.0106675889e-01	2.6694718803e-01	-1.2511594685e-01
493	-7.4292349318e-01	-2.6468307031e-01	-4.7824042287e-01	1.0315729910e-01	0.0000000000e+00	-9.0106510969e-01	2.6694669070e-01	-1.2511576748e-01
494	-7.4292214977e-01	-2.6468259141e-01	-4.7823955837e-01	1.0315716677e-01	0.0000000000e+00	-9.0106348033e-01	2.6694620870e-01	-1.2511560698e-01
495	-7.4292082958e-01	-2.6468211713e-01	-4.7823871245e-01	1.0315705016e-01	0.0000000000e+00	-9.0106187911e-01	2.6694574415e-01	-1.2511546556e-01
496	-7.4291953908e-01	-2.6468164995e-01	-4.7823788913e-01	1.0315694936e-01	0.0000000000e+00	-9.0106031391e-01	2.6694529898e-01	-1.2511534329e-01
497	-7.4291828437e-01	-2.6468119219e-01	-4.7823709217e-01	1.0315686433e-01	0.0000000000e+00	-9.0105879211e-01	2.6694487497e-01	-1.2511524017e-01
498	-7.4291707109e-01	-2.6468074607e-01	-4.7823632503e-01	1.0315679498e-01	0.0000000000e+00	-9.0105732058e-01	2.6694447370e-01	-1.2511515606e-01
499	-7.4291590449e-01	-2.6468031362e-01	-4.7823559087e-01	1.0315674113e-01	0.0000000000e+00	-9.0105590565e-01	2.6694409657e-01	-1.2511509074e-01
500	-7.4291478933e-01	-2.6467989675e-01	-4.7823489258e-01	1.0315670250e-01	0.0000000000e+00	-9.0105455311e-01	2.6694374479e-01	-1.2511504389e-01
501	-7.4291372993e-01	-2.6467949721e-01	-4.7823423272e-01	1.0315667876e-01	0.0000000000e+00	-9.0105326821e-01	2.6694341939e-01	-1.2511501509e-01
502	-7.4291273014e-01	-2.6467911658e-01	-4.7823361356e-01	1.0315666949e-01	0.0000000000e+00	-9.0105205559e-01	2.6694312122e-01	-1.2511500386e-01
503	-7.4291179333e-01	-2.6467875629e-01	-4.7823303704e-01	1.0315667423e-01	0.0000000000e+00	-9.0105091937e-01	2.6694285095e-01	-1.2511500960e-01
504	-7.4291092241e-01	-2.6467841759e-01	-4.7823250482e-01	1.0315669243e-01	0.0000000000e+00	-9.0104986306e-01	2.6694260904e-01	-1.2511503167e-01
505	-7.4291011980e-01	-2.6467810157e-01	-4.7823201822e-01	1.0315672350e-01	0.0000000000e+00	-9.0104888960e-01	2.6694239582e-01	-1.2511506935e-01
506	-7.4290938746e-01	-2.6467780917e-01	-4.7823157830e-01	1.0315676680e-01	0.0000000000e+00	-9.0104800138e-01	2.6694221141e-01	-1.2511512187e-01
507	-7.4290872690e-01	-2.6467754113e-01	-4.7823118577e-01	1.0315682164e-01	0.0000000000e+00	-9.0104720021e-01	2.6694205580e-01	-1.2511518839e-01
508	-7.4290813916e-01	-2.6467729807e-01	-4.7823084110e-01	1.0315688730e-01	0.0000000000e+00	-9.0104648736e-01	2.6694192879e-01	-1.2511526802e-01
509	-7.4290762485e-01	-2.6467708041e-01	-4.7823054444e-01	1.0315696301e-01	0.0000000000e+00	-9.0104586357e-01	2.6694183004e-01	-1.2511535985e-01
510	-7.4290718412e-01	-2.6467688844e-01	-4.7823029569e-01	1.0315704800e-01	0.0000000000e+00	-9.0104532903e-01	2.6694175906e-01	-1.2511546293e-01
511	-7.4290681676e-01	-2.6467672228e-01	-4.7823009448e-01	1.0315714144e-01	0.0000000000e+00	-9.0104488346e-01	2.6694171525e-01	-1.2511557626e-01
512	-7.4290652210e-01	-2.6467658191e-01	-4.7822994019e-01	1.0315724251e-01	0.0000000000e+00	-9.0104452608e-01	2.6694169784e-01	-1.2511569885e-01
513	-7.4290629913e-01	-2.6467646718e-01	-4.7822983195e-01	1.0315735038e-01	0.0000000000e+00	-9.0104425565e-01	2.6694170597e-01	-1.2511582967e-01
514	-7.4290614646e-01	-2.6467637777e-01	-4.7822976869e-01	1.0315746418e-01	0.0000000000e+00	-9.0104407048e-01	2.6694173866e-01	-1.2511596770e-01
515	-7.4290606238e-01	-2.6467631326e-01	-4.7822974912e-01	1.0315758307e-01	0.0000000000e+00	-9.0104396851e-01	2.6694179482e-01	-1.2511611190e-01
516	-7.4290604484e-01	-2.6467627310e-01	-4.7822977174e-01	1.0315770620e-01	0.0000000000e+00	-9.0104394723e-01	2.6694187330e-01	-1.2511626124e-01
517	-7.4290609150e-01	-2.6467625662e-01	-4.7822983488e-01	1.0315783274e-01	0.0000000000e+00	-9.0104400383e-01	2.6694197282e-01	-1.2511641471e-01
518	-7.4290619977e-01	-2.6467626305e-01	-4.7822993671e-01	1.0315796185e-01	0.0000000000e+00	-9.0104413514e-01	2.6694209207e-01	-1.2511657131e-01
519	-7.4290636677e-01	-2.6467629152e-01	-4.7823007526e-01	1.0315809273e-01	0.0000000000e+00	-9.0104433769e-01	2.6694222967e-01	-1.2511673004e-01
520	-7.4290658945e-01	-2.6467634105e-01	-4.7823024840e-01	1.0315822457e-01	0.0000000000e+00	-9.0104460777e-01	2.6694238418e-01	-1.2511688995e-01
521	-7.4290686452e-01	-2.6467641061e-01	-4.7823045391e-01	1.0315835662e-01	0.0000000000e+00	-9.0104494139e-01	2.6694255413e-01	-1.2511705010e-01
522	-7.4290718854e-01	-2.6467649907e-01	-4.7823068947e-01	1.0315848812e-01	0.0000000000e+00	-9.0104533439e-01	2.6694273799e-01	-1.2511720960e-01
523	-7.4290755792e-01	-2.6467660526e-01	-4.7823095266e-01	1.0315861837e-01	0.0000000000e+00	-9.0104578239e-01	2.6694293424e-01	-1.2511736757e-01
524	-7.4290796895e-01	-2.6467672794e-01	-4.7823124101e-01	1.0315874669e-01	0.0000000000e+00	-9.0104628092e-01	2.6694314134e-01	-1.2511752321e-01
525	-7.4290841782e-01	-2.6467686581e-01	-4.7823155201e-01	1.0315887243e-01	0.0000000000e+00	-9.0104682534e-01	2.6694335774e-01	-1.2511767572e-01
526	-7.4290890066e-01	-2.6467701757e-01	-4.7823188309e-01	1.0315899499e-01	0.0000000000e+00	-9.0104741095e-01	2.6694358190e-01	-1.2511782437e-01
527	-7.4290941353e-01	-2.6467718185e-01	-4.7823223168e-01	1.0315911381e-01	0.0000000000e+00	-9.0104803299e-01	2.6694381228e-01	-1.2511796848e-01
528	-7.4290995249e-01	-2.6467735729e-01	-4.7823259519e-01	1.0315922837e-01	0.0000000000e+00	-9.0104868667e-01	2.6694404738e-01	-1.2511810742e-01
529	-7.4291051358e-01	-2.6467754251e-01	-4.7823297108e-01	1.0315933817e-01	0.0000000000e+00	-9.0104936721e-01	2.6694428571e-01	-1.2511824059e-01
530	-7.4291109289e-01	-2.6467773611e-01	-4.7823335679e-01	1.0315944278e-01	0.0000000000e+00	-9.0105006983e-01	2.6694452585e-01	-1.2511836748e-01
531	-7.4291168653e-01	-2.6467793671e-01	-4.7823374981e-01	1.0315954182e-01	0.0000000000e+00	-9.0105078983e-01	2.6694476637e-01	-1.2511848760e-01
532	-7.4291229067e-01	-2.6467814295e-01	-4.7823414771e-01	1.0315963494e-01	0.0000000000e+00	-9.0105152257e-01	2.6694500595e-01	-1.2511860053e-01
533	-7.4291290157e-01	-2.6467835348e-01	-4.7823454809e-01	1.0315972183e-01	0.0000000000e+00	-9.0105226351e-01	2.6694524327e-01	-1.2511870592e-01
534	-7.4291351558e-01	-2.6467856695e-01	-4.7823494863e-01	1.0315980224e-01	0.0000000000e+00	-9.0105300823e-01	2.6694547710e-01	-1.2511880345e-01
535	-7.4291412919e-01	-2.6467878209e-01	-4.7823534710e-01	1.0315987596e-01	0.0000000000e+00	-9.0105375245e-01	2.6694570627e-01	-1.2511889286e-01
536	-7.4291473900e-01	-2.6467899763e-01	-4.7823574137e-01	1.0315994283e-01	0.0000000000e+00	-9.0105449207e-01	2.6694592968e-01	-1.2511897397e-01
537	-7.4291534176e-01	-2.6467921236e-01	-4.7823612940e-01	1.0316000273e-01	0.0000000000e+00	-9.0105522313e-01	2.6694614630e-01	-1.2511904661e-01
538	-7.4291593437e-01	-2.6467942512e-01	-4.7823650925e-01	1.0316005557e-01	0.0000000000e+00	-9.0105594188e-01	2.6694635517e-01	-1.2511911071e-01
539	-7.4291651392e-01	-2.6467963479e-01	-4.7823687912e-01	1.0316010133e-01	0.0000000000e+00	-9.0105664480e-01	2.6694655541e-01	-1.2511916620e-01
540	-7.4291707765e-01	-2.6467984033e-01	-4.7823723732e-01	1.0316014000e-01	0.0000000000e+00	-9.0105732853e-01	2.6694674623e-01	-1.2511921311e-01
541	-7.4291762303e-01	-2.6468004075e-01	-4.7823758228e-01	1.0316017164e-01	0.0000000000e+00	-9.0105799000e-01	2.6694692692e-01	-1.2511925149e-01
542	-7.4291814769e-01	-2.6468023511e-01	-4.7823791258e-01	1.0316019633e-01	0.0000000000e+00	-9.0105862634e-01	2.6694709684e-01	-1.2511928142e-01
543	-7.4291864946e-01	-2.6468042256e-01	-4.7823822691e-01	1.0316021417e-01	0.0000000000e+00	-9.0105923493e-01	2.6694725544e-01	-1.2511930307e-01
544	-7.4291912641e-01	-2.6468060231e-01	-4.7823852410e-01	1.0316022534e-01	0.0000000000e+00	-9.0105981340e-01	2.6694740225e-01	-1.2511931661e-01
545	-7.4291957679e-01	-2.6468077364e-01	-4.7823880315e-01	1.0316022999e-01	0.0000000000e+00	-9.0106035965e-01	2.6694753689e-01	-1.2511932226e-01
546	-7.4291999907e-01	-2.6468093591e-01	-4.7823906316e-01	1.0316022836e-01	0.0000000000e+00	-9.0106087181e-01	2.6694765905e-01	-1.2511932028e-01
547	-7.4292039193e-01	-2.6468108855e-01	-4.7823930337e-01	1.0316022068e-01	0.0000000000e+00	-9.0106134829e-01	2.6694776853e-01	-1.2511931096e-01
548	-7.4292075426e-01	-2.6468123107e-01	-4.7823952319e-01	1.0316020721e-01	0.0000000000e+00	-9.0106178775e-01	2.6694786516e-01	-1.2511929462e-01
549	-7.4292108517e-01	-2.6468136303e-01	-4.7823972214e-01	1.0316018824e-01	0.0000000000e+00	-9.0106218910e-01	2.6694794889e-01	-1.2511927161e-01
550	-7.4292138397e-01	-2.6468148410e-01	-4.7823989987e-01	1.0316016407e-01	0.0000000000e+00	-9.0106255151e-01	2.6694801972e-01	-1.2511924230e-01
551	-7.4292165017e-01	-2.6468159400e-01	-4.7824005618e-01	1.0316013504e-01	0.0000000000e+00	-9.0106287438e-01	2.6694807773e-01	-1.2511920709e-01
552	-7.4292188350e-01	-2.6468169252e-01	-4.7824019097e-01	1.0316010148e-01	0.0000000000e+00	-9.0106315737e-01	2.6694812306e-01	-1.2511916638e-01
553	-7.4292208384e-01	-2.6468177955e-01	-4.7824030430e-01	1.0316006374e-01	0.0000000000e+00	-9.0106340036e-01	2.6694815594e-01	-1.2511912061e-01
554	-7.4292225131e-01	-2.6468185500e-01	-4.7824039630e-01	1.0316002218e-01	0.0000000000e+00	-9.0106360347e-01	2.6694817662e-01	-1.2511907021e-01
555	-7.4292238616e-01	-2.6468191890e-01	-4.7824046726e-01	1.0315997719e-01	0.0000000000e+00	-9.0106376703e-01	2.6694818545e-01	-1.2511901563e-01
556	-7.4292248885e-01	-2.6468197130e-01	-4.7824051755e-01	1.0315992912e-01	0.0000000000e+00	-9.0106389158e-01	2.6694818281e-01	-1.2511895734e-01
557	-7.4292255998e-01	-2.6468201234e-01	-4.7824054764e-01	1.0315987837e-01	0.0000000000e+00	-9.0106397785e-01	2.6694816913e-01	-1.2511889578e-01
558	-7.4292260031e-01	-2.6468204220e-01	-4.7824055811e-01	1.0315982530e-01	0.0000000000e+00	-9.0106402677e-01	2.6694814489e-01	-1.2511883142e-01
559	-7.4292261075e-01	-2.6468206113e-01	-4.7824054962e-01	1.0315977031e-01	0.0000000000e+00	-9.0106403942e-01	2.6694811062e-01	-1.2511876473e-01
560	-7.4292259232e-01	-2.6468206942e-01	-4.7824052291e-01	1.0315971377e-01	0.0000000000e+00	-9.0106401708e-01	2.6694806686e-01	-1.2511869615e-01
561	-7.4292254619e-01	-2.6468206741e-01	-4.7824047878e-01	1.0315965604e-01	0.0000000000e+00	-9.0106396113e-01	2.6694801422e-01	-1.2511862613e-01
562	-7.4292247363e-01	-2.6468205549e-01	-4.7824041813e-01	1.0315959750e-01	0.0000000000e+00	-9.0106387312e-01	2.6694795330e-01	-1.2511855513e-01
563	-7.4292237600e-01	-2.6468203410e-01	-4.7824034190e-01	1.0315953849e-01	0.0000000000e+00	-9.0106375471e-01	2.6694788475e-01	-1.2511848356e-01
564	-7.4292225477e-01	-2.6468200369e-01	-4.7824025108e-01	1.0315947937e-01	0.0000000000e+00	-9.0106360767e-01	2.6694780923e-01	-1.2511841185e-01
565	-7.4292211147e-01	-2.6468196477e-01	-4.7824014670e-01	1.0315942046e-01	0.0000000000e+00	-9.0106343387e-01	2.6694772742e-01	-1.2511834040e-01
566	-7.4292194771e-01	-2.6468191786e-01	-4.7824002985e-01	1.0315936208e-01	0.0000000000e+00	-9.0106323525e-01	2.6694763999e-01	-1.2511826959e-01
567	-7.4292176515e-01	-2.6468186352e-01	-4.7823990163e-01	1.0315930454e-01	0.0000000000e+00	-9.0106301383e-01	2.6694754764e-01	-1.2511819981e-01
568	-7.4292156548e-01	-2.6468180231e-01	-4.7823976317e-01	1.0315924813e-01	0.0000000000e+00	-9.0106277166e-01	2.6694745107e-01	-1.2511813139e-01
569	-7.4292135044e-01	-2.6468173484e-01	-4.7823961560e-01	1.0315919311e-01	0.0000000000e+00	-9.0106251085e-01	2.6694735095e-01	-1.2511806466e-01
570	-7.4292112180e-01	-2.6468166170e-01	-4.7823946010e-01	1.0315913976e-01	0.0000000000e+00	-9.0106223353e-01	2.6694724799e-01	-1.2511799995e-01
571	-7.4292088131e-01	-2.6468158352e-01	-4.7823929780e-01	1.0315908829e-01	0.0000000000e+00	-9.0106194185e-01	2.6694714285e-01	-1.2511793752e-01
572	-7.4292063075e-01	-2.6468150090e-01	-4.7823912986e-01	1.0315903892e-01	0.0000000000e+00	-9.0106163796e-01	2.6694703620e-01	-1.2511787765e-01
573	-7.4292037188e-01	-2.6468141446e-01	-4.7823895742e-01	1.0315899187e-01	0.0000000000e+00	-9.0106132398e-01	2.6694692869e-01	-1.2511782058e-01
574	-7.4292010644e-01	-2.6468132484e-01	-4.7823878160e-01	1.0315894729e-01	0.0000000000e+00	-9.0106100204e-01	2.6694682094e-01	-1.2511776651e-01
575	-7.4291983614e-01	-2.6468123264e-01	-4.7823860350e-01	1.0315890535e-01	0.0000000000e+00	-9.0106067421e-01	2.6694671357e-01	-1.2511771564e-01
576	-7.4291956267e-01	-2.6468113848e-01	-4.7823842420e-01	1.0315886618e-01	0.0000000000e+00	-9.0106034253e-01	2.6694660715e-01	-1.2511766814e-01
577	-7.4291928767e-01	-2.6468104294e-01	-4.7823824473e-01	1.0315882991e-01	0.0000000000e+00	-9.0106000898e-01	2.6694650224e-01	-1.2511762415e-01
578	-7.4291901270e-01	-2.6468094660e-01	-4.7823806610e-01	1.0315879662e-01	0.0000000000e+00	-9.0105967549e-01	2.6694639938e-01	-1.2511758377e-01
579	-7.4291873931e-01	-2.6468085004e-01	-4.7823788928e-01	1.0315876640e-01	0.0000000000e+00	-9.0105934390e-01	2.6694629905e-01	-1.2511754711e-01
580	-7.4291846896e-01	-2.6468075379e-01	-4.7823771517e-01	1.0315873929e-01	0.0000000000e+00	-9.0105901600e-01	2.6694620172e-01	-1.2511751423e-01
581	-7.4291820303e-01	-2.6468065838e-01	-4.7823754465e-01	1.0315871533e-01	0.0000000000e+00	-9.0105869346e-01	2.6694610783e-01	-1.2511748518e-01
582	-7.4291794284e-01	-2.6468056431e-01	-4.7823737853e-01	1.0315869455e-01	0.0000000000e+00	-9.0105837789e-01	2.6694601777e-01	-1.2511745998e-01
583	-7.4291768963e-01	-2.6468047206e-01	-4.7823721757e-01	1.0315867695e-01	0.0000000000e+00	-9.0105807078e-01	2.6694593190e-01	-1.2511743862e-01
584	-7.4291744455e-01	-2.6468038206e-01	-4.7823706249e-01	1.0315866249e-01	0.0000000000e+00	-9.0105777352e-01	2.6694585054e-01	-1.2511742109e-01
585	-7.4291720875e-01	-2.6468029477e-01	-4.7823691398e-01	1.0315865117e-01	0.0000000000e+00	-9.0105748753e-01	2.6694577401e-01	-1.2511740735e-01
586	-7.4291698295e-01	-2.6468021049e-01	-4.7823677246e-01	1.0315864289e-01	0.0000000000e+00	-9.0105721367e-01	2.6694570247e-01	-1.2511739731e-01
587	-7.4291676827e-01	-2.6468012965e-01	-4.7823663863e-01	1.0315863762e-01	0.0000000000e+00	-9.0105695330e-01	2.6694563622e-01	-1.2511739093e-01
588	-7.4291656545e-01	-2.6468005256e-01	-4.7823651289e-01	1.0315863528e-01	0.0000000000e+00	-9.0105670730e-01	2.6694557542e-01	-1.2511738808e-01
589	-7.4291637515e-01	-2.6467997950e-01	-4.7823639565e-01	1.0315863576e-01	0.0000000000e+00	-9.0105647650e-01	2.6694552019e-01	-1.2511738867e-01
590	-7.4291619799e-01	-2.6467991074e-01	-4.7823628726e-01	1.0315863896e-01	0.0000000000e+00	-9.0105626162e-01	2.6694547065e-01	-1.2511739256e-01
591	-7.4291603447e-01	-2.6467984649e-01	-4.7823618797e-01	1.0315864477e-01	0.0000000000e+00	-9.0105606329e-01	2.6694542685e-01	-1.2511739960e-01
592	-7.4291588499e-01	-2.6467978696e-01	-4.7823609803e-01	1.0315865306e-01	0.0000000000e+00	-9.0105588200e-01	2.6694538884e-01	-1.2511740965e-01
593	-7.4291574988e-01	-2.6467973230e-01	-4.7823601758e-01	1.0315866369e-01	0.0000000000e+00	-9.0105571812e-01	2.6694535661e-01	-1.2511742254e-01
594	-7.4291562935e-01	-2.6467968263e-01	-4.7823594672e-01	1.0315867651e-01	0.0000000000e+00	-9.0105557194e-01	2.6694533012e-01	-1.2511743809e-01
595	-7.4291552355e-01	-2.6467963805e-01	-4.7823588551e-01	1.0315869137e-01	0.0000000000e+00	-9.0105544362e-01	2.6694530933e-01	-1.2511745612e-01
596	-7.4291543253e-01	-2.6467959862e-01	-4.7823583391e-01	1.0315870812e-01	0.0000000000e+00	-9.0105533322e-01	2.6694529412e-01	-1.2511747643e-01
597	-7.4291535625e-01	-2.6467956437e-01	-4.7823579188e-01	1.0315872660e-01	0.0000000000e+00	-9.0105524070e-01	2.6694528439e-01	-1.2511749884e-01
598	-7.4291529459e-01	-2.6467953530e-01	-4.7823575929e-01	1.0315874663e-01	0.0000000000e+00	-9.0105516592e-01	2.6694527999e-01	-1.2511752314e-01
599	-7.4291524736e-01	-2.6467951138e-01	-4.7823573598e-01	1.0315876806e-01	0.0000000000e+00	-9.0105510863e-01	2.6694528075e-01	-1.2511754913e-01
600	-7.4291521430e-01	-2.6467949256e-01	-4.7823572173e-01	1.0315879070e-01	0.0000000000e+00	-9.0105506854e-01	2.6694528647e-01	-1.2511757659e-01
601	-7.4291519507e-01	-2.6467947876e-01	-4.7823571631e-01	1.0315881440e-01	0.0000000000e+00	-9.0105504521e-01	2.6694529694e-01	-1.2511760533e-01
602	-7.4291518927e-01	-2.6467946987e-01	-4.7823571941e-01	1.0315883897e-01	0.0000000000e+00	-9.0105503818e-01	2.6694531192e-01	-1.2511763514e-01
603	-7.4291519645e-01	-2.6467946575e-01	-4.7823573070e-01	1.0315886426e-01	0.0000000000e+00	-9.0105504689e-01	2.6694533118e-01	-1.2511766581e-01
604	-7.4291521609e-01	-2.6467946626e-01	-4.7823574982e-01	1.0315889009e-01	0.0000000000e+00	-9.0105507071e-01	2.6694535445e-01	-1.2511769714e-01
605	-7.4291524762e-01	-2.6467947123e-01	-4.7823577639e-01	1.0315891630e-01	0.0000000000e+00	-9.0105510895e-01	2.6694538144e-01	-1.2511772893e-01
606	-7.4291529043e-01	-2.6467948046e-01	-4.7823580997e-01	1.0315894273e-01	0.0000000000e+00	-9.0105516088e-01	2.6694541189e-01	-1.2511776099e-01
607	-7.4291534388e-01	-2.6467949375e-01	-4.7823585013e-01	1.0315896923e-01	0.0000000000e+00	-9.0105522570e-01	2.6694544548e-01	-1.2511779313e-01
608	-7.4291540727e-01	-2.6467951087e-01	-4.7823589640e-01	1.0315899565e-01	0.0000000000e+00	-9.0105530259e-01	2.6694548191e-01	-1.2511782516e-01
609	-7.4291547990e-01	-2.6467953159e-01	-4.7823594831e-01	1.0315902184e-01	0.0000000000e+00	-9.0105539068e-01	2.6694552089e-01	-1.2511785693e-01
610	-7.4291556101e-01	-2.6467955567e-01	-4.7823600535e-01	1.0315904766e-01	0.0000000000e+00	-9.0105548906e-01	2.6694556210e-01	-1.2511788825e-01
611	-7.4291564986e-01	-2.6467958284e-01	-4.7823606702e-01	1.0315907299e-01	0.0000000000e+00	-9.0105559681e-01	2.6694560523e-01	-1.2511791897e-01
612	-7.4291574565e-01	-2.6467961284e-01	-4.7823613281e-01	1.0315909770e-01	0.0000000000e+00	-9.0105571300e-01	2.6694564997e-01	-1.2511794894e-01
613	-7.4291584761e-01	-2.6467964540e-01	-4.7823620221e-01	1.0315912168e-01	0.0000000000e+00	-9.0105583666e-01	2.6694569601e-01	-1.2511797803e-01
614	-7.4291595494e-01	-2.6467968025e-01	-4.7823627469e-01	1.0315914482e-01	0.0000000000e+00	-9.0105596684e-01	2.6694574305e-01	-1.2511800609e-01
615	-7.4291606686e-01	-2.6467971711e-01	-4.7823634975e-01	1.0315916703e-01	0.0000000000e+00	-9.0105610257e-01	2.6694579079e-01	-1.2511803302e-01
616	-7.4291618256e-01	-2.6467975570e-01	-4.7823642686e-01	1.0315918821e-01	0.0000000000e+00	-9.0105624290e-01	2.6694583895e-01	-1.2511805871e-01
617	-7.4291630127e-01	-2.6467979574e-01	-4.7823650553e-01	1.0315920828e-01	0.0000000000e+00	-9.0105638689e-01	2.6694588723e-01	-1.2511808306e-01
618	-7.4291642222e-01	-2.6467983696e-01	-4.7823658525e-01	1.0315922718e-01	0.0000000000e+00	-9.0105653358e-01	2.6694593536e-01	-1.2511810598e-01
619	-7.4291654465e-01	-2.6467987909e-01	-4.7823666556e-01	1.0315924484e-01	0.0000000000e+00	-9.0105668208e-01	2.6694598309e-01	-1.2511812739e-01
620	-7.4291666784e-01	-2.6467992185e-01	-4.7823674598e-01	1.0315926120e-01	0.0000000000e+00	-9.0105683148e-01	2.6694603016e-01	-1.2511814724e-01
621	-7.4291679106e-01	-2.6467996500e-01	-4.7823682607e-01	1.0315927623e-01	0.0000000000e+00	-9.0105698094e-01	2.6694607634e-01	-1.2511816547e-01
622	-7.4291691364e-01	-2.6468000826e-01	-4.7823690538e-01	1.0315928989e-01	0.0000000000e+00	-9.0105712960e-01	2.6694612139e-01	-1.2511818204e-01
623	-7.4291703491e-01	-2.6468005141e-01	-4.7823698350e-01	1.0315930216e-01	0.0000000000e+00	-9.0105727669e-01	2.6694616512e-01	-1.2511819692e-01
624	-7.4291715424e-01	-2.6468009419e-01	-4.7823706005e-01	1.0315931301e-01	0.0000000000e+00	-9.0105742143e-01	2.6694620733e-01	-1.2511821008e-01
625	-7.4291727106e-01	-2.6468013640e-01	-4.7823713466e-01	1.0315932244e-01	0.0000000000e+00	-9.0105756311e-01	2.6694624783e-01	-1.2511822152e-01
626	-7.4291738479e-01	-2.6468017781e-01	-4.7823720698e-01	1.0315933045e-01	0.0000000000e+00	-9.0105770105e-01	2.6694628647e-01	-1.2511823123e-01
627	-7.4291749493e-01	-2.6468021823e-01	-4.7823727670e-01	1.0315933705e-01	0.0000000000e+00	-9.0105783463e-01	2.6694632309e-01	-1.2511823923e-01
628	-7.4291760098e-01	-2.6468025746e-01	-4.7823734352e-01	1.0315934224e-01	0.0000000000e+00	-9.0105796326e-01	2.6694635758e-01	-1.2511824553e-01
629	-7.4291770251e-01	-2.6468029533e-01	-4.7823740718e-01	1.0315934606e-01	0.0000000000e+00	-9.0105808640e-01	2.6694638981e-01	-1.2511825016e-01
630	-7.4291779913e-01	-2.6468033169e-01	-4.7823746744e-01	1.0315934853e-01	0.0000000000e+00	-9.0105820359e-01	2.6694641970e-01	-1.2511825316e-01
631	-7.4291789047e-01	-2.6468036637e-01	-4.7823752409e-01	1.0315934969e-01	0.0000000000e+00	-9.0105831437e-01	2.6694644715e-01	-1.2511825457e-01
632	-7.4291797622e-01	-2.6468039927e-01	-4.7823757695e-01	1.0315934958e-01	0.0000000000e+00	-9.0105841837e-01	2.6694647211e-01	-1.2511825443e-01
633	-7.4291805610e-01	-2.6468043024e-01	-4.7823762586e-01	1.0315934824e-01	0.0000000000e+00	-9.0105851526e-01	2.6694649452e-01	-1.2511825281e-01
634	-7.4291812990e-01	-2.6468045920e-01	-4.7823767069e-01	1.0315934574e-01	0.0000000000e+00	-9.0105860476e-01	2.6694651436e-01	-1.2511824977e-01
635	-7.4291819741e-01	-2.6468048606e-01	-4.7823771135e-01	1.0315934212e-01	0.0000000000e+00	-9.0105868665e-01	2.6694653161e-01	-1.2511824538e-01
636	-7.4291825850e-01	-2.6468051074e-01	-4.7823774776e-01	1.0315933744e-01	0.0000000000e+00	-9.0105876074e-01	2.6694654628e-01	-1.2511823971e-01
637	-7.4291831306e-01	-2.6468053319e-01	-4.7823777988e-01	1.0315933178e-01	0.0000000000e+00	-9.0105882692e-01	2.6694655836e-01	-1.2511823284e-01
638	-7.4291836103e-01	-2.6468055336e-01	-4.7823780767e-01	1.0315932519e-01	0.0000000000e+00	-9.0105888510e-01	2.6694656790e-01	-1.2511822486e-01
639	-7.4291840238e-01	-2.6468057122e-01	-4.7823783116e-01	1.0315931776e-01	0.0000000000e+00	-9.0105893525e-01	2.6694657492e-01	-1.2511821584e-01
640	-7.4291843713e-01	-2.6468058677e-01	-4.7823785036e-01	1.0315930954e-01	0.0000000000e+00	-9.0105897739e-01	2.6694657949e-01	-1.2511820588e-01
641	-7.4291846531e-01	-2.6468059999e-01	-4.7823786532e-01	1.0315930063e-01	0.0000000000e+00	-9.0105901158e-01	2.6694658166e-01	-1.2511819506e-01
642	-7.4291848703e-01	-2.6468061090e-01	-4.7823787612e-01	1.0315929108e-01	0.0000000000e+00	-9.0105903791e-01	2.6694658152e-01	-1.2511818348e-01
643	-7.4291850238e-01	-2.6468061953e-01	-4.7823788285e-01	1.0315928098e-01	0.0000000000e+00	-9.0105905653e-01	2.6694657915e-01	-1.2511817123e-01
644	-7.4291851153e-01	-2.6468062591e-01	-4.7823788562e-01	1.0315927040e-01	0.0000000000e+00	-9.0105906763e-01	2.6694657464e-01	-1.2511815840e-01
645	-7.4291851464e-01	-2.6468063008e-01	-4.7823788456e-01	1.0315925942e-01	0.0000000000e+00	-9.0105907140e-01	2.6694656810e-01	-1.2511814509e-01
646	-7.4291851191e-01	-2.6468063210e-01	-4.7823787981e-01	1.0315924812e-01	0.0000000000e+00	-9.0105906810e-01	2.6694655963e-01	-1.2511813138e-01
647	-7.4291850359e-01	-2.6468063205e-01	-4.7823787154e-01	1.0315923657e-01	0.0000000000e+00	-9.0105905800e-01	2.6694654936e-01	-1.2511811737e-01
