# Time           	totalLift        	frontLift        	rearLift         	drag             	side             	Xmoment          	Ymoment          	Zmoment          
1	-4.9030118632e+00	-1.1356341718e+00	-3.7673776914e+00	3.3567474367e+00	0.0000000000e+00	-5.9466877782e+00	3.2896793994e+00	-4.0712789431e+00
2	-1.4481121253e+00	-3.9144085798e-01	-1.0566712673e+00	8.9439772466e-01	0.0000000000e+00	-1.7563634185e+00	8.3153801165e-01	-1.0847830204e+00
3	-8.6966095384e-01	-2.2983862574e-01	-6.3982232809e-01	5.4329608293e-01	0.0000000000e+00	-1.0547806756e+00	5.1247962794e-01	-6.5894439305e-01
4	-7.9421245887e-01	-2.1849973055e-01	-5.7571272831e-01	4.6918820459e-01	0.0000000000e+00	-9.6327189373e-01	4.4651624720e-01	-5.6906159719e-01
5	-8.1721731776e-01	-2.4024735891e-01	-5.7696995885e-01	4.3485387039e-01	0.0000000000e+00	-9.9117366454e-01	4.2090324992e-01	-5.2741871089e-01
6	-8.6237302050e-01	-2.6449780842e-01	-5.9787521208e-01	4.2497680442e-01	0.0000000000e+00	-1.0459414018e+00	4.1672175459e-01	-5.1543917073e-01
7	-8.9918616709e-01	-2.8310650623e-01	-6.1607966086e-01	4.1843196405e-01	0.0000000000e+00	-1.0905907510e+00	4.1621644329e-01	-5.0750116787e-01
8	-9.2526796256e-01	-2.9814646814e-01	-6.2712149443e-01	4.0890882761e-01	0.0000000000e+00	-1.1222244282e+00	4.1121878286e-01	-4.9595089619e-01
9	-9.3802862266e-01	-3.0808817800e-01	-6.2994044466e-01	3.9586877215e-01	0.0000000000e+00	-1.1377013766e+00	4.0231533333e-01	-4.8013507917e-01
10	-9.5346644764e-01	-3.1797029242e-01	-6.3549615523e-01	3.8670148397e-01	0.0000000000e+00	-1.1564253625e+00	3.9690732852e-01	-4.6901640312e-01
11	-9.6361802837e-01	-3.2484592423e-01	-6.3877210413e-01	3.7819845094e-01	0.0000000000e+00	-1.1687378518e+00	3.9240772488e-01	-4.5870337839e-01
12	-9.7291601054e-01	-3.3074187164e-01	-6.4217413889e-01	3.7119045412e-01	0.0000000000e+00	-1.1800150419e+00	3.8929033406e-01	-4.5020362963e-01
13	-9.8055126374e-01	-3.3566062062e-01	-6.4489064312e-01	3.6461844456e-01	0.0000000000e+00	-1.1892755675e+00	3.8653752812e-01	-4.4223267421e-01
14	-9.8447268967e-01	-3.3928106276e-01	-6.4519162691e-01	3.5673609815e-01	0.0000000000e+00	-1.1940317248e+00	3.8238820518e-01	-4.3267245810e-01
15	-9.8438789647e-01	-3.4134330510e-01	-6.4304459137e-01	3.4811329383e-01	0.0000000000e+00	-1.1939288822e+00	3.7712660784e-01	-4.2221416705e-01
16	-9.8028475502e-01	-3.4166108028e-01	-6.3862367474e-01	3.3893572599e-01	0.0000000000e+00	-1.1889523286e+00	3.7120324308e-01	-4.1108302317e-01
17	-9.7299888117e-01	-3.4046678728e-01	-6.3253209389e-01	3.2963505332e-01	0.0000000000e+00	-1.1801155527e+00	3.6508163325e-01	-3.9980256984e-01
18	-9.6029811260e-01	-3.3715502948e-01	-6.2314308312e-01	3.1907388965e-01	0.0000000000e+00	-1.1647112446e+00	3.5748506704e-01	-3.8699331205e-01
19	-9.3880206559e-01	-3.3033290332e-01	-6.0846916227e-01	3.0625112088e-01	0.0000000000e+00	-1.1386394578e+00	3.4767032370e-01	-3.7144103429e-01
20	-9.2163733735e-01	-3.2295149443e-01	-5.9868584291e-01	3.0099794993e-01	0.0000000000e+00	-1.1178209727e+00	3.4466793560e-01	-3.6506965108e-01
21	-9.2117902072e-01	-3.1998322026e-01	-6.0119580046e-01	3.0738442546e-01	0.0000000000e+00	-1.1172650968e+00	3.5151572525e-01	-3.7281557889e-01
22	-9.1484869366e-01	-3.1553463130e-01	-5.9931406236e-01	3.1024062410e-01	0.0000000000e+00	-1.1095872695e+00	3.5472428882e-01	-3.7627976010e-01
23	-9.0795332389e-01	-3.1087527701e-01	-5.9707804689e-01	3.1334309129e-01	0.0000000000e+00	-1.1012241220e+00	3.5775346235e-01	-3.8004263162e-01
24	-9.0126676958e-01	-3.0633187141e-01	-5.9493489817e-01	3.1687937690e-01	0.0000000000e+00	-1.0931142394e+00	3.6075378345e-01	-3.8433166600e-01
25	-8.9291678477e-01	-3.0126337613e-01	-5.9165340865e-01	3.2001945312e-01	0.0000000000e+00	-1.0829868414e+00	3.6298754065e-01	-3.8814015217e-01
26	-8.8348873938e-01	-2.9609345821e-01	-5.8739528116e-01	3.2229058642e-01	0.0000000000e+00	-1.0715519022e+00	3.6412727868e-01	-3.9089472855e-01
27	-8.7084787785e-01	-2.9015144790e-01	-5.8069642995e-01	3.2244248116e-01	0.0000000000e+00	-1.0562202533e+00	3.6318122757e-01	-3.9107895624e-01
28	-8.5645494230e-01	-2.8380886851e-01	-5.7264607379e-01	3.2155532925e-01	0.0000000000e+00	-1.0387635764e+00	3.6104650661e-01	-3.9000296140e-01
29	-8.3961264834e-01	-2.7706292275e-01	-5.6254972559e-01	3.1876134694e-01	0.0000000000e+00	-1.0183361602e+00	3.5685850355e-01	-3.8661424017e-01
30	-8.1929738113e-01	-2.6965985607e-01	-5.4963752506e-01	3.1345351970e-01	0.0000000000e+00	-9.9369649902e-01	3.4997208623e-01	-3.8017656629e-01
31	-7.9623512001e-01	-2.6152464545e-01	-5.3471047456e-01	3.0648541314e-01	0.0000000000e+00	-9.6572510712e-01	3.4148228639e-01	-3.7172519900e-01
32	-7.7283831687e-01	-2.5326906204e-01	-5.1956925483e-01	2.9948654625e-01	0.0000000000e+00	-9.3734796116e-01	3.3287524099e-01	-3.6323652359e-01
33	-7.4666934437e-01	-2.4441114316e-01	-5.0225820120e-01	2.9051103530e-01	0.0000000000e+00	-9.0560855009e-01	3.2230882254e-01	-3.5235044729e-01
34	-7.1862827452e-01	-2.3512682208e-01	-4.8350145244e-01	2.8029745964e-01	0.0000000000e+00	-8.7159853910e-01	3.1046828795e-01	-3.3996276656e-01
35	-6.9060957804e-01	-2.2595259185e-01	-4.6465698620e-01	2.6987061022e-01	0.0000000000e+00	-8.3761566398e-01	2.9838049293e-01	-3.2731641372e-01
36	-6.6195970429e-01	-2.1658243695e-01	-4.4537726734e-01	2.5921990556e-01	0.0000000000e+00	-8.0286725650e-01	2.8599353798e-01	-3.1439855486e-01
37	-6.3378557093e-01	-2.0760154868e-01	-4.2618402225e-01	2.4843536714e-01	0.0000000000e+00	-7.6869585754e-01	2.7322809197e-01	-3.0131837383e-01
38	-6.0454302930e-01	-1.9871630218e-01	-4.0582672712e-01	2.3609033578e-01	0.0000000000e+00	-7.3322862437e-01	2.5888803118e-01	-2.8634552669e-01
39	-5.7879114867e-01	-1.9068884073e-01	-3.8810230794e-01	2.2602163037e-01	0.0000000000e+00	-7.0199508914e-01	2.4676683401e-01	-2.7413355391e-01
40	-5.5989647351e-01	-1.8450928078e-01	-3.7538719273e-01	2.2005725495e-01	0.0000000000e+00	-6.7907841322e-01	2.3859738994e-01	-2.6689957623e-01
41	-5.4166224860e-01	-1.7875966387e-01	-3.6290258473e-01	2.1366936979e-01	0.0000000000e+00	-6.5696277381e-01	2.3017865106e-01	-2.5915193871e-01
42	-5.2921309898e-01	-1.7467220907e-01	-3.5454088991e-01	2.1042839084e-01	0.0000000000e+00	-6.4186364537e-01	2.2483585105e-01	-2.5522107123e-01
43	-5.2377109459e-01	-1.7273847228e-01	-3.5103262231e-01	2.1049700153e-01	0.0000000000e+00	-6.3526323282e-01	2.2286768753e-01	-2.5530428668e-01
44	-5.2040518492e-01	-1.7149551465e-01	-3.4890967027e-01	2.1104746663e-01	0.0000000000e+00	-6.3118084134e-01	2.2176769452e-01	-2.5597192612e-01
45	-5.1879944976e-01	-1.7105094041e-01	-3.4774850935e-01	2.1142556445e-01	0.0000000000e+00	-6.2923330257e-01	2.2087196118e-01	-2.5643050745e-01
46	-5.1992057065e-01	-1.7146960980e-01	-3.4845096084e-01	2.1281102777e-01	0.0000000000e+00	-6.3059307001e-01	2.2122668880e-01	-2.5811088637e-01
47	-5.2363019215e-01	-1.7256239796e-01	-3.5106779419e-01	2.1558221118e-01	0.0000000000e+00	-6.3509233729e-01	2.2313174528e-01	-2.6147195565e-01
48	-5.2833648595e-01	-1.7387067096e-01	-3.5446581499e-01	2.1894256201e-01	0.0000000000e+00	-6.4080043277e-01	2.2574393004e-01	-2.6554760502e-01
49	-5.3367535108e-01	-1.7546322526e-01	-3.5821212582e-01	2.2212802260e-01	0.0000000000e+00	-6.4727575139e-01	2.2843612570e-01	-2.6941113626e-01
50	-5.4069451667e-01	-1.7757619438e-01	-3.6311832229e-01	2.2603802394e-01	0.0000000000e+00	-6.5578904635e-01	2.3192765989e-01	-2.7415343708e-01
51	-5.4832289781e-01	-1.7995540038e-01	-3.6836749743e-01	2.2981128653e-01	0.0000000000e+00	-6.6504123708e-01	2.3551512132e-01	-2.7872989237e-01
52	-5.5570096231e-01	-1.8235307251e-01	-3.7334788980e-01	2.3302422719e-01	0.0000000000e+00	-6.7398982770e-01	2.3874352162e-01	-2.8262675322e-01
53	-5.6343059917e-01	-1.8488600495e-01	-3.7854459423e-01	2.3618459665e-01	0.0000000000e+00	-6.8336482788e-01	2.4207323660e-01	-2.8645985234e-01
54	-5.7092699996e-01	-1.8732702722e-01	-3.8359997274e-01	2.3925066270e-01	0.0000000000e+00	-6.9245694435e-01	2.4534118189e-01	-2.9017857421e-01
55	-5.7797249426e-01	-1.8953466989e-01	-3.8843782437e-01	2.4243754771e-01	0.0000000000e+00	-7.0100217247e-01	2.4862894310e-01	-2.9404383309e-01
56	-5.8393504459e-01	-1.9147506757e-01	-3.9245997702e-01	2.4499448429e-01	0.0000000000e+00	-7.0823393657e-01	2.5123113681e-01	-2.9714505005e-01
57	-5.8851031485e-01	-1.9305162939e-01	-3.9545868546e-01	2.4662802886e-01	0.0000000000e+00	-7.1378311828e-01	2.5300882009e-01	-2.9912631785e-01
58	-5.9281437119e-01	-1.9449817392e-01	-3.9831619726e-01	2.4827684558e-01	0.0000000000e+00	-7.1900335432e-01	2.5477252917e-01	-3.0112610869e-01
59	-5.9732929434e-01	-1.9595627898e-01	-4.0137301535e-01	2.5024499763e-01	0.0000000000e+00	-7.2447934317e-01	2.5677092046e-01	-3.0351320994e-01
60	-5.9977773017e-01	-1.9694479383e-01	-4.0283293634e-01	2.5073598131e-01	0.0000000000e+00	-7.2744896345e-01	2.5736017813e-01	-3.0410870649e-01
61	-5.9636641508e-01	-1.9658655942e-01	-3.9977985566e-01	2.4692213733e-01	0.0000000000e+00	-7.2331150135e-01	2.5399162029e-01	-2.9948303149e-01
62	-5.9030910647e-01	-1.9546925652e-01	-3.9483984995e-01	2.4157074985e-01	0.0000000000e+00	-7.1596480832e-01	2.4921324180e-01	-2.9299252496e-01
63	-5.8377664244e-01	-1.9414183351e-01	-3.8963480894e-01	2.3621856117e-01	0.0000000000e+00	-7.0804181627e-01	2.4436621929e-01	-2.8650104668e-01
64	-5.7897595737e-01	-1.9309467261e-01	-3.8588128476e-01	2.3251412082e-01	0.0000000000e+00	-7.0221923700e-01	2.4098326519e-01	-2.8200806344e-01
65	-5.7445186536e-01	-1.9205108408e-01	-3.8240078128e-01	2.2921904581e-01	0.0000000000e+00	-6.9673212757e-01	2.3793712151e-01	-2.7801158477e-01
66	-5.7075624296e-01	-1.9109495701e-01	-3.7966128595e-01	2.2675222300e-01	0.0000000000e+00	-6.9224983930e-01	2.3570791117e-01	-2.7501966360e-01
67	-5.6889289169e-01	-1.9054143833e-01	-3.7835145336e-01	2.2574688701e-01	0.0000000000e+00	-6.8998984717e-01	2.3476251878e-01	-2.7380032752e-01
68	-5.6818207811e-01	-1.9025210638e-01	-3.7792997173e-01	2.2562077573e-01	0.0000000000e+00	-6.8912772679e-01	2.3459733169e-01	-2.7364737166e-01
69	-5.6821000844e-01	-1.9013732766e-01	-3.7807268078e-01	2.2604480448e-01	0.0000000000e+00	-6.8916160249e-01	2.3491919140e-01	-2.7416166096e-01
70	-5.6921558036e-01	-1.9027179833e-01	-3.7894378204e-01	2.2712038213e-01	0.0000000000e+00	-6.9038122472e-01	2.3583997964e-01	-2.7546619064e-01
71	-5.7070270734e-01	-1.9053647968e-01	-3.8016622766e-01	2.2848638902e-01	0.0000000000e+00	-6.9218490786e-01	2.3703718497e-01	-2.7712297154e-01
72	-5.7252950729e-01	-1.9089482207e-01	-3.8163468523e-01	2.3001965778e-01	0.0000000000e+00	-6.9440056820e-01	2.3842482895e-01	-2.7898261841e-01
73	-5.7360143979e-01	-1.9110867308e-01	-3.8249276671e-01	2.3091985456e-01	0.0000000000e+00	-6.9570067680e-01	2.3923011704e-01	-2.8007443489e-01
74	-5.7451977750e-01	-1.9129389027e-01	-3.8322588723e-01	2.3169349397e-01	0.0000000000e+00	-6.9681449577e-01	2.3991499620e-01	-2.8101275448e-01
75	-5.7512181577e-01	-1.9139934586e-01	-3.8372246991e-01	2.3225895454e-01	0.0000000000e+00	-6.9754468646e-01	2.4040390506e-01	-2.8169858138e-01
76	-5.7504615466e-01	-1.9134831082e-01	-3.8369784385e-01	2.3235754410e-01	0.0000000000e+00	-6.9745291981e-01	2.4043691629e-01	-2.8181815713e-01
77	-5.7426584670e-01	-1.9113452164e-01	-3.8313132506e-01	2.3197771431e-01	0.0000000000e+00	-6.9650651218e-01	2.3999600426e-01	-2.8135747517e-01
78	-5.7289324426e-01	-1.9077891964e-01	-3.8211432461e-01	2.3121452589e-01	0.0000000000e+00	-6.9484173176e-01	2.3916925622e-01	-2.8043183121e-01
79	-5.7086097546e-01	-1.9025571657e-01	-3.8060525888e-01	2.3003972812e-01	0.0000000000e+00	-6.9237686560e-01	2.3793692789e-01	-2.7900696100e-01
80	-5.6883873344e-01	-1.8971101051e-01	-3.7912772293e-01	2.2894153038e-01	0.0000000000e+00	-6.8992416056e-01	2.3677089052e-01	-2.7767499623e-01
81	-5.6682472401e-01	-1.8916041490e-01	-3.7766430912e-01	2.2787891535e-01	0.0000000000e+00	-6.8748144054e-01	2.3562986778e-01	-2.7638618845e-01
82	-5.6494689957e-01	-1.8863855298e-01	-3.7630834658e-01	2.2692501629e-01	0.0000000000e+00	-6.8520389441e-01	2.3458724200e-01	-2.7522923839e-01
83	-5.6315887783e-01	-1.8813889576e-01	-3.7501998207e-01	2.2601763830e-01	0.0000000000e+00	-6.8303526678e-01	2.3360135789e-01	-2.7412871208e-01
84	-5.6166003749e-01	-1.8770769099e-01	-3.7395234650e-01	2.2531416795e-01	0.0000000000e+00	-6.8121737693e-01	2.3280581939e-01	-2.7327549804e-01
85	-5.6064089245e-01	-1.8740189588e-01	-3.7323899656e-01	2.2491725028e-01	0.0000000000e+00	-6.7998129234e-01	2.3229637585e-01	-2.7279409080e-01
86	-5.6010424352e-01	-1.8722758654e-01	-3.7287665699e-01	2.2479592660e-01	0.0000000000e+00	-6.7933041005e-01	2.3206133807e-01	-2.7264694164e-01
87	-5.6006321583e-01	-1.8719310090e-01	-3.7287011493e-01	2.2493607129e-01	0.0000000000e+00	-6.7928064903e-01	2.3209626753e-01	-2.7281691812e-01
88	-5.6046881408e-01	-1.8728099478e-01	-3.7318781930e-01	2.2531378976e-01	0.0000000000e+00	-6.7977258464e-01	2.3238353065e-01	-2.7327503934e-01
89	-5.6134824352e-01	-1.8750083672e-01	-3.7384740681e-01	2.2594067543e-01	0.0000000000e+00	-6.8083921317e-01	2.3293321261e-01	-2.7403536656e-01
90	-5.6261508409e-01	-1.8783753624e-01	-3.7477754785e-01	2.2674598397e-01	0.0000000000e+00	-6.8237571879e-01	2.3367501450e-01	-2.7501209649e-01
91	-5.6406872820e-01	-1.8824653073e-01	-3.7582219747e-01	2.2757762965e-01	0.0000000000e+00	-6.8413879176e-01	2.3446958344e-01	-2.7602076981e-01
92	-5.6549690332e-01	-1.8867544981e-01	-3.7682145351e-01	2.2829112715e-01	0.0000000000e+00	-6.8587097430e-01	2.3518250463e-01	-2.7688614542e-01
93	-5.6686078435e-01	-1.8910464500e-01	-3.7775613935e-01	2.2889425947e-01	0.0000000000e+00	-6.8752517683e-01	2.3581436793e-01	-2.7761766304e-01
94	-5.6818909585e-01	-1.8953177339e-01	-3.7865732246e-01	2.2943131875e-01	0.0000000000e+00	-6.8913623835e-01	2.3640693633e-01	-2.7826904303e-01
95	-5.6949591843e-01	-1.8995826127e-01	-3.7953765717e-01	2.2992244819e-01	0.0000000000e+00	-6.9072123674e-01	2.3697424488e-01	-2.7886471637e-01
96	-5.7068095494e-01	-1.9036226250e-01	-3.8031869243e-01	2.3030076883e-01	0.0000000000e+00	-6.9215852515e-01	2.3744553741e-01	-2.7932356795e-01
97	-5.7167272754e-01	-1.9072683344e-01	-3.8094589410e-01	2.3052172495e-01	0.0000000000e+00	-6.9336141067e-01	2.3777382583e-01	-2.7959155773e-01
98	-5.7247586759e-01	-1.9104660397e-01	-3.8142926362e-01	2.3060828975e-01	0.0000000000e+00	-6.9433551052e-01	2.3797832456e-01	-2.7969654908e-01
99	-5.7313315252e-01	-1.9132776444e-01	-3.8180538808e-01	2.3060338440e-01	0.0000000000e+00	-6.9513270792e-01	2.3809702954e-01	-2.7969059955e-01
100	-5.7372070609e-01	-1.9158118248e-01	-3.8213952361e-01	2.3057277457e-01	0.0000000000e+00	-6.9584533063e-01	2.3819792642e-01	-2.7965347398e-01
101	-5.7424347520e-01	-1.9180645867e-01	-3.8243701653e-01	2.3052506059e-01	0.0000000000e+00	-6.9647937859e-01	2.3828819731e-01	-2.7959560340e-01
102	-5.7475628703e-01	-1.9201776193e-01	-3.8273852510e-01	2.3050025941e-01	0.0000000000e+00	-6.9710134972e-01	2.3840095396e-01	-2.7956552294e-01
103	-5.7528238124e-01	-1.9222363617e-01	-3.8305874507e-01	2.3050753522e-01	0.0000000000e+00	-6.9773943058e-01	2.3854388612e-01	-2.7957434750e-01
104	-5.7582964712e-01	-1.9242701749e-01	-3.8340262963e-01	2.3054881531e-01	0.0000000000e+00	-6.9840318980e-01	2.3871951517e-01	-2.7962441465e-01
105	-5.7641464762e-01	-1.9263219746e-01	-3.8378245016e-01	2.3063500933e-01	0.0000000000e+00	-6.9911271599e-01	2.3893781588e-01	-2.7972895630e-01
106	-5.7704098370e-01	-1.9284109874e-01	-3.8419988495e-01	2.3076734329e-01	0.0000000000e+00	-6.9987237662e-01	2.3919848276e-01	-2.7988945943e-01
107	-5.7770416302e-01	-1.9305390816e-01	-3.8465025486e-01	2.3093930379e-01	0.0000000000e+00	-7.0067672311e-01	2.3949543338e-01	-2.8009802417e-01
108	-5.7838892481e-01	-1.9326612088e-01	-3.8512280393e-01	2.3114344050e-01	0.0000000000e+00	-7.0150724620e-01	2.3982085382e-01	-2.8034561428e-01
109	-5.7903936625e-01	-1.9346396353e-01	-3.8557540273e-01	2.3134406618e-01	0.0000000000e+00	-7.0229614337e-01	2.4013929900e-01	-2.8058894601e-01
110	-5.7973686029e-01	-1.9366718917e-01	-3.8606967112e-01	2.3159881849e-01	0.0000000000e+00	-7.0314210895e-01	2.4050310244e-01	-2.8089792597e-01
111	-5.8043212858e-01	-1.9386443950e-01	-3.8656768908e-01	2.3187465586e-01	0.0000000000e+00	-7.0398537500e-01	2.4087906198e-01	-2.8123247925e-01
112	-5.8106763078e-01	-1.9404260397e-01	-3.8702502681e-01	2.3213288329e-01	0.0000000000e+00	-7.0475615290e-01	2.4122802855e-01	-2.8154567407e-01
113	-5.8161124402e-01	-1.9419572034e-01	-3.8741552369e-01	2.3234580540e-01	0.0000000000e+00	-7.0541548196e-01	2.4152475419e-01	-2.8180391969e-01
114	-5.8204108399e-01	-1.9431480983e-01	-3.8772627416e-01	2.3250960770e-01	0.0000000000e+00	-7.0593681948e-01	2.4176433040e-01	-2.8200258963e-01
115	-5.8225342685e-01	-1.9437493204e-01	-3.8787849481e-01	2.3255078578e-01	0.0000000000e+00	-7.0619436255e-01	2.4187945346e-01	-2.8205253306e-01
116	-5.8230649310e-01	-1.9438644680e-01	-3.8792004630e-01	2.3252437277e-01	0.0000000000e+00	-7.0625872471e-01	2.4191699937e-01	-2.8202049765e-01
117	-5.8220874933e-01	-1.9435061816e-01	-3.8785813116e-01	2.3244010207e-01	0.0000000000e+00	-7.0614017478e-01	2.4188439125e-01	-2.8191828874e-01
118	-5.8196085035e-01	-1.9426808731e-01	-3.8769276304e-01	2.3229766295e-01	0.0000000000e+00	-7.0583950697e-01	2.4178084467e-01	-2.8174552943e-01
119	-5.8158243047e-01	-1.9414412643e-01	-3.8743830403e-01	2.3210973473e-01	0.0000000000e+00	-7.0538053502e-01	2.4161772201e-01	-2.8151759801e-01
120	-5.8108423870e-01	-1.9398126092e-01	-3.8710297779e-01	2.3188365909e-01	0.0000000000e+00	-7.0477629605e-01	2.4140214608e-01	-2.8124339895e-01
121	-5.8048526387e-01	-1.9378517120e-01	-3.8670009268e-01	2.3162933354e-01	0.0000000000e+00	-7.0404982089e-01	2.4114365185e-01	-2.8093493658e-01
122	-5.7981276491e-01	-1.9356326254e-01	-3.8624950237e-01	2.3136176704e-01	0.0000000000e+00	-7.0323417094e-01	2.4085779979e-01	-2.8061041474e-01
123	-5.7910018395e-01	-1.9332389545e-01	-3.8577628850e-01	2.3110239901e-01	0.0000000000e+00	-7.0236990698e-01	2.4056549131e-01	-2.8029583654e-01
124	-5.7836588517e-01	-1.9307344444e-01	-3.8529244073e-01	2.3085681387e-01	0.0000000000e+00	-7.0147930224e-01	2.4027374536e-01	-2.7999797509e-01
125	-5.7761709787e-01	-1.9281584469e-01	-3.8480125317e-01	2.3062117469e-01	0.0000000000e+00	-7.0057112490e-01	2.3998176060e-01	-2.7971217676e-01
126	-5.7688466296e-01	-1.9256013670e-01	-3.8432452626e-01	2.3041092135e-01	0.0000000000e+00	-6.9968278079e-01	2.3970548695e-01	-2.7945716801e-01
127	-5.7617522108e-01	-1.9231025331e-01	-3.8386496778e-01	2.3022214611e-01	0.0000000000e+00	-6.9882232410e-01	2.3944339309e-01	-2.7922820926e-01
128	-5.7550670559e-01	-1.9207220185e-01	-3.8343450374e-01	2.3006092727e-01	0.0000000000e+00	-6.9801150556e-01	2.3920287737e-01	-2.7903267270e-01
129	-5.7488642872e-01	-1.9184916408e-01	-3.8303726464e-01	2.2992626571e-01	0.0000000000e+00	-6.9725919393e-01	2.3898512571e-01	-2.7886934650e-01
130	-5.7432496010e-01	-1.9164504056e-01	-3.8267991953e-01	2.2981952315e-01	0.0000000000e+00	-6.9657820871e-01	2.3879359871e-01	-2.7873988227e-01
131	-5.7382355922e-01	-1.9146105333e-01	-3.8236250589e-01	2.2973710511e-01	0.0000000000e+00	-6.9597007751e-01	2.3862681569e-01	-2.7863992038e-01
132	-5.7338007460e-01	-1.9129740845e-01	-3.8208266615e-01	2.2967447855e-01	0.0000000000e+00	-6.9543219087e-01	2.3848157213e-01	-2.7856396286e-01
133	-5.7299278544e-01	-1.9115421271e-01	-3.8183857273e-01	2.2962750960e-01	0.0000000000e+00	-6.9496246170e-01	2.3835545003e-01	-2.7850699590e-01
134	-5.7265419744e-01	-1.9102970919e-01	-3.8162448825e-01	2.2958984406e-01	0.0000000000e+00	-6.9455180042e-01	2.3824347382e-01	-2.7846131271e-01
135	-5.7235719834e-01	-1.9092191446e-01	-3.8143528388e-01	2.2955690841e-01	0.0000000000e+00	-6.9419158084e-01	2.3814171177e-01	-2.7842136624e-01
136	-5.7208967682e-01	-1.9082765437e-01	-3.8126202245e-01	2.2952069667e-01	0.0000000000e+00	-6.9386711355e-01	2.3804296010e-01	-2.7837744632e-01
137	-5.7185080001e-01	-1.9074604802e-01	-3.8110475199e-01	2.2948239616e-01	0.0000000000e+00	-6.9357738840e-01	2.3794837997e-01	-2.7833099300e-01
138	-5.7163280638e-01	-1.9067462994e-01	-3.8095817644e-01	2.2943831637e-01	0.0000000000e+00	-6.9331299173e-01	2.3785443313e-01	-2.7827753019e-01
139	-5.7143113161e-01	-1.9061215509e-01	-3.8081897651e-01	2.2938656850e-01	0.0000000000e+00	-6.9306838761e-01	2.3775852677e-01	-2.7821476706e-01
140	-5.7124772479e-01	-1.9055789055e-01	-3.8068983424e-01	2.2933178545e-01	0.0000000000e+00	-6.9284594003e-01	2.3766492961e-01	-2.7814832266e-01
141	-5.7108587339e-01	-1.9051211862e-01	-3.8057375478e-01	2.2927781582e-01	0.0000000000e+00	-6.9264963626e-01	2.3757704520e-01	-2.7808286481e-01
142	-5.7094614728e-01	-1.9047455298e-01	-3.8047159430e-01	2.2922603036e-01	0.0000000000e+00	-6.9248016745e-01	2.3749630164e-01	-2.7802005609e-01
143	-5.7083633240e-01	-1.9044676920e-01	-3.8038956320e-01	2.2918274896e-01	0.0000000000e+00	-6.9234697691e-01	2.3742849251e-01	-2.7796756163e-01
144	-5.7076210579e-01	-1.9042974745e-01	-3.8033235833e-01	2.2915338175e-01	0.0000000000e+00	-6.9225695011e-01	2.3737826360e-01	-2.7793194319e-01
145	-5.7073140061e-01	-1.9042569641e-01	-3.8030570420e-01	2.2914273421e-01	0.0000000000e+00	-6.9221970890e-01	2.3735000974e-01	-2.7791902916e-01
146	-5.7073566881e-01	-1.9043207073e-01	-3.8030359808e-01	2.2914594167e-01	0.0000000000e+00	-6.9222488565e-01	2.3733940920e-01	-2.7792291938e-01
147	-5.7078263315e-01	-1.9045064918e-01	-3.8033198397e-01	2.2916901425e-01	0.0000000000e+00	-6.9228184702e-01	2.3735166849e-01	-2.7795090328e-01
148	-5.7087422503e-01	-1.9048189662e-01	-3.8039232841e-01	2.2921357561e-01	0.0000000000e+00	-6.9239293553e-01	2.3738803974e-01	-2.7800495016e-01
149	-5.7100771016e-01	-1.9052530042e-01	-3.8048240974e-01	2.2927747167e-01	0.0000000000e+00	-6.9255483487e-01	2.3744638665e-01	-2.7808244741e-01
150	-5.7117760854e-01	-1.9057948371e-01	-3.8059812482e-01	2.2935722077e-01	0.0000000000e+00	-6.9276089854e-01	2.3752330139e-01	-2.7817917225e-01
151	-5.7138064332e-01	-1.9064368226e-01	-3.8073696106e-01	2.2945079324e-01	0.0000000000e+00	-6.9300715217e-01	2.3761659849e-01	-2.7829266295e-01
152	-5.7161214302e-01	-1.9071670798e-01	-3.8089543503e-01	2.2955539223e-01	0.0000000000e+00	-6.9328792987e-01	2.3772340881e-01	-2.7841952732e-01
153	-5.7185146998e-01	-1.9079335179e-01	-3.8105811819e-01	2.2965743026e-01	0.0000000000e+00	-6.9357820099e-01	2.3783095800e-01	-2.7854328560e-01
154	-5.7209650958e-01	-1.9087253790e-01	-3.8122397168e-01	2.2975748226e-01	0.0000000000e+00	-6.9387540076e-01	2.3793929222e-01	-2.7866463510e-01
155	-5.7234098783e-01	-1.9095232994e-01	-3.8138865789e-01	2.2985290995e-01	0.0000000000e+00	-6.9417191969e-01	2.3804540994e-01	-2.7878037592e-01
156	-5.7256799219e-01	-1.9102815102e-01	-3.8153984117e-01	2.2993366656e-01	0.0000000000e+00	-6.9444724516e-01	2.3813961268e-01	-2.7887832273e-01
157	-5.7279384393e-01	-1.9110345702e-01	-3.8169038691e-01	2.3001337896e-01	0.0000000000e+00	-6.9472117265e-01	2.3823366236e-01	-2.7897500305e-01
158	-5.7300815858e-01	-1.9117577344e-01	-3.8183238514e-01	2.3008499166e-01	0.0000000000e+00	-6.9498110723e-01	2.3832076462e-01	-2.7906185953e-01
159	-5.7321150980e-01	-1.9124465858e-01	-3.8196685122e-01	2.3015088513e-01	0.0000000000e+00	-6.9522774466e-01	2.3840274080e-01	-2.7914177937e-01
160	-5.7339831672e-01	-1.9130886242e-01	-3.8208945430e-01	2.3020715241e-01	0.0000000000e+00	-6.9545431610e-01	2.3847573985e-01	-2.7921002394e-01
161	-5.7356534261e-01	-1.9136736547e-01	-3.8219797714e-01	2.3025243537e-01	0.0000000000e+00	-6.9565689582e-01	2.3853826458e-01	-2.7926494603e-01
162	-5.7371491031e-01	-1.9142053333e-01	-3.8229437698e-01	2.3028911890e-01	0.0000000000e+00	-6.9583830114e-01	2.3859230457e-01	-2.7930943816e-01
163	-5.7384927386e-01	-1.9146879212e-01	-3.8238048173e-01	2.3031926683e-01	0.0000000000e+00	-6.9600126587e-01	2.3863961202e-01	-2.7934600351e-01
164	-5.7397079746e-01	-1.9151266364e-01	-3.8245813382e-01	2.3034473562e-01	0.0000000000e+00	-6.9614865751e-01	2.3868183773e-01	-2.7937689370e-01
165	-5.7408207769e-01	-1.9155280529e-01	-3.8252927241e-01	2.3036726033e-01	0.0000000000e+00	-6.9628362533e-01	2.3872058390e-01	-2.7940421311e-01
166	-5.7418699180e-01	-1.9159018832e-01	-3.8259680349e-01	2.3038956767e-01	0.0000000000e+00	-6.9641087190e-01	2.3875826896e-01	-2.7943126889e-01
167	-5.7428559151e-01	-1.9162500712e-01	-3.8266058440e-01	2.3041118332e-01	0.0000000000e+00	-6.9653045996e-01	2.3879447160e-01	-2.7945748574e-01
168	-5.7438135223e-01	-1.9165822594e-01	-3.8272312629e-01	2.3043409402e-01	0.0000000000e+00	-6.9664660471e-01	2.3883112544e-01	-2.7948527330e-01
169	-5.7447555030e-01	-1.9169025810e-01	-3.8278529220e-01	2.3045878312e-01	0.0000000000e+00	-6.9676085419e-01	2.3886879263e-01	-2.7951521784e-01
170	-5.7456870782e-01	-1.9172135760e-01	-3.8284735022e-01	2.3048518418e-01	0.0000000000e+00	-6.9687384161e-01	2.3890749077e-01	-2.7954723874e-01
171	-5.7466056002e-01	-1.9175156738e-01	-3.8290899264e-01	2.3051278116e-01	0.0000000000e+00	-6.9698524586e-01	2.3894678157e-01	-2.7958071013e-01
172	-5.7474814687e-01	-1.9178028187e-01	-3.8296786500e-01	2.3053913418e-01	0.0000000000e+00	-6.9709147681e-01	2.3898447892e-01	-2.7961267276e-01
173	-5.7482821016e-01	-1.9180673406e-01	-3.8302147610e-01	2.3056189376e-01	0.0000000000e+00	-6.9718858271e-01	2.3901842755e-01	-2.7964027704e-01
174	-5.7490358852e-01	-1.9183151411e-01	-3.8307207441e-01	2.3058349641e-01	0.0000000000e+00	-6.9728000643e-01	2.3905070037e-01	-2.7966647812e-01
175	-5.7497278387e-01	-1.9185430249e-01	-3.8311848139e-01	2.3060281500e-01	0.0000000000e+00	-6.9736393100e-01	2.3908022363e-01	-2.7968990895e-01
176	-5.7503410580e-01	-1.9187470041e-01	-3.8315940538e-01	2.3061867937e-01	0.0000000000e+00	-6.9743830617e-01	2.3910588121e-01	-2.7970915028e-01
177	-5.7508658920e-01	-1.9189243060e-01	-3.8319415861e-01	2.3063060053e-01	0.0000000000e+00	-6.9750196142e-01	2.3912716001e-01	-2.7972360903e-01
178	-5.7512957021e-01	-1.9190726761e-01	-3.8322230261e-01	2.3063835769e-01	0.0000000000e+00	-6.9755409155e-01	2.3914379375e-01	-2.7973301740e-01
179	-5.7516268615e-01	-1.9191909358e-01	-3.8324359257e-01	2.3064181296e-01	0.0000000000e+00	-6.9759425669e-01	2.3915562373e-01	-2.7973720818e-01
180	-5.7518599175e-01	-1.9192786987e-01	-3.8325812188e-01	2.3064119657e-01	0.0000000000e+00	-6.9762252321e-01	2.3916281501e-01	-2.7973646058e-01
181	-5.7519996003e-01	-1.9193365491e-01	-3.8326630512e-01	2.3063703479e-01	0.0000000000e+00	-6.9763946484e-01	2.3916581277e-01	-2.7973141290e-01
182	-5.7520522028e-01	-1.9193659932e-01	-3.8326862096e-01	2.3062977342e-01	0.0000000000e+00	-6.9764584481e-01	2.3916502706e-01	-2.7972260586e-01
183	-5.7520232742e-01	-1.9193684328e-01	-3.8326548414e-01	2.3061975494e-01	0.0000000000e+00	-6.9764233617e-01	2.3916080109e-01	-2.7971045480e-01
184	-5.7519249329e-01	-1.9193469490e-01	-3.8325779838e-01	2.3060775537e-01	0.0000000000e+00	-6.9763040869e-01	2.3915387934e-01	-2.7969590094e-01
185	-5.7517706335e-01	-1.9193051792e-01	-3.8324654543e-01	2.3059456138e-01	0.0000000000e+00	-6.9761169428e-01	2.3914503439e-01	-2.7967989843e-01
186	-5.7515659714e-01	-1.9192450549e-01	-3.8323209165e-01	2.3058031347e-01	0.0000000000e+00	-6.9758687154e-01	2.3913448270e-01	-2.7966261765e-01
187	-5.7513181136e-01	-1.9191688984e-01	-3.8321492151e-01	2.3056526272e-01	0.0000000000e+00	-6.9755680975e-01	2.3912253959e-01	-2.7964436313e-01
188	-5.7510637517e-01	-1.9190859006e-01	-3.8319778511e-01	2.3055188555e-01	0.0000000000e+00	-6.9752595911e-01	2.3911149380e-01	-2.7962813844e-01
189	-5.7508175122e-01	-1.9190007735e-01	-3.8318167387e-01	2.3054080757e-01	0.0000000000e+00	-6.9749609361e-01	2.3910199565e-01	-2.7961470235e-01
190	-5.7505888614e-01	-1.9189169828e-01	-3.8316718786e-01	2.3053229538e-01	0.0000000000e+00	-6.9746836136e-01	2.3909436198e-01	-2.7960437823e-01
191	-5.7503811797e-01	-1.9188364207e-01	-3.8315447590e-01	2.3052620679e-01	0.0000000000e+00	-6.9744317240e-01	2.3908854229e-01	-2.7959699359e-01
192	-5.7501939162e-01	-1.9187598470e-01	-3.8314340691e-01	2.3052217946e-01	0.0000000000e+00	-6.9742045987e-01	2.3908427776e-01	-2.7959210898e-01
193	-5.7500117877e-01	-1.9186843645e-01	-3.8313274232e-01	2.3051884082e-01	0.0000000000e+00	-6.9739837015e-01	2.3908038234e-01	-2.7958805966e-01
194	-5.7498243700e-01	-1.9186077101e-01	-3.8312166599e-01	2.3051534798e-01	0.0000000000e+00	-6.9737563893e-01	2.3907611872e-01	-2.7958382333e-01
195	-5.7496405065e-01	-1.9185318566e-01	-3.8311086499e-01	2.3051239823e-01	0.0000000000e+00	-6.9735333879e-01	2.3907209917e-01	-2.7958024569e-01
196	-5.7494561910e-01	-1.9184561442e-01	-3.8310000468e-01	2.3050962612e-01	0.0000000000e+00	-6.9733098382e-01	2.3906798784e-01	-2.7957688349e-01
197	-5.7492652005e-01	-1.9183792206e-01	-3.8308859798e-01	2.3050655487e-01	0.0000000000e+00	-6.9730781926e-01	2.3906334490e-01	-2.7957315848e-01
198	-5.7490612246e-01	-1.9182995189e-01	-3.8307617058e-01	2.3050275747e-01	0.0000000000e+00	-6.9728307976e-01	2.3905777336e-01	-2.7956855274e-01
199	-5.7488395723e-01	-1.9182157691e-01	-3.8306238032e-01	2.3049795016e-01	0.0000000000e+00	-6.9725619634e-01	2.3905100427e-01	-2.7956272213e-01
200	-5.7485980202e-01	-1.9181271790e-01	-3.8304708412e-01	2.3049206468e-01	0.0000000000e+00	-6.9722689936e-01	2.3904295778e-01	-2.7955558384e-01
201	-5.7483315939e-01	-1.9180324855e-01	-3.8302991084e-01	2.3048477995e-01	0.0000000000e+00	-6.9719458546e-01	2.3903332787e-01	-2.7954674845e-01
202	-5.7480434011e-01	-1.9179322958e-01	-3.8301111052e-01	2.3047632483e-01	0.0000000000e+00	-6.9715963158e-01	2.3902235118e-01	-2.7953649355e-01
203	-5.7477378030e-01	-1.9178275498e-01	-3.8299102532e-01	2.3046701382e-01	0.0000000000e+00	-6.9712256669e-01	2.3901033792e-01	-2.7952520056e-01
204	-5.7474201917e-01	-1.9177195622e-01	-3.8297006295e-01	2.3045719678e-01	0.0000000000e+00	-6.9708404475e-01	2.3899763341e-01	-2.7951329381e-01
205	-5.7470963831e-01	-1.9176098586e-01	-3.8294865244e-01	2.3044721470e-01	0.0000000000e+00	-6.9704477116e-01	2.3898458323e-01	-2.7950118691e-01
206	-5.7467728597e-01	-1.9175002073e-01	-3.8292726524e-01	2.3043742527e-01	0.0000000000e+00	-6.9700553216e-01	2.3897155564e-01	-2.7948931366e-01
207	-5.7464565274e-01	-1.9173925605e-01	-3.8290639670e-01	2.3042818623e-01	0.0000000000e+00	-6.9696716535e-01	2.3895892581e-01	-2.7947810796e-01
208	-5.7461540264e-01	-1.9172888671e-01	-3.8288651593e-01	2.3041981523e-01	0.0000000000e+00	-6.9693047608e-01	2.3894703652e-01	-2.7946795507e-01
209	-5.7458710815e-01	-1.9171908846e-01	-3.8286801968e-01	2.3041255907e-01	0.0000000000e+00	-6.9689615871e-01	2.3893616402e-01	-2.7945915434e-01
210	-5.7456125625e-01	-1.9171001754e-01	-3.8285123871e-01	2.3040660302e-01	0.0000000000e+00	-6.9686480386e-01	2.3892652646e-01	-2.7945193045e-01
211	-5.7453813317e-01	-1.9170178012e-01	-3.8283635305e-01	2.3040199617e-01	0.0000000000e+00	-6.9683675871e-01	2.3891821617e-01	-2.7944634296e-01
212	-5.7451788524e-01	-1.9169444424e-01	-3.8282344100e-01	2.3039870782e-01	0.0000000000e+00	-6.9681220072e-01	2.3891124595e-01	-2.7944235464e-01
213	-5.7450049869e-01	-1.9168803261e-01	-3.8281246608e-01	2.3039662242e-01	0.0000000000e+00	-6.9679111319e-01	2.3890554184e-01	-2.7943982535e-01
214	-5.7448584536e-01	-1.9168253310e-01	-3.8280331226e-01	2.3039557069e-01	0.0000000000e+00	-6.9677334070e-01	2.3890097395e-01	-2.7943854973e-01
215	-5.7447368919e-01	-1.9167790110e-01	-3.8279578809e-01	2.3039532973e-01	0.0000000000e+00	-6.9675859690e-01	2.3889735874e-01	-2.7943825749e-01
216	-5.7446365804e-01	-1.9167404315e-01	-3.8278961489e-01	2.3039564174e-01	0.0000000000e+00	-6.9674643048e-01	2.3889446467e-01	-2.7943863591e-01
217	-5.7445550459e-01	-1.9167090234e-01	-3.8278460225e-01	2.3039630949e-01	0.0000000000e+00	-6.9673654146e-01	2.3889212488e-01	-2.7943944580e-01
218	-5.7444882987e-01	-1.9166836587e-01	-3.8278046401e-01	2.3039710386e-01	0.0000000000e+00	-6.9672844593e-01	2.3889012268e-01	-2.7944040926e-01
219	-5.7444334637e-01	-1.9166634829e-01	-3.8277699808e-01	2.3039786607e-01	0.0000000000e+00	-6.9672179518e-01	2.3888831223e-01	-2.7944133372e-01
220	-5.7443881007e-01	-1.9166477086e-01	-3.8277403921e-01	2.3039848236e-01	0.0000000000e+00	-6.9671629327e-01	2.3888658543e-01	-2.7944208119e-01
221	-5.7443506604e-01	-1.9166357499e-01	-3.8277149105e-01	2.3039890661e-01	0.0000000000e+00	-6.9671175227e-01	2.3888489507e-01	-2.7944259575e-01
222	-5.7443203972e-01	-1.9166272160e-01	-3.8276931813e-01	2.3039914794e-01	0.0000000000e+00	-6.9670808176e-01	2.3888324566e-01	-2.7944288845e-01
223	-5.7442975361e-01	-1.9166219699e-01	-3.8276755661e-01	2.3039927734e-01	0.0000000000e+00	-6.9670530901e-01	2.3888169953e-01	-2.7944304540e-01
224	-5.7442830044e-01	-1.9166200744e-01	-3.8276629300e-01	2.3039940444e-01	0.0000000000e+00	-6.9670354651e-01	2.3888035696e-01	-2.7944319955e-01
225	-5.7442782684e-01	-1.9166217581e-01	-3.8276565102e-01	2.3039966502e-01	0.0000000000e+00	-6.9670297210e-01	2.3887934401e-01	-2.7944351560e-01
226	-5.7442850756e-01	-1.9166273560e-01	-3.8276577197e-01	2.3040020212e-01	0.0000000000e+00	-6.9670379773e-01	2.3887879546e-01	-2.7944416703e-01
227	-5.7442992798e-01	-1.9166358625e-01	-3.8276634173e-01	2.3040070509e-01	0.0000000000e+00	-6.9670552050e-01	2.3887844435e-01	-2.7944477707e-01
228	-5.7443269068e-01	-1.9166485337e-01	-3.8276783731e-01	2.3040166387e-01	0.0000000000e+00	-6.9670887128e-01	2.3887872992e-01	-2.7944593994e-01
229	-5.7443731070e-01	-1.9166665822e-01	-3.8277065248e-01	2.3040345512e-01	0.0000000000e+00	-6.9671447473e-01	2.3887999282e-01	-2.7944811248e-01
230	-5.7444392139e-01	-1.9166904207e-01	-3.8277487931e-01	2.3040614646e-01	0.0000000000e+00	-6.9672249261e-01	2.3888229655e-01	-2.7945137671e-01
231	-5.7445249207e-01	-1.9167200467e-01	-3.8278048740e-01	2.3040969574e-01	0.0000000000e+00	-6.9673288768e-01	2.3888560342e-01	-2.7945568150e-01
232	-5.7446286189e-01	-1.9167550969e-01	-3.8278735219e-01	2.3041398366e-01	0.0000000000e+00	-6.9674546486e-01	2.3888980313e-01	-2.7946088217e-01
233	-5.7447480270e-01	-1.9167950181e-01	-3.8279530089e-01	2.3041885513e-01	0.0000000000e+00	-6.9675994745e-01	2.3889474885e-01	-2.7946679060e-01
234	-5.7448801263e-01	-1.9168390242e-01	-3.8280411021e-01	2.3042412203e-01	0.0000000000e+00	-6.9677596929e-01	2.3890025973e-01	-2.7947317863e-01
235	-5.7450207579e-01	-1.9168860226e-01	-3.8281347353e-01	2.3042952707e-01	0.0000000000e+00	-6.9679302600e-01	2.3890608909e-01	-2.7947973421e-01
236	-5.7451629631e-01	-1.9169342029e-01	-3.8282287601e-01	2.3043462548e-01	0.0000000000e+00	-6.9681027356e-01	2.3891181965e-01	-2.7948591789e-01
237	-5.7453086849e-01	-1.9169837265e-01	-3.8283249583e-01	2.3043967646e-01	0.0000000000e+00	-6.9682794763e-01	2.3891765398e-01	-2.7949204405e-01
238	-5.7454557649e-01	-1.9170339322e-01	-3.8284218328e-01	2.3044458919e-01	0.0000000000e+00	-6.9684578645e-01	2.3892348758e-01	-2.7949800252e-01
239	-5.7456014271e-01	-1.9170839926e-01	-3.8285174345e-01	2.3044923627e-01	0.0000000000e+00	-6.9686345329e-01	2.3892918023e-01	-2.7950363880e-01
240	-5.7457436696e-01	-1.9171332504e-01	-3.8286104192e-01	2.3045354760e-01	0.0000000000e+00	-6.9688070537e-01	2.3893464610e-01	-2.7950886785e-01
241	-5.7458810303e-01	-1.9171811545e-01	-3.8286998758e-01	2.3045750043e-01	0.0000000000e+00	-6.9689736537e-01	2.3893984017e-01	-2.7951366210e-01
242	-5.7460114926e-01	-1.9172270640e-01	-3.8287844286e-01	2.3046102230e-01	0.0000000000e+00	-6.9691318867e-01	2.3894467058e-01	-2.7951793365e-01
243	-5.7461344857e-01	-1.9172707217e-01	-3.8288637640e-01	2.3046411996e-01	0.0000000000e+00	-6.9692810606e-01	2.3894913030e-01	-2.7952169070e-01
244	-5.7462502716e-01	-1.9173120549e-01	-3.8289382167e-01	2.3046685967e-01	0.0000000000e+00	-6.9694214932e-01	2.3895327022e-01	-2.7952501359e-01
245	-5.7463594247e-01	-1.9173511011e-01	-3.8290083236e-01	2.3046932078e-01	0.0000000000e+00	-6.9695538811e-01	2.3895715281e-01	-2.7952799858e-01
246	-5.7464626139e-01	-1.9173879570e-01	-3.8290746570e-01	2.3047157932e-01	0.0000000000e+00	-6.9696790356e-01	2.3896083750e-01	-2.7953073789e-01
247	-5.7465605415e-01	-1.9174227616e-01	-3.8291377799e-01	2.3047370252e-01	0.0000000000e+00	-6.9697978085e-01	2.3896437729e-01	-2.7953331304e-01
248	-5.7466538676e-01	-1.9174556667e-01	-3.8291982009e-01	2.3047574695e-01	0.0000000000e+00	-6.9699110003e-01	2.3896781678e-01	-2.7953579266e-01
249	-5.7467431461e-01	-1.9174868160e-01	-3.8292563301e-01	2.3047775570e-01	0.0000000000e+00	-6.9700192830e-01	2.3897118926e-01	-2.7953822899e-01
250	-5.7468287497e-01	-1.9175163243e-01	-3.8293124254e-01	2.3047975378e-01	0.0000000000e+00	-6.9701231086e-01	2.3897451264e-01	-2.7954065239e-01
251	-5.7469107916e-01	-1.9175442494e-01	-3.8293665423e-01	2.3048174618e-01	0.0000000000e+00	-6.9702226143e-01	2.3897778661e-01	-2.7954306891e-01
252	-5.7469890926e-01	-1.9175705782e-01	-3.8294185144e-01	2.3048371760e-01	0.0000000000e+00	-6.9703175827e-01	2.3898099203e-01	-2.7954545996e-01
253	-5.7470631857e-01	-1.9175952242e-01	-3.8294679615e-01	2.3048563390e-01	0.0000000000e+00	-6.9704074476e-01	2.3898409217e-01	-2.7954778419e-01
254	-5.7471324161e-01	-1.9176180483e-01	-3.8295143677e-01	2.3048745028e-01	0.0000000000e+00	-6.9704914147e-01	2.3898703993e-01	-2.7954998720e-01
255	-5.7471959236e-01	-1.9176388524e-01	-3.8295570712e-01	2.3048911051e-01	0.0000000000e+00	-6.9705684407e-01	2.3898977734e-01	-2.7955200084e-01
256	-5.7472527843e-01	-1.9176574124e-01	-3.8295953719e-01	2.3049055698e-01	0.0000000000e+00	-6.9706374050e-01	2.3899224494e-01	-2.7955375520e-01
257	-5.7473021023e-01	-1.9176735025e-01	-3.8296285998e-01	2.3049173635e-01	0.0000000000e+00	-6.9706972210e-01	2.3899438716e-01	-2.7955518563e-01
258	-5.7473430751e-01	-1.9176869121e-01	-3.8296561630e-01	2.3049260366e-01	0.0000000000e+00	-6.9707469155e-01	2.3899615636e-01	-2.7955623755e-01
259	-5.7473750973e-01	-1.9176974751e-01	-3.8296776222e-01	2.3049312794e-01	0.0000000000e+00	-6.9707857541e-01	2.3899751839e-01	-2.7955687343e-01
260	-5.7473978175e-01	-1.9177050869e-01	-3.8296927305e-01	2.3049329500e-01	0.0000000000e+00	-6.9708133106e-01	2.3899845545e-01	-2.7955707605e-01
261	-5.7474111783e-01	-1.9177097191e-01	-3.8297014592e-01	2.3049310863e-01	0.0000000000e+00	-6.9708295154e-01	2.3899896752e-01	-2.7955685002e-01
262	-5.7474154110e-01	-1.9177114203e-01	-3.8297039907e-01	2.3049258921e-01	0.0000000000e+00	-6.9708346492e-01	2.3899907130e-01	-2.7955622002e-01
263	-5.7474110339e-01	-1.9177103201e-01	-3.8297007138e-01	2.3049177249e-01	0.0000000000e+00	-6.9708293403e-01	2.3899879922e-01	-2.7955522946e-01
264	-5.7473988069e-01	-1.9177066188e-01	-3.8296921880e-01	2.3049070591e-01	0.0000000000e+00	-6.9708145106e-01	2.3899819615e-01	-2.7955393584e-01
265	-5.7473796831e-01	-1.9177005783e-01	-3.8296791048e-01	2.3048944485e-01	0.0000000000e+00	-6.9707913160e-01	2.3899731581e-01	-2.7955240635e-01
266	-5.7473547330e-01	-1.9176925016e-01	-3.8296622314e-01	2.3048804779e-01	0.0000000000e+00	-6.9707610550e-01	2.3899621622e-01	-2.7955071190e-01
267	-5.7473250743e-01	-1.9176827160e-01	-3.8296423583e-01	2.3048657176e-01	0.0000000000e+00	-6.9707250830e-01	2.3899495529e-01	-2.7954892168e-01
268	-5.7472917997e-01	-1.9176715523e-01	-3.8296202474e-01	2.3048506847e-01	0.0000000000e+00	-6.9706847254e-01	2.3899358689e-01	-2.7954709839e-01
269	-5.7472559272e-01	-1.9176593308e-01	-3.8295965964e-01	2.3048358166e-01	0.0000000000e+00	-6.9706412169e-01	2.3899215820e-01	-2.7954529509e-01
270	-5.7472183511e-01	-1.9176463458e-01	-3.8295720053e-01	2.3048214500e-01	0.0000000000e+00	-6.9705956422e-01	2.3899070744e-01	-2.7954355262e-01
271	-5.7471797493e-01	-1.9176328390e-01	-3.8295469102e-01	2.3048077696e-01	0.0000000000e+00	-6.9705488235e-01	2.3898925890e-01	-2.7954189337e-01
272	-5.7471406036e-01	-1.9176190004e-01	-3.8295216032e-01	2.3047948387e-01	0.0000000000e+00	-6.9705013451e-01	2.3898782535e-01	-2.7954032503e-01
273	-5.7471013298e-01	-1.9176050011e-01	-3.8294963287e-01	2.3047826841e-01	0.0000000000e+00	-6.9704537113e-01	2.3898641595e-01	-2.7953885084e-01
274	-5.7470620340e-01	-1.9175909260e-01	-3.8294711080e-01	2.3047711563e-01	0.0000000000e+00	-6.9704060508e-01	2.3898502275e-01	-2.7953745268e-01
275	-5.7470227782e-01	-1.9175768421e-01	-3.8294459362e-01	2.3047600977e-01	0.0000000000e+00	-6.9703584389e-01	2.3898363676e-01	-2.7953611141e-01
276	-5.7469835221e-01	-1.9175627809e-01	-3.8294207412e-01	2.3047493150e-01	0.0000000000e+00	-6.9703108266e-01	2.3898224504e-01	-2.7953480363e-01
277	-5.7469441828e-01	-1.9175487547e-01	-3.8293954281e-01	2.3047386168e-01	0.0000000000e+00	-6.9702631133e-01	2.3898083417e-01	-2.7953350607e-01
278	-5.7469046759e-01	-1.9175347667e-01	-3.8293699093e-01	2.3047278379e-01	0.0000000000e+00	-6.9702151968e-01	2.3897939283e-01	-2.7953219874e-01
279	-5.7468649534e-01	-1.9175208218e-01	-3.8293441316e-01	2.3047168605e-01	0.0000000000e+00	-6.9701670188e-01	2.3897791373e-01	-2.7953086733e-01
280	-5.7468250384e-01	-1.9175069373e-01	-3.8293181011e-01	2.3047056326e-01	0.0000000000e+00	-6.9701186073e-01	2.3897639548e-01	-2.7952950554e-01
281	-5.7467850374e-01	-1.9174931476e-01	-3.8292918898e-01	2.3046941679e-01	0.0000000000e+00	-6.9700700915e-01	2.3897484278e-01	-2.7952811503e-01
282	-5.7467451496e-01	-1.9174795077e-01	-3.8292656419e-01	2.3046825503e-01	0.0000000000e+00	-6.9700217130e-01	2.3897326678e-01	-2.7952670597e-01
283	-5.7467056620e-01	-1.9174660935e-01	-3.8292395685e-01	2.3046709260e-01	0.0000000000e+00	-6.9699738199e-01	2.3897168438e-01	-2.7952529610e-01
284	-5.7466669428e-01	-1.9174530032e-01	-3.8292139396e-01	2.3046594875e-01	0.0000000000e+00	-6.9699268588e-01	2.3897011705e-01	-2.7952390876e-01
285	-5.7466294105e-01	-1.9174403496e-01	-3.8291890609e-01	2.3046484550e-01	0.0000000000e+00	-6.9698813372e-01	2.3896858892e-01	-2.7952257067e-01
286	-5.7465935049e-01	-1.9174282525e-01	-3.8291652524e-01	2.3046380574e-01	0.0000000000e+00	-6.9698377886e-01	2.3896712499e-01	-2.7952130959e-01
287	-5.7465596582e-01	-1.9174168325e-01	-3.8291428257e-01	2.3046285116e-01	0.0000000000e+00	-6.9697967371e-01	2.3896574916e-01	-2.7952015182e-01
288	-5.7465282628e-01	-1.9174062019e-01	-3.8291220609e-01	2.3046200036e-01	0.0000000000e+00	-6.9697586588e-01	2.3896448237e-01	-2.7951911991e-01
289	-5.7464996672e-01	-1.9173964654e-01	-3.8291032018e-01	2.3046126816e-01	0.0000000000e+00	-6.9697239762e-01	2.3896334205e-01	-2.7951823185e-01
290	-5.7464740476e-01	-1.9173876761e-01	-3.8290863715e-01	2.3046066107e-01	0.0000000000e+00	-6.9696929032e-01	2.3896233692e-01	-2.7951749553e-01
291	-5.7464516404e-01	-1.9173799168e-01	-3.8290717236e-01	2.3046018470e-01	0.0000000000e+00	-6.9696657262e-01	2.3896147586e-01	-2.7951691776e-01
292	-5.7464324365e-01	-1.9173731927e-01	-3.8290592438e-01	2.3045983441e-01	0.0000000000e+00	-6.9696424345e-01	2.3896075640e-01	-2.7951649290e-01
293	-5.7464163971e-01	-1.9173675044e-01	-3.8290488927e-01	2.3045960259e-01	0.0000000000e+00	-6.9696229808e-01	2.3896017354e-01	-2.7951621174e-01
294	-5.7464033795e-01	-1.9173628219e-01	-3.8290405576e-01	2.3045947664e-01	0.0000000000e+00	-6.9696071922e-01	2.3895971697e-01	-2.7951605898e-01
295	-5.7463931732e-01	-1.9173590938e-01	-3.8290340794e-01	2.3045944114e-01	0.0000000000e+00	-6.9695948134e-01	2.3895937320e-01	-2.7951601591e-01
296	-5.7463855191e-01	-1.9173562519e-01	-3.8290292672e-01	2.3045947919e-01	0.0000000000e+00	-6.9695855301e-01	2.3895912691e-01	-2.7951606207e-01
297	-5.7463801325e-01	-1.9173542173e-01	-3.8290259152e-01	2.3045957385e-01	0.0000000000e+00	-6.9695789968e-01	2.3895896224e-01	-2.7951617687e-01
298	-5.7463767256e-01	-1.9173529061e-01	-3.8290238195e-01	2.3045970944e-01	0.0000000000e+00	-6.9695748647e-01	2.3895886417e-01	-2.7951634133e-01
299	-5.7463750279e-01	-1.9173522358e-01	-3.8290227921e-01	2.3045987265e-01	0.0000000000e+00	-6.9695728056e-01	2.3895881953e-01	-2.7951653928e-01
300	-5.7463748023e-01	-1.9173521297e-01	-3.8290226726e-01	2.3046005323e-01	0.0000000000e+00	-6.9695725320e-01	2.3895881787e-01	-2.7951675830e-01
301	-5.7463758561e-01	-1.9173525208e-01	-3.8290233353e-01	2.3046024446e-01	0.0000000000e+00	-6.9695738102e-01	2.3895885181e-01	-2.7951699024e-01
302	-5.7463780472e-01	-1.9173533546e-01	-3.8290246926e-01	2.3046044314e-01	0.0000000000e+00	-6.9695764676e-01	2.3895891724e-01	-2.7951723121e-01
303	-5.7463812841e-01	-1.9173545896e-01	-3.8290266945e-01	2.3046064935e-01	0.0000000000e+00	-6.9695803936e-01	2.3895901311e-01	-2.7951748132e-01
304	-5.7463855196e-01	-1.9173561967e-01	-3.8290293229e-01	2.3046086574e-01	0.0000000000e+00	-6.9695855307e-01	2.3895914078e-01	-2.7951774376e-01
305	-5.7463907390e-01	-1.9173581566e-01	-3.8290325824e-01	2.3046109654e-01	0.0000000000e+00	-6.9695918611e-01	2.3895930322e-01	-2.7951802369e-01
306	-5.7463969540e-01	-1.9173604589e-01	-3.8290364951e-01	2.3046134715e-01	0.0000000000e+00	-6.9695993991e-01	2.3895950452e-01	-2.7951832765e-01
307	-5.7464041857e-01	-1.9173630977e-01	-3.8290410880e-01	2.3046162289e-01	0.0000000000e+00	-6.9696081701e-01	2.3895974879e-01	-2.7951866208e-01
308	-5.7464124503e-01	-1.9173660677e-01	-3.8290463826e-01	2.3046192819e-01	0.0000000000e+00	-6.9696181940e-01	2.3896003937e-01	-2.7951903237e-01
309	-5.7464217473e-01	-1.9173693614e-01	-3.8290523859e-01	2.3046226584e-01	0.0000000000e+00	-6.9696294700e-01	2.3896037806e-01	-2.7951944189e-01
310	-5.7464320495e-01	-1.9173729658e-01	-3.8290590837e-01	2.3046263655e-01	0.0000000000e+00	-6.9696419651e-01	2.3896076474e-01	-2.7951989152e-01
311	-5.7464433071e-01	-1.9173768630e-01	-3.8290664440e-01	2.3046303934e-01	0.0000000000e+00	-6.9696556190e-01	2.3896119762e-01	-2.7952038005e-01
312	-5.7464554007e-01	-1.9173810176e-01	-3.8290743831e-01	2.3046346877e-01	0.0000000000e+00	-6.9696702870e-01	2.3896167069e-01	-2.7952090088e-01
313	-5.7464682230e-01	-1.9173853971e-01	-3.8290828259e-01	2.3046392023e-01	0.0000000000e+00	-6.9696858386e-01	2.3896217860e-01	-2.7952144845e-01
314	-5.7464816142e-01	-1.9173899552e-01	-3.8290916590e-01	2.3046438604e-01	0.0000000000e+00	-6.9697020804e-01	2.3896271298e-01	-2.7952201342e-01
315	-5.7464953968e-01	-1.9173946402e-01	-3.8291007566e-01	2.3046485765e-01	0.0000000000e+00	-6.9697187968e-01	2.3896326454e-01	-2.7952258541e-01
316	-5.7465093813e-01	-1.9173993964e-01	-3.8291099848e-01	2.3046532616e-01	0.0000000000e+00	-6.9697357581e-01	2.3896382355e-01	-2.7952315365e-01
317	-5.7465233774e-01	-1.9174041668e-01	-3.8291192106e-01	2.3046578296e-01	0.0000000000e+00	-6.9697527334e-01	2.3896438047e-01	-2.7952370768e-01
318	-5.7465372082e-01	-1.9174088970e-01	-3.8291283112e-01	2.3046622063e-01	0.0000000000e+00	-6.9697695084e-01	2.3896492678e-01	-2.7952423852e-01
319	-5.7465507051e-01	-1.9174135340e-01	-3.8291371711e-01	2.3046663246e-01	0.0000000000e+00	-6.9697858782e-01	2.3896545464e-01	-2.7952473801e-01
320	-5.7465637265e-01	-1.9174180315e-01	-3.8291456950e-01	2.3046701361e-01	0.0000000000e+00	-6.9698016715e-01	2.3896595795e-01	-2.7952520030e-01
321	-5.7465761624e-01	-1.9174223511e-01	-3.8291538113e-01	2.3046736124e-01	0.0000000000e+00	-6.9698167545e-01	2.3896643252e-01	-2.7952562193e-01
322	-5.7465879350e-01	-1.9174264635e-01	-3.8291614716e-01	2.3046767438e-01	0.0000000000e+00	-6.9698310331e-01	2.3896687601e-01	-2.7952600172e-01
323	-5.7465989985e-01	-1.9174303480e-01	-3.8291686505e-01	2.3046795376e-01	0.0000000000e+00	-6.9698444516e-01	2.3896728780e-01	-2.7952634057e-01
324	-5.7466093266e-01	-1.9174339900e-01	-3.8291753366e-01	2.3046820118e-01	0.0000000000e+00	-6.9698569782e-01	2.3896766832e-01	-2.7952664065e-01
325	-5.7466189534e-01	-1.9174373936e-01	-3.8291815598e-01	2.3046842099e-01	0.0000000000e+00	-6.9698686542e-01	2.3896802076e-01	-2.7952690726e-01
326	-5.7466278796e-01	-1.9174405537e-01	-3.8291873258e-01	2.3046861576e-01	0.0000000000e+00	-6.9698794804e-01	2.3896834651e-01	-2.7952714349e-01
327	-5.7466361387e-01	-1.9174434747e-01	-3.8291926639e-01	2.3046878960e-01	0.0000000000e+00	-6.9698894976e-01	2.3896864865e-01	-2.7952735433e-01
328	-5.7466437844e-01	-1.9174461703e-01	-3.8291976141e-01	2.3046894659e-01	0.0000000000e+00	-6.9698987708e-01	2.3896893048e-01	-2.7952754474e-01
329	-5.7466508490e-01	-1.9174486483e-01	-3.8292022007e-01	2.3046908950e-01	0.0000000000e+00	-6.9699073392e-01	2.3896919406e-01	-2.7952771807e-01
330	-5.7466573639e-01	-1.9174509178e-01	-3.8292064461e-01	2.3046922056e-01	0.0000000000e+00	-6.9699152409e-01	2.3896944105e-01	-2.7952787703e-01
331	-5.7466633496e-01	-1.9174529858e-01	-3.8292103638e-01	2.3046934098e-01	0.0000000000e+00	-6.9699225008e-01	2.3896967225e-01	-2.7952802308e-01
332	-5.7466688147e-01	-1.9174548570e-01	-3.8292139576e-01	2.3046945098e-01	0.0000000000e+00	-6.9699291291e-01	2.3896988758e-01	-2.7952815650e-01
333	-5.7466737543e-01	-1.9174565328e-01	-3.8292172215e-01	2.3046954983e-01	0.0000000000e+00	-6.9699351203e-01	2.3897008609e-01	-2.7952827639e-01
334	-5.7466781537e-01	-1.9174580120e-01	-3.8292201417e-01	2.3046963612e-01	0.0000000000e+00	-6.9699404561e-01	2.3897026621e-01	-2.7952838105e-01
335	-5.7466819897e-01	-1.9174592912e-01	-3.8292226985e-01	2.3046970793e-01	0.0000000000e+00	-6.9699451086e-01	2.3897042591e-01	-2.7952846815e-01
336	-5.7466852349e-01	-1.9174603655e-01	-3.8292248693e-01	2.3046976315e-01	0.0000000000e+00	-6.9699490446e-01	2.3897056297e-01	-2.7952853512e-01
337	-5.7466878632e-01	-1.9174612301e-01	-3.8292266331e-01	2.3046979984e-01	0.0000000000e+00	-6.9699522324e-01	2.3897067537e-01	-2.7952857962e-01
338	-5.7466898544e-01	-1.9174618812e-01	-3.8292279732e-01	2.3046981649e-01	0.0000000000e+00	-6.9699546475e-01	2.3897076149e-01	-2.7952859982e-01
339	-5.7466911916e-01	-1.9174623158e-01	-3.8292288758e-01	2.3046981187e-01	0.0000000000e+00	-6.9699562693e-01	2.3897082000e-01	-2.7952859421e-01
340	-5.7466918705e-01	-1.9174625336e-01	-3.8292293368e-01	2.3046978557e-01	0.0000000000e+00	-6.9699570927e-01	2.3897085040e-01	-2.7952856231e-01
341	-5.7466919001e-01	-1.9174625381e-01	-3.8292293620e-01	2.3046973801e-01	0.0000000000e+00	-6.9699571286e-01	2.3897085299e-01	-2.7952850462e-01
342	-5.7466913037e-01	-1.9174623362e-01	-3.8292289675e-01	2.3046967042e-01	0.0000000000e+00	-6.9699564053e-01	2.3897082891e-01	-2.7952842265e-01
343	-5.7466901180e-01	-1.9174619387e-01	-3.8292281793e-01	2.3046958476e-01	0.0000000000e+00	-6.9699549672e-01	2.3897078007e-01	-2.7952831875e-01
344	-5.7466883916e-01	-1.9174613599e-01	-3.8292270317e-01	2.3046948358e-01	0.0000000000e+00	-6.9699528733e-01	2.3897070897e-01	-2.7952819604e-01
345	-5.7466861831e-01	-1.9174606171e-01	-3.8292255661e-01	2.3046936985e-01	0.0000000000e+00	-6.9699501947e-01	2.3897061863e-01	-2.7952805809e-01
346	-5.7466835568e-01	-1.9174597294e-01	-3.8292238274e-01	2.3046924669e-01	0.0000000000e+00	-6.9699470093e-01	2.3897051225e-01	-2.7952790872e-01
347	-5.7466805801e-01	-1.9174587175e-01	-3.8292218625e-01	2.3046911723e-01	0.0000000000e+00	-6.9699433990e-01	2.3897039312e-01	-2.7952775170e-01
348	-5.7466773206e-01	-1.9174576026e-01	-3.8292197180e-01	2.3046898440e-01	0.0000000000e+00	-6.9699394457e-01	2.3897026443e-01	-2.7952759060e-01
349	-5.7466738424e-01	-1.9174564051e-01	-3.8292174373e-01	2.3046885077e-01	0.0000000000e+00	-6.9699352271e-01	2.3897012902e-01	-2.7952742852e-01
350	-5.7466702036e-01	-1.9174551445e-01	-3.8292150591e-01	2.3046871840e-01	0.0000000000e+00	-6.9699308137e-01	2.3896998933e-01	-2.7952726797e-01
351	-5.7466664518e-01	-1.9174538373e-01	-3.8292126144e-01	2.3046858864e-01	0.0000000000e+00	-6.9699262632e-01	2.3896984714e-01	-2.7952711060e-01
352	-5.7466626364e-01	-1.9174525009e-01	-3.8292101355e-01	2.3046846296e-01	0.0000000000e+00	-6.9699216357e-01	2.3896970433e-01	-2.7952695816e-01
353	-5.7466587838e-01	-1.9174511463e-01	-3.8292076375e-01	2.3046834135e-01	0.0000000000e+00	-6.9699169630e-01	2.3896956141e-01	-2.7952681067e-01
354	-5.7466549196e-01	-1.9174497841e-01	-3.8292051356e-01	2.3046822390e-01	0.0000000000e+00	-6.9699122763e-01	2.3896941894e-01	-2.7952666822e-01
355	-5.7466510615e-01	-1.9174484224e-01	-3.8292026391e-01	2.3046811028e-01	0.0000000000e+00	-6.9699075969e-01	2.3896927708e-01	-2.7952653041e-01
356	-5.7466472214e-01	-1.9174470676e-01	-3.8292001538e-01	2.3046799997e-01	0.0000000000e+00	-6.9699029394e-01	2.3896913577e-01	-2.7952639662e-01
357	-5.7466434081e-01	-1.9174457246e-01	-3.8291976835e-01	2.3046789237e-01	0.0000000000e+00	-6.9698983144e-01	2.3896899486e-01	-2.7952626612e-01
358	-5.7466396287e-01	-1.9174443975e-01	-3.8291952312e-01	2.3046778696e-01	0.0000000000e+00	-6.9698937305e-01	2.3896885422e-01	-2.7952613827e-01
359	-5.7466358907e-01	-1.9174430899e-01	-3.8291928008e-01	2.3046768336e-01	0.0000000000e+00	-6.9698891969e-01	2.3896871386e-01	-2.7952601261e-01
360	-5.7466322035e-01	-1.9174418058e-01	-3.8291903977e-01	2.3046758144e-01	0.0000000000e+00	-6.9698847247e-01	2.3896857399e-01	-2.7952588900e-01
361	-5.7466285791e-01	-1.9174405493e-01	-3.8291880298e-01	2.3046748136e-01	0.0000000000e+00	-6.9698803288e-01	2.3896843505e-01	-2.7952576762e-01
362	-5.7466250330e-01	-1.9174393254e-01	-3.8291857076e-01	2.3046738356e-01	0.0000000000e+00	-6.9698760279e-01	2.3896829778e-01	-2.7952564899e-01
363	-5.7466215838e-01	-1.9174381395e-01	-3.8291834443e-01	2.3046728873e-01	0.0000000000e+00	-6.9698718445e-01	2.3896816310e-01	-2.7952553398e-01
364	-5.7466182556e-01	-1.9174369987e-01	-3.8291812569e-01	2.3046719787e-01	0.0000000000e+00	-6.9698678079e-01	2.3896803226e-01	-2.7952542378e-01
365	-5.7466150641e-01	-1.9174359073e-01	-3.8291791568e-01	2.3046711168e-01	0.0000000000e+00	-6.9698639370e-01	2.3896790618e-01	-2.7952531924e-01
366	-5.7466120401e-01	-1.9174348741e-01	-3.8291771660e-01	2.3046703159e-01	0.0000000000e+00	-6.9698602693e-01	2.3896778649e-01	-2.7952522210e-01
367	-5.7466092072e-01	-1.9174339062e-01	-3.8291753010e-01	2.3046695851e-01	0.0000000000e+00	-6.9698568333e-01	2.3896767434e-01	-2.7952513347e-01
368	-5.7466065829e-01	-1.9174330086e-01	-3.8291735744e-01	2.3046689324e-01	0.0000000000e+00	-6.9698536505e-01	2.3896757072e-01	-2.7952505430e-01
369	-5.7466041868e-01	-1.9174321870e-01	-3.8291719998e-01	2.3046683651e-01	0.0000000000e+00	-6.9698507443e-01	2.3896747659e-01	-2.7952498550e-01
370	-5.7466020323e-01	-1.9174314458e-01	-3.8291705865e-01	2.3046678876e-01	0.0000000000e+00	-6.9698481311e-01	2.3896739259e-01	-2.7952492758e-01
371	-5.7466001279e-01	-1.9174307878e-01	-3.8291693401e-01	2.3046675011e-01	0.0000000000e+00	-6.9698458214e-01	2.3896731905e-01	-2.7952488071e-01
372	-5.7465984772e-01	-1.9174302144e-01	-3.8291682627e-01	2.3046672043e-01	0.0000000000e+00	-6.9698438193e-01	2.3896725603e-01	-2.7952484471e-01
373	-5.7465970783e-01	-1.9174297258e-01	-3.8291673525e-01	2.3046669933e-01	0.0000000000e+00	-6.9698421226e-01	2.3896720334e-01	-2.7952481912e-01
374	-5.7465959248e-01	-1.9174293203e-01	-3.8291666045e-01	2.3046668620e-01	0.0000000000e+00	-6.9698407237e-01	2.3896716052e-01	-2.7952480320e-01
375	-5.7465950065e-01	-1.9174289954e-01	-3.8291660111e-01	2.3046668028e-01	0.0000000000e+00	-6.9698396098e-01	2.3896712696e-01	-2.7952479601e-01
376	-5.7465943097e-01	-1.9174287473e-01	-3.8291655624e-01	2.3046668069e-01	0.0000000000e+00	-6.9698387647e-01	2.3896710189e-01	-2.7952479650e-01
377	-5.7465938189e-01	-1.9174285715e-01	-3.8291652475e-01	2.3046668653e-01	0.0000000000e+00	-6.9698381695e-01	2.3896708450e-01	-2.7952480359e-01
378	-5.7465935179e-01	-1.9174284630e-01	-3.8291650549e-01	2.3046669694e-01	0.0000000000e+00	-6.9698378044e-01	2.3896707399e-01	-2.7952481622e-01
379	-5.7465933903e-01	-1.9174284168e-01	-3.8291649735e-01	2.3046671114e-01	0.0000000000e+00	-6.9698376496e-01	2.3896706959e-01	-2.7952483344e-01
380	-5.7465934204e-01	-1.9174284276e-01	-3.8291649928e-01	2.3046672847e-01	0.0000000000e+00	-6.9698376862e-01	2.3896707065e-01	-2.7952485446e-01
381	-5.7465935943e-01	-1.9174284907e-01	-3.8291651036e-01	2.3046674840e-01	0.0000000000e+00	-6.9698378971e-01	2.3896707662e-01	-2.7952487864e-01
382	-5.7465938997e-01	-1.9174286016e-01	-3.8291652981e-01	2.3046677059e-01	0.0000000000e+00	-6.9698382674e-01	2.3896708707e-01	-2.7952490554e-01
383	-5.7465943261e-01	-1.9174287562e-01	-3.8291655700e-01	2.3046679479e-01	0.0000000000e+00	-6.9698387847e-01	2.3896710172e-01	-2.7952493490e-01
384	-5.7465948652e-01	-1.9174289511e-01	-3.8291659141e-01	2.3046682092e-01	0.0000000000e+00	-6.9698394385e-01	2.3896712038e-01	-2.7952496659e-01
385	-5.7465955097e-01	-1.9174291831e-01	-3.8291663266e-01	2.3046684894e-01	0.0000000000e+00	-6.9698402202e-01	2.3896714293e-01	-2.7952500058e-01
386	-5.7465962537e-01	-1.9174294496e-01	-3.8291668041e-01	2.3046687891e-01	0.0000000000e+00	-6.9698411225e-01	2.3896716932e-01	-2.7952503693e-01
387	-5.7465970917e-01	-1.9174297479e-01	-3.8291673438e-01	2.3046691087e-01	0.0000000000e+00	-6.9698421389e-01	2.3896719948e-01	-2.7952507569e-01
388	-5.7465980180e-01	-1.9174300757e-01	-3.8291679424e-01	2.3046694483e-01	0.0000000000e+00	-6.9698432624e-01	2.3896723334e-01	-2.7952511688e-01
389	-5.7465990266e-01	-1.9174304303e-01	-3.8291685962e-01	2.3046698075e-01	0.0000000000e+00	-6.9698444856e-01	2.3896727074e-01	-2.7952516045e-01
390	-5.7466001102e-01	-1.9174308092e-01	-3.8291693010e-01	2.3046701852e-01	0.0000000000e+00	-6.9698457999e-01	2.3896731147e-01	-2.7952520625e-01
391	-5.7466012612e-01	-1.9174312096e-01	-3.8291700517e-01	2.3046705796e-01	0.0000000000e+00	-6.9698471960e-01	2.3896735527e-01	-2.7952525409e-01
392	-5.7466024677e-01	-1.9174316275e-01	-3.8291708401e-01	2.3046709861e-01	0.0000000000e+00	-6.9698486592e-01	2.3896740157e-01	-2.7952530339e-01
393	-5.7466037203e-01	-1.9174320600e-01	-3.8291716602e-01	2.3046714020e-01	0.0000000000e+00	-6.9698501785e-01	2.3896745003e-01	-2.7952535384e-01
394	-5.7466050066e-01	-1.9174325031e-01	-3.8291725034e-01	2.3046718225e-01	0.0000000000e+00	-6.9698517386e-01	2.3896750004e-01	-2.7952540484e-01
395	-5.7466063135e-01	-1.9174329527e-01	-3.8291733608e-01	2.3046722424e-01	0.0000000000e+00	-6.9698533237e-01	2.3896755100e-01	-2.7952545577e-01
396	-5.7466076277e-01	-1.9174334046e-01	-3.8291742230e-01	2.3046726566e-01	0.0000000000e+00	-6.9698549176e-01	2.3896760230e-01	-2.7952550600e-01
397	-5.7466089359e-01	-1.9174338547e-01	-3.8291750812e-01	2.3046730600e-01	0.0000000000e+00	-6.9698565044e-01	2.3896765331e-01	-2.7952555492e-01
398	-5.7466102257e-01	-1.9174342990e-01	-3.8291759267e-01	2.3046734479e-01	0.0000000000e+00	-6.9698580686e-01	2.3896770346e-01	-2.7952560197e-01
399	-5.7466114852e-01	-1.9174347336e-01	-3.8291767516e-01	2.3046738164e-01	0.0000000000e+00	-6.9698595963e-01	2.3896775225e-01	-2.7952564667e-01
400	-5.7466127043e-01	-1.9174351552e-01	-3.8291775491e-01	2.3046741624e-01	0.0000000000e+00	-6.9698610749e-01	2.3896779924e-01	-2.7952568863e-01
401	-5.7466138744e-01	-1.9174355608e-01	-3.8291783136e-01	2.3046744837e-01	0.0000000000e+00	-6.9698624940e-01	2.3896784410e-01	-2.7952572760e-01
402	-5.7466149886e-01	-1.9174359480e-01	-3.8291790406e-01	2.3046747790e-01	0.0000000000e+00	-6.9698638454e-01	2.3896788658e-01	-2.7952576342e-01
403	-5.7466160409e-01	-1.9174363145e-01	-3.8291797265e-01	2.3046750478e-01	0.0000000000e+00	-6.9698651218e-01	2.3896792650e-01	-2.7952579602e-01
404	-5.7466170307e-01	-1.9174366597e-01	-3.8291803710e-01	2.3046752914e-01	0.0000000000e+00	-6.9698663222e-01	2.3896796391e-01	-2.7952582557e-01
405	-5.7466179536e-01	-1.9174369821e-01	-3.8291809715e-01	2.3046755097e-01	0.0000000000e+00	-6.9698674415e-01	2.3896799867e-01	-2.7952585205e-01
406	-5.7466188086e-01	-1.9174372809e-01	-3.8291815277e-01	2.3046757044e-01	0.0000000000e+00	-6.9698684785e-01	2.3896803085e-01	-2.7952587566e-01
407	-5.7466195971e-01	-1.9174375563e-01	-3.8291820409e-01	2.3046758774e-01	0.0000000000e+00	-6.9698694350e-01	2.3896806057e-01	-2.7952589664e-01
408	-5.7466203196e-01	-1.9174378082e-01	-3.8291825113e-01	2.3046760302e-01	0.0000000000e+00	-6.9698703112e-01	2.3896808789e-01	-2.7952591518e-01
409	-5.7466209769e-01	-1.9174380369e-01	-3.8291829400e-01	2.3046761643e-01	0.0000000000e+00	-6.9698711085e-01	2.3896811289e-01	-2.7952593143e-01
410	-5.7466215705e-01	-1.9174382427e-01	-3.8291833278e-01	2.3046762809e-01	0.0000000000e+00	-6.9698718283e-01	2.3896813565e-01	-2.7952594557e-01
411	-5.7466221012e-01	-1.9174384258e-01	-3.8291836754e-01	2.3046763808e-01	0.0000000000e+00	-6.9698724720e-01	2.3896815620e-01	-2.7952595770e-01
412	-5.7466225699e-01	-1.9174385867e-01	-3.8291839832e-01	2.3046764647e-01	0.0000000000e+00	-6.9698730405e-01	2.3896817456e-01	-2.7952596788e-01
413	-5.7466229771e-01	-1.9174387257e-01	-3.8291842514e-01	2.3046765328e-01	0.0000000000e+00	-6.9698735344e-01	2.3896819072e-01	-2.7952597613e-01
414	-5.7466233232e-01	-1.9174388430e-01	-3.8291844802e-01	2.3046765848e-01	0.0000000000e+00	-6.9698739542e-01	2.3896820464e-01	-2.7952598244e-01
415	-5.7466236083e-01	-1.9174389390e-01	-3.8291846693e-01	2.3046766206e-01	0.0000000000e+00	-6.9698742999e-01	2.3896821629e-01	-2.7952598677e-01
416	-5.7466238325e-01	-1.9174390138e-01	-3.8291848187e-01	2.3046766397e-01	0.0000000000e+00	-6.9698745719e-01	2.3896822561e-01	-2.7952598909e-01
417	-5.7466239962e-01	-1.9174390678e-01	-3.8291849284e-01	2.3046766419e-01	0.0000000000e+00	-6.9698747704e-01	2.3896823257e-01	-2.7952598936e-01
418	-5.7466241000e-01	-1.9174391014e-01	-3.8291849986e-01	2.3046766270e-01	0.0000000000e+00	-6.9698748963e-01	2.3896823715e-01	-2.7952598755e-01
419	-5.7466241450e-01	-1.9174391150e-01	-3.8291850300e-01	2.3046765953e-01	0.0000000000e+00	-6.9698749509e-01	2.3896823937e-01	-2.7952598370e-01
420	-5.7466241328e-01	-1.9174391094e-01	-3.8291850234e-01	2.3046765468e-01	0.0000000000e+00	-6.9698749361e-01	2.3896823924e-01	-2.7952597783e-01
421	-5.7466240656e-01	-1.9174390853e-01	-3.8291849803e-01	2.3046764827e-01	0.0000000000e+00	-6.9698748545e-01	2.3896823688e-01	-2.7952597005e-01
422	-5.7466239464e-01	-1.9174390437e-01	-3.8291849028e-01	2.3046764040e-01	0.0000000000e+00	-6.9698747101e-01	2.3896823239e-01	-2.7952596050e-01
423	-5.7466237790e-01	-1.9174389858e-01	-3.8291847933e-01	2.3046763122e-01	0.0000000000e+00	-6.9698745070e-01	2.3896822594e-01	-2.7952594937e-01
424	-5.7466235675e-01	-1.9174389129e-01	-3.8291846546e-01	2.3046762091e-01	0.0000000000e+00	-6.9698742505e-01	2.3896821771e-01	-2.7952593687e-01
425	-5.7466233165e-01	-1.9174388266e-01	-3.8291844900e-01	2.3046760966e-01	0.0000000000e+00	-6.9698739460e-01	2.3896820792e-01	-2.7952592322e-01
426	-5.7466230311e-01	-1.9174387283e-01	-3.8291843027e-01	2.3046759768e-01	0.0000000000e+00	-6.9698735998e-01	2.3896819680e-01	-2.7952590869e-01
427	-5.7466227162e-01	-1.9174386199e-01	-3.8291840963e-01	2.3046758516e-01	0.0000000000e+00	-6.9698732179e-01	2.3896818455e-01	-2.7952589351e-01
428	-5.7466223769e-01	-1.9174385028e-01	-3.8291838742e-01	2.3046757231e-01	0.0000000000e+00	-6.9698728065e-01	2.3896817142e-01	-2.7952587792e-01
429	-5.7466220179e-01	-1.9174383786e-01	-3.8291836393e-01	2.3046755926e-01	0.0000000000e+00	-6.9698723709e-01	2.3896815758e-01	-2.7952586210e-01
430	-5.7466216447e-01	-1.9174382492e-01	-3.8291833955e-01	2.3046754626e-01	0.0000000000e+00	-6.9698719184e-01	2.3896814329e-01	-2.7952584633e-01
431	-5.7466212607e-01	-1.9174381157e-01	-3.8291831450e-01	2.3046753336e-01	0.0000000000e+00	-6.9698714526e-01	2.3896812866e-01	-2.7952583068e-01
432	-5.7466208699e-01	-1.9174379796e-01	-3.8291828903e-01	2.3046752067e-01	0.0000000000e+00	-6.9698709786e-01	2.3896811383e-01	-2.7952581529e-01
433	-5.7466204754e-01	-1.9174378420e-01	-3.8291826334e-01	2.3046750826e-01	0.0000000000e+00	-6.9698705002e-01	2.3896809893e-01	-2.7952580024e-01
434	-5.7466200803e-01	-1.9174377040e-01	-3.8291823763e-01	2.3046749619e-01	0.0000000000e+00	-6.9698700210e-01	2.3896808403e-01	-2.7952578560e-01
435	-5.7466196868e-01	-1.9174375665e-01	-3.8291821203e-01	2.3046748448e-01	0.0000000000e+00	-6.9698695438e-01	2.3896806922e-01	-2.7952577140e-01
436	-5.7466192971e-01	-1.9174374304e-01	-3.8291818668e-01	2.3046747314e-01	0.0000000000e+00	-6.9698690711e-01	2.3896805455e-01	-2.7952575765e-01
437	-5.7466189129e-01	-1.9174372962e-01	-3.8291816167e-01	2.3046746218e-01	0.0000000000e+00	-6.9698686050e-01	2.3896804006e-01	-2.7952574436e-01
438	-5.7466185357e-01	-1.9174371647e-01	-3.8291813710e-01	2.3046745161e-01	0.0000000000e+00	-6.9698681476e-01	2.3896802579e-01	-2.7952573154e-01
439	-5.7466181671e-01	-1.9174370364e-01	-3.8291811307e-01	2.3046744143e-01	0.0000000000e+00	-6.9698677006e-01	2.3896801179e-01	-2.7952571919e-01
440	-5.7466178085e-01	-1.9174369118e-01	-3.8291808967e-01	2.3046743166e-01	0.0000000000e+00	-6.9698672656e-01	2.3896799811e-01	-2.7952570734e-01
441	-5.7466174613e-01	-1.9174367915e-01	-3.8291806698e-01	2.3046742231e-01	0.0000000000e+00	-6.9698668445e-01	2.3896798480e-01	-2.7952569600e-01
442	-5.7466171270e-01	-1.9174366758e-01	-3.8291804511e-01	2.3046741342e-01	0.0000000000e+00	-6.9698664390e-01	2.3896797191e-01	-2.7952568522e-01
443	-5.7466168070e-01	-1.9174365654e-01	-3.8291802416e-01	2.3046740503e-01	0.0000000000e+00	-6.9698660509e-01	2.3896795953e-01	-2.7952567503e-01
444	-5.7466165029e-01	-1.9174364606e-01	-3.8291800423e-01	2.3046739718e-01	0.0000000000e+00	-6.9698656820e-01	2.3896794771e-01	-2.7952566552e-01
445	-5.7466162163e-01	-1.9174363620e-01	-3.8291798543e-01	2.3046738994e-01	0.0000000000e+00	-6.9698653345e-01	2.3896793654e-01	-2.7952565673e-01
446	-5.7466159482e-01	-1.9174362699e-01	-3.8291796783e-01	2.3046738331e-01	0.0000000000e+00	-6.9698650093e-01	2.3896792606e-01	-2.7952564870e-01
447	-5.7466157003e-01	-1.9174361847e-01	-3.8291795156e-01	2.3046737738e-01	0.0000000000e+00	-6.9698647086e-01	2.3896791636e-01	-2.7952564151e-01
448	-5.7466154737e-01	-1.9174361068e-01	-3.8291793669e-01	2.3046737218e-01	0.0000000000e+00	-6.9698644337e-01	2.3896790750e-01	-2.7952563520e-01
449	-5.7466152692e-01	-1.9174360365e-01	-3.8291792327e-01	2.3046736773e-01	0.0000000000e+00	-6.9698641857e-01	2.3896789952e-01	-2.7952562979e-01
450	-5.7466150874e-01	-1.9174359739e-01	-3.8291791135e-01	2.3046736404e-01	0.0000000000e+00	-6.9698639652e-01	2.3896789245e-01	-2.7952562532e-01
451	-5.7466149286e-01	-1.9174359191e-01	-3.8291790095e-01	2.3046736110e-01	0.0000000000e+00	-6.9698637727e-01	2.3896788630e-01	-2.7952562176e-01
452	-5.7466147930e-01	-1.9174358722e-01	-3.8291789208e-01	2.3046735892e-01	0.0000000000e+00	-6.9698636082e-01	2.3896788107e-01	-2.7952561911e-01
453	-5.7466146801e-01	-1.9174358331e-01	-3.8291788470e-01	2.3046735744e-01	0.0000000000e+00	-6.9698634712e-01	2.3896787675e-01	-2.7952561732e-01
454	-5.7466145894e-01	-1.9174358015e-01	-3.8291787879e-01	2.3046735665e-01	0.0000000000e+00	-6.9698633612e-01	2.3896787330e-01	-2.7952561636e-01
455	-5.7466145201e-01	-1.9174357773e-01	-3.8291787427e-01	2.3046735647e-01	0.0000000000e+00	-6.9698632772e-01	2.3896787068e-01	-2.7952561614e-01
456	-5.7466144711e-01	-1.9174357602e-01	-3.8291787109e-01	2.3046735686e-01	0.0000000000e+00	-6.9698632178e-01	2.3896786884e-01	-2.7952561661e-01
457	-5.7466144413e-01	-1.9174357497e-01	-3.8291786916e-01	2.3046735776e-01	0.0000000000e+00	-6.9698631817e-01	2.3896786773e-01	-2.7952561770e-01
458	-5.7466144295e-01	-1.9174357456e-01	-3.8291786839e-01	2.3046735911e-01	0.0000000000e+00	-6.9698631673e-01	2.3896786729e-01	-2.7952561934e-01
459	-5.7466144343e-01	-1.9174357473e-01	-3.8291786870e-01	2.3046736084e-01	0.0000000000e+00	-6.9698631731e-01	2.3896786747e-01	-2.7952562144e-01
460	-5.7466144545e-01	-1.9174357544e-01	-3.8291787001e-01	2.3046736293e-01	0.0000000000e+00	-6.9698631976e-01	2.3896786822e-01	-2.7952562397e-01
461	-5.7466144887e-01	-1.9174357664e-01	-3.8291787222e-01	2.3046736530e-01	0.0000000000e+00	-6.9698632391e-01	2.3896786947e-01	-2.7952562685e-01
462	-5.7466145358e-01	-1.9174357831e-01	-3.8291787527e-01	2.3046736794e-01	0.0000000000e+00	-6.9698632962e-01	2.3896787120e-01	-2.7952563005e-01
463	-5.7466145946e-01	-1.9174358039e-01	-3.8291787907e-01	2.3046737079e-01	0.0000000000e+00	-6.9698633676e-01	2.3896787336e-01	-2.7952563351e-01
464	-5.7466146642e-01	-1.9174358285e-01	-3.8291788358e-01	2.3046737386e-01	0.0000000000e+00	-6.9698634520e-01	2.3896787591e-01	-2.7952563723e-01
465	-5.7466147432e-01	-1.9174358564e-01	-3.8291788869e-01	2.3046737707e-01	0.0000000000e+00	-6.9698635478e-01	2.3896787881e-01	-2.7952564113e-01
466	-5.7466148315e-01	-1.9174358874e-01	-3.8291789441e-01	2.3046738049e-01	0.0000000000e+00	-6.9698636549e-01	2.3896788208e-01	-2.7952564527e-01
467	-5.7466149276e-01	-1.9174359212e-01	-3.8291790064e-01	2.3046738403e-01	0.0000000000e+00	-6.9698637714e-01	2.3896788566e-01	-2.7952564957e-01
468	-5.7466150307e-01	-1.9174359573e-01	-3.8291790734e-01	2.3046738770e-01	0.0000000000e+00	-6.9698638965e-01	2.3896788952e-01	-2.7952565402e-01
469	-5.7466151400e-01	-1.9174359955e-01	-3.8291791445e-01	2.3046739147e-01	0.0000000000e+00	-6.9698640290e-01	2.3896789363e-01	-2.7952565859e-01
470	-5.7466152545e-01	-1.9174360354e-01	-3.8291792191e-01	2.3046739534e-01	0.0000000000e+00	-6.9698641680e-01	2.3896789796e-01	-2.7952566329e-01
