# Time           	totalLift        	frontLift        	rearLift         	drag             	side             	Xmoment          	Ymoment          	Zmoment          
1	-1.8500099903e-01	5.9356249535e-02	-2.4435724857e-01	4.1060424555e-01	0.0000000000e+00	-2.2438100723e-01	3.7964187263e-01	-4.9800700899e-01
2	-2.9787570757e-01	-4.7129756324e-02	-2.5074595124e-01	1.4417055622e-01	0.0000000000e+00	-3.6128265059e-01	2.5452024365e-01	-1.7485924284e-01
3	-2.2917720817e-01	-4.7213431406e-02	-1.8196377677e-01	6.9099005825e-02	0.0000000000e+00	-2.7796073033e-01	1.6843793170e-01	-8.3807679992e-02
4	-2.1093441333e-01	-4.5118037773e-02	-1.6581637556e-01	5.6441424538e-02	0.0000000000e+00	-2.5583470559e-01	1.5087292223e-01	-6.8455758365e-02
5	-2.1425465312e-01	-4.6585930572e-02	-1.6766872254e-01	5.5125574550e-02	0.0000000000e+00	-2.5986170410e-01	1.5135348996e-01	-6.6859811601e-02
6	-2.2238927169e-01	-4.9217713347e-02	-1.7317155835e-01	5.5287307212e-02	0.0000000000e+00	-2.6972788817e-01	1.5494230625e-01	-6.7055971286e-02
7	-2.2763172833e-01	-5.1111514527e-02	-1.7652021380e-01	5.4832997582e-02	0.0000000000e+00	-2.7608627384e-01	1.5676087410e-01	-6.6504955600e-02
8	-2.3297172828e-01	-5.3043419785e-02	-1.7992830850e-01	5.4518224562e-02	0.0000000000e+00	-2.8256296625e-01	1.5860611089e-01	-6.6123178811e-02
9	-2.3851296048e-01	-5.5109383808e-02	-1.8340357667e-01	5.4085861497e-02	0.0000000000e+00	-2.8928372597e-01	1.6036774108e-01	-6.5598781319e-02
10	-2.4393770804e-01	-5.7218206672e-02	-1.8671950137e-01	5.3545544087e-02	0.0000000000e+00	-2.9586320570e-01	1.6187661838e-01	-6.4943449914e-02
11	-2.4947910536e-01	-5.9418256211e-02	-1.9006084914e-01	5.2909125571e-02	0.0000000000e+00	-3.0258416567e-01	1.6330324117e-01	-6.4171560960e-02
12	-2.5501541787e-01	-6.1671525788e-02	-1.9334389208e-01	5.2172889520e-02	0.0000000000e+00	-3.0929895848e-01	1.6459045787e-01	-6.3278606935e-02
13	-2.6050206582e-01	-6.3934419041e-02	-1.9656764678e-01	5.1366613074e-02	0.0000000000e+00	-3.1595351495e-01	1.6579153467e-01	-6.2300703453e-02
14	-2.6578523810e-01	-6.6168620802e-02	-1.9961661730e-01	5.0496029288e-02	0.0000000000e+00	-3.2236128315e-01	1.6680999563e-01	-6.1244803929e-02
15	-2.7101367851e-01	-6.8433503272e-02	-2.0258017524e-01	4.9531017357e-02	0.0000000000e+00	-3.2870266903e-01	1.6768333996e-01	-6.0074375930e-02
16	-2.7611167926e-01	-7.0690702879e-02	-2.0542097639e-01	4.8477653192e-02	0.0000000000e+00	-3.3488584939e-01	1.6841284188e-01	-5.8796788709e-02
17	-2.8071996472e-01	-7.2775706860e-02	-2.0794425786e-01	4.7382419492e-02	0.0000000000e+00	-3.4047507181e-01	1.6896068874e-01	-5.7468419446e-02
18	-2.8532953331e-01	-7.4824276659e-02	-2.1050525665e-01	4.6324980177e-02	0.0000000000e+00	-3.4606585050e-01	1.6960122499e-01	-5.6185889622e-02
19	-2.8989427012e-01	-7.6828619077e-02	-2.1306565104e-01	4.5320520191e-02	0.0000000000e+00	-3.5160225436e-01	1.7029628996e-01	-5.4967616508e-02
20	-2.9442084676e-01	-7.8797743140e-02	-2.1562310362e-01	4.4363628682e-02	0.0000000000e+00	-3.5709237512e-01	1.7103170060e-01	-5.3807037475e-02
21	-2.9905359709e-01	-8.0760557330e-02	-2.1829303976e-01	4.3463921940e-02	0.0000000000e+00	-3.6271127010e-01	1.7191560304e-01	-5.2715815773e-02
22	-3.0362712345e-01	-8.2664512061e-02	-2.2096261139e-01	4.2629154419e-02	0.0000000000e+00	-3.6825833447e-01	1.7287262416e-01	-5.1703356499e-02
23	-3.0816237692e-01	-8.4517763962e-02	-2.2364461296e-01	4.1858918860e-02	0.0000000000e+00	-3.7375897905e-01	1.7390856124e-01	-5.0769165703e-02
24	-3.1274637319e-01	-8.6351341527e-02	-2.2639503167e-01	4.1152705590e-02	0.0000000000e+00	-3.7931874200e-01	1.7505461267e-01	-4.9912625222e-02
25	-3.1734516829e-01	-8.8149673428e-02	-2.2919549486e-01	4.0525191473e-02	0.0000000000e+00	-3.8489645392e-01	1.7630727680e-01	-4.9151536091e-02
26	-3.2190655689e-01	-8.9900758930e-02	-2.3200579796e-01	3.9964128159e-02	0.0000000000e+00	-3.9042879685e-01	1.7763129879e-01	-4.8471042729e-02
27	-3.2640880547e-01	-9.1599443657e-02	-2.3480936182e-01	3.9466357569e-02	0.0000000000e+00	-3.9588941099e-01	1.7901239770e-01	-4.7867314821e-02
28	-3.3075475988e-01	-9.3219328534e-02	-2.3753543134e-01	3.9018670797e-02	0.0000000000e+00	-4.0116046159e-01	1.8039512851e-01	-4.7324331759e-02
29	-3.3482116949e-01	-9.4719547985e-02	-2.4010162150e-01	3.8637302441e-02	0.0000000000e+00	-4.0609246243e-01	1.8172759189e-01	-4.6861783902e-02
30	-3.3886574133e-01	-9.6183832443e-02	-2.4268190889e-01	3.8298233222e-02	0.0000000000e+00	-4.1099797705e-01	1.8312259556e-01	-4.6450539134e-02
31	-3.4287367166e-01	-9.7612154265e-02	-2.4526151740e-01	3.7991020837e-02	0.0000000000e+00	-4.1585905049e-01	1.8456170391e-01	-4.6077932365e-02
32	-3.4677836769e-01	-9.8988852557e-02	-2.4778951513e-01	3.7708498788e-02	0.0000000000e+00	-4.2059491480e-01	1.8600082822e-01	-4.5735271611e-02
33	-3.5061685474e-01	-1.0033209188e-01	-2.5028476285e-01	3.7443953035e-02	0.0000000000e+00	-4.2525047663e-01	1.8744083871e-01	-4.5414413654e-02
34	-3.5434849831e-01	-1.0162899807e-01	-2.5271950024e-01	3.7204084680e-02	0.0000000000e+00	-4.2977645189e-01	1.8886312772e-01	-4.5123486019e-02
35	-3.5797400712e-01	-1.0288349402e-01	-2.5509051310e-01	3.6985293180e-02	0.0000000000e+00	-4.3417370013e-01	1.9025877385e-01	-4.4858121737e-02
36	-3.6148664285e-01	-1.0409873001e-01	-2.5738791284e-01	3.6777458914e-02	0.0000000000e+00	-4.3843404870e-01	1.9161147853e-01	-4.4606047088e-02
37	-3.6488000542e-01	-1.0527381701e-01	-2.5960618841e-01	3.6572262884e-02	0.0000000000e+00	-4.4254973519e-01	1.9291546424e-01	-4.4357172260e-02
38	-3.6818161650e-01	-1.0641867398e-01	-2.6176294252e-01	3.6364770114e-02	0.0000000000e+00	-4.4655413962e-01	1.9418033567e-01	-4.4105511799e-02
39	-3.7136375550e-01	-1.0752822169e-01	-2.6383553382e-01	3.6157677738e-02	0.0000000000e+00	-4.5041364070e-01	1.9538414016e-01	-4.3854336961e-02
40	-3.7441215807e-01	-1.0859373481e-01	-2.6581842326e-01	3.5955852301e-02	0.0000000000e+00	-4.5411093769e-01	1.9653086055e-01	-4.3609550203e-02
41	-3.7745045094e-01	-1.0965654099e-01	-2.6779390995e-01	3.5765309584e-02	0.0000000000e+00	-4.5779597300e-01	1.9767171121e-01	-4.3378447847e-02
42	-3.8035267145e-01	-1.1067704627e-01	-2.6967562518e-01	3.5578002917e-02	0.0000000000e+00	-4.6131597109e-01	1.9874822364e-01	-4.3151270379e-02
43	-3.8311957060e-01	-1.1165171735e-01	-2.7146785325e-01	3.5395719741e-02	0.0000000000e+00	-4.6467184280e-01	1.9977016987e-01	-4.2930185721e-02
44	-3.8580686558e-01	-1.1259860025e-01	-2.7320826533e-01	3.5214713484e-02	0.0000000000e+00	-4.6793116548e-01	2.0076208134e-01	-4.2710649790e-02
45	-3.8841303256e-01	-1.1351720697e-01	-2.7489582559e-01	3.5038015427e-02	0.0000000000e+00	-4.7109209096e-01	2.0172327327e-01	-4.2496339121e-02
46	-3.9094455876e-01	-1.1441037320e-01	-2.7653418556e-01	3.4863333332e-02	0.0000000000e+00	-4.7416248735e-01	2.0265476546e-01	-4.2284473538e-02
47	-3.9339899398e-01	-1.1527842658e-01	-2.7812056740e-01	3.4689196417e-02	0.0000000000e+00	-4.7713938288e-01	2.0355267602e-01	-4.2073269186e-02
48	-3.9578189335e-01	-1.1612275195e-01	-2.7965914140e-01	3.4516874805e-02	0.0000000000e+00	-4.8002951517e-01	2.0442048681e-01	-4.1864266547e-02
49	-3.9809438754e-01	-1.1694380361e-01	-2.8115058393e-01	3.4346411591e-02	0.0000000000e+00	-4.8283425557e-01	2.0525847540e-01	-4.1657517892e-02
50	-4.0032868480e-01	-1.1773921289e-01	-2.8258947191e-01	3.4177562918e-02	0.0000000000e+00	-4.8554415374e-01	2.0606282377e-01	-4.1452727456e-02
51	-4.0248927491e-01	-1.1850965128e-01	-2.8397962363e-01	3.4012757747e-02	0.0000000000e+00	-4.8816465519e-01	2.0683746544e-01	-4.1252841236e-02
52	-4.0458995970e-01	-1.1925959725e-01	-2.8533036246e-01	3.3850595807e-02	0.0000000000e+00	-4.9071249964e-01	2.0758845651e-01	-4.1056160897e-02
53	-4.0661966883e-01	-1.1998553148e-01	-2.8663413735e-01	3.3692755190e-02	0.0000000000e+00	-4.9317426028e-01	2.0831075735e-01	-4.0864721732e-02
54	-4.0856582751e-01	-1.2068144610e-01	-2.8788438140e-01	3.3546598336e-02	0.0000000000e+00	-4.9553468561e-01	2.0900366912e-01	-4.0687453380e-02
55	-4.1049001170e-01	-1.2137080436e-01	-2.8911920734e-01	3.3398767652e-02	0.0000000000e+00	-4.9786845889e-01	2.0968550372e-01	-4.0508154902e-02
56	-4.1236004042e-01	-1.2204325143e-01	-2.9031678899e-01	3.3250366605e-02	0.0000000000e+00	-5.0013654895e-01	2.1034192196e-01	-4.0328164650e-02
57	-4.1417741230e-01	-1.2269904076e-01	-2.9147837154e-01	3.3100056249e-02	0.0000000000e+00	-5.0234077344e-01	2.1097416347e-01	-4.0145858667e-02
58	-4.1593118595e-01	-1.2333348864e-01	-2.9259769732e-01	3.2952580198e-02	0.0000000000e+00	-5.0446786195e-01	2.1158026085e-01	-3.9966990309e-02
59	-4.1761414983e-01	-1.2394356792e-01	-2.9367058191e-01	3.2810334893e-02	0.0000000000e+00	-5.0650906785e-01	2.1215876748e-01	-3.9794466134e-02
60	-4.1923885313e-01	-1.2453410342e-01	-2.9470474970e-01	3.2666806434e-02	0.0000000000e+00	-5.0847961159e-01	2.1271330785e-01	-3.9620385667e-02
61	-4.2086618946e-01	-1.2512730898e-01	-2.9573888048e-01	3.2509280617e-02	0.0000000000e+00	-5.1045334886e-01	2.1326446438e-01	-3.9429328313e-02
62	-4.2241463575e-01	-1.2569356551e-01	-2.9672107024e-01	3.2358065842e-02	0.0000000000e+00	-5.1233140325e-01	2.1378438092e-01	-3.9245925392e-02
63	-4.2387315265e-01	-1.2622772927e-01	-2.9764542338e-01	3.2217788185e-02	0.0000000000e+00	-5.1410038553e-01	2.1427211763e-01	-3.9075787706e-02
64	-4.2523334605e-01	-1.2672570467e-01	-2.9850764138e-01	3.2091892800e-02	0.0000000000e+00	-5.1575011482e-01	2.1472742089e-01	-3.8923093756e-02
65	-4.2652713048e-01	-1.2719961134e-01	-2.9932751914e-01	3.1973956527e-02	0.0000000000e+00	-5.1731929907e-01	2.1515988474e-01	-3.8780053124e-02
66	-4.2776143656e-01	-1.2765240089e-01	-3.0010903567e-01	3.1861745611e-02	0.0000000000e+00	-5.1881634418e-01	2.1557079348e-01	-3.8643956571e-02
67	-4.2893657999e-01	-1.2808420905e-01	-3.0085237094e-01	3.1754801255e-02	0.0000000000e+00	-5.2024163306e-01	2.1596020237e-01	-3.8514247637e-02
68	-4.3005762345e-01	-1.2849639394e-01	-3.0156122951e-01	3.1653272151e-02	0.0000000000e+00	-5.2160130604e-01	2.1633104447e-01	-3.8391106666e-02
69	-4.3112178310e-01	-1.2888822958e-01	-3.0223355351e-01	3.1556833725e-02	0.0000000000e+00	-5.2289198671e-01	2.1668165491e-01	-3.8274139994e-02
70	-4.3212754028e-01	-1.2925858002e-01	-3.0286896026e-01	3.1465130983e-02	0.0000000000e+00	-5.2411183316e-01	2.1701297530e-01	-3.8162917062e-02
71	-4.3307921315e-01	-1.2960885940e-01	-3.0347035375e-01	3.1378794298e-02	0.0000000000e+00	-5.2526608268e-01	2.1732686794e-01	-3.8058202425e-02
72	-4.3397906387e-01	-1.2993995660e-01	-3.0403910726e-01	3.1297859566e-02	0.0000000000e+00	-5.2635747901e-01	2.1762393832e-01	-3.7960039622e-02
73	-4.3482829122e-01	-1.3025229374e-01	-3.0457599748e-01	3.1222538073e-02	0.0000000000e+00	-5.2738747609e-01	2.1790462968e-01	-3.7868684913e-02
74	-4.3562700507e-01	-1.3054581114e-01	-3.0508119393e-01	3.1152515431e-02	0.0000000000e+00	-5.2835620718e-01	2.1816922848e-01	-3.7783756988e-02
75	-4.3638080567e-01	-1.3082245835e-01	-3.0555834733e-01	3.1087330707e-02	0.0000000000e+00	-5.2927046461e-01	2.1841986122e-01	-3.7704696798e-02
76	-4.3709122776e-01	-1.3108291529e-01	-3.0600831247e-01	3.1027971866e-02	0.0000000000e+00	-5.3013210981e-01	2.1865674647e-01	-3.7632702611e-02
77	-4.3776199183e-01	-1.3132821018e-01	-3.0643378165e-01	3.0973828751e-02	0.0000000000e+00	-5.3094565524e-01	2.1888196433e-01	-3.7567034390e-02
78	-4.3839759962e-01	-1.3155962943e-01	-3.0683797019e-01	3.0924283346e-02	0.0000000000e+00	-5.3171656089e-01	2.1909792596e-01	-3.7506942563e-02
79	-4.3900288369e-01	-1.3177903981e-01	-3.0722384388e-01	3.0878745819e-02	0.0000000000e+00	-5.3245068801e-01	2.1930600509e-01	-3.7451711747e-02
80	-4.3957995201e-01	-1.3198741919e-01	-3.0759253283e-01	3.0836935214e-02	0.0000000000e+00	-5.3315059326e-01	2.1950639205e-01	-3.7401001180e-02
81	-4.4013114233e-01	-1.3218561371e-01	-3.0794552862e-01	3.0798486080e-02	0.0000000000e+00	-5.3381911202e-01	2.1969989363e-01	-3.7354367618e-02
82	-4.4066109750e-01	-1.3237536613e-01	-3.0828573137e-01	3.0762772103e-02	0.0000000000e+00	-5.3446187545e-01	2.1988795654e-01	-3.7311051430e-02
83	-4.4117294774e-01	-1.3255789251e-01	-3.0861505523e-01	3.0729291575e-02	0.0000000000e+00	-5.3508268005e-01	2.2007145341e-01	-3.7270444111e-02
84	-4.4166778512e-01	-1.3273372953e-01	-3.0893405559e-01	3.0697772319e-02	0.0000000000e+00	-5.3568285037e-01	2.2025040758e-01	-3.7232215548e-02
85	-4.4214736955e-01	-1.3290364246e-01	-3.0924372709e-01	3.0667875976e-02	0.0000000000e+00	-5.3626452095e-01	2.2042510579e-01	-3.7195955357e-02
86	-4.4261410320e-01	-1.3306856420e-01	-3.0954553900e-01	3.0639236268e-02	0.0000000000e+00	-5.3683060528e-01	2.2059621850e-01	-3.7161219293e-02
87	-4.4306986440e-01	-1.3322929485e-01	-3.0984056955e-01	3.0611483661e-02	0.0000000000e+00	-5.3738338152e-01	2.2076409337e-01	-3.7127559162e-02
88	-4.4351669453e-01	-1.3338665270e-01	-3.1013004184e-01	3.0584261949e-02	0.0000000000e+00	-5.3792532560e-01	2.2092923643e-01	-3.7094542933e-02
89	-4.4395529479e-01	-1.3354101632e-01	-3.1041427847e-01	3.0557911429e-02	0.0000000000e+00	-5.3845728795e-01	2.2109157769e-01	-3.7062583343e-02
90	-4.4438947206e-01	-1.3369382440e-01	-3.1069564766e-01	3.0531403402e-02	0.0000000000e+00	-5.3898388583e-01	2.2125227908e-01	-3.7030432717e-02
91	-4.4481988942e-01	-1.3384539351e-01	-3.1097449591e-01	3.0504365556e-02	0.0000000000e+00	-5.3950592345e-01	2.2141137799e-01	-3.6997639494e-02
92	-4.4524609509e-01	-1.3399561939e-01	-3.1125047570e-01	3.0476807567e-02	0.0000000000e+00	-5.4002285285e-01	2.2156857039e-01	-3.6964215408e-02
93	-4.4566771495e-01	-1.3414442144e-01	-3.1152329351e-01	3.0448726811e-02	0.0000000000e+00	-5.4053422031e-01	2.2172359008e-01	-3.6930157276e-02
94	-4.4608460842e-01	-1.3429179767e-01	-3.1179281075e-01	3.0420021773e-02	0.0000000000e+00	-5.4103985529e-01	2.2187626635e-01	-3.6895341976e-02
95	-4.4649662670e-01	-1.3443771097e-01	-3.1205891573e-01	3.0390723069e-02	0.0000000000e+00	-5.4153957733e-01	2.2202650595e-01	-3.6859806640e-02
96	-4.4690395772e-01	-1.3458222580e-01	-3.1232173192e-01	3.0360831553e-02	0.0000000000e+00	-5.4203361436e-01	2.2217438264e-01	-3.6823552304e-02
97	-4.4730634385e-01	-1.3472525301e-01	-3.1258109084e-01	3.0330412641e-02	0.0000000000e+00	-5.4252165391e-01	2.2231979729e-01	-3.6786658307e-02
98	-4.4770221598e-01	-1.3486632837e-01	-3.1283588762e-01	3.0299522760e-02	0.0000000000e+00	-5.4300179288e-01	2.2246194907e-01	-3.6749193090e-02
99	-4.4809244377e-01	-1.3500570230e-01	-3.1308674147e-01	3.0268063629e-02	0.0000000000e+00	-5.4347508602e-01	2.2260129896e-01	-3.6711037451e-02
100	-4.4847694764e-01	-1.3514335274e-01	-3.1333359490e-01	3.0236029570e-02	0.0000000000e+00	-5.4394143683e-01	2.2273780271e-01	-3.6672184500e-02
101	-4.4885509573e-01	-1.3527898638e-01	-3.1357610935e-01	3.0203760688e-02	0.0000000000e+00	-5.4440007894e-01	2.2287140372e-01	-3.6633046744e-02
102	-4.4922697573e-01	-1.3541260298e-01	-3.1381437275e-01	3.0171260099e-02	0.0000000000e+00	-5.4485111872e-01	2.2300221222e-01	-3.6593627957e-02
103	-4.4959184240e-01	-1.3554398980e-01	-3.1404785260e-01	3.0138593145e-02	0.0000000000e+00	-5.4529365228e-01	2.2312982851e-01	-3.6554007392e-02
104	-4.4994895870e-01	-1.3567288810e-01	-3.1427607060e-01	3.0105851465e-02	0.0000000000e+00	-5.4572678569e-01	2.2325397812e-01	-3.6514296195e-02
105	-4.5029758384e-01	-1.3579897181e-01	-3.1449861203e-01	3.0073160889e-02	0.0000000000e+00	-5.4614962050e-01	2.2337455027e-01	-3.6474646980e-02
106	-4.5063755235e-01	-1.3592218353e-01	-3.1471536882e-01	3.0040600159e-02	0.0000000000e+00	-5.4656195598e-01	2.2349148161e-01	-3.6435155250e-02
107	-4.5096759815e-01	-1.3604210479e-01	-3.1492549336e-01	3.0008282119e-02	0.0000000000e+00	-5.4696225657e-01	2.2360423572e-01	-3.6395957871e-02
108	-4.5128790477e-01	-1.3615875565e-01	-3.1512914911e-01	2.9976277695e-02	0.0000000000e+00	-5.4735074486e-01	2.2371299182e-01	-3.6357140866e-02
109	-4.5159817519e-01	-1.3627201337e-01	-3.1532616182e-01	2.9944677189e-02	0.0000000000e+00	-5.4772706061e-01	2.2381768557e-01	-3.6318813757e-02
110	-4.5189826352e-01	-1.3638176854e-01	-3.1551649498e-01	2.9913524658e-02	0.0000000000e+00	-5.4809102687e-01	2.2391840805e-01	-3.6281029981e-02
111	-4.5218932644e-01	-1.3648827603e-01	-3.1570105041e-01	2.9882058933e-02	0.0000000000e+00	-5.4844404654e-01	2.2401596797e-01	-3.6242866344e-02
112	-4.5246631885e-01	-1.3658978737e-01	-3.1587653148e-01	2.9852017442e-02	0.0000000000e+00	-5.4878000059e-01	2.2410843014e-01	-3.6206430108e-02
113	-4.5273145930e-01	-1.3668707522e-01	-3.1604438408e-01	2.9823180417e-02	0.0000000000e+00	-5.4910157984e-01	2.2419663608e-01	-3.6171454725e-02
114	-4.5298632901e-01	-1.3678074095e-01	-3.1620558806e-01	2.9795184700e-02	0.0000000000e+00	-5.4941070207e-01	2.2428105890e-01	-3.6137499735e-02
115	-4.5323142534e-01	-1.3687093676e-01	-3.1636048857e-01	2.9768026200e-02	0.0000000000e+00	-5.4970797052e-01	2.2436193976e-01	-3.6104560174e-02
116	-4.5346692979e-01	-1.3695770572e-01	-3.1650922407e-01	2.9741741320e-02	0.0000000000e+00	-5.4999360534e-01	2.2443939794e-01	-3.6072680196e-02
117	-4.5369294947e-01	-1.3704108066e-01	-3.1665186881e-01	2.9716308700e-02	0.0000000000e+00	-5.5026773641e-01	2.2451348519e-01	-3.6041833892e-02
118	-4.5390959862e-01	-1.3712108282e-01	-3.1678851580e-01	2.9691756141e-02	0.0000000000e+00	-5.5053050233e-01	2.2458429122e-01	-3.6012054984e-02
119	-4.5411705685e-01	-1.3719775381e-01	-3.1691930304e-01	2.9668123524e-02	0.0000000000e+00	-5.5078212089e-01	2.2465193655e-01	-3.5983391839e-02
120	-4.5431558104e-01	-1.3727117004e-01	-3.1704441100e-01	2.9645431298e-02	0.0000000000e+00	-5.5102290369e-01	2.2471655119e-01	-3.5955869261e-02
121	-4.5450544087e-01	-1.3734141752e-01	-3.1716402335e-01	2.9623682740e-02	0.0000000000e+00	-5.5125317779e-01	2.2477825728e-01	-3.5929491222e-02
122	-4.5468705153e-01	-1.3740863117e-01	-3.1727842036e-01	2.9602875523e-02	0.0000000000e+00	-5.5147344678e-01	2.2483723650e-01	-3.5904254904e-02
123	-4.5486058129e-01	-1.3747286967e-01	-3.1738771162e-01	2.9582992146e-02	0.0000000000e+00	-5.5168391474e-01	2.2489355243e-01	-3.5880139076e-02
124	-4.5502660684e-01	-1.3753431020e-01	-3.1749229664e-01	2.9564026413e-02	0.0000000000e+00	-5.5188528111e-01	2.2494748305e-01	-3.5857136225e-02
125	-4.5518531458e-01	-1.3759302052e-01	-3.1759229406e-01	2.9545967837e-02	0.0000000000e+00	-5.5207777198e-01	2.2499909192e-01	-3.5835233634e-02
126	-4.5533691880e-01	-1.3764907496e-01	-3.1768784384e-01	2.9528810714e-02	0.0000000000e+00	-5.5226164724e-01	2.2504846109e-01	-3.5814424380e-02
127	-4.5548165825e-01	-1.3770255687e-01	-3.1777910138e-01	2.9512541498e-02	0.0000000000e+00	-5.5243719647e-01	2.2509568064e-01	-3.5794692037e-02
128	-4.5561982675e-01	-1.3775356655e-01	-3.1786626021e-01	2.9497143176e-02	0.0000000000e+00	-5.5260477604e-01	2.2514086707e-01	-3.5776015971e-02
129	-4.5575171861e-01	-1.3780220546e-01	-3.1794951315e-01	2.9482595039e-02	0.0000000000e+00	-5.5276474290e-01	2.2518413462e-01	-3.5758371063e-02
130	-4.5587759347e-01	-1.3784856563e-01	-3.1802902785e-01	2.9468873567e-02	0.0000000000e+00	-5.5291741196e-01	2.2522557777e-01	-3.5741728786e-02
131	-4.5599771437e-01	-1.3789274102e-01	-3.1810497335e-01	2.9455954448e-02	0.0000000000e+00	-5.5306310224e-01	2.2526529042e-01	-3.5726059656e-02
132	-4.5611233795e-01	-1.3793482487e-01	-3.1817751309e-01	2.9443810077e-02	0.0000000000e+00	-5.5320212503e-01	2.2530336027e-01	-3.5711330188e-02
133	-4.5622169142e-01	-1.3797490290e-01	-3.1824678852e-01	2.9432409461e-02	0.0000000000e+00	-5.5333475588e-01	2.2533985702e-01	-3.5697502794e-02
134	-4.5632604696e-01	-1.3801307554e-01	-3.1831297142e-01	2.9421719701e-02	0.0000000000e+00	-5.5346132494e-01	2.2537486985e-01	-3.5684537571e-02
135	-4.5642522508e-01	-1.3804931538e-01	-3.1837590970e-01	2.9411712096e-02	0.0000000000e+00	-5.5358161448e-01	2.2540824290e-01	-3.5672399710e-02
136	-4.5651971283e-01	-1.3808377307e-01	-3.1843593976e-01	2.9402357598e-02	0.0000000000e+00	-5.5369621525e-01	2.2544020836e-01	-3.5661053978e-02
137	-4.5660990662e-01	-1.3811658897e-01	-3.1849331765e-01	2.9393613264e-02	0.0000000000e+00	-5.5380560803e-01	2.2547091085e-01	-3.5650448292e-02
138	-4.5669602122e-01	-1.3814785019e-01	-3.1854817103e-01	2.9385442272e-02	0.0000000000e+00	-5.5391005331e-01	2.2550040106e-01	-3.5640537993e-02
139	-4.5677827441e-01	-1.3817764028e-01	-3.1860063413e-01	2.9377810666e-02	0.0000000000e+00	-5.5400981522e-01	2.2552874230e-01	-3.5631281894e-02
140	-4.5685665122e-01	-1.3820596743e-01	-3.1865068379e-01	2.9370691793e-02	0.0000000000e+00	-5.5410487561e-01	2.2555589546e-01	-3.5622647672e-02
141	-4.5693189252e-01	-1.3823307584e-01	-3.1869881667e-01	2.9364035308e-02	0.0000000000e+00	-5.5419613306e-01	2.2558217604e-01	-3.5614574262e-02
142	-4.5700441554e-01	-1.3825908484e-01	-3.1874533070e-01	2.9357848523e-02	0.0000000000e+00	-5.5428409361e-01	2.2560780733e-01	-3.5607070535e-02
143	-4.5707361947e-01	-1.3828387909e-01	-3.1878974039e-01	2.9352031744e-02	0.0000000000e+00	-5.5436802855e-01	2.2563232663e-01	-3.5600015574e-02
144	-4.5713973506e-01	-1.3830752955e-01	-3.1883220551e-01	2.9346583999e-02	0.0000000000e+00	-5.5444821775e-01	2.2565584495e-01	-3.5593408202e-02
145	-4.5720304464e-01	-1.3833013710e-01	-3.1887290754e-01	2.9341469487e-02	0.0000000000e+00	-5.5452500365e-01	2.2567846305e-01	-3.5587204996e-02
146	-4.5726370409e-01	-1.3835176125e-01	-3.1891194284e-01	2.9336662394e-02	0.0000000000e+00	-5.5459857529e-01	2.2570022698e-01	-3.5581374647e-02
147	-4.5732188590e-01	-1.3837246511e-01	-3.1894942079e-01	2.9332140360e-02	0.0000000000e+00	-5.5466914190e-01	2.2572119461e-01	-3.5575890036e-02
148	-4.5737775695e-01	-1.3839230999e-01	-3.1898544696e-01	2.9327881056e-02	0.0000000000e+00	-5.5473690587e-01	2.2574142122e-01	-3.5570724080e-02
149	-4.5743146569e-01	-1.3841135178e-01	-3.1902011391e-01	2.9323863201e-02	0.0000000000e+00	-5.5480204726e-01	2.2576095265e-01	-3.5565850969e-02
150	-4.5748314598e-01	-1.3842964210e-01	-3.1905350388e-01	2.9320065966e-02	0.0000000000e+00	-5.5486472841e-01	2.2577982723e-01	-3.5561245441e-02
151	-4.5753293059e-01	-1.3844723326e-01	-3.1908569733e-01	2.9316470675e-02	0.0000000000e+00	-5.5492511036e-01	2.2579808008e-01	-3.5556884842e-02
152	-4.5758092031e-01	-1.3846416448e-01	-3.1911675584e-01	2.9313054888e-02	0.0000000000e+00	-5.5498331535e-01	2.2581573920e-01	-3.5552741958e-02
153	-4.5762723165e-01	-1.3848048190e-01	-3.1914674975e-01	2.9309799151e-02	0.0000000000e+00	-5.5503948469e-01	2.2583283482e-01	-3.5548793193e-02
154	-4.5767194986e-01	-1.3849621997e-01	-3.1917572990e-01	2.9306688041e-02	0.0000000000e+00	-5.5509372179e-01	2.2584938741e-01	-3.5545019840e-02
155	-4.5771515910e-01	-1.3851141220e-01	-3.1920374689e-01	2.9303706746e-02	0.0000000000e+00	-5.5514612871e-01	2.2586541836e-01	-3.5541403936e-02
156	-4.5775694539e-01	-1.3852609255e-01	-3.1923085285e-01	2.9300840559e-02	0.0000000000e+00	-5.5519680979e-01	2.2588095038e-01	-3.5537927642e-02
157	-4.5779739101e-01	-1.3854029347e-01	-3.1925709754e-01	2.9298075544e-02	0.0000000000e+00	-5.5524586481e-01	2.2589600509e-01	-3.5534574054e-02
158	-4.5783657171e-01	-1.3855404489e-01	-3.1928252682e-01	2.9295398802e-02	0.0000000000e+00	-5.5529338566e-01	2.2591060242e-01	-3.5531327532e-02
159	-4.5787455875e-01	-1.3856737464e-01	-3.1930718411e-01	2.9292799182e-02	0.0000000000e+00	-5.5533945877e-01	2.2592476184e-01	-3.5528174546e-02
160	-4.5791141319e-01	-1.3858030689e-01	-3.1933110630e-01	2.9290266634e-02	0.0000000000e+00	-5.5538415818e-01	2.2593849927e-01	-3.5525102911e-02
161	-4.5794719496e-01	-1.3859286490e-01	-3.1935433006e-01	2.9287791666e-02	0.0000000000e+00	-5.5542755660e-01	2.2595183144e-01	-3.5522101112e-02
162	-4.5798195773e-01	-1.3860506953e-01	-3.1937688819e-01	2.9285366305e-02	0.0000000000e+00	-5.5546971910e-01	2.2596477333e-01	-3.5519159480e-02
163	-4.5801574686e-01	-1.3861693886e-01	-3.1939880801e-01	2.9282982742e-02	0.0000000000e+00	-5.5551070072e-01	2.2597733644e-01	-3.5516268542e-02
164	-4.5804860093e-01	-1.3862848854e-01	-3.1942011239e-01	2.9280634282e-02	0.0000000000e+00	-5.5555054823e-01	2.2598952982e-01	-3.5513420180e-02
165	-4.5808056304e-01	-1.3863973445e-01	-3.1944082859e-01	2.9278317194e-02	0.0000000000e+00	-5.5558931391e-01	2.2600136767e-01	-3.5510609868e-02
166	-4.5811166977e-01	-1.3865069028e-01	-3.1946097949e-01	2.9276027104e-02	0.0000000000e+00	-5.5562704214e-01	2.2601286151e-01	-3.5507832300e-02
167	-4.5814195449e-01	-1.3866136833e-01	-3.1948058616e-01	2.9273760878e-02	0.0000000000e+00	-5.5566377337e-01	2.2602402228e-01	-3.5505083678e-02
168	-4.5817144599e-01	-1.3867177918e-01	-3.1949966681e-01	2.9271516005e-02	0.0000000000e+00	-5.5569954255e-01	2.2603485953e-01	-3.5502360952e-02
169	-4.5820016868e-01	-1.3868193176e-01	-3.1951823692e-01	2.9269290679e-02	0.0000000000e+00	-5.5573437925e-01	2.2604538145e-01	-3.5499661935e-02
170	-4.5822814467e-01	-1.3869183391e-01	-3.1953631076e-01	2.9267083948e-02	0.0000000000e+00	-5.5576831032e-01	2.2605559606e-01	-3.5496985471e-02
171	-4.5825539408e-01	-1.3870149265e-01	-3.1955390143e-01	2.9264895357e-02	0.0000000000e+00	-5.5580136014e-01	2.2606551098e-01	-3.5494331009e-02
172	-4.5828193334e-01	-1.3871091362e-01	-3.1957101972e-01	2.9262724688e-02	0.0000000000e+00	-5.5583354865e-01	2.2607513262e-01	-3.5491698282e-02
173	-4.5830777649e-01	-1.3872010152e-01	-3.1958767497e-01	2.9260572048e-02	0.0000000000e+00	-5.5586489286e-01	2.2608446681e-01	-3.5489087424e-02
174	-4.5833293533e-01	-1.3872906008e-01	-3.1960387525e-01	2.9258438752e-02	0.0000000000e+00	-5.5589540711e-01	2.2609351897e-01	-3.5486500026e-02
175	-4.5835742064e-01	-1.3873779255e-01	-3.1961962809e-01	2.9256325982e-02	0.0000000000e+00	-5.5592510446e-01	2.2610229443e-01	-3.5483937524e-02
176	-4.5838123950e-01	-1.3874630072e-01	-3.1963493877e-01	2.9254234917e-02	0.0000000000e+00	-5.5595399349e-01	2.2611079757e-01	-3.5481401347e-02
177	-4.5840439904e-01	-1.3875458646e-01	-3.1964981258e-01	2.9252167205e-02	0.0000000000e+00	-5.5598208286e-01	2.2611903265e-01	-3.5478893493e-02
178	-4.5842694603e-01	-1.3876266708e-01	-3.1966427895e-01	2.9250127437e-02	0.0000000000e+00	-5.5600942929e-01	2.2612701484e-01	-3.5476419533e-02
179	-4.5844881310e-01	-1.3877051504e-01	-3.1967829806e-01	2.9248116289e-02	0.0000000000e+00	-5.5603595107e-01	2.2613472877e-01	-3.5473980285e-02
180	-4.5847003112e-01	-1.3877814038e-01	-3.1969189075e-01	2.9246130446e-02	0.0000000000e+00	-5.5606168563e-01	2.2614218796e-01	-3.5471571728e-02
181	-4.5849060582e-01	-1.3878554470e-01	-3.1970506112e-01	2.9244175168e-02	0.0000000000e+00	-5.5608663994e-01	2.2614939553e-01	-3.5469200242e-02
182	-4.5851054757e-01	-1.3879273092e-01	-3.1971781665e-01	2.9242254556e-02	0.0000000000e+00	-5.5611082656e-01	2.2615635717e-01	-3.5466870801e-02
183	-4.5852986719e-01	-1.3879970218e-01	-3.1973016501e-01	2.9240370949e-02	0.0000000000e+00	-5.5613425863e-01	2.2616307853e-01	-3.5464586243e-02
184	-4.5854857397e-01	-1.3880646114e-01	-3.1974211284e-01	2.9238526244e-02	0.0000000000e+00	-5.5615694741e-01	2.2616956463e-01	-3.5462348867e-02
185	-4.5856666862e-01	-1.3881300765e-01	-3.1975366097e-01	2.9236721530e-02	0.0000000000e+00	-5.5617889375e-01	2.2617581665e-01	-3.5460159994e-02
186	-4.5858416122e-01	-1.3881934422e-01	-3.1976481699e-01	2.9234958974e-02	0.0000000000e+00	-5.5620010989e-01	2.2618184096e-01	-3.5458022254e-02
187	-4.5860106027e-01	-1.3882547295e-01	-3.1977558732e-01	2.9233240292e-02	0.0000000000e+00	-5.5622060613e-01	2.2618764296e-01	-3.5455937727e-02
188	-4.5861737437e-01	-1.3883139599e-01	-3.1978597838e-01	2.9231567126e-02	0.0000000000e+00	-5.5624039291e-01	2.2619322800e-01	-3.5453908404e-02
189	-4.5863311260e-01	-1.3883711571e-01	-3.1979599689e-01	2.9229940907e-02	0.0000000000e+00	-5.5625948125e-01	2.2619860147e-01	-3.5451936022e-02
190	-4.5864828402e-01	-1.3884263459e-01	-3.1980564943e-01	2.9228362805e-02	0.0000000000e+00	-5.5627788211e-01	2.2620376855e-01	-3.5450022000e-02
191	-4.5866289867e-01	-1.3884795542e-01	-3.1981494325e-01	2.9226833889e-02	0.0000000000e+00	-5.5629560768e-01	2.2620873479e-01	-3.5448167633e-02
192	-4.5867696730e-01	-1.3885308129e-01	-3.1982388601e-01	2.9225355046e-02	0.0000000000e+00	-5.5631267102e-01	2.2621350590e-01	-3.5446373998e-02
193	-4.5869050080e-01	-1.3885801540e-01	-3.1983248540e-01	2.9223926965e-02	0.0000000000e+00	-5.5632908531e-01	2.2621808750e-01	-3.5444641931e-02
194	-4.5870351081e-01	-1.3886276125e-01	-3.1984074956e-01	2.9222550172e-02	0.0000000000e+00	-5.5634486468e-01	2.2622248538e-01	-3.5442972068e-02
195	-4.5871600936e-01	-1.3886732254e-01	-3.1984868682e-01	2.9221225004e-02	0.0000000000e+00	-5.5636002373e-01	2.2622670536e-01	-3.5441364819e-02
196	-4.5872800901e-01	-1.3887170320e-01	-3.1985630581e-01	2.9219951592e-02	0.0000000000e+00	-5.5637457767e-01	2.2623075326e-01	-3.5439820345e-02
197	-4.5873952280e-01	-1.3887590740e-01	-3.1986361540e-01	2.9218729881e-02	0.0000000000e+00	-5.5638854232e-01	2.2623463500e-01	-3.5438338575e-02
198	-4.5875056420e-01	-1.3887993952e-01	-3.1987062468e-01	2.9217559619e-02	0.0000000000e+00	-5.5640193403e-01	2.2623835644e-01	-3.5436919207e-02
199	-4.5876114711e-01	-1.3888380415e-01	-3.1987734296e-01	2.9216440350e-02	0.0000000000e+00	-5.5641476966e-01	2.2624192350e-01	-3.5435561686e-02
200	-4.5877128568e-01	-1.3888750604e-01	-3.1988377964e-01	2.9215371454e-02	0.0000000000e+00	-5.5642706637e-01	2.2624534200e-01	-3.5434265261e-02
201	-4.5878099440e-01	-1.3889105011e-01	-3.1988994429e-01	2.9214352124e-02	0.0000000000e+00	-5.5643884172e-01	2.2624861772e-01	-3.5433028953e-02
202	-4.5879028810e-01	-1.3889444146e-01	-3.1989584665e-01	2.9213381388e-02	0.0000000000e+00	-5.5645011372e-01	2.2625175649e-01	-3.5431851582e-02
203	-4.5879918188e-01	-1.3889768532e-01	-3.1990149656e-01	2.9212458105e-02	0.0000000000e+00	-5.5646090065e-01	2.2625476406e-01	-3.5430731766e-02
204	-4.5880769089e-01	-1.3890078702e-01	-3.1990690387e-01	2.9211581007e-02	0.0000000000e+00	-5.5647122092e-01	2.2625764606e-01	-3.5429667966e-02
205	-4.5881583037e-01	-1.3890375195e-01	-3.1991207842e-01	2.9210748713e-02	0.0000000000e+00	-5.5648109301e-01	2.2626040808e-01	-3.5428658506e-02
206	-4.5882361550e-01	-1.3890658554e-01	-3.1991702996e-01	2.9209959744e-02	0.0000000000e+00	-5.5649053531e-01	2.2626305554e-01	-3.5427701594e-02
207	-4.5883106131e-01	-1.3890929317e-01	-3.1992176814e-01	2.9209212525e-02	0.0000000000e+00	-5.5649956606e-01	2.2626559370e-01	-3.5426795320e-02
208	-4.5883818261e-01	-1.3891188023e-01	-3.1992630238e-01	2.9208505444e-02	0.0000000000e+00	-5.5650820323e-01	2.2626802769e-01	-3.5425937727e-02
209	-4.5884499421e-01	-1.3891435209e-01	-3.1993064212e-01	2.9207836798e-02	0.0000000000e+00	-5.5651646477e-01	2.2627036254e-01	-3.5425126750e-02
210	-4.5885151036e-01	-1.3891671397e-01	-3.1993479638e-01	2.9207204893e-02	0.0000000000e+00	-5.5652436797e-01	2.2627260301e-01	-3.5424360335e-02
211	-4.5885774495e-01	-1.3891897101e-01	-3.1993877394e-01	2.9206608010e-02	0.0000000000e+00	-5.5653192969e-01	2.2627475367e-01	-3.5423636397e-02
212	-4.5886371142e-01	-1.3892112817e-01	-3.1994258325e-01	2.9206044409e-02	0.0000000000e+00	-5.5653916620e-01	2.2627681885e-01	-3.5422952826e-02
213	-4.5886942276e-01	-1.3892319030e-01	-3.1994623246e-01	2.9205512373e-02	0.0000000000e+00	-5.5654609327e-01	2.2627880271e-01	-3.5422307539e-02
214	-4.5887489160e-01	-1.3892516211e-01	-3.1994972948e-01	2.9205010166e-02	0.0000000000e+00	-5.5655272623e-01	2.2628070921e-01	-3.5421698430e-02
215	-4.5888013013e-01	-1.3892704819e-01	-3.1995308194e-01	2.9204536097e-02	0.0000000000e+00	-5.5655907985e-01	2.2628254218e-01	-3.5421123449e-02
216	-4.5888515007e-01	-1.3892885295e-01	-3.1995629712e-01	2.9204088510e-02	0.0000000000e+00	-5.5656516836e-01	2.2628430522e-01	-3.5420580587e-02
217	-4.5888996274e-01	-1.3893058065e-01	-3.1995938209e-01	2.9203665783e-02	0.0000000000e+00	-5.5657100547e-01	2.2628600180e-01	-3.5420067877e-02
218	-4.5889457903e-01	-1.3893223543e-01	-3.1996234360e-01	2.9203266327e-02	0.0000000000e+00	-5.5657660440e-01	2.2628763521e-01	-3.5419583391e-02
219	-4.5889900937e-01	-1.3893382125e-01	-3.1996518813e-01	2.9202888596e-02	0.0000000000e+00	-5.5658197781e-01	2.2628920860e-01	-3.5419125255e-02
220	-4.5890326371e-01	-1.3893534189e-01	-3.1996792182e-01	2.9202531097e-02	0.0000000000e+00	-5.5658713774e-01	2.2629072491e-01	-3.5418691658e-02
221	-4.5890735153e-01	-1.3893680099e-01	-3.1997055054e-01	2.9202192384e-02	0.0000000000e+00	-5.5659209571e-01	2.2629218694e-01	-3.5418280844e-02
222	-4.5891128186e-01	-1.3893820200e-01	-3.1997307986e-01	2.9201871067e-02	0.0000000000e+00	-5.5659686265e-01	2.2629359732e-01	-3.5417891131e-02
223	-4.5891506321e-01	-1.3893954819e-01	-3.1997551501e-01	2.9201565822e-02	0.0000000000e+00	-5.5660144892e-01	2.2629495853e-01	-3.5417520910e-02
224	-4.5891870365e-01	-1.3894084267e-01	-3.1997786098e-01	2.9201275381e-02	0.0000000000e+00	-5.5660586428e-01	2.2629627288e-01	-3.5417168645e-02
225	-4.5892221077e-01	-1.3894208836e-01	-3.1998012241e-01	2.9200998552e-02	0.0000000000e+00	-5.5661011794e-01	2.2629754255e-01	-3.5416832889e-02
226	-4.5892559170e-01	-1.3894328802e-01	-3.1998230368e-01	2.9200734211e-02	0.0000000000e+00	-5.5661421854e-01	2.2629876957e-01	-3.5416512280e-02
227	-4.5892885485e-01	-1.3894444489e-01	-3.1998440995e-01	2.9200481200e-02	0.0000000000e+00	-5.5661817630e-01	2.2629995633e-01	-3.5416205411e-02
228	-4.5893203858e-01	-1.3894557287e-01	-3.1998646571e-01	2.9200240734e-02	0.0000000000e+00	-5.5662203774e-01	2.2630111605e-01	-3.5415913760e-02
229	-4.5893510774e-01	-1.3894665936e-01	-3.1998844838e-01	2.9200012162e-02	0.0000000000e+00	-5.5662576021e-01	2.2630223627e-01	-3.5415636532e-02
230	-4.5893803821e-01	-1.3894769546e-01	-3.1999034275e-01	2.9199793809e-02	0.0000000000e+00	-5.5662931447e-01	2.2630330912e-01	-3.5415371700e-02
231	-4.5894085825e-01	-1.3894869154e-01	-3.1999216671e-01	2.9199584155e-02	0.0000000000e+00	-5.5663273479e-01	2.2630434397e-01	-3.5415117418e-02
232	-4.5894358119e-01	-1.3894965294e-01	-3.1999392825e-01	2.9199381383e-02	0.0000000000e+00	-5.5663603735e-01	2.2630534413e-01	-3.5414871484e-02
233	-4.5894621439e-01	-1.3895058259e-01	-3.1999563180e-01	2.9199184534e-02	0.0000000000e+00	-5.5663923106e-01	2.2630631152e-01	-3.5414632732e-02
234	-4.5894876305e-01	-1.3895148245e-01	-3.1999728060e-01	2.9198993022e-02	0.0000000000e+00	-5.5664232224e-01	2.2630724769e-01	-3.5414400455e-02
235	-4.5895123129e-01	-1.3895235409e-01	-3.1999887720e-01	2.9198806431e-02	0.0000000000e+00	-5.5664531588e-01	2.2630815390e-01	-3.5414174145e-02
236	-4.5895362258e-01	-1.3895319879e-01	-3.2000042379e-01	2.9198624400e-02	0.0000000000e+00	-5.5664821619e-01	2.2630903125e-01	-3.5413953366e-02
237	-4.5895594077e-01	-1.3895401801e-01	-3.2000192276e-01	2.9198446643e-02	0.0000000000e+00	-5.5665102784e-01	2.2630988093e-01	-3.5413737771e-02
238	-4.5895818725e-01	-1.3895481226e-01	-3.2000337498e-01	2.9198272848e-02	0.0000000000e+00	-5.5665375251e-01	2.2631070340e-01	-3.5413526982e-02
239	-4.5896036484e-01	-1.3895558260e-01	-3.2000478225e-01	2.9198102770e-02	0.0000000000e+00	-5.5665639363e-01	2.2631149956e-01	-3.5413320700e-02
240	-4.5896247555e-01	-1.3895632978e-01	-3.2000614577e-01	2.9197936335e-02	0.0000000000e+00	-5.5665895363e-01	2.2631227000e-01	-3.5413118837e-02
241	-4.5896452370e-01	-1.3895705531e-01	-3.2000746838e-01	2.9197773028e-02	0.0000000000e+00	-5.5666143775e-01	2.2631301634e-01	-3.5412920768e-02
242	-4.5896650898e-01	-1.3895775921e-01	-3.2000874977e-01	2.9197612883e-02	0.0000000000e+00	-5.5666384563e-01	2.2631373820e-01	-3.5412726533e-02
243	-4.5896843407e-01	-1.3895844240e-01	-3.2000999167e-01	2.9197455723e-02	0.0000000000e+00	-5.5666618051e-01	2.2631443659e-01	-3.5412535920e-02
244	-4.5897030081e-01	-1.3895910555e-01	-3.2001119526e-01	2.9197301375e-02	0.0000000000e+00	-5.5666844460e-01	2.2631511214e-01	-3.5412348717e-02
245	-4.5897211078e-01	-1.3895974924e-01	-3.2001236154e-01	2.9197149720e-02	0.0000000000e+00	-5.5667063986e-01	2.2631576537e-01	-3.5412164780e-02
246	-4.5897386606e-01	-1.3896037421e-01	-3.2001349185e-01	2.9197000556e-02	0.0000000000e+00	-5.5667276877e-01	2.2631639706e-01	-3.5411983864e-02
247	-4.5897556614e-01	-1.3896098030e-01	-3.2001458584e-01	2.9196854119e-02	0.0000000000e+00	-5.5667483073e-01	2.2631700692e-01	-3.5411806257e-02
248	-4.5897721411e-01	-1.3896156855e-01	-3.2001564556e-01	2.9196710148e-02	0.0000000000e+00	-5.5667682949e-01	2.2631759626e-01	-3.5411631639e-02
249	-4.5897881046e-01	-1.3896213914e-01	-3.2001667132e-01	2.9196568641e-02	0.0000000000e+00	-5.5667876565e-01	2.2631816521e-01	-3.5411460011e-02
250	-4.5898035625e-01	-1.3896269244e-01	-3.2001766381e-01	2.9196429626e-02	0.0000000000e+00	-5.5668064048e-01	2.2631871422e-01	-3.5411291404e-02
251	-4.5898185248e-01	-1.3896322875e-01	-3.2001862373e-01	2.9196293122e-02	0.0000000000e+00	-5.5668245521e-01	2.2631924372e-01	-3.5411125844e-02
252	-4.5898330012e-01	-1.3896374840e-01	-3.2001955172e-01	2.9196159161e-02	0.0000000000e+00	-5.5668421100e-01	2.2631975415e-01	-3.5410963367e-02
253	-4.5898470011e-01	-1.3896425168e-01	-3.2002044843e-01	2.9196027790e-02	0.0000000000e+00	-5.5668590900e-01	2.2632024593e-01	-3.5410804031e-02
254	-4.5898605335e-01	-1.3896473887e-01	-3.2002131448e-01	2.9195899060e-02	0.0000000000e+00	-5.5668755029e-01	2.2632071952e-01	-3.5410647900e-02
255	-4.5898736076e-01	-1.3896521024e-01	-3.2002215052e-01	2.9195773033e-02	0.0000000000e+00	-5.5668913601e-01	2.2632117535e-01	-3.5410495047e-02
256	-4.5898862324e-01	-1.3896566607e-01	-3.2002295718e-01	2.9195649774e-02	0.0000000000e+00	-5.5669066722e-01	2.2632161389e-01	-3.5410345550e-02
257	-4.5898984172e-01	-1.3896610662e-01	-3.2002373510e-01	2.9195529350e-02	0.0000000000e+00	-5.5669214506e-01	2.2632203559e-01	-3.5410199492e-02
258	-4.5899101709e-01	-1.3896653217e-01	-3.2002448492e-01	2.9195411828e-02	0.0000000000e+00	-5.5669357064e-01	2.2632244094e-01	-3.5410056955e-02
259	-4.5899215032e-01	-1.3896694300e-01	-3.2002520732e-01	2.9195297276e-02	0.0000000000e+00	-5.5669494509e-01	2.2632283040e-01	-3.5409918018e-02
260	-4.5899324234e-01	-1.3896733939e-01	-3.2002590295e-01	2.9195185753e-02	0.0000000000e+00	-5.5669626956e-01	2.2632320445e-01	-3.5409782756e-02
261	-4.5899429410e-01	-1.3896772162e-01	-3.2002657248e-01	2.9195077317e-02	0.0000000000e+00	-5.5669754519e-01	2.2632356358e-01	-3.5409651237e-02
262	-4.5899530655e-01	-1.3896808997e-01	-3.2002721658e-01	2.9194972015e-02	0.0000000000e+00	-5.5669877316e-01	2.2632390826e-01	-3.5409523520e-02
263	-4.5899628066e-01	-1.3896844475e-01	-3.2002783592e-01	2.9194869887e-02	0.0000000000e+00	-5.5669995463e-01	2.2632423896e-01	-3.5409399654e-02
264	-4.5899721740e-01	-1.3896878624e-01	-3.2002843116e-01	2.9194770967e-02	0.0000000000e+00	-5.5670109076e-01	2.2632455615e-01	-3.5409279677e-02
265	-4.5899811772e-01	-1.3896911475e-01	-3.2002900297e-01	2.9194675276e-02	0.0000000000e+00	-5.5670218273e-01	2.2632486027e-01	-3.5409163617e-02
266	-4.5899898261e-01	-1.3896943059e-01	-3.2002955202e-01	2.9194582827e-02	0.0000000000e+00	-5.5670323172e-01	2.2632515178e-01	-3.5409051488e-02
267	-4.5899981304e-01	-1.3896973407e-01	-3.2003007897e-01	2.9194493622e-02	0.0000000000e+00	-5.5670423891e-01	2.2632543112e-01	-3.5408943296e-02
268	-4.5900060997e-01	-1.3897002550e-01	-3.2003058447e-01	2.9194407657e-02	0.0000000000e+00	-5.5670520549e-01	2.2632569872e-01	-3.5408839031e-02
269	-4.5900137439e-01	-1.3897030519e-01	-3.2003106919e-01	2.9194324917e-02	0.0000000000e+00	-5.5670613262e-01	2.2632595500e-01	-3.5408738679e-02
270	-4.5900210727e-01	-1.3897057348e-01	-3.2003153379e-01	2.9194245378e-02	0.0000000000e+00	-5.5670702151e-01	2.2632620039e-01	-3.5408642209e-02
271	-4.5900280959e-01	-1.3897083068e-01	-3.2003197891e-01	2.9194169008e-02	0.0000000000e+00	-5.5670787333e-01	2.2632643528e-01	-3.5408549583e-02
272	-4.5900348233e-01	-1.3897107713e-01	-3.2003240520e-01	2.9194095765e-02	0.0000000000e+00	-5.5670868927e-01	2.2632666009e-01	-3.5408460749e-02
273	-4.5900412645e-01	-1.3897131315e-01	-3.2003281330e-01	2.9194025601e-02	0.0000000000e+00	-5.5670947050e-01	2.2632687519e-01	-3.5408375650e-02
274	-4.5900474292e-01	-1.3897153907e-01	-3.2003320385e-01	2.9193958464e-02	0.0000000000e+00	-5.5671021820e-01	2.2632708097e-01	-3.5408294221e-02
275	-4.5900533271e-01	-1.3897175523e-01	-3.2003357748e-01	2.9193894292e-02	0.0000000000e+00	-5.5671093353e-01	2.2632727781e-01	-3.5408216389e-02
276	-4.5900589678e-01	-1.3897196196e-01	-3.2003393481e-01	2.9193833019e-02	0.0000000000e+00	-5.5671161766e-01	2.2632746606e-01	-3.5408142074e-02
277	-4.5900643607e-01	-1.3897215959e-01	-3.2003427648e-01	2.9193774575e-02	0.0000000000e+00	-5.5671227175e-01	2.2632764610e-01	-3.5408071189e-02
278	-4.5900695154e-01	-1.3897234846e-01	-3.2003460308e-01	2.9193718882e-02	0.0000000000e+00	-5.5671289694e-01	2.2632781828e-01	-3.5408003642e-02
279	-4.5900744412e-01	-1.3897252889e-01	-3.2003491523e-01	2.9193665862e-02	0.0000000000e+00	-5.5671349438e-01	2.2632798292e-01	-3.5407939335e-02
280	-4.5900791473e-01	-1.3897270121e-01	-3.2003521351e-01	2.9193615429e-02	0.0000000000e+00	-5.5671406516e-01	2.2632814038e-01	-3.5407878167e-02
281	-4.5900836415e-01	-1.3897286571e-01	-3.2003549844e-01	2.9193567535e-02	0.0000000000e+00	-5.5671461025e-01	2.2632829091e-01	-3.5407820078e-02
282	-4.5900879368e-01	-1.3897302284e-01	-3.2003577084e-01	2.9193521987e-02	0.0000000000e+00	-5.5671513121e-01	2.2632843500e-01	-3.5407764835e-02
283	-4.5900920377e-01	-1.3897317278e-01	-3.2003603099e-01	2.9193478776e-02	0.0000000000e+00	-5.5671562859e-01	2.2632857277e-01	-3.5407712426e-02
284	-4.5900959543e-01	-1.3897331588e-01	-3.2003627955e-01	2.9193437801e-02	0.0000000000e+00	-5.5671610362e-01	2.2632870458e-01	-3.5407662729e-02
285	-4.5900996949e-01	-1.3897345246e-01	-3.2003651703e-01	2.9193398959e-02	0.0000000000e+00	-5.5671655731e-01	2.2632883072e-01	-3.5407615618e-02
286	-4.5901032677e-01	-1.3897358281e-01	-3.2003674397e-01	2.9193362155e-02	0.0000000000e+00	-5.5671699065e-01	2.2632895145e-01	-3.5407570980e-02
287	-4.5901066806e-01	-1.3897370721e-01	-3.2003696085e-01	2.9193327294e-02	0.0000000000e+00	-5.5671740458e-01	2.2632906704e-01	-3.5407528699e-02
288	-4.5901099413e-01	-1.3897382597e-01	-3.2003716816e-01	2.9193294284e-02	0.0000000000e+00	-5.5671780006e-01	2.2632917775e-01	-3.5407488662e-02
289	-4.5901130571e-01	-1.3897393934e-01	-3.2003736637e-01	2.9193263031e-02	0.0000000000e+00	-5.5671817796e-01	2.2632928380e-01	-3.5407450757e-02
290	-4.5901160353e-01	-1.3897404759e-01	-3.2003755594e-01	2.9193233445e-02	0.0000000000e+00	-5.5671853918e-01	2.2632938543e-01	-3.5407414872e-02
291	-4.5901188828e-01	-1.3897415099e-01	-3.2003773728e-01	2.9193205434e-02	0.0000000000e+00	-5.5671888454e-01	2.2632948286e-01	-3.5407380899e-02
292	-4.5901216062e-01	-1.3897424979e-01	-3.2003791083e-01	2.9193178910e-02	0.0000000000e+00	-5.5671921485e-01	2.2632957631e-01	-3.5407348729e-02
293	-4.5901242119e-01	-1.3897434421e-01	-3.2003807698e-01	2.9193153788e-02	0.0000000000e+00	-5.5671953089e-01	2.2632966597e-01	-3.5407318259e-02
294	-4.5901267060e-01	-1.3897443449e-01	-3.2003823611e-01	2.9193129984e-02	0.0000000000e+00	-5.5671983339e-01	2.2632975202e-01	-3.5407289388e-02
295	-4.5901290943e-01	-1.3897452085e-01	-3.2003838858e-01	2.9193107418e-02	0.0000000000e+00	-5.5672012306e-01	2.2632983466e-01	-3.5407262019e-02
296	-4.5901313824e-01	-1.3897460350e-01	-3.2003853474e-01	2.9193086013e-02	0.0000000000e+00	-5.5672040058e-01	2.2632991405e-01	-3.5407236057e-02
297	-4.5901335756e-01	-1.3897468264e-01	-3.2003867492e-01	2.9193065694e-02	0.0000000000e+00	-5.5672066657e-01	2.2632999035e-01	-3.5407211413e-02
298	-4.5901356788e-01	-1.3897475846e-01	-3.2003880942e-01	2.9193046389e-02	0.0000000000e+00	-5.5672092167e-01	2.2633006371e-01	-3.5407187999e-02
299	-4.5901376968e-01	-1.3897483113e-01	-3.2003893855e-01	2.9193028030e-02	0.0000000000e+00	-5.5672116643e-01	2.2633013428e-01	-3.5407165732e-02
300	-4.5901396342e-01	-1.3897490083e-01	-3.2003906259e-01	2.9193010554e-02	0.0000000000e+00	-5.5672140141e-01	2.2633020219e-01	-3.5407144535e-02
301	-4.5901414952e-01	-1.3897496773e-01	-3.2003918179e-01	2.9192993897e-02	0.0000000000e+00	-5.5672162712e-01	2.2633026757e-01	-3.5407124333e-02
302	-4.5901432838e-01	-1.3897503197e-01	-3.2003929641e-01	2.9192978003e-02	0.0000000000e+00	-5.5672184404e-01	2.2633033054e-01	-3.5407105055e-02
303	-4.5901450036e-01	-1.3897509370e-01	-3.2003940667e-01	2.9192962816e-02	0.0000000000e+00	-5.5672205264e-01	2.2633039121e-01	-3.5407086636e-02
304	-4.5901466584e-01	-1.3897515305e-01	-3.2003951280e-01	2.9192948286e-02	0.0000000000e+00	-5.5672225335e-01	2.2633044969e-01	-3.5407069013e-02
305	-4.5901482514e-01	-1.3897521014e-01	-3.2003961500e-01	2.9192934365e-02	0.0000000000e+00	-5.5672244655e-01	2.2633050607e-01	-3.5407052129e-02
306	-4.5901497857e-01	-1.3897526511e-01	-3.2003971346e-01	2.9192921008e-02	0.0000000000e+00	-5.5672263264e-01	2.2633056044e-01	-3.5407035929e-02
307	-4.5901512642e-01	-1.3897531805e-01	-3.2003980837e-01	2.9192908175e-02	0.0000000000e+00	-5.5672281197e-01	2.2633061290e-01	-3.5407020364e-02
308	-4.5901526896e-01	-1.3897536908e-01	-3.2003989989e-01	2.9192895827e-02	0.0000000000e+00	-5.5672298485e-01	2.2633066352e-01	-3.5407005387e-02
309	-4.5901540645e-01	-1.3897541828e-01	-3.2003998817e-01	2.9192883929e-02	0.0000000000e+00	-5.5672315160e-01	2.2633071237e-01	-3.5406990956e-02
310	-4.5901553912e-01	-1.3897546574e-01	-3.2004007337e-01	2.9192872448e-02	0.0000000000e+00	-5.5672331251e-01	2.2633075954e-01	-3.5406977032e-02
311	-4.5901566718e-01	-1.3897551156e-01	-3.2004015562e-01	2.9192861356e-02	0.0000000000e+00	-5.5672346783e-01	2.2633080508e-01	-3.5406963580e-02
312	-4.5901579085e-01	-1.3897555580e-01	-3.2004023505e-01	2.9192850627e-02	0.0000000000e+00	-5.5672361783e-01	2.2633084905e-01	-3.5406950566e-02
313	-4.5901591031e-01	-1.3897559854e-01	-3.2004031177e-01	2.9192840234e-02	0.0000000000e+00	-5.5672376271e-01	2.2633089153e-01	-3.5406937961e-02
314	-4.5901602574e-01	-1.3897563985e-01	-3.2004038589e-01	2.9192830158e-02	0.0000000000e+00	-5.5672390271e-01	2.2633093255e-01	-3.5406925740e-02
315	-4.5901613729e-01	-1.3897567978e-01	-3.2004045751e-01	2.9192820378e-02	0.0000000000e+00	-5.5672403801e-01	2.2633097217e-01	-3.5406913878e-02
316	-4.5901624513e-01	-1.3897571839e-01	-3.2004052674e-01	2.9192810877e-02	0.0000000000e+00	-5.5672416881e-01	2.2633101044e-01	-3.5406902355e-02
317	-4.5901634940e-01	-1.3897575574e-01	-3.2004059366e-01	2.9192801640e-02	0.0000000000e+00	-5.5672429527e-01	2.2633104740e-01	-3.5406891151e-02
318	-4.5901645021e-01	-1.3897579187e-01	-3.2004065834e-01	2.9192792652e-02	0.0000000000e+00	-5.5672441754e-01	2.2633108310e-01	-3.5406880251e-02
319	-4.5901654770e-01	-1.3897582682e-01	-3.2004072088e-01	2.9192783902e-02	0.0000000000e+00	-5.5672453578e-01	2.2633111757e-01	-3.5406869638e-02
320	-4.5901664198e-01	-1.3897586064e-01	-3.2004078133e-01	2.9192775380e-02	0.0000000000e+00	-5.5672465013e-01	2.2633115086e-01	-3.5406859302e-02
321	-4.5901673315e-01	-1.3897589337e-01	-3.2004083977e-01	2.9192767077e-02	0.0000000000e+00	-5.5672476070e-01	2.2633118300e-01	-3.5406849231e-02
322	-4.5901682131e-01	-1.3897592504e-01	-3.2004089626e-01	2.9192758984e-02	0.0000000000e+00	-5.5672486763e-01	2.2633121402e-01	-3.5406839416e-02
323	-4.5901690655e-01	-1.3897595569e-01	-3.2004095086e-01	2.9192751097e-02	0.0000000000e+00	-5.5672497102e-01	2.2633124396e-01	-3.5406829850e-02
324	-4.5901698896e-01	-1.3897598534e-01	-3.2004100362e-01	2.9192743408e-02	0.0000000000e+00	-5.5672507097e-01	2.2633127285e-01	-3.5406820524e-02
325	-4.5901706862e-01	-1.3897601402e-01	-3.2004105460e-01	2.9192735914e-02	0.0000000000e+00	-5.5672516759e-01	2.2633130073e-01	-3.5406811435e-02
326	-4.5901714562e-01	-1.3897604177e-01	-3.2004110385e-01	2.9192728611e-02	0.0000000000e+00	-5.5672526097e-01	2.2633132761e-01	-3.5406802577e-02
327	-4.5901722001e-01	-1.3897606860e-01	-3.2004115141e-01	2.9192721495e-02	0.0000000000e+00	-5.5672535120e-01	2.2633135352e-01	-3.5406793946e-02
328	-4.5901729187e-01	-1.3897609453e-01	-3.2004119734e-01	2.9192714563e-02	0.0000000000e+00	-5.5672543836e-01	2.2633137850e-01	-3.5406785540e-02
329	-4.5901736127e-01	-1.3897611961e-01	-3.2004124166e-01	2.9192707815e-02	0.0000000000e+00	-5.5672552253e-01	2.2633140257e-01	-3.5406777355e-02
330	-4.5901742827e-01	-1.3897614383e-01	-3.2004128444e-01	2.9192701248e-02	0.0000000000e+00	-5.5672560379e-01	2.2633142576e-01	-3.5406769389e-02
331	-4.5901749293e-01	-1.3897616723e-01	-3.2004132570e-01	2.9192694860e-02	0.0000000000e+00	-5.5672568221e-01	2.2633144809e-01	-3.5406761642e-02
332	-4.5901755530e-01	-1.3897618982e-01	-3.2004136548e-01	2.9192688651e-02	0.0000000000e+00	-5.5672575787e-01	2.2633146958e-01	-3.5406754111e-02
333	-4.5901761546e-01	-1.3897621162e-01	-3.2004140383e-01	2.9192682619e-02	0.0000000000e+00	-5.5672583083e-01	2.2633149026e-01	-3.5406746795e-02
334	-4.5901767345e-01	-1.3897623266e-01	-3.2004144079e-01	2.9192676764e-02	0.0000000000e+00	-5.5672590116e-01	2.2633151016e-01	-3.5406739694e-02
335	-4.5901772933e-01	-1.3897625295e-01	-3.2004147638e-01	2.9192671085e-02	0.0000000000e+00	-5.5672596893e-01	2.2633152929e-01	-3.5406732806e-02
336	-4.5901778315e-01	-1.3897627250e-01	-3.2004151064e-01	2.9192665580e-02	0.0000000000e+00	-5.5672603421e-01	2.2633154768e-01	-3.5406726130e-02
337	-4.5901783496e-01	-1.3897629134e-01	-3.2004154362e-01	2.9192660250e-02	0.0000000000e+00	-5.5672609706e-01	2.2633156535e-01	-3.5406719664e-02
338	-4.5901788483e-01	-1.3897630948e-01	-3.2004157534e-01	2.9192655092e-02	0.0000000000e+00	-5.5672615754e-01	2.2633158232e-01	-3.5406713409e-02
339	-4.5901793279e-01	-1.3897632695e-01	-3.2004160585e-01	2.9192650106e-02	0.0000000000e+00	-5.5672621571e-01	2.2633159862e-01	-3.5406707362e-02
340	-4.5901797891e-01	-1.3897634375e-01	-3.2004163516e-01	2.9192645291e-02	0.0000000000e+00	-5.5672627165e-01	2.2633161427e-01	-3.5406701521e-02
341	-4.5901802324e-01	-1.3897635990e-01	-3.2004166333e-01	2.9192640644e-02	0.0000000000e+00	-5.5672632541e-01	2.2633162929e-01	-3.5406695885e-02
342	-4.5901806581e-01	-1.3897637543e-01	-3.2004169038e-01	2.9192636164e-02	0.0000000000e+00	-5.5672637705e-01	2.2633164369e-01	-3.5406690452e-02
343	-4.5901810670e-01	-1.3897639035e-01	-3.2004171635e-01	2.9192631849e-02	0.0000000000e+00	-5.5672642663e-01	2.2633165750e-01	-3.5406685219e-02
344	-4.5901814594e-01	-1.3897640467e-01	-3.2004174127e-01	2.9192627698e-02	0.0000000000e+00	-5.5672647423e-01	2.2633167075e-01	-3.5406680183e-02
345	-4.5901818359e-01	-1.3897641842e-01	-3.2004176517e-01	2.9192623707e-02	0.0000000000e+00	-5.5672651989e-01	2.2633168344e-01	-3.5406675343e-02
346	-4.5901821970e-01	-1.3897643161e-01	-3.2004178809e-01	2.9192619874e-02	0.0000000000e+00	-5.5672656369e-01	2.2633169560e-01	-3.5406670694e-02
347	-4.5901825431e-01	-1.3897644425e-01	-3.2004181006e-01	2.9192616196e-02	0.0000000000e+00	-5.5672660567e-01	2.2633170726e-01	-3.5406666233e-02
348	-4.5901828748e-01	-1.3897645637e-01	-3.2004183111e-01	2.9192612670e-02	0.0000000000e+00	-5.5672664590e-01	2.2633171842e-01	-3.5406661957e-02
349	-4.5901831926e-01	-1.3897646799e-01	-3.2004185128e-01	2.9192609293e-02	0.0000000000e+00	-5.5672668445e-01	2.2633172911e-01	-3.5406657861e-02
350	-4.5901834970e-01	-1.3897647911e-01	-3.2004187059e-01	2.9192606061e-02	0.0000000000e+00	-5.5672672136e-01	2.2633173935e-01	-3.5406653941e-02
351	-4.5901837883e-01	-1.3897648976e-01	-3.2004188908e-01	2.9192602972e-02	0.0000000000e+00	-5.5672675670e-01	2.2633174915e-01	-3.5406650194e-02
352	-4.5901840672e-01	-1.3897649995e-01	-3.2004190677e-01	2.9192600020e-02	0.0000000000e+00	-5.5672679052e-01	2.2633175853e-01	-3.5406646614e-02
353	-4.5901843341e-01	-1.3897650970e-01	-3.2004192371e-01	2.9192597202e-02	0.0000000000e+00	-5.5672682289e-01	2.2633176751e-01	-3.5406643196e-02
354	-4.5901845894e-01	-1.3897651903e-01	-3.2004193992e-01	2.9192594514e-02	0.0000000000e+00	-5.5672685386e-01	2.2633177611e-01	-3.5406639936e-02
355	-4.5901848337e-01	-1.3897652795e-01	-3.2004195542e-01	2.9192591952e-02	0.0000000000e+00	-5.5672688349e-01	2.2633178434e-01	-3.5406636829e-02
356	-4.5901850672e-01	-1.3897653647e-01	-3.2004197025e-01	2.9192589512e-02	0.0000000000e+00	-5.5672691181e-01	2.2633179222e-01	-3.5406633869e-02
357	-4.5901852908e-01	-1.3897654463e-01	-3.2004198445e-01	2.9192587189e-02	0.0000000000e+00	-5.5672693893e-01	2.2633179977e-01	-3.5406631052e-02
358	-4.5901855042e-01	-1.3897655242e-01	-3.2004199801e-01	2.9192584983e-02	0.0000000000e+00	-5.5672696481e-01	2.2633180699e-01	-3.5406628376e-02
359	-4.5901857088e-01	-1.3897655987e-01	-3.2004201100e-01	2.9192582871e-02	0.0000000000e+00	-5.5672698962e-01	2.2633181391e-01	-3.5406625815e-02
360	-4.5901859038e-01	-1.3897656698e-01	-3.2004202340e-01	2.9192580881e-02	0.0000000000e+00	-5.5672701327e-01	2.2633182052e-01	-3.5406623401e-02
361	-4.5901860910e-01	-1.3897657380e-01	-3.2004203530e-01	2.9192578980e-02	0.0000000000e+00	-5.5672703597e-01	2.2633182688e-01	-3.5406621096e-02
