# y+ ()          
# Time           	patch            	min              	max              	average          
1                	Bottom	4.0213242892e+01	2.4803257509e+02	1.4179902251e+02
1                	Top	7.2529195886e+01	2.4346097012e+02	1.4532739872e+02
1                	e423_0	1.2428452880e+02	7.0989155789e+02	4.3259265081e+02
2                	Bottom	3.4209451037e+01	1.8943055586e+02	1.1756635056e+02
2                	Top	3.9022757848e+01	2.1740445062e+02	1.4235921642e+02
2                	e423_0	2.8921469048e+01	7.0259952761e+02	4.2107391623e+02
3                	Bottom	2.8995740621e+01	1.4896243880e+02	8.3377506134e+01
3                	Top	4.5648381138e+01	2.4590708003e+02	1.3392009300e+02
3                	e423_0	9.5420094188e+00	7.1005445497e+02	4.1717477191e+02
4                	Bottom	1.5123535020e+01	1.4284310643e+02	7.8171985281e+01
4                	Top	3.0982801038e+01	2.7621292403e+02	1.2881638910e+02
4                	e423_0	1.5638605201e+01	7.0455824195e+02	4.1156454544e+02
5                	Bottom	3.8021182383e+01	1.5859062215e+02	9.3605141006e+01
5                	Top	2.9731535018e+01	3.0437689558e+02	1.2788176923e+02
5                	e423_0	1.1149789285e+01	7.0606840128e+02	4.0613434968e+02
6                	Bottom	2.3472297599e+01	1.7088199074e+02	1.0571302102e+02
6                	Top	8.0834501930e+00	3.2762780299e+02	1.2821143483e+02
6                	e423_0	7.9438760664e+00	7.0746171751e+02	4.0120722991e+02
7                	Bottom	2.5056288191e+01	1.8812554432e+02	1.1736067796e+02
7                	Top	3.5824268729e+01	3.4483101597e+02	1.3365299990e+02
7                	e423_0	3.9743351492e+00	7.0811895655e+02	3.9669854876e+02
8                	Bottom	1.0654317159e+01	2.1224834800e+02	1.2510975381e+02
8                	Top	4.9862185698e+01	3.5637752414e+02	1.3964060283e+02
8                	e423_0	3.9911541024e+00	7.0907659436e+02	3.9260117491e+02
9                	Bottom	1.8379342335e+01	2.3528805796e+02	1.2918315778e+02
9                	Top	4.9809682720e+01	3.6377677317e+02	1.4529127895e+02
9                	e423_0	6.8063934430e+00	7.1089744147e+02	3.8887352324e+02
10               	Bottom	2.2852909783e+01	2.5654051583e+02	1.3390762650e+02
10               	Top	4.1155345513e+01	3.7104409655e+02	1.4947406353e+02
10               	e423_0	8.9416880221e+00	7.1343199506e+02	3.8543952191e+02
11               	Bottom	1.7826286250e+01	2.7387736763e+02	1.3427442200e+02
11               	Top	2.6163596881e+01	3.7630348618e+02	1.5180934635e+02
11               	e423_0	1.1117124901e+01	7.1644608678e+02	3.8230431282e+02
12               	Bottom	1.2757985692e+01	2.8817259565e+02	1.3624427830e+02
12               	Top	2.0404109062e+01	3.7584629165e+02	1.5332014302e+02
12               	e423_0	1.3279164412e+01	7.1952266384e+02	3.7949722862e+02
13               	Bottom	6.2897742288e+00	3.0000874683e+02	1.3616903157e+02
13               	Top	3.7363273705e+01	3.7056200766e+02	1.5479846886e+02
13               	e423_0	1.5558568307e+01	7.2240170400e+02	3.7706423979e+02
14               	Bottom	3.1364634569e+00	3.0657252732e+02	1.3412299228e+02
14               	Top	4.7365939111e+01	3.6196380651e+02	1.5499866955e+02
14               	e423_0	1.7825475386e+01	7.2495890795e+02	3.7491009390e+02
15               	Bottom	1.9539661649e+00	3.0751994923e+02	1.3383195122e+02
15               	Top	5.5167553210e+01	3.5102244059e+02	1.5451744653e+02
15               	e423_0	2.0092839144e+01	7.2710982237e+02	3.7308448189e+02
16               	Bottom	1.3782278724e+00	3.0338529960e+02	1.3293114159e+02
16               	Top	5.1810848481e+01	3.3859301475e+02	1.5361492772e+02
16               	e423_0	2.2320194553e+01	7.2885995570e+02	3.7166665013e+02
17               	Bottom	5.3680765513e+00	2.9482608906e+02	1.3198974699e+02
17               	Top	4.3795334182e+01	3.2521304142e+02	1.5243856135e+02
17               	e423_0	2.4302383372e+01	7.3039249635e+02	3.7063224334e+02
18               	Bottom	8.8453534406e+00	2.8284192899e+02	1.3073628986e+02
18               	Top	3.4524579523e+01	3.1116916553e+02	1.5102710211e+02
18               	e423_0	2.6197210328e+01	7.3175297775e+02	3.7000968961e+02
19               	Bottom	1.0499121502e+01	2.6824017860e+02	1.2943348458e+02
19               	Top	2.0240666912e+01	2.9628361512e+02	1.4918831007e+02
19               	e423_0	2.8109751616e+01	7.3304665610e+02	3.6976096614e+02
20               	Bottom	1.0804002314e+01	2.5165248741e+02	1.2878653345e+02
20               	Top	2.0871769700e+01	2.8061504780e+02	1.4800781109e+02
20               	e423_0	3.0041206258e+01	7.3436301133e+02	3.6985316909e+02
21               	Bottom	1.0698071178e+01	2.3356252729e+02	1.2782157928e+02
21               	Top	3.6198440783e+01	2.6432592169e+02	1.4753373573e+02
21               	e423_0	3.2059233780e+01	7.3577458374e+02	3.7028669485e+02
22               	Bottom	1.0614401980e+01	2.1438275312e+02	1.2660540325e+02
22               	Top	4.6997952815e+01	2.4743167199e+02	1.4681084030e+02
22               	e423_0	3.3970297276e+01	7.3733434084e+02	3.7101246928e+02
23               	Bottom	1.0470545873e+01	2.1183964188e+02	1.2518779400e+02
23               	Top	5.0297436404e+01	2.3011905111e+02	1.4607476113e+02
23               	e423_0	3.5823372345e+01	7.3905179229e+02	3.7198141983e+02
24               	Bottom	1.0061074102e+01	2.1572134156e+02	1.2356563511e+02
24               	Top	4.2856542801e+01	2.3360424559e+02	1.4538155071e+02
24               	e423_0	3.7549379087e+01	7.4089531110e+02	3.7312227590e+02
25               	Bottom	9.3851863228e+00	2.1944947100e+02	1.2154757240e+02
25               	Top	3.3045999645e+01	2.3731414955e+02	1.4453438916e+02
25               	e423_0	3.9233706061e+01	7.4285468740e+02	3.7440698632e+02
26               	Bottom	8.2184414479e+00	2.2308061361e+02	1.1941412519e+02
26               	Top	1.6932519054e+01	2.4095694312e+02	1.4326180232e+02
26               	e423_0	4.0785186179e+01	7.4491060763e+02	3.7581454357e+02
27               	Bottom	6.5667031463e+00	2.2663370872e+02	1.2121669636e+02
27               	Top	2.5305909873e+01	2.4512930881e+02	1.4318824576e+02
27               	e423_0	4.2244935070e+01	7.4702124889e+02	3.7731988808e+02
28               	Bottom	5.2626590650e+00	2.3009254597e+02	1.2151723316e+02
28               	Top	4.0836326319e+01	2.4959261273e+02	1.4309635483e+02
28               	e423_0	4.3638005903e+01	7.4915298597e+02	3.7887092614e+02
29               	Bottom	3.9118141508e+00	2.3346675934e+02	1.2058270878e+02
29               	Top	1.2423375412e+01	2.5396225686e+02	1.4153411017e+02
29               	e423_0	4.5028784766e+01	7.5128626776e+02	3.8043718968e+02
30               	Bottom	4.5293560929e+00	2.3671681869e+02	1.2477870833e+02
30               	Top	4.2079974236e+01	2.5814881189e+02	1.4503256558e+02
30               	e423_0	4.6357062480e+01	7.5339890022e+02	3.8200088868e+02
31               	Bottom	4.9556771329e+00	2.3983747332e+02	1.2857548068e+02
31               	Top	3.1503241485e+01	2.6216900985e+02	1.4649950049e+02
31               	e423_0	4.7639041255e+01	7.5546379035e+02	3.8354798897e+02
32               	Bottom	3.2894453068e+00	2.4376165906e+02	1.3165135528e+02
32               	Top	1.2278215899e+01	2.6600520837e+02	1.4664949966e+02
32               	e423_0	4.8860961952e+01	7.5747362520e+02	3.8506417305e+02
33               	Bottom	1.9063835442e+00	2.4759854701e+02	1.3378260218e+02
33               	Top	2.7780011934e+01	2.6969042160e+02	1.4858345392e+02
33               	e423_0	5.0016580406e+01	7.5943281722e+02	3.8654007600e+02
34               	Bottom	1.3455854899e+00	2.5121529251e+02	1.3663492496e+02
34               	Top	4.2132715604e+01	2.7314567276e+02	1.5399138341e+02
34               	e423_0	5.1108643049e+01	7.6134860813e+02	3.8796415774e+02
35               	Bottom	1.1939924581e+00	2.5455193489e+02	1.3885283833e+02
35               	Top	4.2064516666e+01	2.7629566640e+02	1.5813075544e+02
35               	e423_0	5.2148527703e+01	7.6319698572e+02	3.8932872606e+02
36               	Bottom	1.1628833301e+00	2.5759896101e+02	1.4195834403e+02
36               	Top	3.0724430782e+01	2.7920768776e+02	1.6145718994e+02
36               	e423_0	5.3161896450e+01	7.6498534166e+02	3.9063183007e+02
37               	Bottom	1.1854365286e+00	2.6035335798e+02	1.4550106796e+02
37               	Top	3.3323090691e+00	2.8190294346e+02	1.6359744583e+02
37               	e423_0	5.4141457893e+01	7.6671373075e+02	3.9187034244e+02
38               	Bottom	1.2289679084e+00	2.6285309672e+02	1.4856928786e+02
38               	Top	3.2446590159e+01	2.8435622069e+02	1.6871075438e+02
38               	e423_0	5.5087867279e+01	7.6838170147e+02	3.9304324509e+02
39               	Bottom	1.2716385828e+00	2.6509963847e+02	1.5109390925e+02
39               	Top	4.7226123614e+01	2.8655079536e+02	1.7277163104e+02
39               	e423_0	5.6015119550e+01	7.6999162261e+02	3.9415520373e+02
40               	Bottom	5.8781636487e+00	2.6702730517e+02	1.5312386846e+02
40               	Top	4.6079355358e+01	2.8860420713e+02	1.7637837940e+02
40               	e423_0	5.6912592116e+01	7.7154441522e+02	3.9518664191e+02
41               	Bottom	5.3727939507e+00	2.6856860142e+02	1.5392211341e+02
41               	Top	3.2222581340e+01	2.9143215209e+02	1.7948455388e+02
41               	e423_0	5.7786811023e+01	7.7301982378e+02	3.9614428403e+02
42               	Bottom	1.4690823636e+01	2.6990568190e+02	1.5810228605e+02
42               	Top	1.3461755288e+01	2.9394484010e+02	1.8215493039e+02
42               	e423_0	5.8618692502e+01	7.7442910464e+02	3.9703385667e+02
43               	Bottom	1.1396987343e+01	2.7101230183e+02	1.6174224360e+02
43               	Top	3.9766867875e+01	2.9610781030e+02	1.8708975681e+02
43               	e423_0	5.9426255334e+01	7.7576830126e+02	3.9785822202e+02
44               	Bottom	1.6232830633e+01	2.7737397966e+02	1.6572943314e+02
44               	Top	1.8427132561e+01	2.9792230990e+02	1.9077009457e+02
44               	e423_0	6.0200693353e+01	7.7702537977e+02	3.9862056724e+02
45               	Bottom	7.8899772290e+00	2.9182891064e+02	1.6828036789e+02
45               	Top	3.6048902007e+01	2.9937538271e+02	1.9654127934e+02
45               	e423_0	6.0951402195e+01	7.7819806441e+02	3.9932476251e+02
46               	Bottom	2.7507395492e+01	3.0850403204e+02	1.7621082401e+02
46               	Top	5.4489162706e+01	3.0045941547e+02	2.0223008306e+02
46               	e423_0	6.1678851900e+01	7.7928680047e+02	3.9997357388e+02
47               	Bottom	3.7290658019e+01	3.2687511699e+02	1.8276213315e+02
47               	Top	5.2808525119e+01	3.1152972780e+02	2.0776964159e+02
47               	e423_0	6.2381655021e+01	7.8029702722e+02	4.0056982051e+02
48               	Bottom	4.2311483181e+01	3.4441484451e+02	1.8891673080e+02
48               	Top	5.1450695517e+01	3.2849274812e+02	2.1295177630e+02
48               	e423_0	6.3062121146e+01	7.8123570976e+02	4.0111696949e+02
49               	Bottom	4.1900530484e+01	3.6077679800e+02	1.9472072073e+02
49               	Top	4.9905431677e+01	3.4532823052e+02	2.1780578227e+02
49               	e423_0	6.3721796598e+01	7.8211135225e+02	4.0161872667e+02
50               	Bottom	3.5528994501e+01	3.7573103020e+02	1.9965390252e+02
50               	Top	4.8324100601e+01	3.6339134651e+02	2.2240107670e+02
50               	e423_0	6.4362457710e+01	7.8293338835e+02	4.0207844470e+02
51               	Bottom	2.8313622658e+01	3.8895075302e+02	2.0388966523e+02
51               	Top	4.6535604896e+01	3.8136016544e+02	2.2677445727e+02
51               	e423_0	6.4983731634e+01	7.8371084390e+02	4.0249973421e+02
52               	Bottom	2.2589825087e+01	4.0154803691e+02	2.0769463333e+02
52               	Top	4.4939747785e+01	3.9662192087e+02	2.3075896885e+02
52               	e423_0	6.5585943598e+01	7.8445066220e+02	4.0288565658e+02
53               	Bottom	1.6923401681e+01	4.1666829389e+02	2.1090255341e+02
53               	Top	4.3487331854e+01	4.0952781090e+02	2.3416725298e+02
53               	e423_0	6.6170456611e+01	7.8515924274e+02	4.0323649658e+02
54               	Bottom	3.5975933760e+01	4.3000911405e+02	2.1495431237e+02
54               	Top	4.0770082492e+01	4.2550852060e+02	2.3697810962e+02
54               	e423_0	6.6757197779e+01	7.8584258380e+02	4.0355398650e+02
55               	Bottom	4.3073185435e+01	4.4214647945e+02	2.1782471062e+02
55               	Top	3.8912927171e+01	4.3996361502e+02	2.3940073742e+02
55               	e423_0	6.7371460008e+01	7.8650228518e+02	4.0384277322e+02
56               	Bottom	4.5817501878e+01	4.5368591896e+02	2.2018922051e+02
56               	Top	3.7714190794e+01	4.5282039071e+02	2.4155964305e+02
56               	e423_0	6.7979688615e+01	7.8714104879e+02	4.0410499150e+02
57               	Bottom	4.6679446435e+01	4.6524810688e+02	2.2213438522e+02
57               	Top	3.6948076429e+01	4.6556947428e+02	2.4356149670e+02
57               	e423_0	6.8560079881e+01	7.8775957171e+02	4.0434278773e+02
58               	Bottom	4.6229253120e+01	4.7655662210e+02	2.2371671971e+02
58               	Top	3.6429112500e+01	4.7799417435e+02	2.4531007451e+02
58               	e423_0	6.9117003926e+01	7.8835913352e+02	4.0455869976e+02
59               	Bottom	4.5502507800e+01	4.8739078745e+02	2.2499132104e+02
59               	Top	3.6118986865e+01	4.8969599316e+02	2.4677457789e+02
59               	e423_0	6.9651890936e+01	7.8893977770e+02	4.0475537635e+02
60               	Bottom	4.4678958377e+01	4.9700226048e+02	2.2587157985e+02
60               	Top	3.6087634724e+01	5.0027141556e+02	2.4790818663e+02
60               	e423_0	7.0169538371e+01	7.8950176912e+02	4.0493997373e+02
61               	Bottom	4.3588208243e+01	5.0484760339e+02	2.2626226613e+02
61               	Top	3.6301921055e+01	5.0926265196e+02	2.4871841124e+02
61               	e423_0	7.0644389367e+01	7.9004495619e+02	4.0511726416e+02
62               	Bottom	4.1630260636e+01	5.0970926979e+02	2.2604886482e+02
62               	Top	3.6721238522e+01	5.1637394349e+02	2.4916488857e+02
62               	e423_0	7.1058932326e+01	7.9057181983e+02	4.0528752432e+02
63               	Bottom	3.7946888727e+01	5.1123640760e+02	2.2517696142e+02
63               	Top	3.7356998458e+01	5.2145866654e+02	2.4921363301e+02
63               	e423_0	7.1456183585e+01	7.9108212034e+02	4.0545058088e+02
64               	Bottom	3.2492702412e+01	5.1024939243e+02	2.2375614871e+02
64               	Top	3.8140563089e+01	5.2437661766e+02	2.4883490911e+02
64               	e423_0	7.1846403049e+01	7.9157753444e+02	4.0560568581e+02
65               	Bottom	2.9840284220e+01	5.0676452857e+02	2.2214525323e+02
65               	Top	3.9033426501e+01	5.2494479895e+02	2.4804254189e+02
65               	e423_0	7.2223400781e+01	7.9205857052e+02	4.0575443183e+02
66               	Bottom	3.8819300124e+01	5.0174151265e+02	2.2083227990e+02
66               	Top	4.0641238237e+01	5.2314541968e+02	2.4691822163e+02
66               	e423_0	7.2586223833e+01	7.9252622922e+02	4.0589789421e+02
67               	Bottom	4.2101939741e+01	4.9545233748e+02	2.1879033075e+02
67               	Top	4.3331962407e+01	5.1947018573e+02	2.4557179030e+02
67               	e423_0	7.2932758269e+01	7.9297926026e+02	4.0603627177e+02
68               	Bottom	4.0268027526e+01	4.8820456142e+02	2.1610331481e+02
68               	Top	4.4345724662e+01	5.1454047032e+02	2.4396867640e+02
68               	e423_0	7.3260131481e+01	7.9341383381e+02	4.0617060785e+02
69               	Bottom	3.9474657477e+01	4.8027351896e+02	2.1334919249e+02
69               	Top	4.5239995055e+01	5.0800570712e+02	2.4214687907e+02
69               	e423_0	7.3567569745e+01	7.9383452716e+02	4.0630127689e+02
70               	Bottom	3.8192532159e+01	4.7165835685e+02	2.1047878660e+02
70               	Top	4.6139589401e+01	4.9948605618e+02	2.4014927203e+02
70               	e423_0	7.3857375317e+01	7.9424278095e+02	4.0642808667e+02
71               	Bottom	3.3718488242e+01	4.6249931157e+02	2.0737801069e+02
71               	Top	4.6993763083e+01	4.8945032133e+02	2.3804016290e+02
71               	e423_0	7.4129865517e+01	7.9463933966e+02	4.0655084231e+02
72               	Bottom	2.3176684810e+01	4.5357552575e+02	2.0411262711e+02
72               	Top	4.7704906679e+01	4.7833591007e+02	2.3587243826e+02
72               	e423_0	7.4390383611e+01	7.9502447182e+02	4.0666949061e+02
73               	Bottom	1.3154622728e+01	4.4531658632e+02	2.0101234787e+02
73               	Top	4.8395807811e+01	4.6714780937e+02	2.3371443210e+02
73               	e423_0	7.4632198952e+01	7.9539835570e+02	4.0678388184e+02
74               	Bottom	2.3752873402e+01	4.3773812173e+02	2.0078315241e+02
74               	Top	4.9121476666e+01	4.5695168563e+02	2.3167433691e+02
74               	e423_0	7.4856949623e+01	7.9576073505e+02	4.0689396654e+02
75               	Bottom	2.7467734500e+01	4.3110505153e+02	1.9980254676e+02
75               	Top	4.9783944718e+01	4.4723218938e+02	2.2974283191e+02
75               	e423_0	7.5065103575e+01	7.9611143328e+02	4.0699967440e+02
76               	Bottom	1.9970276690e+01	4.2450422126e+02	1.9827914554e+02
76               	Top	5.0437267407e+01	4.3779928703e+02	2.2791755449e+02
76               	e423_0	7.5256970953e+01	7.9644992558e+02	4.0710100563e+02
77               	Bottom	1.3288879546e+01	4.1747617496e+02	1.9652827111e+02
77               	Top	5.1012466253e+01	4.2869444208e+02	2.2621200625e+02
77               	e423_0	7.5433825458e+01	7.9677583002e+02	4.0719797510e+02
78               	Bottom	6.9722059944e+00	4.1093576634e+02	1.9495991854e+02
78               	Top	5.1378072664e+01	4.2025912426e+02	2.2459750616e+02
78               	e423_0	7.5596869436e+01	7.9708891826e+02	4.0729128032e+02
79               	Bottom	3.9201361530e+00	4.0508774412e+02	1.9378058686e+02
79               	Top	5.1641198263e+01	4.1226881457e+02	2.2308645836e+02
79               	e423_0	7.5747594485e+01	7.9738897750e+02	4.0738114428e+02
80               	Bottom	2.4426342827e+00	3.9996291812e+02	1.9308625731e+02
80               	Top	5.1856347392e+01	4.0541337554e+02	2.2174404192e+02
80               	e423_0	7.5887470849e+01	7.9767599137e+02	4.0746779248e+02
81               	Bottom	1.7527194334e+00	3.9550805655e+02	1.9243636557e+02
81               	Top	5.2027774691e+01	3.9972971282e+02	2.2059041812e+02
81               	e423_0	7.6017849133e+01	7.9795002444e+02	4.0755125531e+02
82               	Bottom	1.4746176389e+00	3.9169322266e+02	1.9183812650e+02
82               	Top	5.2158723664e+01	3.9516506371e+02	2.1962940284e+02
82               	e423_0	7.6139858207e+01	7.9821119324e+02	4.0763160293e+02
83               	Bottom	1.3704869651e+00	3.8845832449e+02	1.9168151306e+02
83               	Top	5.2243662147e+01	3.9236291646e+02	2.1887971563e+02
83               	e423_0	7.6254801632e+01	7.9845964625e+02	4.0770891941e+02
84               	Bottom	1.3289526579e+00	3.8591519807e+02	1.9179673695e+02
84               	Top	5.2294089874e+01	3.9048875901e+02	2.1835604663e+02
84               	e423_0	7.6364008343e+01	7.9869561965e+02	4.0778315744e+02
85               	Bottom	1.3095725777e+00	3.8404610010e+02	1.9204553149e+02
85               	Top	5.2312912963e+01	3.8918706650e+02	2.1800525893e+02
85               	e423_0	7.6468394249e+01	7.9891939203e+02	4.0785436344e+02
86               	Bottom	1.2984071094e+00	3.8275953305e+02	1.9237717859e+02
86               	Top	5.2306131930e+01	3.8831033620e+02	2.1779532763e+02
86               	e423_0	7.6569050965e+01	7.9913132465e+02	4.0792263354e+02
87               	Bottom	1.2908097394e+00	3.8190682199e+02	1.9278872767e+02
87               	Top	5.2274744072e+01	3.8793090549e+02	2.1771100879e+02
87               	e423_0	7.6666939834e+01	7.9933178830e+02	4.0798811740e+02
88               	Bottom	1.2853074587e+00	3.8151080000e+02	1.9326178967e+02
88               	Top	5.2225358241e+01	3.8794795309e+02	2.1774265916e+02
88               	e423_0	7.6762935822e+01	7.9952122282e+02	4.0805096315e+02
89               	Bottom	1.2812985065e+00	3.8138166121e+02	1.9378762889e+02
89               	Top	5.2156692314e+01	3.8804700331e+02	2.1787416034e+02
89               	e423_0	7.6857804882e+01	7.9970023600e+02	4.0811144415e+02
90               	Bottom	1.2785126295e+00	3.8137069118e+02	1.9432361825e+02
90               	Top	5.2071159095e+01	3.8817924764e+02	2.1808590977e+02
90               	e423_0	7.6952215673e+01	7.9986924398e+02	4.0816975235e+02
91               	Bottom	1.2768030249e+00	3.8130420208e+02	1.9488713070e+02
91               	Top	5.1969812033e+01	3.8845205439e+02	2.1838754819e+02
91               	e423_0	7.7046644703e+01	8.0002881292e+02	4.0822596609e+02
92               	Bottom	1.2760450635e+00	3.8127053272e+02	1.9548160955e+02
92               	Top	5.1858613263e+01	3.8889302096e+02	2.1876634485e+02
92               	e423_0	7.7141508899e+01	8.0017952803e+02	4.0828018017e+02
93               	Bottom	1.2761406022e+00	3.8150894875e+02	1.9611160989e+02
93               	Top	5.1742274773e+01	3.8945658114e+02	2.1921162559e+02
93               	e423_0	7.7237033118e+01	8.0032198502e+02	4.0833250560e+02
94               	Bottom	1.2769617470e+00	3.8215922627e+02	1.9676699745e+02
94               	Top	5.1622727406e+01	3.9012574251e+02	2.1971942869e+02
94               	e423_0	7.7333282925e+01	8.0045679561e+02	4.0838303069e+02
95               	Bottom	1.2783741834e+00	3.8300436865e+02	1.9742941293e+02
95               	Top	5.1507754701e+01	3.9089756167e+02	2.2027141549e+02
95               	e423_0	7.7430247693e+01	8.0058460465e+02	4.0843185366e+02
96               	Bottom	1.2802751036e+00	3.8394991562e+02	1.9808464123e+02
96               	Top	5.1342981998e+01	3.9173879885e+02	2.2082879656e+02
96               	e423_0	7.7527851303e+01	8.0070603604e+02	4.0847907806e+02
97               	Bottom	1.2825606964e+00	3.8493081706e+02	1.9872400243e+02
97               	Top	5.1153859669e+01	3.9259139427e+02	2.2136349945e+02
97               	e423_0	7.7626010705e+01	8.0082174072e+02	4.0852481681e+02
98               	Bottom	1.2851113255e+00	3.8592927055e+02	1.9935013622e+02
98               	Top	5.0952539168e+01	3.9337078465e+02	2.2186919467e+02
98               	e423_0	7.7724556817e+01	8.0093232206e+02	4.0856914958e+02
99               	Bottom	1.2878470794e+00	3.8695264352e+02	1.9995768198e+02
99               	Top	5.0738234313e+01	3.9408928893e+02	2.2235158728e+02
99               	e423_0	7.7823153502e+01	8.0103830882e+02	4.0861213821e+02
100              	Bottom	1.2907061366e+00	3.8797972586e+02	2.0054121314e+02
100              	Top	5.0507443164e+01	3.9476767794e+02	2.2280837417e+02
100              	e423_0	7.7921773981e+01	8.0114015146e+02	4.0865382636e+02
101              	Bottom	1.2936216079e+00	3.8897774305e+02	2.0109944235e+02
101              	Top	5.0273943434e+01	3.9539896772e+02	2.2323870846e+02
101              	e423_0	7.8020245683e+01	8.0123848891e+02	4.0869431090e+02
102              	Bottom	1.2965436153e+00	3.8993024754e+02	2.0163387485e+02
102              	Top	5.0038805490e+01	3.9599217140e+02	2.2364207387e+02
102              	e423_0	7.8118199436e+01	8.0133367859e+02	4.0873365854e+02
103              	Bottom	1.2994656903e+00	3.9086127208e+02	2.0215868943e+02
103              	Top	4.9811232720e+01	3.9654436675e+02	2.2402340456e+02
103              	e423_0	7.8215358863e+01	8.0142614094e+02	4.0877192306e+02
104              	Bottom	1.3024076395e+00	3.9192469055e+02	2.0267898337e+02
104              	Top	4.9612184008e+01	3.9707088223e+02	2.2438964449e+02
104              	e423_0	7.8311509472e+01	8.0151618909e+02	4.0880914821e+02
105              	Bottom	1.3053306693e+00	3.9311549716e+02	2.0319215423e+02
105              	Top	4.9462822721e+01	3.9759167176e+02	2.2475126044e+02
105              	e423_0	7.8406452984e+01	8.0160409594e+02	4.0884535283e+02
106              	Bottom	1.3082304158e+00	3.9436332127e+02	2.0368620329e+02
106              	Top	4.9330205689e+01	3.9812480379e+02	2.2510764343e+02
106              	e423_0	7.8499956741e+01	8.0169011970e+02	4.0888057096e+02
107              	Bottom	1.3111130155e+00	3.9557118916e+02	2.0414570057e+02
107              	Top	4.9191390152e+01	3.9868393301e+02	2.2545601106e+02
107              	e423_0	7.8591797747e+01	8.0177444229e+02	4.0891484192e+02
108              	Bottom	1.3139666532e+00	3.9668201826e+02	2.0456291284e+02
108              	Top	4.9052781386e+01	3.9925855316e+02	2.2580333335e+02
108              	e423_0	7.8681759831e+01	8.0185720161e+02	4.0894820566e+02
109              	Bottom	1.3167488810e+00	3.9743711977e+02	2.0493079439e+02
109              	Top	4.8921509007e+01	3.9984512462e+02	2.2614699183e+02
109              	e423_0	7.8769654659e+01	8.0193850337e+02	4.0898069815e+02
110              	Bottom	1.3194254216e+00	3.9790011536e+02	2.0526673151e+02
110              	Top	4.8794391743e+01	4.0045243742e+02	2.2648293725e+02
110              	e423_0	7.8855319299e+01	8.0201841347e+02	4.0901231889e+02
111              	Bottom	1.3220058549e+00	3.9835338049e+02	2.0558457941e+02
111              	Top	4.8672458292e+01	4.0106233057e+02	2.2680664799e+02
111              	e423_0	7.8938620164e+01	8.0209683705e+02	4.0904287444e+02
112              	Bottom	1.3244678008e+00	3.9880977945e+02	2.0588411462e+02
112              	Top	4.8557459383e+01	4.0165642556e+02	2.2711561237e+02
112              	e423_0	7.9020445418e+01	8.0217401593e+02	4.0907249292e+02
113              	Bottom	1.3267787047e+00	3.9926601231e+02	2.0616415937e+02
113              	Top	4.8450796349e+01	4.0223651070e+02	2.2740904143e+02
113              	e423_0	7.9100626532e+01	8.0224986365e+02	4.0910129388e+02
114              	Bottom	1.3289090288e+00	3.9978717892e+02	2.0642076689e+02
114              	Top	4.8351645881e+01	4.0280677220e+02	2.2768747117e+02
114              	e423_0	7.9178206741e+01	8.0232435916e+02	4.0912935043e+02
115              	Bottom	1.3308448105e+00	4.0028999983e+02	2.0665672220e+02
115              	Top	4.8257745481e+01	4.0337017303e+02	2.2795070353e+02
115              	e423_0	7.9253025768e+01	8.0239753012e+02	4.0915671942e+02
116              	Bottom	1.3325832691e+00	4.0071876960e+02	2.0687106782e+02
116              	Top	4.8170855095e+01	4.0396562307e+02	2.2820548373e+02
116              	e423_0	7.9325012625e+01	8.0246934187e+02	4.0918343703e+02
117              	Bottom	1.3341233898e+00	4.0108103322e+02	2.0706744699e+02
117              	Top	4.8089906462e+01	4.0459552706e+02	2.2844578112e+02
117              	e423_0	7.9394163764e+01	8.0253972587e+02	4.0920952572e+02
118              	Bottom	1.3354657085e+00	4.0139009363e+02	2.0724281789e+02
118              	Top	4.8017887876e+01	4.0523794984e+02	2.2866763786e+02
118              	e423_0	7.9460528797e+01	8.0260865292e+02	4.0923499566e+02
119              	Bottom	1.3365614159e+00	4.0167450520e+02	2.0740121992e+02
119              	Top	4.7952381808e+01	4.0587354350e+02	2.2887030380e+02
119              	e423_0	7.9524163376e+01	8.0267607475e+02	4.0925984915e+02
120              	Bottom	1.3374140677e+00	4.0193613722e+02	2.0754548522e+02
120              	Top	4.7892506476e+01	4.0649199968e+02	2.2905210882e+02
120              	e423_0	7.9585117928e+01	8.0274193653e+02	4.0928409471e+02
121              	Bottom	1.3380582870e+00	4.0216193965e+02	2.0767701832e+02
121              	Top	4.7838071303e+01	4.0706519224e+02	2.2921153309e+02
121              	e423_0	7.9643437979e+01	8.0280618242e+02	4.0930774430e+02
122              	Bottom	1.3385198006e+00	4.0236473919e+02	2.0779778053e+02
122              	Top	4.7788363723e+01	4.0759947194e+02	2.2934824088e+02
122              	e423_0	7.9699169350e+01	8.0286876765e+02	4.0933081235e+02
123              	Bottom	1.3388020915e+00	4.0251975150e+02	2.0788962689e+02
123              	Top	4.7748946208e+01	4.0809557053e+02	2.2946420845e+02
123              	e423_0	7.9752367574e+01	8.0292964138e+02	4.0935331421e+02
124              	Bottom	1.3388450004e+00	4.0254495013e+02	2.0795397254e+02
124              	Top	4.7717879605e+01	4.0853715354e+02	2.2956092425e+02
124              	e423_0	7.9803087905e+01	8.0298877504e+02	4.0937526568e+02
125              	Bottom	1.3386314079e+00	4.0245379252e+02	2.0799935755e+02
125              	Top	4.7693230300e+01	4.0889163877e+02	2.2963992094e+02
125              	e423_0	7.9851392339e+01	8.0304614506e+02	4.0939667236e+02
126              	Bottom	1.3382003646e+00	4.0229668231e+02	2.0803766204e+02
126              	Top	4.7672637188e+01	4.0918232744e+02	2.2970510143e+02
126              	e423_0	7.9897349557e+01	8.0310174190e+02	4.0941753799e+02
127              	Bottom	1.3376177317e+00	4.0213255622e+02	2.0806747373e+02
127              	Top	4.7658871698e+01	4.0944633089e+02	2.2975543445e+02
127              	e423_0	7.9941030050e+01	8.0315556566e+02	4.0943786819e+02
128              	Bottom	1.3368705460e+00	4.0198012763e+02	2.0809498305e+02
128              	Top	4.7648810327e+01	4.0969546416e+02	2.2979304293e+02
128              	e423_0	7.9982504457e+01	8.0320762552e+02	4.0945766633e+02
129              	Bottom	1.3359737479e+00	4.0189367023e+02	2.0813509077e+02
129              	Top	4.7640856227e+01	4.0993796532e+02	2.2981724628e+02
129              	e423_0	8.0021846867e+01	8.0325793831e+02	4.0947693398e+02
130              	Bottom	1.3349838610e+00	4.0191689064e+02	2.0818271208e+02
130              	Top	4.7635829682e+01	4.1015280351e+02	2.2982652753e+02
130              	e423_0	8.0059134033e+01	8.0330652626e+02	4.0949567116e+02
131              	Bottom	1.3339273075e+00	4.0202513386e+02	2.0823241062e+02
131              	Top	4.7632989571e+01	4.1033043207e+02	2.2982229918e+02
131              	e423_0	8.0094443430e+01	8.0335341616e+02	4.0951387709e+02
132              	Bottom	1.3328143512e+00	4.0218153290e+02	2.0827926331e+02
132              	Top	4.7632862556e+01	4.1047474406e+02	2.2980655291e+02
132              	e423_0	8.0127854010e+01	8.0339863758e+02	4.0953155022e+02
133              	Bottom	1.3316448815e+00	4.0234984670e+02	2.0831943016e+02
133              	Top	4.7636032261e+01	4.1059525533e+02	2.2978140804e+02
133              	e423_0	8.0159445784e+01	8.0344222171e+02	4.0954868817e+02
134              	Bottom	1.3304089531e+00	4.0250388007e+02	2.0835164866e+02
134              	Top	4.7642057986e+01	4.1068661810e+02	2.2974811917e+02
134              	e423_0	8.0189299109e+01	8.0348420157e+02	4.0956528904e+02
135              	Bottom	1.3291051746e+00	4.0263312827e+02	2.0837589199e+02
135              	Top	4.7650861925e+01	4.1075400434e+02	2.2970812033e+02
135              	e423_0	8.0217495739e+01	8.0352461129e+02	4.0958135629e+02
136              	Bottom	1.3277397633e+00	4.0273229847e+02	2.0839136869e+02
136              	Top	4.7662348089e+01	4.1080415450e+02	2.2966271045e+02
136              	e423_0	8.0244116442e+01	8.0356348546e+02	4.0959689199e+02
137              	Bottom	1.3263149762e+00	4.0280064781e+02	2.0840026748e+02
137              	Top	4.7676109064e+01	4.1084195147e+02	2.2961292082e+02
137              	e423_0	8.0269241338e+01	8.0360086102e+02	4.0961189777e+02
138              	Bottom	1.3248405191e+00	4.0284786959e+02	2.0840628512e+02
138              	Top	4.7691582873e+01	4.1087156306e+02	2.2955814626e+02
138              	e423_0	8.0292951520e+01	8.0363677554e+02	4.0962637691e+02
139              	Bottom	1.3233286244e+00	4.0288633879e+02	2.0840995918e+02
139              	Top	4.7708491435e+01	4.1088966071e+02	2.2949824570e+02
139              	e423_0	8.0315328260e+01	8.0367126470e+02	4.0964033388e+02
140              	Bottom	1.3217875506e+00	4.0291825750e+02	2.0841123279e+02
140              	Top	4.7726488054e+01	4.1088961213e+02	2.2943354331e+02
140              	e423_0	8.0336452165e+01	8.0370436124e+02	4.0965377513e+02
141              	Bottom	1.3202270877e+00	4.0293983548e+02	2.0840968872e+02
141              	Top	4.7745589965e+01	4.1087218642e+02	2.2936491716e+02
141              	e423_0	8.0356398778e+01	8.0373610482e+02	4.0966657484e+02
142              	Bottom	1.3186537261e+00	4.0294775906e+02	2.0840580235e+02
142              	Top	4.7764732792e+01	4.1081363334e+02	2.2929362023e+02
142              	e423_0	8.0375247583e+01	8.0376653182e+02	4.0967883997e+02
143              	Bottom	1.3170826420e+00	4.0293842788e+02	2.0839882497e+02
143              	Top	4.7783514010e+01	4.1069635037e+02	2.2922043803e+02
143              	e423_0	8.0393073555e+01	8.0379567456e+02	4.0969056914e+02
144              	Bottom	1.3155301065e+00	4.0290427261e+02	2.0838885313e+02
144              	Top	4.7802155059e+01	4.1055771238e+02	2.2914765062e+02
144              	e423_0	8.0409957936e+01	8.0382357341e+02	4.0970177911e+02
145              	Bottom	1.3140042003e+00	4.0285180272e+02	2.0837677825e+02
145              	Top	4.7820535286e+01	4.1042029752e+02	2.2907640162e+02
145              	e423_0	8.0425955368e+01	8.0385026670e+02	4.0971249381e+02
146              	Bottom	1.3125072745e+00	4.0278504833e+02	2.0836347226e+02
146              	Top	4.7838570575e+01	4.1028729710e+02	2.2900678761e+02
146              	e423_0	8.0441134299e+01	8.0387579349e+02	4.0972274156e+02
147              	Bottom	1.3110424130e+00	4.0270619528e+02	2.0834963266e+02
147              	Top	4.7856070529e+01	4.1015544296e+02	2.2893877468e+02
147              	e423_0	8.0455555544e+01	8.0390019457e+02	4.0973254875e+02
148              	Bottom	1.3096145913e+00	4.0261729015e+02	2.0833594237e+02
148              	Top	4.7872861288e+01	4.1001866722e+02	2.2887287433e+02
148              	e423_0	8.0469276173e+01	8.0392351118e+02	4.0974193804e+02
149              	Bottom	1.3082301796e+00	4.0252062857e+02	2.0832282360e+02
149              	Top	4.7888775827e+01	4.0987564133e+02	2.2880962682e+02
149              	e423_0	8.0482349792e+01	8.0394578506e+02	4.0975092874e+02
150              	Bottom	1.3068952164e+00	4.0241826101e+02	2.0831068232e+02
150              	Top	4.7903711275e+01	4.0972936061e+02	2.2874950720e+02
150              	e423_0	8.0494826604e+01	8.0396705820e+02	4.0975953775e+02
151              	Bottom	1.3056144831e+00	4.0231233060e+02	2.0829998065e+02
151              	Top	4.7917514335e+01	4.0958248998e+02	2.2869279616e+02
151              	e423_0	8.0506753505e+01	8.0398737291e+02	4.0976778146e+02
152              	Bottom	1.3043921471e+00	4.0220493642e+02	2.0829108907e+02
152              	Top	4.7930062108e+01	4.0943648201e+02	2.2863970696e+02
152              	e423_0	8.0518177529e+01	8.0400677018e+02	4.0977567415e+02
153              	Bottom	1.3032321781e+00	4.0209827528e+02	2.0828442043e+02
153              	Top	4.7941293752e+01	4.0929299259e+02	2.2859048670e+02
153              	e423_0	8.0529136777e+01	8.0402529153e+02	4.0978323039e+02
154              	Bottom	1.3021385151e+00	4.0199466388e+02	2.0828028070e+02
154              	Top	4.7951136137e+01	4.0915366431e+02	2.2854532914e+02
154              	e423_0	8.0539667605e+01	8.0404297756e+02	4.0979046464e+02
155              	Bottom	1.3011141606e+00	4.0189610520e+02	2.0827899742e+02
155              	Top	4.7959516521e+01	4.0901998152e+02	2.2850440749e+02
155              	e423_0	8.0549806000e+01	8.0405986820e+02	4.0979739138e+02
156              	Bottom	1.3001531828e+00	4.0180410692e+02	2.0828056072e+02
156              	Top	4.7966482974e+01	4.0889336483e+02	2.2846786490e+02
156              	e423_0	8.0559586503e+01	8.0407600237e+02	4.0980402491e+02
157              	Bottom	1.2992485264e+00	4.0171972676e+02	2.0828509228e+02
157              	Top	4.7972033199e+01	4.0877513277e+02	2.2843571177e+02
157              	e423_0	8.0569040112e+01	8.0409141783e+02	4.0981037919e+02
158              	Bottom	1.2984021810e+00	4.0164350758e+02	2.0829265840e+02
158              	Top	4.7976222230e+01	4.0866541111e+02	2.2840792692e+02
158              	e423_0	8.0578194948e+01	8.0410615097e+02	4.0981646771e+02
159              	Bottom	1.2976177445e+00	4.0157543776e+02	2.0830327216e+02
159              	Top	4.7979082025e+01	4.0856457954e+02	2.2838461863e+02
159              	e423_0	8.0587076765e+01	8.0412023684e+02	4.0982230356e+02
160              	Bottom	1.2968985245e+00	4.0151525053e+02	2.0831676838e+02
160              	Top	4.7980664579e+01	4.0847446837e+02	2.2836575137e+02
160              	e423_0	8.0595709262e+01	8.0413370896e+02	4.0982789934e+02
161              	Bottom	1.2962460827e+00	4.0146281549e+02	2.0833306870e+02
161              	Top	4.7981019030e+01	4.0839747837e+02	2.2835121343e+02
161              	e423_0	8.0604113865e+01	8.0414659928e+02	4.0983326708e+02
162              	Bottom	1.2956611426e+00	4.0141801984e+02	2.0835196677e+02
162              	Top	4.7980245600e+01	4.0833283116e+02	2.2834074453e+02
162              	e423_0	8.0612309970e+01	8.0415893844e+02	4.0983841836e+02
163              	Bottom	1.2951433303e+00	4.0138096993e+02	2.0837327801e+02
163              	Top	4.7978420122e+01	4.0827895890e+02	2.2833406601e+02
163              	e423_0	8.0620314820e+01	8.0417075555e+02	4.0984336421e+02
164              	Bottom	1.2946909255e+00	4.0135175834e+02	2.0839676227e+02
164              	Top	4.7975622985e+01	4.0823482929e+02	2.2833093798e+02
164              	e423_0	8.0628143516e+01	8.0418207846e+02	4.0984811528e+02
165              	Bottom	1.2943010331e+00	4.0133024675e+02	2.0842219060e+02
165              	Top	4.7971927208e+01	4.0819980364e+02	2.2833111728e+02
165              	e423_0	8.0635809086e+01	8.0419293417e+02	4.0985268199e+02
166              	Bottom	1.2939699721e+00	4.0131581990e+02	2.0844914943e+02
166              	Top	4.7967437135e+01	4.0817346428e+02	2.2833435161e+02
166              	e423_0	8.0643322683e+01	8.0420334822e+02	4.0985707410e+02
167              	Bottom	1.2936932744e+00	4.0130761775e+02	2.0847744398e+02
167              	Top	4.7962206327e+01	4.0815557741e+02	2.2834044014e+02
167              	e423_0	8.0650693663e+01	8.0421334520e+02	4.0986130089e+02
168              	Bottom	1.2934666371e+00	4.0130523212e+02	2.0850687946e+02
168              	Top	4.7956334124e+01	4.0814586537e+02	2.2834913918e+02
168              	e423_0	8.0657929770e+01	8.0422294858e+02	4.0986537117e+02
169              	Bottom	1.2932860112e+00	4.0130843881e+02	2.0853725566e+02
169              	Top	4.7949910388e+01	4.0814371681e+02	2.2836015286e+02
169              	e423_0	8.0665037195e+01	8.0423218074e+02	4.0986929330e+02
170              	Bottom	1.2931472518e+00	4.0131699620e+02	2.0856840673e+02
170              	Top	4.7943007924e+01	4.0814824385e+02	2.2837316987e+02
170              	e423_0	8.0672020681e+01	8.0424106299e+02	4.0987307519e+02
171              	Bottom	1.2930463522e+00	4.0133061898e+02	2.0860015414e+02
171              	Top	4.7935676232e+01	4.0815851318e+02	2.2838789487e+02
171              	e423_0	8.0678883670e+01	8.0424961566e+02	4.0987672427e+02
172              	Bottom	1.2929795605e+00	4.0134894553e+02	2.0863228146e+02
172              	Top	4.7928029024e+01	4.0817372318e+02	2.2840406584e+02
172              	e423_0	8.0685628472e+01	8.0425785792e+02	4.0988024751e+02
173              	Bottom	1.2929431579e+00	4.0137157230e+02	2.0866459766e+02
173              	Top	4.7920146346e+01	4.0819321100e+02	2.2842143506e+02
173              	e423_0	8.0692256330e+01	8.0426580777e+02	4.0988365136e+02
174              	Bottom	1.2929334559e+00	4.0139803771e+02	2.0869692092e+02
174              	Top	4.7912067021e+01	4.0821638632e+02	2.2843976142e+02
174              	e423_0	8.0698767560e+01	8.0427348233e+02	4.0988694196e+02
175              	Bottom	1.2929468917e+00	4.0142807577e+02	2.0872917423e+02
175              	Top	4.7903811993e+01	4.0824281844e+02	2.2845885752e+02
175              	e423_0	8.0705161668e+01	8.0428089756e+02	4.0989012500e+02
176              	Bottom	1.2929804558e+00	4.0146149854e+02	2.0876117037e+02
176              	Top	4.7895479787e+01	4.0827217367e+02	2.2847851490e+02
176              	e423_0	8.0711437490e+01	8.0428806817e+02	4.0989320561e+02
177              	Bottom	1.2930313220e+00	4.0149779555e+02	2.0879268830e+02
177              	Top	4.7887144757e+01	4.0830397193e+02	2.2849850932e+02
177              	e423_0	8.0717593216e+01	8.0429500805e+02	4.0989618851e+02
178              	Bottom	1.2930963454e+00	4.0153637737e+02	2.0882355212e+02
178              	Top	4.7878856732e+01	4.0833767497e+02	2.2851869217e+02
178              	e423_0	8.0723627453e+01	8.0430173017e+02	4.0989908125e+02
179              	Bottom	1.2931723827e+00	4.0157720683e+02	2.0885365852e+02
179              	Top	4.7870657373e+01	4.0837307334e+02	2.2853914166e+02
179              	e423_0	8.0729537222e+01	8.0430824529e+02	4.0990188529e+02
180              	Bottom	1.2932571606e+00	4.0161955131e+02	2.0888285372e+02
180              	Top	4.7862569940e+01	4.0841092361e+02	2.2855960301e+02
180              	e423_0	8.0735293196e+01	8.0431456451e+02	4.0990460369e+02
181              	Bottom	1.2933485012e+00	4.0166253198e+02	2.0891091285e+02
181              	Top	4.7854686105e+01	4.0845060597e+02	2.2857982157e+02
181              	e423_0	8.0740907036e+01	8.0432069781e+02	4.0990723999e+02
182              	Bottom	1.2934435004e+00	4.0170497688e+02	2.0893776683e+02
182              	Top	4.7847036468e+01	4.0849127493e+02	2.2859959002e+02
182              	e423_0	8.0746386087e+01	8.0432665399e+02	4.0990979753e+02
183              	Bottom	1.2935392167e+00	4.0174628052e+02	2.0896341036e+02
183              	Top	4.7839641068e+01	4.0853215847e+02	2.2861875222e+02
183              	e423_0	8.0751731923e+01	8.0433244127e+02	4.0991227942e+02
184              	Bottom	1.2936333507e+00	4.0178611384e+02	2.0898790925e+02
184              	Top	4.7832402189e+01	4.0857273801e+02	2.2863717648e+02
184              	e423_0	8.0756942711e+01	8.0433806717e+02	4.0991468860e+02
185              	Bottom	1.2937244468e+00	4.0182459706e+02	2.0901054290e+02
185              	Top	4.7826010631e+01	4.0861248399e+02	2.2865476030e+02
185              	e423_0	8.0762015609e+01	8.0434353797e+02	4.0991702760e+02
186              	Bottom	1.2938071293e+00	4.0186076155e+02	2.0903193603e+02
186              	Top	4.7819996952e+01	4.0865057721e+02	2.2867135838e+02
186              	e423_0	8.0766947556e+01	8.0434885952e+02	4.0991929877e+02
187              	Bottom	1.2938782549e+00	4.0189532870e+02	2.0905210484e+02
187              	Top	4.7814377846e+01	4.0868660608e+02	2.2868697200e+02
187              	e423_0	8.0771736382e+01	8.0435403692e+02	4.0992150415e+02
188              	Bottom	1.2939384983e+00	4.0192783579e+02	2.0907091890e+02
188              	Top	4.7809138138e+01	4.0872061686e+02	2.2870155974e+02
188              	e423_0	8.0776380553e+01	8.0435907474e+02	4.0992364564e+02
189              	Bottom	1.2939886947e+00	4.0195774897e+02	2.0908834208e+02
189              	Top	4.7804273185e+01	4.0875247917e+02	2.2871509173e+02
189              	e423_0	8.0780879009e+01	8.0436397703e+02	4.0992572493e+02
190              	Bottom	1.2940292145e+00	4.0198491405e+02	2.0910440338e+02
190              	Top	4.7799788484e+01	4.0878210921e+02	2.2872755455e+02
190              	e423_0	8.0785231062e+01	8.0436874737e+02	4.0992774360e+02
191              	Bottom	1.2940600777e+00	4.0200947757e+02	2.0911919167e+02
191              	Top	4.7795663097e+01	4.0880950306e+02	2.2873895348e+02
191              	e423_0	8.0789436336e+01	8.0437338887e+02	4.0992970313e+02
192              	Bottom	1.2940812990e+00	4.0203178403e+02	2.0913279264e+02
192              	Top	4.7791883802e+01	4.0883476634e+02	2.2874931030e+02
192              	e423_0	8.0793494799e+01	8.0437790425e+02	4.0993160494e+02
193              	Bottom	1.2940930076e+00	4.0205222129e+02	2.0914529234e+02
193              	Top	4.7788441886e+01	4.0885807704e+02	2.2875865813e+02
193              	e423_0	8.0797406772e+01	8.0438229590e+02	4.0993345036e+02
194              	Bottom	1.2940954208e+00	4.0207114674e+02	2.0915677249e+02
194              	Top	4.7785327119e+01	4.0887963309e+02	2.2876703541e+02
194              	e423_0	8.0801172931e+01	8.0438656596e+02	4.0993524065e+02
195              	Bottom	1.2940888185e+00	4.0208882979e+02	2.0916728636e+02
195              	Top	4.7782532571e+01	4.0889961549e+02	2.2877448167e+02
195              	e423_0	8.0804794319e+01	8.0439071637e+02	4.0993697698e+02
196              	Bottom	1.2940734496e+00	4.0210539884e+02	2.0917687682e+02
196              	Top	4.7780048319e+01	4.0891815325e+02	2.2878103708e+02
196              	e423_0	8.0808272335e+01	8.0439474892e+02	4.0993866047e+02
197              	Bottom	1.2940495429e+00	4.0212086821e+02	2.0918557519e+02
197              	Top	4.7777864784e+01	4.0893533817e+02	2.2878673946e+02
197              	e423_0	8.0811608736e+01	8.0439866530e+02	4.0994029216e+02
198              	Bottom	1.2940173562e+00	4.0213518106e+02	2.0919340564e+02
198              	Top	4.7775971672e+01	4.0895119634e+02	2.2879162416e+02
198              	e423_0	8.0814805631e+01	8.0440246713e+02	4.0994187302e+02
199              	Bottom	1.2939771623e+00	4.0214824854e+02	2.0920040120e+02
199              	Top	4.7774357318e+01	4.0896572029e+02	2.2879572744e+02
199              	e423_0	8.0817865472e+01	8.0440615595e+02	4.0994340400e+02
200              	Bottom	1.2939292957e+00	4.0215982557e+02	2.0920657443e+02
200              	Top	4.7773018911e+01	4.0897893470e+02	2.2879908834e+02
200              	e423_0	8.0820791051e+01	8.0440973328e+02	4.0994488601e+02
201              	Bottom	1.2938739025e+00	4.0216969746e+02	2.0921193066e+02
201              	Top	4.7771948416e+01	4.0899091268e+02	2.2880175752e+02
201              	e423_0	8.0823585468e+01	8.0441320060e+02	4.0994631992e+02
202              	Bottom	1.2938110721e+00	4.0217769807e+02	2.0921649869e+02
202              	Top	4.7771128924e+01	4.0900172040e+02	2.2880378010e+02
202              	e423_0	8.0826252122e+01	8.0441655939e+02	4.0994770663e+02
203              	Bottom	1.2937410560e+00	4.0218383789e+02	2.0922033637e+02
203              	Top	4.7770542376e+01	4.0901134677e+02	2.2880519005e+02
203              	e423_0	8.0828794682e+01	8.0441981105e+02	4.0994904700e+02
204              	Bottom	1.2936643186e+00	4.0218827416e+02	2.0922351568e+02
204              	Top	4.7770166189e+01	4.0901971626e+02	2.2880601760e+02
204              	e423_0	8.0831217066e+01	8.0442295702e+02	4.0995034192e+02
205              	Bottom	1.2935814813e+00	4.0219123603e+02	2.0922611296e+02
205              	Top	4.7769978348e+01	4.0902675195e+02	2.2880629685e+02
205              	e423_0	8.0833523389e+01	8.0442599875e+02	4.0995159229e+02
206              	Bottom	1.2934932632e+00	4.0219296059e+02	2.0922819961e+02
206              	Top	4.7769956989e+01	4.0903242335e+02	2.2880606810e+02
206              	e423_0	8.0835717932e+01	8.0442893773e+02	4.0995279901e+02
207              	Bottom	1.2934004188e+00	4.0219365159e+02	2.0922984143e+02
207              	Top	4.7770083403e+01	4.0903675815e+02	2.2880537708e+02
207              	e423_0	8.0837805087e+01	8.0443177551e+02	4.0995396303e+02
208              	Bottom	1.2933037256e+00	4.0219346462e+02	2.0923108739e+02
208              	Top	4.7770338389e+01	4.0903982962e+02	2.2880427121e+02
208              	e423_0	8.0839789325e+01	8.0443451370e+02	4.0995508528e+02
209              	Bottom	1.2932038964e+00	4.0219269418e+02	2.0923209891e+02
209              	Top	4.7770688405e+01	4.0904166706e+02	2.2880279373e+02
209              	e423_0	8.0841675147e+01	8.0443715402e+02	4.0995616673e+02
210              	Bottom	1.2931019148e+00	4.0219172513e+02	2.0923290638e+02
210              	Top	4.7771118510e+01	4.0904226547e+02	2.2880097699e+02
210              	e423_0	8.0843467073e+01	8.0443969824e+02	4.0995720838e+02
211              	Bottom	1.2929987121e+00	4.0219064010e+02	2.0923351849e+02
211              	Top	4.7771615624e+01	4.0904168990e+02	2.2879887091e+02
211              	e423_0	8.0845169584e+01	8.0444214829e+02	4.0995821122e+02
212              	Bottom	1.2928949776e+00	4.0218934982e+02	2.0923393417e+02
212              	Top	4.7772169517e+01	4.0904012100e+02	2.2879653517e+02
212              	e423_0	8.0846787109e+01	8.0444450614e+02	4.0995917627e+02
213              	Bottom	1.2927912328e+00	4.0218770996e+02	2.0923415400e+02
213              	Top	4.7772772365e+01	4.0903778528e+02	2.2879402632e+02
213              	e423_0	8.0848323999e+01	8.0444677389e+02	4.0996010457e+02
214              	Bottom	1.2926878893e+00	4.0218558820e+02	2.0923419151e+02
214              	Top	4.7773416344e+01	4.0903487602e+02	2.2879139194e+02
214              	e423_0	8.0849784513e+01	8.0444895373e+02	4.0996099716e+02
215              	Bottom	1.2925853106e+00	4.0218290370e+02	2.0923406772e+02
215              	Top	4.7774092066e+01	4.0903152313e+02	2.2878867097e+02
215              	e423_0	8.0851172813e+01	8.0445104794e+02	4.0996185508e+02
216              	Bottom	1.2924838388e+00	4.0217963972e+02	2.0923381158e+02
216              	Top	4.7774789016e+01	4.0902780450e+02	2.2878589658e+02
216              	e423_0	8.0852492953e+01	8.0445305886e+02	4.0996267938e+02
217              	Bottom	1.2923838017e+00	4.0217583550e+02	2.0923345618e+02
217              	Top	4.7775496384e+01	4.0902377072e+02	2.2878309879e+02
217              	e423_0	8.0853748869e+01	8.0445498892e+02	4.0996347113e+02
218              	Bottom	1.2922855209e+00	4.0217156683e+02	2.0923303576e+02
218              	Top	4.7776203928e+01	4.0901946530e+02	2.2878030560e+02
218              	e423_0	8.0854944379e+01	8.0445684059e+02	4.0996423139e+02
219              	Bottom	1.2921893185e+00	4.0216692561e+02	2.0923258192e+02
219              	Top	4.7776901878e+01	4.0901493428e+02	2.2877754328e+02
219              	e423_0	8.0856083173e+01	8.0445861637e+02	4.0996496119e+02
220              	Bottom	1.2920955088e+00	4.0216200522e+02	2.0923212343e+02
220              	Top	4.7777581567e+01	4.0901022842e+02	2.2877483630e+02
220              	e423_0	8.0857168812e+01	8.0446031879e+02	4.0996566159e+02
221              	Bottom	1.2920043850e+00	4.0215689239e+02	2.0923168563e+02
221              	Top	4.7778235291e+01	4.0900540143e+02	2.2877220700e+02
221              	e423_0	8.0858204713e+01	8.0446195040e+02	4.0996633364e+02
222              	Bottom	1.2919162152e+00	4.0215166444e+02	2.0923129033e+02
222              	Top	4.7778856225e+01	4.0900050754e+02	2.2876967543e+02
222              	e423_0	8.0859194151e+01	8.0446351373e+02	4.0996697837e+02
223              	Bottom	1.2918312410e+00	4.0214638952e+02	2.0923095711e+02
223              	Top	4.7779438211e+01	4.0899559976e+02	2.2876725937e+02
223              	e423_0	8.0860140243e+01	8.0446501130e+02	4.0996759683e+02
224              	Bottom	1.2917496745e+00	4.0214112810e+02	2.0923070081e+02
224              	Top	4.7779976752e+01	4.0899072851e+02	2.2876497412e+02
224              	e423_0	8.0861045950e+01	8.0446644562e+02	4.0996819002e+02
225              	Bottom	1.2916716915e+00	4.0213593335e+02	2.0923053429e+02
225              	Top	4.7780468208e+01	4.0898594111e+02	2.2876283270e+02
225              	e423_0	8.0861914065e+01	8.0446781917e+02	4.0996875895e+02
226              	Bottom	1.2915974336e+00	4.0213085256e+02	2.0923046775e+02
226              	Top	4.7780909386e+01	4.0898128084e+02	2.2876084600e+02
226              	e423_0	8.0862747217e+01	8.0446913441e+02	4.0996930459e+02
227              	Bottom	1.2915270105e+00	4.0212592796e+02	2.0923050878e+02
227              	Top	4.7781297751e+01	4.0897678677e+02	2.2875902270e+02
227              	e423_0	8.0863547863e+01	8.0447039357e+02	4.0996982782e+02
228              	Bottom	1.2914604984e+00	4.0212119674e+02	2.0923066443e+02
228              	Top	4.7781634420e+01	4.0897249412e+02	2.2875736995e+02
228              	e423_0	8.0864327883e+01	8.0447159258e+02	4.0997032570e+02
229              	Bottom	1.2913979560e+00	4.0211669102e+02	2.0923093683e+02
229              	Top	4.7781917304e+01	4.0896843428e+02	2.2875589230e+02
229              	e423_0	8.0865074447e+01	8.0447273482e+02	4.0997079779e+02
230              	Bottom	1.2913394076e+00	4.0211243787e+02	2.0923132712e+02
230              	Top	4.7782144499e+01	4.0896463430e+02	2.2875459237e+02
230              	e423_0	8.0865780646e+01	8.0447382347e+02	4.0997124683e+02
231              	Bottom	1.2912848279e+00	4.0210845933e+02	2.0923183658e+02
231              	Top	4.7782316701e+01	4.0896112062e+02	2.2875347114e+02
231              	e423_0	8.0866458289e+01	8.0447485705e+02	4.0997167457e+02
232              	Bottom	1.2912341678e+00	4.0210477344e+02	2.0923246424e+02
232              	Top	4.7782434812e+01	4.0895791107e+02	2.2875252757e+02
232              	e423_0	8.0867113619e+01	8.0447583695e+02	4.0997208246e+02
233              	Bottom	1.2911873636e+00	4.0210139388e+02	2.0923320848e+02
233              	Top	4.7782500098e+01	4.0895501794e+02	2.2875175927e+02
233              	e423_0	8.0867749688e+01	8.0447676509e+02	4.0997247171e+02
234              	Bottom	1.2911443430e+00	4.0209833001e+02	2.0923406535e+02
234              	Top	4.7782514886e+01	4.0895244928e+02	2.2875116245e+02
234              	e423_0	8.0868367752e+01	8.0447764326e+02	4.0997284337e+02
235              	Bottom	1.2911050208e+00	4.0209558290e+02	2.0923502889e+02
235              	Top	4.7782480291e+01	4.0895021134e+02	2.2875073051e+02
235              	e423_0	8.0868968460e+01	8.0447847345e+02	4.0997319840e+02
236              	Bottom	1.2910692749e+00	4.0209315883e+02	2.0923609377e+02
236              	Top	4.7782399390e+01	4.0894830501e+02	2.2875045989e+02
236              	e423_0	8.0869552378e+01	8.0447925824e+02	4.0997353767e+02
237              	Bottom	1.2910369674e+00	4.0209105900e+02	2.0923725462e+02
237              	Top	4.7782274972e+01	4.0894673598e+02	2.2875034454e+02
237              	e423_0	8.0870120163e+01	8.0448000085e+02	4.0997386198e+02
238              	Bottom	1.2910079590e+00	4.0208928711e+02	2.0923850366e+02
238              	Top	4.7782109619e+01	4.0894549894e+02	2.2875037492e+02
238              	e423_0	8.0870672666e+01	8.0448070484e+02	4.0997417202e+02
239              	Bottom	1.2909820918e+00	4.0208785001e+02	2.0923983087e+02
239              	Top	4.7781909428e+01	4.0894457417e+02	2.2875054439e+02
239              	e423_0	8.0871210568e+01	8.0448137394e+02	4.0997446845e+02
240              	Bottom	1.2909592006e+00	4.0208670550e+02	2.0924120553e+02
240              	Top	4.7781671274e+01	4.0894395187e+02	2.2875086794e+02
240              	e423_0	8.0871734546e+01	8.0448201168e+02	4.0997475194e+02
241              	Bottom	1.2909391450e+00	4.0208574517e+02	2.0924263155e+02
241              	Top	4.7781405071e+01	4.0894360225e+02	2.2875130451e+02
241              	e423_0	8.0872245157e+01	8.0448262109e+02	4.0997502305e+02
242              	Bottom	1.2909217116e+00	4.0208509696e+02	2.0924411176e+02
242              	Top	4.7781114373e+01	4.0894346010e+02	2.2875182971e+02
242              	e423_0	8.0872743259e+01	8.0448320478e+02	4.0997528242e+02
243              	Bottom	1.2909066494e+00	4.0208477624e+02	2.0924564009e+02
243              	Top	4.7780800823e+01	4.0894347816e+02	2.2875243353e+02
243              	e423_0	8.0873229225e+01	8.0448376478e+02	4.0997553063e+02
244              	Bottom	1.2908937442e+00	4.0208475134e+02	2.0924720655e+02
244              	Top	4.7780467468e+01	4.0894363643e+02	2.2875310986e+02
244              	e423_0	8.0873703478e+01	8.0448430269e+02	4.0997576825e+02
245              	Bottom	1.2908828110e+00	4.0208498469e+02	2.0924880113e+02
245              	Top	4.7780117491e+01	4.0894393811e+02	2.2875385269e+02
245              	e423_0	8.0874166376e+01	8.0448481977e+02	4.0997599581e+02
246              	Bottom	1.2908736821e+00	4.0208544179e+02	2.0925041403e+02
246              	Top	4.7779751647e+01	4.0894439449e+02	2.2875465427e+02
246              	e423_0	8.0874618214e+01	8.0448531704e+02	4.0997621383e+02
247              	Bottom	1.2908661942e+00	4.0208609604e+02	2.0925203657e+02
247              	Top	4.7779377315e+01	4.0894501352e+02	2.2875550803e+02
247              	e423_0	8.0875059333e+01	8.0448579550e+02	4.0997642285e+02
248              	Bottom	1.2908601843e+00	4.0208692674e+02	2.0925366167e+02
248              	Top	4.7778992530e+01	4.0894579600e+02	2.2875640570e+02
248              	e423_0	8.0875489698e+01	8.0448625595e+02	4.0997662334e+02
249              	Bottom	1.2908554982e+00	4.0208791540e+02	2.0925528151e+02
249              	Top	4.7778602760e+01	4.0894673335e+02	2.2875733805e+02
249              	e423_0	8.0875909587e+01	8.0448669924e+02	4.0997681575e+02
250              	Bottom	1.2908519854e+00	4.0208904560e+02	2.0925688880e+02
250              	Top	4.7778209961e+01	4.0894780913e+02	2.2875829611e+02
250              	e423_0	8.0876319122e+01	8.0448712617e+02	4.0997700053e+02
251              	Bottom	1.2908494943e+00	4.0209029726e+02	2.0925847641e+02
251              	Top	4.7777816977e+01	4.0894900643e+02	2.2875927158e+02
251              	e423_0	8.0876718390e+01	8.0448753756e+02	4.0997717809e+02
252              	Bottom	1.2908478778e+00	4.0209164953e+02	2.0926003752e+02
252              	Top	4.7777426421e+01	4.0895030911e+02	2.2876025669e+02
252              	e423_0	8.0877107454e+01	8.0448793414e+02	4.0997734882e+02
253              	Bottom	1.2908469947e+00	4.0209308192e+02	2.0926156728e+02
253              	Top	4.7777039587e+01	4.0895170170e+02	2.2876124421e+02
253              	e423_0	8.0877486360e+01	8.0448831663e+02	4.0997751307e+02
254              	Bottom	1.2908467176e+00	4.0209457741e+02	2.0926305984e+02
254              	Top	4.7776658755e+01	4.0895316962e+02	2.2876222726e+02
254              	e423_0	8.0877855144e+01	8.0448868571e+02	4.0997767119e+02
255              	Bottom	1.2908469261e+00	4.0209611917e+02	2.0926451051e+02
255              	Top	4.7776286270e+01	4.0895469776e+02	2.2876319948e+02
255              	e423_0	8.0878213834e+01	8.0448904201e+02	4.0997782349e+02
256              	Bottom	1.2908475055e+00	4.0209769244e+02	2.0926591516e+02
256              	Top	4.7775923654e+01	4.0895627085e+02	2.2876415492e+02
256              	e423_0	8.0878562453e+01	8.0448938608e+02	4.0997797024e+02
257              	Bottom	1.2908483462e+00	4.0209928477e+02	2.0926727078e+02
257              	Top	4.7775572543e+01	4.0895787398e+02	2.2876508822e+02
257              	e423_0	8.0878901023e+01	8.0448971848e+02	4.0997811170e+02
258              	Bottom	1.2908493476e+00	4.0210088472e+02	2.0926857452e+02
258              	Top	4.7775234210e+01	4.0895949274e+02	2.2876599454e+02
258              	e423_0	8.0879229569e+01	8.0449003970e+02	4.0997824813e+02
259              	Bottom	1.2908504192e+00	4.0210248101e+02	2.0926982402e+02
259              	Top	4.7774909872e+01	4.0896111339e+02	2.2876686958e+02
259              	e423_0	8.0879548119e+01	8.0449035019e+02	4.0997837973e+02
260              	Bottom	1.2908514803e+00	4.0210406250e+02	2.0927101716e+02
260              	Top	4.7774600480e+01	4.0896272288e+02	2.2876770954e+02
260              	e423_0	8.0879856712e+01	8.0449065038e+02	4.0997850672e+02
261              	Bottom	1.2908524590e+00	4.0210561835e+02	2.0927215226e+02
261              	Top	4.7774306828e+01	4.0896430905e+02	2.2876851118e+02
261              	e423_0	8.0880155393e+01	8.0449094067e+02	4.0997862927e+02
262              	Bottom	1.2908532915e+00	4.0210713836e+02	2.0927322819e+02
262              	Top	4.7774029634e+01	4.0896586077e+02	2.2876927178e+02
262              	e423_0	8.0880444221e+01	8.0449122144e+02	4.0997874756e+02
263              	Bottom	1.2908539230e+00	4.0210861318e+02	2.0927424411e+02
263              	Top	4.7773769271e+01	4.0896736797e+02	2.2876998912e+02
263              	e423_0	8.0880723267e+01	8.0449149301e+02	4.0997886175e+02
264              	Bottom	1.2908543070e+00	4.0211003451e+02	2.0927519978e+02
264              	Top	4.7773526080e+01	4.0896882180e+02	2.2877066153e+02
264              	e423_0	8.0880992613e+01	8.0449175572e+02	4.0997897197e+02
265              	Bottom	1.2908544047e+00	4.0211139518e+02	2.0927609533e+02
265              	Top	4.7773300185e+01	4.0897021463e+02	2.2877128778e+02
265              	e423_0	8.0881252357e+01	8.0449200987e+02	4.0997907838e+02
266              	Bottom	1.2908541854e+00	4.0211268921e+02	2.0927693128e+02
266              	Top	4.7773091589e+01	4.0897154006e+02	2.2877186713e+02
266              	e423_0	8.0881502609e+01	8.0449225573e+02	4.0997918110e+02
267              	Bottom	1.2908536257e+00	4.0211391181e+02	2.0927770853e+02
267              	Top	4.7772900177e+01	4.0897279289e+02	2.2877239927e+02
267              	e423_0	8.0881743496e+01	8.0449249356e+02	4.0997928025e+02
268              	Bottom	1.2908527087e+00	4.0211505928e+02	2.0927842837e+02
268              	Top	4.7772725661e+01	4.0897396909e+02	2.2877288430e+02
268              	e423_0	8.0881975154e+01	8.0449272361e+02	4.0997937594e+02
269              	Bottom	1.2908514243e+00	4.0211612896e+02	2.0927909234e+02
269              	Top	4.7772567681e+01	4.0897506567e+02	2.2877332269e+02
269              	e423_0	8.0882197735e+01	8.0449294610e+02	4.0997946828e+02
270              	Bottom	1.2908497685e+00	4.0211711917e+02	2.0927970224e+02
270              	Top	4.7772425730e+01	4.0897608061e+02	2.2877371525e+02
270              	e423_0	8.0882411404e+01	8.0449316126e+02	4.0997955738e+02
271              	Bottom	1.2908477427e+00	4.0211802914e+02	2.0928026008e+02
271              	Top	4.7772299284e+01	4.0897701280e+02	2.2877406308e+02
271              	e423_0	8.0882616337e+01	8.0449336928e+02	4.0997964333e+02
272              	Bottom	1.2908453538e+00	4.0211885887e+02	2.0928076799e+02
272              	Top	4.7772187803e+01	4.0897786193e+02	2.2877436757e+02
272              	e423_0	8.0882812723e+01	8.0449357037e+02	4.0997972622e+02
273              	Bottom	1.2908426125e+00	4.0211960918e+02	2.0928122827e+02
273              	Top	4.7772090637e+01	4.0897862845e+02	2.2877463033e+02
273              	e423_0	8.0883000759e+01	8.0449376469e+02	4.0997980614e+02
274              	Bottom	1.2908395326e+00	4.0212028149e+02	2.0928164328e+02
274              	Top	4.7772007042e+01	4.0897931349e+02	2.2877485319e+02
274              	e423_0	8.0883180655e+01	8.0449395244e+02	4.0997988319e+02
275              	Bottom	1.2908361297e+00	4.0212087766e+02	2.0928201565e+02
275              	Top	4.7771936327e+01	4.0897991887e+02	2.2877503817e+02
275              	e423_0	8.0883352627e+01	8.0449413378e+02	4.0997995744e+02
276              	Bottom	1.2908324235e+00	4.0212140008e+02	2.0928234786e+02
276              	Top	4.7771877607e+01	4.0898044697e+02	2.2877518738e+02
276              	e423_0	8.0883516901e+01	8.0449430887e+02	4.0998002899e+02
277              	Bottom	1.2908284360e+00	4.0212185170e+02	2.0928264263e+02
277              	Top	4.7771830091e+01	4.0898090043e+02	2.2877530302e+02
277              	e423_0	8.0883673710e+01	8.0449447786e+02	4.0998009789e+02
278              	Bottom	1.2908241905e+00	4.0212223587e+02	2.0928290262e+02
278              	Top	4.7771792914e+01	4.0898128218e+02	2.2877538737e+02
278              	e423_0	8.0883823292e+01	8.0449464092e+02	4.0998016424e+02
279              	Bottom	1.2908197121e+00	4.0212255613e+02	2.0928313050e+02
279              	Top	4.7771765259e+01	4.0898159544e+02	2.2877544281e+02
279              	e423_0	8.0883965890e+01	8.0449479819e+02	4.0998022811e+02
280              	Bottom	1.2908150271e+00	4.0212281613e+02	2.0928332891e+02
280              	Top	4.7771746271e+01	4.0898184379e+02	2.2877547171e+02
280              	e423_0	8.0884101753e+01	8.0449494981e+02	4.0998028958e+02
281              	Bottom	1.2908101627e+00	4.0212301956e+02	2.0928350041e+02
281              	Top	4.7771735373e+01	4.0898203105e+02	2.2877547653e+02
281              	e423_0	8.0884231130e+01	8.0449509596e+02	4.0998034871e+02
282              	Bottom	1.2908051468e+00	4.0212317006e+02	2.0928364736e+02
282              	Top	4.7771731025e+01	4.0898216113e+02	2.2877545958e+02
282              	e423_0	8.0884354246e+01	8.0449523672e+02	4.0998040557e+02
283              	Bottom	1.2908000065e+00	4.0212327144e+02	2.0928377228e+02
283              	Top	4.7771733257e+01	4.0898223833e+02	2.2877542329e+02
283              	e423_0	8.0884471416e+01	8.0449537226e+02	4.0998046024e+02
284              	Bottom	1.2907947687e+00	4.0212332739e+02	2.0928387758e+02
284              	Top	4.7771740938e+01	4.0898226678e+02	2.2877536997e+02
284              	e423_0	8.0884582857e+01	8.0449550273e+02	4.0998051279e+02
285              	Bottom	1.2907894602e+00	4.0212334158e+02	2.0928396537e+02
285              	Top	4.7771753418e+01	4.0898225065e+02	2.2877530184e+02
285              	e423_0	8.0884688819e+01	8.0449562824e+02	4.0998056327e+02
286              	Bottom	1.2907841067e+00	4.0212331778e+02	2.0928403788e+02
286              	Top	4.7771769989e+01	4.0898219408e+02	2.2877522108e+02
286              	e423_0	8.0884789552e+01	8.0449574895e+02	4.0998061177e+02
287              	Bottom	1.2907787331e+00	4.0212325974e+02	2.0928409714e+02
287              	Top	4.7771789949e+01	4.0898210120e+02	2.2877512975e+02
287              	e423_0	8.0884885303e+01	8.0449586498e+02	4.0998065834e+02
288              	Bottom	1.2907733635e+00	4.0212317117e+02	2.0928414512e+02
288              	Top	4.7771812670e+01	4.0898197601e+02	2.2877502982e+02
288              	e423_0	8.0884976315e+01	8.0449597646e+02	4.0998070305e+02
289              	Bottom	1.2907680206e+00	4.0212305568e+02	2.0928418360e+02
289              	Top	4.7771837570e+01	4.0898182246e+02	2.2877492317e+02
289              	e423_0	8.0885062826e+01	8.0449608354e+02	4.0998074595e+02
290              	Bottom	1.2907627256e+00	4.0212291680e+02	2.0928421435e+02
290              	Top	4.7771864068e+01	4.0898164435e+02	2.2877481152e+02
290              	e423_0	8.0885145067e+01	8.0449618633e+02	4.0998078713e+02
291              	Bottom	1.2907574988e+00	4.0212275797e+02	2.0928423904e+02
291              	Top	4.7771891758e+01	4.0898144531e+02	2.2877469655e+02
291              	e423_0	8.0885223266e+01	8.0449628498e+02	4.0998082662e+02
292              	Bottom	1.2907523600e+00	4.0212258243e+02	2.0928425898e+02
292              	Top	4.7771920057e+01	4.0898122887e+02	2.2877457976e+02
292              	e423_0	8.0885297640e+01	8.0449637961e+02	4.0998086450e+02
293              	Bottom	1.2907473270e+00	4.0212239330e+02	2.0928427552e+02
293              	Top	4.7771948547e+01	4.0898099834e+02	2.2877446254e+02
293              	e423_0	8.0885368404e+01	8.0449647036e+02	4.0998090082e+02
294              	Bottom	1.2907424148e+00	4.0212219352e+02	2.0928428985e+02
294              	Top	4.7771976837e+01	4.0898075688e+02	2.2877434615e+02
294              	e423_0	8.0885435762e+01	8.0449655734e+02	4.0998093564e+02
295              	Bottom	1.2907376372e+00	4.0212198585e+02	2.0928430311e+02
295              	Top	4.7772004573e+01	4.0898050747e+02	2.2877423174e+02
295              	e423_0	8.0885499912e+01	8.0449664070e+02	4.0998096902e+02
296              	Bottom	1.2907330063e+00	4.0212177284e+02	2.0928431620e+02
296              	Top	4.7772031397e+01	4.0898025289e+02	2.2877412034e+02
296              	e423_0	8.0885561044e+01	8.0449672056e+02	4.0998100101e+02
297              	Bottom	1.2907285324e+00	4.0212155689e+02	2.0928433003e+02
297              	Top	4.7772057043e+01	4.0897999572e+02	2.2877401284e+02
297              	e423_0	8.0885619337e+01	8.0449679703e+02	4.0998103167e+02
298              	Bottom	1.2907242246e+00	4.0212134018e+02	2.0928434532e+02
298              	Top	4.7772081267e+01	4.0897973835e+02	2.2877391004e+02
298              	e423_0	8.0885674966e+01	8.0449687026e+02	4.0998106104e+02
299              	Bottom	1.2907200905e+00	4.0212112473e+02	2.0928436272e+02
299              	Top	4.7772103868e+01	4.0897948297e+02	2.2877381262e+02
299              	e423_0	8.0885728095e+01	8.0449694035e+02	4.0998108919e+02
300              	Bottom	1.2907161365e+00	4.0212091235e+02	2.0928438271e+02
300              	Top	4.7772124667e+01	4.0897923156e+02	2.2877372117e+02
300              	e423_0	8.0885778879e+01	8.0449700744e+02	4.0998111615e+02
301              	Bottom	1.2907123674e+00	4.0212070470e+02	2.0928440576e+02
301              	Top	4.7772143522e+01	4.0897898593e+02	2.2877363614e+02
301              	e423_0	8.0885827465e+01	8.0449707163e+02	4.0998114198e+02
302              	Bottom	1.2907087864e+00	4.0212050327e+02	2.0928443221e+02
302              	Top	4.7772160314e+01	4.0897874768e+02	2.2877355791e+02
302              	e423_0	8.0885873993e+01	8.0449713305e+02	4.0998116673e+02
303              	Bottom	1.2907053956e+00	4.0212030938e+02	2.0928446245e+02
303              	Top	4.7772175009e+01	4.0897851824e+02	2.2877348678e+02
303              	e423_0	8.0885918593e+01	8.0449719180e+02	4.0998119044e+02
304              	Bottom	1.2907021970e+00	4.0212012419e+02	2.0928449636e+02
304              	Top	4.7772187447e+01	4.0897829887e+02	2.2877342293e+02
304              	e423_0	8.0885961388e+01	8.0449724801e+02	4.0998121316e+02
305              	Bottom	1.2906991890e+00	4.0211994871e+02	2.0928453437e+02
305              	Top	4.7772197691e+01	4.0897809070e+02	2.2877336650e+02
305              	e423_0	8.0886002491e+01	8.0449730177e+02	4.0998123493e+02
306              	Bottom	1.2906963708e+00	4.0211978381e+02	2.0928457644e+02
306              	Top	4.7772205685e+01	4.0897789459e+02	2.2877331752e+02
306              	e423_0	8.0886042009e+01	8.0449735320e+02	4.0998125579e+02
307              	Bottom	1.2906937406e+00	4.0211963028e+02	2.0928462255e+02
307              	Top	4.7772211452e+01	4.0897771121e+02	2.2877327597e+02
307              	e423_0	8.0886080042e+01	8.0449740240e+02	4.0998127578e+02
308              	Bottom	1.2906912954e+00	4.0211948872e+02	2.0928467263e+02
308              	Top	4.7772215044e+01	4.0897754112e+02	2.2877324175e+02
308              	e423_0	8.0886116681e+01	8.0449744946e+02	4.0998129494e+02
309              	Bottom	1.2906890309e+00	4.0211935961e+02	2.0928472656e+02
309              	Top	4.7772216506e+01	4.0897738477e+02	2.2877321473e+02
309              	e423_0	8.0886152010e+01	8.0449749449e+02	4.0998131330e+02
310              	Bottom	1.2906869423e+00	4.0211924325e+02	2.0928478419e+02
310              	Top	4.7772215917e+01	4.0897724247e+02	2.2877319470e+02
310              	e423_0	8.0886186109e+01	8.0449753758e+02	4.0998133092e+02
311              	Bottom	1.2906850237e+00	4.0211913983e+02	2.0928484532e+02
311              	Top	4.7772213362e+01	4.0897711443e+02	2.2877318143e+02
311              	e423_0	8.0886219048e+01	8.0449757881e+02	4.0998134780e+02
312              	Bottom	1.2906832690e+00	4.0211904940e+02	2.0928490972e+02
312              	Top	4.7772208936e+01	4.0897700072e+02	2.2877317464e+02
312              	e423_0	8.0886250893e+01	8.0449761829e+02	4.0998136400e+02
313              	Bottom	1.2906816715e+00	4.0211897187e+02	2.0928497711e+02
313              	Top	4.7772202753e+01	4.0897690131e+02	2.2877317404e+02
313              	e423_0	8.0886281704e+01	8.0449765608e+02	4.0998137954e+02
314              	Bottom	1.2906802240e+00	4.0211890701e+02	2.0928504720e+02
314              	Top	4.7772194925e+01	4.0897681607e+02	2.2877317929e+02
314              	e423_0	8.0886311536e+01	8.0449769228e+02	4.0998139446e+02
315              	Bottom	1.2906789191e+00	4.0211885451e+02	2.0928511967e+02
315              	Top	4.7772185592e+01	4.0897674474e+02	2.2877319003e+02
315              	e423_0	8.0886340439e+01	8.0449772695e+02	4.0998140877e+02
316              	Bottom	1.2906777488e+00	4.0211881395e+02	2.0928519419e+02
316              	Top	4.7772174873e+01	4.0897668697e+02	2.2877320589e+02
316              	e423_0	8.0886368457e+01	8.0449776018e+02	4.0998142252e+02
317              	Bottom	1.2906767050e+00	4.0211878484e+02	2.0928527041e+02
317              	Top	4.7772162923e+01	4.0897664228e+02	2.2877322645e+02
317              	e423_0	8.0886395631e+01	8.0449779203e+02	4.0998143572e+02
318              	Bottom	1.2906757796e+00	4.0211876663e+02	2.0928534794e+02
318              	Top	4.7772149832e+01	4.0897661012e+02	2.2877325131e+02
318              	e423_0	8.0886421997e+01	8.0449782258e+02	4.0998144840e+02
319              	Bottom	1.2906749634e+00	4.0211875872e+02	2.0928542662e+02
319              	Top	4.7772135864e+01	4.0897658986e+02	2.2877328004e+02
319              	e423_0	8.0886447589e+01	8.0449785188e+02	4.0998146059e+02
320              	Bottom	1.2906742492e+00	4.0211876047e+02	2.0928550591e+02
320              	Top	4.7772121045e+01	4.0897658080e+02	2.2877331220e+02
320              	e423_0	8.0886472436e+01	8.0449788000e+02	4.0998147230e+02
321              	Bottom	1.2906736284e+00	4.0211877121e+02	2.0928558554e+02
321              	Top	4.7772105547e+01	4.0897658220e+02	2.2877334735e+02
321              	e423_0	8.0886496563e+01	8.0449790699e+02	4.0998148356e+02
322              	Bottom	1.2906730924e+00	4.0211879025e+02	2.0928566519e+02
322              	Top	4.7772089507e+01	4.0897659326e+02	2.2877338506e+02
322              	e423_0	8.0886519995e+01	8.0449793292e+02	4.0998149440e+02
323              	Bottom	1.2906726332e+00	4.0211881686e+02	2.0928574454e+02
323              	Top	4.7772073029e+01	4.0897661317e+02	2.2877342490e+02
323              	e423_0	8.0886542752e+01	8.0449795783e+02	4.0998150482e+02
324              	Bottom	1.2906722429e+00	4.0211885029e+02	2.0928582331e+02
324              	Top	4.7772056268e+01	4.0897664107e+02	2.2877346646e+02
324              	e423_0	8.0886564853e+01	8.0449798177e+02	4.0998151484e+02
325              	Bottom	1.2906719140e+00	4.0211888981e+02	2.0928590119e+02
325              	Top	4.7772039341e+01	4.0897667614e+02	2.2877350934e+02
325              	e423_0	8.0886586316e+01	8.0449800480e+02	4.0998152449e+02
326              	Bottom	1.2906716393e+00	4.0211893466e+02	2.0928597792e+02
326              	Top	4.7772022364e+01	4.0897671751e+02	2.2877355315e+02
326              	e423_0	8.0886607154e+01	8.0449802695e+02	4.0998153379e+02
327              	Bottom	1.2906714118e+00	4.0211898410e+02	2.0928605323e+02
327              	Top	4.7772005451e+01	4.0897676435e+02	2.2877359753e+02
327              	e423_0	8.0886627381e+01	8.0449804827e+02	4.0998154273e+02
328              	Bottom	1.2906712250e+00	4.0211903741e+02	2.0928612690e+02
328              	Top	4.7771988703e+01	4.0897681585e+02	2.2877364213e+02
328              	e423_0	8.0886647011e+01	8.0449806879e+02	4.0998155135e+02
329              	Bottom	1.2906710724e+00	4.0211909387e+02	2.0928619871e+02
329              	Top	4.7771972216e+01	4.0897687119e+02	2.2877368663e+02
329              	e423_0	8.0886666052e+01	8.0449808856e+02	4.0998155966e+02
330              	Bottom	1.2906709483e+00	4.0211915281e+02	2.0928626847e+02
330              	Top	4.7771956073e+01	4.0897692963e+02	2.2877373074e+02
330              	e423_0	8.0886684517e+01	8.0449810760e+02	4.0998156766e+02
331              	Bottom	1.2906708470e+00	4.0211921357e+02	2.0928633600e+02
331              	Top	4.7771940350e+01	4.0897699044e+02	2.2877377417e+02
331              	e423_0	8.0886702414e+01	8.0449812596e+02	4.0998157537e+02
332              	Bottom	1.2906707635e+00	4.0211927552e+02	2.0928640117e+02
332              	Top	4.7771925114e+01	4.0897705291e+02	2.2877381668e+02
332              	e423_0	8.0886719752e+01	8.0449814366e+02	4.0998158280e+02
333              	Bottom	1.2906706930e+00	4.0211933807e+02	2.0928646383e+02
333              	Top	4.7771910424e+01	4.0897711639e+02	2.2877385805e+02
333              	e423_0	8.0886736540e+01	8.0449816072e+02	4.0998158997e+02
334              	Bottom	1.2906706312e+00	4.0211940067e+02	2.0928652390e+02
334              	Top	4.7771896330e+01	4.0897718027e+02	2.2877389807e+02
334              	e423_0	8.0886752785e+01	8.0449817719e+02	4.0998159688e+02
335              	Bottom	1.2906705744e+00	4.0211946280e+02	2.0928658128e+02
335              	Top	4.7771882871e+01	4.0897724398e+02	2.2877393659e+02
335              	e423_0	8.0886768497e+01	8.0449819308e+02	4.0998160354e+02
336              	Bottom	1.2906705190e+00	4.0211952401e+02	2.0928663592e+02
336              	Top	4.7771870097e+01	4.0897730699e+02	2.2877397344e+02
336              	e423_0	8.0886783681e+01	8.0449820841e+02	4.0998160997e+02
337              	Bottom	1.2906704622e+00	4.0211958387e+02	2.0928668777e+02
337              	Top	4.7771858019e+01	4.0897736884e+02	2.2877400850e+02
337              	e423_0	8.0886798348e+01	8.0449822321e+02	4.0998161616e+02
338              	Bottom	1.2906704013e+00	4.0211964199e+02	2.0928673680e+02
338              	Top	4.7771846665e+01	4.0897742910e+02	2.2877404167e+02
338              	e423_0	8.0886812504e+01	8.0449823750e+02	4.0998162214e+02
339              	Bottom	1.2906703339e+00	4.0211969806e+02	2.0928678302e+02
339              	Top	4.7771836046e+01	4.0897748739e+02	2.2877407288e+02
339              	e423_0	8.0886826158e+01	8.0449825130e+02	4.0998162790e+02
340              	Bottom	1.2906702581e+00	4.0211975177e+02	2.0928682644e+02
340              	Top	4.7771826169e+01	4.0897754337e+02	2.2877410207e+02
340              	e423_0	8.0886839319e+01	8.0449826462e+02	4.0998163346e+02
341              	Bottom	1.2906701725e+00	4.0211980290e+02	2.0928686709e+02
341              	Top	4.7771817035e+01	4.0897759678e+02	2.2877412919e+02
341              	e423_0	8.0886851994e+01	8.0449827749e+02	4.0998163881e+02
342              	Bottom	1.2906700757e+00	4.0211985125e+02	2.0928690502e+02
342              	Top	4.7771808639e+01	4.0897764737e+02	2.2877415424e+02
342              	e423_0	8.0886864194e+01	8.0449828991e+02	4.0998164398e+02
343              	Bottom	1.2906699668e+00	4.0211989665e+02	2.0928694027e+02
343              	Top	4.7771800973e+01	4.0897769495e+02	2.2877417721e+02
343              	e423_0	8.0886875927e+01	8.0449830191e+02	4.0998164896e+02
344              	Bottom	1.2906698453e+00	4.0211993899e+02	2.0928697293e+02
344              	Top	4.7771794021e+01	4.0897773939e+02	2.2877419812e+02
344              	e423_0	8.0886887203e+01	8.0449831350e+02	4.0998165377e+02
345              	Bottom	1.2906697107e+00	4.0211997820e+02	2.0928700308e+02
345              	Top	4.7771787763e+01	4.0897778056e+02	2.2877421701e+02
345              	e423_0	8.0886898032e+01	8.0449832469e+02	4.0998165839e+02
346              	Bottom	1.2906695629e+00	4.0212001423e+02	2.0928703080e+02
346              	Top	4.7771782178e+01	4.0897781841e+02	2.2877423391e+02
346              	e423_0	8.0886908424e+01	8.0449833550e+02	4.0998166286e+02
347              	Bottom	1.2906694020e+00	4.0212004706e+02	2.0928705619e+02
347              	Top	4.7771777238e+01	4.0897785290e+02	2.2877424888e+02
347              	e423_0	8.0886918390e+01	8.0449834593e+02	4.0998166716e+02
348              	Bottom	1.2906692283e+00	4.0212007670e+02	2.0928707936e+02
348              	Top	4.7771772917e+01	4.0897788402e+02	2.2877426200e+02
348              	e423_0	8.0886927941e+01	8.0449835600e+02	4.0998167130e+02
349              	Bottom	1.2906690421e+00	4.0212010319e+02	2.0928710042e+02
349              	Top	4.7771769183e+01	4.0897791181e+02	2.2877427334e+02
349              	e423_0	8.0886937087e+01	8.0449836572e+02	4.0998167529e+02
350              	Bottom	1.2906688443e+00	4.0212012660e+02	2.0928711949e+02
350              	Top	4.7771766003e+01	4.0897793631e+02	2.2877428298e+02
350              	e423_0	8.0886945841e+01	8.0449837510e+02	4.0998167913e+02
351              	Bottom	1.2906686354e+00	4.0212014699e+02	2.0928713668e+02
351              	Top	4.7771763343e+01	4.0897795761e+02	2.2877429101e+02
351              	e423_0	8.0886954215e+01	8.0449838414e+02	4.0998168283e+02
352              	Bottom	1.2906684163e+00	4.0212016448e+02	2.0928715212e+02
352              	Top	4.7771761164e+01	4.0897797580e+02	2.2877429754e+02
352              	e423_0	8.0886962219e+01	8.0449839287e+02	4.0998168640e+02
353              	Bottom	1.2906681879e+00	4.0212017917e+02	2.0928716592e+02
353              	Top	4.7771759438e+01	4.0897799100e+02	2.2877430266e+02
353              	e423_0	8.0886969867e+01	8.0449840128e+02	4.0998168983e+02
354              	Bottom	1.2906679513e+00	4.0212019119e+02	2.0928717820e+02
354              	Top	4.7771758122e+01	4.0897800334e+02	2.2877430647e+02
354              	e423_0	8.0886977169e+01	8.0449840939e+02	4.0998169313e+02
355              	Bottom	1.2906677076e+00	4.0212020068e+02	2.0928718909e+02
355              	Top	4.7771757181e+01	4.0897801297e+02	2.2877430908e+02
355              	e423_0	8.0886984139e+01	8.0449841720e+02	4.0998169630e+02
356              	Bottom	1.2906674578e+00	4.0212020779e+02	2.0928719872e+02
356              	Top	4.7771756590e+01	4.0897802004e+02	2.2877431059e+02
356              	e423_0	8.0886990789e+01	8.0449842472e+02	4.0998169936e+02
357              	Bottom	1.2906672032e+00	4.0212021269e+02	2.0928720713e+02
357              	Top	4.7771756267e+01	4.0897802473e+02	2.2877431110e+02
357              	e423_0	8.0886997131e+01	8.0449843197e+02	4.0998170229e+02
358              	Bottom	1.2906669447e+00	4.0212021551e+02	2.0928721453e+02
358              	Top	4.7771756295e+01	4.0897802719e+02	2.2877431074e+02
358              	e423_0	8.0887003178e+01	8.0449843895e+02	4.0998170512e+02
359              	Bottom	1.2906666835e+00	4.0212021644e+02	2.0928722105e+02
359              	Top	4.7771756436e+01	4.0897802757e+02	2.2877430958e+02
359              	e423_0	8.0887008937e+01	8.0449844566e+02	4.0998170783e+02
360              	Bottom	1.2906664210e+00	4.0212021567e+02	2.0928722666e+02
360              	Top	4.7771756904e+01	4.0897802615e+02	2.2877430773e+02
360              	e423_0	8.0887014434e+01	8.0449845212e+02	4.0998171044e+02
361              	Bottom	1.2906661583e+00	4.0212021333e+02	2.0928723154e+02
361              	Top	4.7771757441e+01	4.0897802301e+02	2.2877430530e+02
361              	e423_0	8.0887019663e+01	8.0449845833e+02	4.0998171294e+02
